30 5 ss 6 6 6 6 6 6 6 6 6 6 
0 1 84.655
0 2 15.348
0 3 67.363
0 4 52.634
0 5 50.807
0 6 49.353
0 7 86.157
0 8 94.566
0 9 91.648
0 10 44.238
0 11 17.244
0 12 10.754
0 13 49.658
0 14 6.466
0 15 15.641
0 16 97.631
0 17 54.015
0 18 63.038
0 19 71.478
0 20 99.182
0 21 23.224
0 22 99.356
0 23 80.207
0 24 12.175
0 25 62.865
0 26 62.275
0 27 52.867
0 28 75.033
0 29 95.453
1 2 72.720
1 3 94.893
1 4 12.515
1 5 93.140
1 6 79.808
1 7 29.691
1 8 72.501
1 9 70.760
1 10 54.186
1 11 94.069
1 12 83.461
1 13 36.696
1 14 62.090
1 15 86.653
1 16 81.646
1 17 92.089
1 18 83.647
1 19 7.494
1 20 5.494
1 21 15.124
1 22 39.014
1 23 87.389
1 24 31.481
1 25 66.410
1 26 64.181
1 27 68.750
1 28 30.388
1 29 3.959
2 3 34.607
2 4 66.425
2 5 55.873
2 6 1.793
2 7 69.334
2 8 6.445
2 9 38.281
2 10 24.913
2 11 60.830
2 12 13.472
2 13 45.784
2 14 25.207
2 15 66.508
2 16 93.575
2 17 92.210
2 18 87.763
2 19 66.757
2 20 37.959
2 21 16.363
2 22 75.171
2 23 41.246
2 24 55.443
2 25 31.133
2 26 88.555
2 27 40.402
2 28 26.676
2 29 42.395
3 4 88.409
3 5 32.161
3 6 61.511
3 7 67.444
3 8 95.749
3 9 85.444
3 10 32.438
3 11 40.644
3 12 24.649
3 13 11.287
3 14 51.593
3 15 80.010
3 16 80.949
3 17 20.141
3 18 56.653
3 19 2.578
3 20 98.696
3 21 69.604
3 22 71.762
3 23 18.729
3 24 75.863
3 25 70.664
3 26 13.671
3 27 6.021
3 28 13.932
3 29 92.519
4 5 20.379
4 6 61.639
4 7 62.124
4 8 56.156
4 9 89.832
4 10 59.219
4 11 16.380
4 12 35.053
4 13 29.620
4 14 90.584
4 15 25.631
4 16 87.752
4 17 35.079
4 18 55.861
4 19 13.469
4 20 31.510
4 21 32.901
4 22 76.458
4 23 32.023
4 24 28.831
4 25 50.035
4 26 44.553
4 27 26.641
4 28 99.395
4 29 93.590
5 6 90.042
5 7 4.957
5 8 88.784
5 9 56.446
5 10 41.271
5 11 71.947
5 12 22.329
5 13 95.387
5 14 79.451
5 15 13.807
5 16 47.536
5 17 63.857
5 18 38.295
5 19 87.767
5 20 21.754
5 21 19.781
5 22 80.193
5 23 2.435
5 24 33.109
5 25 70.436
5 26 88.166
5 27 53.791
5 28 52.173
5 29 60.956
6 7 48.883
6 8 15.677
6 9 99.484
6 10 60.819
6 11 66.147
6 12 70.417
6 13 79.693
6 14 53.552
6 15 36.598
6 16 5.175
6 17 77.024
6 18 88.875
6 19 39.732
6 20 92.683
6 21 28.649
6 22 13.657
6 23 42.914
6 24 21.207
6 25 92.729
6 26 58.283
6 27 98.706
6 28 37.899
6 29 6.057
7 8 18.437
7 9 16.613
7 10 22.147
7 11 82.591
7 12 38.801
7 13 24.270
7 14 11.097
7 15 38.680
7 16 74.775
7 17 94.111
7 18 58.197
7 19 43.303
7 20 81.133
7 21 0.757
7 22 17.459
7 23 82.456
7 24 52.330
7 25 91.587
7 26 11.039
7 27 95.598
7 28 18.272
7 29 98.439
8 9 55.847
8 10 89.066
8 11 81.392
8 12 91.851
8 13 96.036
8 14 56.488
8 15 66.218
8 16 80.960
8 17 12.590
8 18 39.397
8 19 40.931
8 20 91.961
8 21 58.631
8 22 42.649
8 23 61.953
8 24 15.890
8 25 99.655
8 26 78.677
8 27 87.224
8 28 2.604
8 29 21.585
9 10 52.241
9 11 1.571
9 12 91.929
9 13 6.357
9 14 13.040
9 15 98.464
9 16 15.255
9 17 64.686
9 18 97.410
9 19 66.454
9 20 71.281
9 21 58.732
9 22 52.288
9 23 35.719
9 24 78.127
9 25 43.578
9 26 84.750
9 27 50.378
9 28 30.692
9 29 5.734
10 11 8.613
10 12 45.659
10 13 46.943
10 14 79.352
10 15 65.983
10 16 25.445
10 17 69.695
10 18 76.373
10 19 86.057
10 20 55.419
10 21 1.523
10 22 75.529
10 23 6.131
10 24 9.729
10 25 89.554
10 26 76.958
10 27 20.454
10 28 35.001
10 29 44.222
11 12 44.088
11 13 41.430
11 14 24.530
11 15 71.441
11 16 22.569
11 17 54.643
11 18 27.597
11 19 21.216
11 20 47.168
11 21 24.273
11 22 54.121
11 23 7.345
11 24 21.902
11 25 58.699
11 26 73.238
11 27 32.672
11 28 86.097
11 29 77.429
12 13 45.888
12 14 62.246
12 15 59.639
12 16 29.962
12 17 76.143
12 18 22.796
12 19 94.379
12 20 4.813
12 21 13.737
12 22 71.055
12 23 45.460
12 24 32.613
12 25 91.164
12 26 65.800
12 27 16.280
12 28 31.076
12 29 32.683
13 14 98.842
13 15 23.869
13 16 61.587
13 17 29.732
13 18 88.769
13 19 77.663
13 20 67.263
13 21 37.484
13 22 17.868
13 23 63.945
13 24 40.556
13 25 10.662
13 26 97.485
13 27 80.701
13 28 24.829
13 29 63.235
14 15 79.938
14 16 73.176
14 17 88.786
14 18 6.249
14 19 96.187
14 20 79.116
14 21 25.264
14 22 90.797
14 23 87.579
14 24 4.511
14 25 16.594
14 26 59.010
14 27 17.305
14 28 15.577
14 29 77.589
15 16 84.959
15 17 92.585
15 18 50.777
15 19 34.204
15 20 69.482
15 21 2.176
15 22 27.914
15 23 20.999
15 24 38.216
15 25 75.406
15 26 45.584
15 27 83.748
15 28 80.462
15 29 98.759
16 17 55.768
16 18 54.919
16 19 58.068
16 20 83.937
16 21 14.885
16 22 29.182
16 23 8.079
16 24 67.356
16 25 4.328
16 26 3.726
16 27 60.716
16 28 35.190
16 29 48.308
17 18 63.887
17 19 95.086
17 20 10.377
17 21 46.800
17 22 88.415
17 23 59.048
17 24 8.391
17 25 84.413
17 26 20.716
17 27 86.772
17 28 67.138
17 29 72.239
18 19 2.468
18 20 57.816
18 21 82.989
18 22 29.013
18 23 94.255
18 24 54.870
18 25 39.726
18 26 10.391
18 27 14.201
18 28 93.884
18 29 0.128
19 20 50.695
19 21 10.062
19 22 19.868
19 23 40.933
19 24 90.182
19 25 42.835
19 26 84.442
19 27 51.059
19 28 22.691
19 29 0.650
20 21 47.096
20 22 80.296
20 23 13.498
20 24 80.582
20 25 71.072
20 26 21.042
20 27 5.226
20 28 72.979
20 29 17.000
21 22 29.230
21 23 50.896
21 24 57.990
21 25 72.566
21 26 42.227
21 27 87.495
21 28 77.228
21 29 94.974
22 23 31.291
22 24 90.880
22 25 74.824
22 26 84.378
22 27 34.053
22 28 33.410
22 29 11.606
23 24 51.153
23 25 48.580
23 26 99.395
23 27 43.752
23 28 87.601
23 29 34.657
24 25 0.245
24 26 22.965
24 27 5.553
24 28 60.296
24 29 71.171
25 26 19.082
25 27 55.371
25 28 51.824
25 29 24.335
26 27 87.993
26 28 98.948
26 29 54.465
27 28 79.554
27 29 7.846
28 29 69.568
