12 4 ss 3 3 3 3 3 3 3 3 
0 1 39.537
0 2 62.419
0 3 14.573
0 4 34.627
0 5 42.028
0 6 26.458
0 7 38.858
0 8 45.603
0 9 29.358
0 10 51.526
0 11 12.052
1 2 55.354
1 3 65.452
1 4 5.087
1 5 22.070
1 6 72.855
1 7 55.945
1 8 35.314
1 9 68.520
1 10 65.762
1 11 56.842
2 3 29.889
2 4 87.544
2 5 46.762
2 6 31.233
2 7 75.876
2 8 81.382
2 9 61.140
2 10 56.400
2 11 77.334
3 4 75.535
3 5 15.636
3 6 91.121
3 7 26.817
3 8 29.219
3 9 36.060
3 10 36.167
3 11 7.147
4 5 93.270
4 6 79.060
4 7 59.711
4 8 20.602
4 9 43.741
4 10 52.113
4 11 13.815
5 6 4.108
5 7 19.123
5 8 15.013
5 9 38.131
5 10 91.081
5 11 54.484
6 7 45.999
6 8 32.627
6 9 23.207
6 10 36.751
6 11 56.152
7 8 82.410
7 9 98.793
7 10 1.942
7 11 26.824
8 9 34.617
8 10 68.224
8 11 57.399
9 10 26.564
9 11 59.843
10 11 51.598
