120 10 ds 11 12 11 15 12 12 9 16 9 16 11 12 11 15 12 14 8 12 8 16 
0 1 92.585
0 2 16.337
0 3 91.508
0 4 3.557
0 5 61.998
0 6 77.101
0 7 16.132
0 8 22.082
0 9 18.786
0 10 40.189
0 11 39.654
0 12 68.224
0 13 23.535
0 14 91.782
0 15 67.121
0 16 57.486
0 17 36.721
0 18 0.566
0 19 42.296
0 20 19.432
0 21 9.522
0 22 13.089
0 23 19.279
0 24 76.162
0 25 39.265
0 26 28.310
0 27 76.930
0 28 55.945
0 29 78.557
0 30 13.439
0 31 73.156
0 32 75.105
0 33 69.632
0 34 37.714
0 35 13.997
0 36 43.521
0 37 73.617
0 38 55.955
0 39 55.882
0 40 62.179
0 41 78.171
0 42 69.505
0 43 68.502
0 44 84.769
0 45 96.367
0 46 28.626
0 47 60.478
0 48 9.579
0 49 14.678
0 50 17.450
0 51 10.309
0 52 52.810
0 53 8.600
0 54 80.257
0 55 51.058
0 56 29.895
0 57 20.698
0 58 6.173
0 59 28.811
0 60 37.565
0 61 87.758
0 62 88.285
0 63 92.142
0 64 86.083
0 65 11.257
0 66 12.738
0 67 72.678
0 68 78.496
0 69 88.491
0 70 13.539
0 71 85.269
0 72 71.683
0 73 60.486
0 74 49.605
0 75 10.395
0 76 82.636
0 77 87.207
0 78 22.022
0 79 21.124
0 80 22.618
0 81 30.586
0 82 51.511
0 83 82.271
0 84 51.729
0 85 11.564
0 86 78.799
0 87 80.372
0 88 46.882
0 89 8.580
0 90 33.876
0 91 39.653
0 92 67.311
0 93 81.853
0 94 44.055
0 95 41.411
0 96 83.470
0 97 40.321
0 98 15.293
0 99 92.018
0 100 7.558
0 101 16.237
0 102 26.419
0 103 78.245
0 104 26.858
0 105 76.199
0 106 21.698
0 107 7.673
0 108 94.738
0 109 76.789
0 110 73.615
0 111 56.671
0 112 78.370
0 113 67.997
0 114 14.778
0 115 38.739
0 116 97.079
0 117 58.282
0 118 5.537
0 119 61.998
1 2 10.764
1 3 81.354
1 4 12.221
1 5 66.151
1 6 33.894
1 7 46.692
1 8 19.801
1 9 16.494
1 10 57.356
1 11 13.298
1 12 92.356
1 13 85.348
1 14 57.788
1 15 99.364
1 16 24.882
1 17 69.757
1 18 62.011
1 19 29.275
1 20 0.791
1 21 78.382
1 22 12.778
1 23 23.780
1 24 80.885
1 25 70.224
1 26 51.342
1 27 59.161
1 28 1.601
1 29 43.131
1 30 92.138
1 31 56.913
1 32 53.054
1 33 51.022
1 34 15.428
1 35 16.678
1 36 40.661
1 37 75.327
1 38 44.826
1 39 72.088
1 40 8.075
1 41 88.351
1 42 8.388
1 43 31.697
1 44 13.702
1 45 24.105
1 46 4.292
1 47 65.320
1 48 8.265
1 49 15.615
1 50 5.141
1 51 9.854
1 52 56.650
1 53 66.765
1 54 38.517
1 55 98.084
1 56 83.725
1 57 1.498
1 58 75.673
1 59 58.953
1 60 0.856
1 61 73.460
1 62 45.093
1 63 98.460
1 64 87.525
1 65 25.193
1 66 63.146
1 67 46.593
1 68 60.762
1 69 57.516
1 70 40.188
1 71 47.610
1 72 64.008
1 73 6.978
1 74 77.172
1 75 78.490
1 76 46.610
1 77 32.069
1 78 15.219
1 79 3.547
1 80 85.289
1 81 77.351
1 82 38.584
1 83 11.927
1 84 19.752
1 85 18.747
1 86 60.049
1 87 39.142
1 88 36.027
1 89 92.928
1 90 37.032
1 91 43.799
1 92 33.154
1 93 79.081
1 94 76.559
1 95 96.316
1 96 51.549
1 97 32.293
1 98 87.726
1 99 37.707
1 100 24.653
1 101 64.355
1 102 31.403
1 103 83.392
1 104 39.397
1 105 30.025
1 106 98.662
1 107 79.538
1 108 55.573
1 109 4.598
1 110 21.781
1 111 67.531
1 112 39.388
1 113 32.087
1 114 84.654
1 115 76.008
1 116 12.246
1 117 82.425
1 118 53.066
1 119 39.229
2 3 2.262
2 4 80.782
2 5 89.509
2 6 35.601
2 7 13.047
2 8 62.420
2 9 52.102
2 10 50.820
2 11 91.981
2 12 62.496
2 13 2.652
2 14 96.363
2 15 88.491
2 16 71.772
2 17 65.000
2 18 55.930
2 19 41.782
2 20 76.410
2 21 81.557
2 22 90.014
2 23 27.004
2 24 52.873
2 25 13.273
2 26 1.848
2 27 19.046
2 28 7.392
2 29 16.291
2 30 56.817
2 31 3.909
2 32 33.556
2 33 7.131
2 34 51.761
2 35 79.061
2 36 11.277
2 37 97.510
2 38 50.661
2 39 36.234
2 40 85.717
2 41 39.753
2 42 38.803
2 43 12.763
2 44 45.736
2 45 74.229
2 46 98.821
2 47 30.913
2 48 67.977
2 49 11.389
2 50 78.883
2 51 18.533
2 52 4.928
2 53 12.695
2 54 5.833
2 55 18.943
2 56 73.129
2 57 57.095
2 58 94.223
2 59 53.124
2 60 41.151
2 61 92.702
2 62 15.947
2 63 93.100
2 64 26.046
2 65 76.942
2 66 24.590
2 67 41.800
2 68 81.691
2 69 2.654
2 70 73.611
2 71 91.771
2 72 2.765
2 73 92.531
2 74 28.143
2 75 52.759
2 76 74.064
2 77 19.729
2 78 46.432
2 79 96.491
2 80 66.443
2 81 78.629
2 82 98.872
2 83 65.926
2 84 17.865
2 85 86.449
2 86 0.075
2 87 35.761
2 88 40.899
2 89 43.765
2 90 52.574
2 91 91.195
2 92 66.427
2 93 20.009
2 94 39.549
2 95 12.723
2 96 67.437
2 97 58.608
2 98 58.309
2 99 16.180
2 100 6.476
2 101 15.665
2 102 56.336
2 103 99.276
2 104 15.646
2 105 55.962
2 106 17.311
2 107 88.584
2 108 49.017
2 109 30.534
2 110 45.811
2 111 64.198
2 112 43.901
2 113 51.196
2 114 16.287
2 115 63.232
2 116 89.618
2 117 59.119
2 118 84.410
2 119 27.873
3 4 30.250
3 5 56.946
3 6 7.065
3 7 68.874
3 8 21.320
3 9 36.893
3 10 80.999
3 11 61.180
3 12 19.395
3 13 90.916
3 14 89.550
3 15 74.809
3 16 8.371
3 17 33.268
3 18 41.900
3 19 71.134
3 20 56.470
3 21 0.599
3 22 99.927
3 23 62.437
3 24 53.979
3 25 20.284
3 26 14.017
3 27 40.854
3 28 3.327
3 29 53.752
3 30 31.078
3 31 31.793
3 32 20.297
3 33 28.327
3 34 95.527
3 35 16.440
3 36 58.021
3 37 68.461
3 38 37.158
3 39 98.152
3 40 83.837
3 41 25.234
3 42 28.580
3 43 58.328
3 44 23.200
3 45 81.599
3 46 99.288
3 47 58.784
3 48 34.515
3 49 80.082
3 50 13.472
3 51 99.709
3 52 94.113
3 53 79.539
3 54 54.308
3 55 34.935
3 56 51.543
3 57 98.015
3 58 8.726
3 59 79.592
3 60 61.927
3 61 39.919
3 62 13.567
3 63 19.107
3 64 14.349
3 65 37.414
3 66 6.557
3 67 43.078
3 68 53.059
3 69 58.312
3 70 23.663
3 71 82.728
3 72 31.749
3 73 45.763
3 74 98.156
3 75 26.435
3 76 50.233
3 77 58.606
3 78 46.136
3 79 24.275
3 80 97.563
3 81 75.517
3 82 68.251
3 83 69.546
3 84 65.958
3 85 10.945
3 86 58.019
3 87 62.940
3 88 5.876
3 89 66.309
3 90 83.407
3 91 23.309
3 92 64.129
3 93 6.043
3 94 0.238
3 95 7.909
3 96 84.164
3 97 4.831
3 98 63.501
3 99 44.565
3 100 50.464
3 101 59.703
3 102 25.787
3 103 58.339
3 104 27.461
3 105 98.701
3 106 50.846
3 107 96.143
3 108 77.466
3 109 46.374
3 110 24.653
3 111 14.105
3 112 41.795
3 113 25.665
3 114 16.395
3 115 94.583
3 116 34.628
3 117 85.568
3 118 27.423
3 119 2.398
4 5 30.083
4 6 44.438
4 7 67.498
4 8 73.125
4 9 19.569
4 10 29.968
4 11 14.546
4 12 50.256
4 13 78.692
4 14 78.536
4 15 46.652
4 16 52.548
4 17 10.820
4 18 29.058
4 19 83.187
4 20 58.095
4 21 27.868
4 22 9.405
4 23 35.701
4 24 37.419
4 25 87.947
4 26 67.095
4 27 48.639
4 28 54.331
4 29 34.233
4 30 40.199
4 31 4.941
4 32 80.353
4 33 69.729
4 34 99.258
4 35 82.233
4 36 36.164
4 37 58.568
4 38 16.507
4 39 71.584
4 40 81.844
4 41 66.081
4 42 34.801
4 43 12.713
4 44 26.603
4 45 37.055
4 46 15.388
4 47 57.026
4 48 18.249
4 49 64.439
4 50 41.039
4 51 43.021
4 52 2.806
4 53 19.223
4 54 39.013
4 55 57.382
4 56 15.511
4 57 96.292
4 58 66.986
4 59 59.439
4 60 75.829
4 61 80.754
4 62 74.262
4 63 66.738
4 64 11.194
4 65 54.586
4 66 10.493
4 67 35.063
4 68 26.840
4 69 44.398
4 70 4.598
4 71 17.569
4 72 72.403
4 73 57.684
4 74 77.687
4 75 54.533
4 76 29.891
4 77 67.161
4 78 85.543
4 79 27.782
4 80 62.174
4 81 80.594
4 82 8.566
4 83 11.996
4 84 16.321
4 85 76.999
4 86 20.089
4 87 68.832
4 88 71.913
4 89 99.170
4 90 67.561
4 91 59.244
4 92 60.876
4 93 67.199
4 94 95.368
4 95 94.366
4 96 62.457
4 97 17.982
4 98 22.894
4 99 5.979
4 100 94.603
4 101 81.667
4 102 66.916
4 103 93.855
4 104 81.336
4 105 77.570
4 106 63.574
4 107 99.167
4 108 74.626
4 109 49.315
4 110 1.843
4 111 60.655
4 112 48.818
4 113 61.762
4 114 27.840
4 115 33.422
4 116 65.855
4 117 50.752
4 118 17.265
4 119 88.954
5 6 30.313
5 7 50.793
5 8 41.894
5 9 69.387
5 10 14.727
5 11 25.491
5 12 75.292
5 13 39.065
5 14 37.708
5 15 90.897
5 16 92.743
5 17 62.046
5 18 20.038
5 19 52.860
5 20 20.933
5 21 35.516
5 22 27.228
5 23 76.093
5 24 83.984
5 25 25.948
5 26 30.961
5 27 64.835
5 28 74.218
5 29 87.374
5 30 86.375
5 31 62.859
5 32 48.358
5 33 89.262
5 34 27.322
5 35 73.986
5 36 12.888
5 37 45.286
5 38 27.556
5 39 63.405
5 40 15.898
5 41 13.651
5 42 62.204
5 43 24.748
5 44 6.964
5 45 34.663
5 46 30.943
5 47 88.244
5 48 61.507
5 49 81.886
5 50 71.971
5 51 1.215
5 52 91.533
5 53 29.473
5 54 4.171
5 55 33.759
5 56 80.784
5 57 80.182
5 58 83.781
5 59 49.666
5 60 89.075
5 61 56.093
5 62 51.441
5 63 35.480
5 64 67.933
5 65 27.181
5 66 75.668
5 67 99.013
5 68 17.666
5 69 41.679
5 70 69.598
5 71 32.769
5 72 94.586
5 73 26.564
5 74 69.273
5 75 87.392
5 76 46.367
5 77 46.497
5 78 13.786
5 79 15.608
5 80 13.354
5 81 45.222
5 82 60.301
5 83 28.086
5 84 84.155
5 85 44.672
5 86 0.226
5 87 49.210
5 88 34.953
5 89 43.946
5 90 16.779
5 91 72.990
5 92 13.696
5 93 42.815
5 94 38.722
5 95 97.138
5 96 52.718
5 97 12.597
5 98 0.201
5 99 56.820
5 100 6.307
5 101 50.969
5 102 12.465
5 103 88.656
5 104 13.345
5 105 86.704
5 106 89.628
5 107 30.268
5 108 79.430
5 109 45.342
5 110 47.704
5 111 0.988
5 112 57.673
5 113 47.431
5 114 13.831
5 115 15.305
5 116 82.941
5 117 87.260
5 118 40.872
5 119 52.216
6 7 80.353
6 8 31.891
6 9 21.545
6 10 40.840
6 11 25.628
6 12 87.817
6 13 35.745
6 14 25.500
6 15 82.221
6 16 5.736
6 17 44.927
6 18 41.929
6 19 78.168
6 20 32.655
6 21 68.209
6 22 70.332
6 23 14.206
6 24 74.995
6 25 36.273
6 26 30.754
6 27 13.920
6 28 6.334
6 29 21.209
6 30 51.530
6 31 36.595
6 32 39.096
6 33 83.100
6 34 72.552
6 35 73.875
6 36 80.758
6 37 57.472
6 38 41.663
6 39 42.498
6 40 12.042
6 41 31.644
6 42 24.715
6 43 67.085
6 44 57.080
6 45 22.561
6 46 77.625
6 47 19.325
6 48 63.676
6 49 73.878
6 50 22.262
6 51 42.901
6 52 75.574
6 53 35.863
6 54 27.048
6 55 47.109
6 56 58.012
6 57 78.105
6 58 17.873
6 59 96.342
6 60 32.901
6 61 12.067
6 62 35.267
6 63 57.512
6 64 90.557
6 65 68.216
6 66 9.707
6 67 92.933
6 68 71.238
6 69 80.722
6 70 48.539
6 71 2.326
6 72 51.599
6 73 81.697
6 74 15.194
6 75 24.335
6 76 28.707
6 77 96.452
6 78 34.206
6 79 5.309
6 80 67.404
6 81 61.446
6 82 74.004
6 83 31.091
6 84 65.578
6 85 57.404
6 86 43.526
6 87 96.178
6 88 96.281
6 89 61.491
6 90 88.410
6 91 53.828
6 92 5.684
6 93 74.505
6 94 87.860
6 95 50.596
6 96 81.459
6 97 71.689
6 98 34.226
6 99 99.225
6 100 57.500
6 101 59.115
6 102 23.924
6 103 84.964
6 104 87.737
6 105 91.468
6 106 0.545
6 107 32.098
6 108 4.356
6 109 21.641
6 110 68.805
6 111 79.867
6 112 73.863
6 113 7.714
6 114 41.468
6 115 29.908
6 116 78.209
6 117 98.702
6 118 90.451
6 119 30.988
7 8 77.578
7 9 56.859
7 10 48.022
7 11 61.035
7 12 56.462
7 13 51.416
7 14 44.332
7 15 51.317
7 16 15.305
7 17 76.258
7 18 73.493
7 19 73.139
7 20 46.248
7 21 2.391
7 22 51.978
7 23 73.500
7 24 23.410
7 25 74.939
7 26 70.344
7 27 2.941
7 28 45.663
7 29 3.995
7 30 42.092
7 31 26.129
7 32 93.003
7 33 78.790
7 34 21.953
7 35 43.745
7 36 96.375
7 37 55.484
7 38 99.956
7 39 82.833
7 40 75.230
7 41 30.271
7 42 77.355
7 43 32.037
7 44 67.082
7 45 11.570
7 46 95.810
7 47 7.968
7 48 59.006
7 49 47.731
7 50 22.191
7 51 39.486
7 52 32.262
7 53 50.001
7 54 87.928
7 55 47.753
7 56 48.145
7 57 74.400
7 58 44.082
7 59 81.670
7 60 35.668
7 61 90.736
7 62 21.084
7 63 40.677
7 64 89.834
7 65 72.135
7 66 75.615
7 67 79.867
7 68 53.025
7 69 84.287
7 70 66.111
7 71 46.000
7 72 31.419
7 73 40.010
7 74 23.151
7 75 37.223
7 76 93.385
7 77 11.817
7 78 71.260
7 79 14.177
7 80 7.434
7 81 62.810
7 82 14.661
7 83 15.646
7 84 3.579
7 85 64.559
7 86 21.061
7 87 48.042
7 88 83.850
7 89 19.524
7 90 24.784
7 91 24.729
7 92 65.239
7 93 95.146
7 94 23.383
7 95 28.567
7 96 11.476
7 97 6.902
7 98 60.323
7 99 59.054
7 100 98.825
7 101 58.418
7 102 70.412
7 103 4.032
7 104 65.477
7 105 58.162
7 106 14.369
7 107 45.189
7 108 14.124
7 109 84.297
7 110 44.229
7 111 66.432
7 112 72.968
7 113 61.926
7 114 22.268
7 115 84.711
7 116 71.664
7 117 50.302
7 118 62.704
7 119 63.957
8 9 55.611
8 10 11.453
8 11 77.619
8 12 4.589
8 13 44.501
8 14 46.274
8 15 86.413
8 16 23.350
8 17 39.207
8 18 39.259
8 19 91.527
8 20 51.247
8 21 94.836
8 22 48.906
8 23 32.269
8 24 81.004
8 25 7.195
8 26 17.196
8 27 3.293
8 28 89.631
8 29 4.901
8 30 48.645
8 31 64.578
8 32 46.600
8 33 0.049
8 34 27.072
8 35 75.762
8 36 93.629
8 37 26.590
8 38 96.543
8 39 59.220
8 40 48.123
8 41 87.494
8 42 31.879
8 43 33.514
8 44 39.148
8 45 39.261
8 46 63.642
8 47 61.660
8 48 32.086
8 49 65.517
8 50 2.729
8 51 27.118
8 52 36.188
8 53 30.185
8 54 30.466
8 55 84.494
8 56 17.790
8 57 55.114
8 58 81.547
8 59 31.647
8 60 61.243
8 61 37.084
8 62 49.200
8 63 15.228
8 64 29.444
8 65 4.730
8 66 84.631
8 67 12.644
8 68 76.350
8 69 17.211
8 70 46.135
8 71 29.993
8 72 54.978
8 73 23.345
8 74 77.126
8 75 17.768
8 76 46.119
8 77 32.431
8 78 56.957
8 79 33.910
8 80 5.371
8 81 96.160
8 82 73.517
8 83 77.297
8 84 89.071
8 85 64.747
8 86 12.449
8 87 73.790
8 88 73.330
8 89 59.834
8 90 44.199
8 91 21.706
8 92 24.612
8 93 1.736
8 94 17.208
8 95 93.890
8 96 15.144
8 97 39.225
8 98 33.214
8 99 49.525
8 100 1.971
8 101 56.339
8 102 88.921
8 103 30.417
8 104 4.535
8 105 72.590
8 106 17.233
8 107 3.664
8 108 22.432
8 109 10.456
8 110 50.810
8 111 65.486
8 112 32.350
8 113 77.199
8 114 60.846
8 115 39.429
8 116 91.180
8 117 96.814
8 118 94.806
8 119 86.237
9 10 50.904
9 11 32.310
9 12 48.264
9 13 92.415
9 14 60.106
9 15 58.542
9 16 58.035
9 17 19.808
9 18 86.816
9 19 81.462
9 20 96.488
9 21 79.494
9 22 47.878
9 23 50.918
9 24 80.193
9 25 39.882
9 26 71.156
9 27 81.039
9 28 80.032
9 29 91.083
9 30 48.623
9 31 74.742
9 32 34.390
9 33 65.489
9 34 60.741
9 35 47.063
9 36 22.284
9 37 57.914
9 38 65.541
9 39 55.778
9 40 49.038
9 41 97.783
9 42 49.399
9 43 77.155
9 44 33.568
9 45 0.496
9 46 30.778
9 47 9.732
9 48 63.371
9 49 65.498
9 50 93.034
9 51 49.631
9 52 1.007
9 53 94.479
9 54 97.892
9 55 57.203
9 56 84.154
9 57 74.766
9 58 97.320
9 59 26.684
9 60 60.237
9 61 10.119
9 62 18.231
9 63 78.076
9 64 36.188
9 65 84.031
9 66 41.852
9 67 13.594
9 68 4.080
9 69 9.050
9 70 37.557
9 71 19.800
9 72 24.159
9 73 49.733
9 74 39.577
9 75 50.940
9 76 8.231
9 77 6.565
9 78 74.253
9 79 99.009
9 80 48.434
9 81 13.482
9 82 55.345
9 83 41.740
9 84 79.048
9 85 32.610
9 86 65.415
9 87 60.932
9 88 42.368
9 89 26.421
9 90 32.392
9 91 40.498
9 92 53.520
9 93 49.688
9 94 92.191
9 95 86.057
9 96 23.705
9 97 31.481
9 98 0.601
9 99 56.099
9 100 6.497
9 101 10.890
9 102 20.662
9 103 58.491
9 104 77.648
9 105 49.233
9 106 65.349
9 107 45.494
9 108 45.249
9 109 66.244
9 110 19.625
9 111 35.475
9 112 14.182
9 113 38.030
9 114 0.793
9 115 0.158
9 116 96.440
9 117 50.581
9 118 41.572
9 119 82.506
10 11 67.219
10 12 24.160
10 13 96.395
10 14 52.243
10 15 15.596
10 16 11.144
10 17 78.231
10 18 63.520
10 19 28.157
10 20 22.697
10 21 30.536
10 22 52.400
10 23 74.140
10 24 58.113
10 25 26.960
10 26 0.583
10 27 31.411
10 28 94.763
10 29 70.041
10 30 96.206
10 31 4.075
10 32 46.274
10 33 29.352
10 34 42.553
10 35 34.518
10 36 11.900
10 37 19.437
10 38 1.173
10 39 5.397
10 40 21.019
10 41 68.356
10 42 7.161
10 43 60.373
10 44 23.250
10 45 68.775
10 46 61.263
10 47 46.303
10 48 86.895
10 49 35.264
10 50 85.962
10 51 94.185
10 52 46.265
10 53 13.855
10 54 30.887
10 55 11.288
10 56 81.881
10 57 2.871
10 58 26.610
10 59 52.734
10 60 26.621
10 61 47.664
10 62 15.327
10 63 77.204
10 64 65.628
10 65 66.152
10 66 31.919
10 67 68.497
10 68 38.068
10 69 46.867
10 70 69.539
10 71 22.351
10 72 54.841
10 73 36.775
10 74 40.146
10 75 56.226
10 76 17.896
10 77 2.175
10 78 32.287
10 79 98.686
10 80 64.010
10 81 2.784
10 82 75.966
10 83 54.559
10 84 58.741
10 85 66.425
10 86 47.567
10 87 22.232
10 88 34.706
10 89 89.774
10 90 86.580
10 91 60.243
10 92 2.416
10 93 19.185
10 94 50.268
10 95 61.753
10 96 61.628
10 97 84.893
10 98 2.422
10 99 97.533
10 100 6.475
10 101 71.730
10 102 18.028
10 103 30.781
10 104 48.618
10 105 9.992
10 106 86.897
10 107 90.370
10 108 79.229
10 109 61.203
10 110 16.232
10 111 13.080
10 112 52.837
10 113 55.259
10 114 64.628
10 115 29.889
10 116 3.886
10 117 7.800
10 118 88.113
10 119 76.601
11 12 0.312
11 13 9.655
11 14 42.653
11 15 54.857
11 16 97.550
11 17 33.794
11 18 66.901
11 19 56.041
11 20 81.052
11 21 49.493
11 22 64.013
11 23 87.606
11 24 75.764
11 25 68.245
11 26 11.980
11 27 9.050
11 28 56.943
11 29 71.475
11 30 58.214
11 31 93.045
11 32 18.298
11 33 86.201
11 34 96.004
11 35 76.187
11 36 40.616
11 37 81.527
11 38 77.987
11 39 53.328
11 40 56.904
11 41 56.243
11 42 94.920
11 43 99.696
11 44 28.500
11 45 75.748
11 46 36.813
11 47 75.751
11 48 30.714
11 49 95.177
11 50 57.862
11 51 81.176
11 52 96.253
11 53 74.809
11 54 86.669
11 55 76.469
11 56 80.011
11 57 53.723
11 58 58.854
11 59 83.230
11 60 89.790
11 61 98.138
11 62 0.438
11 63 7.597
11 64 74.056
11 65 82.014
11 66 57.293
11 67 5.164
11 68 70.090
11 69 89.192
11 70 48.441
11 71 20.280
11 72 93.683
11 73 48.744
11 74 19.151
11 75 87.823
11 76 95.007
11 77 28.181
11 78 83.550
11 79 81.306
11 80 14.370
11 81 12.782
11 82 75.850
11 83 27.635
11 84 46.268
11 85 93.538
11 86 74.322
11 87 85.855
11 88 60.474
11 89 71.088
11 90 22.780
11 91 4.942
11 92 34.877
11 93 58.484
11 94 50.625
11 95 33.935
11 96 26.346
11 97 31.762
11 98 84.383
11 99 56.700
11 100 43.119
11 101 34.015
11 102 51.183
11 103 63.108
11 104 85.032
11 105 86.042
11 106 97.788
11 107 48.622
11 108 86.375
11 109 94.623
11 110 87.529
11 111 55.074
11 112 30.242
11 113 78.091
11 114 91.930
11 115 26.841
11 116 2.934
11 117 48.104
11 118 63.781
11 119 58.686
12 13 22.321
12 14 96.396
12 15 64.107
12 16 54.182
12 17 5.032
12 18 35.755
12 19 16.720
12 20 96.989
12 21 33.895
12 22 35.606
12 23 80.942
12 24 61.104
12 25 49.296
12 26 74.308
12 27 65.622
12 28 50.844
12 29 15.917
12 30 2.639
12 31 55.687
12 32 66.404
12 33 9.809
12 34 75.923
12 35 86.273
12 36 36.726
12 37 29.804
12 38 65.889
12 39 78.829
12 40 47.755
12 41 62.001
12 42 7.560
12 43 48.658
12 44 21.275
12 45 16.378
12 46 71.354
12 47 3.958
12 48 67.157
12 49 10.556
12 50 76.071
12 51 82.739
12 52 40.164
12 53 97.297
12 54 74.521
12 55 15.835
12 56 81.380
12 57 19.555
12 58 50.335
12 59 61.805
12 60 13.887
12 61 29.703
12 62 61.826
12 63 32.624
12 64 92.479
12 65 28.044
12 66 56.759
12 67 17.831
12 68 78.018
12 69 59.768
12 70 60.533
12 71 19.243
12 72 18.448
12 73 59.244
12 74 9.475
12 75 28.296
12 76 70.538
12 77 45.858
12 78 60.841
12 79 13.777
12 80 89.112
12 81 56.583
12 82 61.578
12 83 38.936
12 84 43.802
12 85 47.003
12 86 99.063
12 87 93.912
12 88 97.314
12 89 4.789
12 90 88.700
12 91 11.853
12 92 93.721
12 93 97.390
12 94 75.698
12 95 35.348
12 96 60.488
12 97 19.207
12 98 41.280
12 99 13.459
12 100 23.741
12 101 12.573
12 102 7.220
12 103 39.132
12 104 72.690
12 105 11.576
12 106 26.837
12 107 81.697
12 108 86.201
12 109 98.108
12 110 35.423
12 111 29.880
12 112 52.169
12 113 65.448
12 114 8.592
12 115 36.988
12 116 68.636
12 117 56.311
12 118 43.141
12 119 51.819
13 14 14.554
13 15 79.463
13 16 31.744
13 17 26.377
13 18 17.613
13 19 11.852
13 20 50.177
13 21 14.632
13 22 26.739
13 23 61.679
13 24 13.753
13 25 15.296
13 26 17.682
13 27 1.871
13 28 88.262
13 29 66.026
13 30 21.528
13 31 83.165
13 32 59.940
13 33 66.439
13 34 68.003
13 35 1.338
13 36 78.880
13 37 93.009
13 38 78.152
13 39 24.045
13 40 90.741
13 41 70.164
13 42 24.245
13 43 79.352
13 44 62.783
13 45 78.794
13 46 98.694
13 47 70.223
13 48 91.939
13 49 15.908
13 50 98.327
13 51 7.075
13 52 55.027
13 53 67.322
13 54 35.533
13 55 43.961
13 56 24.206
13 57 19.036
13 58 33.580
13 59 63.018
13 60 24.348
13 61 12.322
13 62 49.872
13 63 76.542
13 64 53.282
13 65 42.611
13 66 97.906
13 67 6.369
13 68 20.718
13 69 12.879
13 70 6.425
13 71 56.197
13 72 87.112
13 73 78.503
13 74 62.516
13 75 14.079
13 76 99.910
13 77 62.469
13 78 34.351
13 79 9.515
13 80 31.283
13 81 77.322
13 82 58.826
13 83 2.396
13 84 18.879
13 85 63.393
13 86 9.502
13 87 99.535
13 88 99.073
13 89 41.608
13 90 31.082
13 91 78.562
13 92 0.819
13 93 83.585
13 94 38.071
13 95 48.718
13 96 37.461
13 97 21.735
13 98 27.301
13 99 93.364
13 100 93.696
13 101 57.732
13 102 46.720
13 103 20.010
13 104 55.397
13 105 78.989
13 106 96.097
13 107 90.255
13 108 71.100
13 109 59.668
13 110 9.255
13 111 14.193
13 112 65.694
13 113 5.267
13 114 81.981
13 115 71.740
13 116 49.246
13 117 97.990
13 118 64.937
13 119 66.727
14 15 76.837
14 16 13.846
14 17 36.702
14 18 28.729
14 19 18.937
14 20 11.851
14 21 8.502
14 22 52.296
14 23 96.064
14 24 40.691
14 25 89.217
14 26 3.569
14 27 16.337
14 28 68.885
14 29 56.970
14 30 30.248
14 31 30.033
14 32 20.731
14 33 41.856
14 34 82.442
14 35 81.363
14 36 92.214
14 37 23.324
14 38 89.136
14 39 94.406
14 40 28.588
14 41 85.278
14 42 37.858
14 43 77.544
14 44 68.489
14 45 52.122
14 46 73.573
14 47 68.675
14 48 98.174
14 49 49.776
14 50 66.915
14 51 72.151
14 52 13.927
14 53 97.146
14 54 1.584
14 55 57.568
14 56 60.643
14 57 35.524
14 58 96.051
14 59 0.454
14 60 0.283
14 61 46.143
14 62 5.685
14 63 45.351
14 64 65.133
14 65 89.337
14 66 47.990
14 67 62.908
14 68 67.723
14 69 22.749
14 70 55.862
14 71 54.363
14 72 71.752
14 73 20.526
14 74 91.569
14 75 29.113
14 76 76.542
14 77 20.664
14 78 47.680
14 79 44.108
14 80 31.273
14 81 73.421
14 82 20.169
14 83 47.372
14 84 74.691
14 85 50.174
14 86 63.710
14 87 12.232
14 88 90.969
14 89 99.145
14 90 29.439
14 91 83.670
14 92 83.048
14 93 2.070
14 94 41.475
14 95 83.716
14 96 91.072
14 97 94.218
14 98 90.023
14 99 38.912
14 100 25.408
14 101 59.075
14 102 6.134
14 103 99.610
14 104 41.275
14 105 98.562
14 106 35.994
14 107 18.235
14 108 55.129
14 109 9.830
14 110 51.090
14 111 41.634
14 112 91.759
14 113 70.489
14 114 14.687
14 115 51.235
14 116 55.392
14 117 45.528
14 118 74.731
14 119 53.989
15 16 38.179
15 17 81.259
15 18 68.656
15 19 86.931
15 20 15.031
15 21 44.282
15 22 6.514
15 23 48.677
15 24 25.074
15 25 96.768
15 26 45.429
15 27 12.290
15 28 6.882
15 29 73.287
15 30 80.585
15 31 5.692
15 32 37.146
15 33 38.959
15 34 55.794
15 35 68.153
15 36 20.610
15 37 63.871
15 38 40.143
15 39 4.386
15 40 92.863
15 41 44.529
15 42 26.297
15 43 61.378
15 44 26.954
15 45 39.502
15 46 80.753
15 47 47.344
15 48 79.848
15 49 63.510
15 50 16.663
15 51 97.032
15 52 75.362
15 53 1.837
15 54 65.802
15 55 63.107
15 56 96.492
15 57 65.301
15 58 97.847
15 59 79.466
15 60 51.954
15 61 4.885
15 62 72.320
15 63 99.049
15 64 89.254
15 65 44.733
15 66 11.414
15 67 56.094
15 68 49.773
15 69 72.361
15 70 50.341
15 71 40.765
15 72 0.101
15 73 45.738
15 74 55.947
15 75 2.703
15 76 28.272
15 77 38.326
15 78 4.037
15 79 19.268
15 80 63.537
15 81 45.213
15 82 71.194
15 83 74.133
15 84 64.001
15 85 16.158
15 86 27.808
15 87 92.349
15 88 17.677
15 89 64.639
15 90 15.657
15 91 69.140
15 92 19.432
15 93 25.970
15 94 55.536
15 95 11.406
15 96 18.816
15 97 2.051
15 98 58.314
15 99 83.282
15 100 81.888
15 101 35.527
15 102 6.209
15 103 10.092
15 104 73.955
15 105 1.924
15 106 30.194
15 107 48.651
15 108 49.519
15 109 94.744
15 110 34.119
15 111 76.091
15 112 30.723
15 113 5.563
15 114 6.498
15 115 84.281
15 116 66.291
15 117 68.857
15 118 16.832
15 119 92.362
16 17 89.157
16 18 49.564
16 19 14.967
16 20 6.059
16 21 32.926
16 22 0.330
16 23 39.134
16 24 59.170
16 25 24.799
16 26 4.937
16 27 91.212
16 28 69.964
16 29 45.755
16 30 54.579
16 31 56.163
16 32 33.249
16 33 37.545
16 34 74.459
16 35 26.695
16 36 47.468
16 37 40.439
16 38 29.602
16 39 43.919
16 40 45.397
16 41 65.719
16 42 90.839
16 43 80.072
16 44 56.928
16 45 42.503
16 46 34.576
16 47 70.368
16 48 82.863
16 49 29.813
16 50 83.276
16 51 47.602
16 52 99.788
16 53 51.644
16 54 67.512
16 55 45.331
16 56 47.828
16 57 95.346
16 58 4.978
16 59 13.322
16 60 75.427
16 61 11.759
16 62 47.044
16 63 32.366
16 64 28.325
16 65 69.304
16 66 39.235
16 67 24.690
16 68 73.477
16 69 43.657
16 70 78.425
16 71 30.853
16 72 42.919
16 73 69.607
16 74 26.614
16 75 64.403
16 76 67.450
16 77 42.395
16 78 58.811
16 79 61.469
16 80 45.473
16 81 32.053
16 82 80.851
16 83 14.091
16 84 58.476
16 85 66.197
16 86 51.914
16 87 13.274
16 88 1.333
16 89 44.206
16 90 86.033
16 91 30.589
16 92 43.016
16 93 68.914
16 94 87.099
16 95 35.601
16 96 71.260
16 97 20.660
16 98 92.627
16 99 80.494
16 100 3.348
16 101 52.970
16 102 63.002
16 103 82.952
16 104 64.435
16 105 59.157
16 106 54.960
16 107 3.706
16 108 44.666
16 109 44.753
16 110 60.750
16 111 46.107
16 112 46.862
16 113 41.990
16 114 77.700
16 115 1.657
16 116 27.627
16 117 19.397
16 118 96.861
16 119 27.653
17 18 16.507
17 19 72.154
17 20 63.939
17 21 70.931
17 22 70.157
17 23 26.920
17 24 70.899
17 25 45.124
17 26 81.489
17 27 58.703
17 28 82.444
17 29 27.985
17 30 17.363
17 31 96.657
17 32 87.965
17 33 69.970
17 34 2.658
17 35 90.758
17 36 96.656
17 37 95.662
17 38 3.363
17 39 21.952
17 40 61.102
17 41 35.542
17 42 86.892
17 43 64.614
17 44 23.021
17 45 47.204
17 46 53.873
17 47 52.062
17 48 23.691
17 49 72.316
17 50 42.433
17 51 53.422
17 52 11.219
17 53 28.475
17 54 3.374
17 55 43.212
17 56 6.915
17 57 53.536
17 58 32.587
17 59 33.870
17 60 63.888
17 61 4.091
17 62 25.692
17 63 45.771
17 64 62.376
17 65 59.500
17 66 89.135
17 67 9.339
17 68 38.394
17 69 98.154
17 70 1.807
17 71 29.500
17 72 34.930
17 73 93.679
17 74 71.764
17 75 93.972
17 76 98.258
17 77 25.306
17 78 73.736
17 79 73.811
17 80 15.832
17 81 8.879
17 82 84.846
17 83 47.120
17 84 6.788
17 85 32.798
17 86 58.308
17 87 75.007
17 88 31.261
17 89 26.638
17 90 87.915
17 91 72.612
17 92 80.512
17 93 99.279
17 94 19.657
17 95 47.447
17 96 46.304
17 97 58.086
17 98 61.142
17 99 22.300
17 100 44.989
17 101 61.009
17 102 24.269
17 103 20.589
17 104 89.482
17 105 59.436
17 106 12.157
17 107 68.343
17 108 60.563
17 109 61.195
17 110 27.407
17 111 58.868
17 112 27.889
17 113 80.342
17 114 35.531
17 115 33.668
17 116 10.659
17 117 43.160
17 118 64.739
17 119 56.363
18 19 48.026
18 20 88.303
18 21 61.261
18 22 95.077
18 23 70.177
18 24 33.043
18 25 48.005
18 26 83.201
18 27 22.408
18 28 77.337
18 29 53.574
18 30 98.434
18 31 96.581
18 32 82.734
18 33 88.543
18 34 85.649
18 35 67.025
18 36 94.103
18 37 46.381
18 38 50.410
18 39 11.245
18 40 68.750
18 41 97.507
18 42 66.862
18 43 19.724
18 44 39.701
18 45 26.719
18 46 76.214
18 47 63.653
18 48 67.749
18 49 36.603
18 50 0.220
18 51 94.611
18 52 30.334
18 53 2.490
18 54 57.780
18 55 96.008
18 56 54.393
18 57 18.176
18 58 52.226
18 59 92.523
18 60 25.041
18 61 15.841
18 62 91.853
18 63 50.846
18 64 92.255
18 65 78.463
18 66 16.897
18 67 72.673
18 68 53.710
18 69 88.515
18 70 32.442
18 71 89.233
18 72 13.484
18 73 72.860
18 74 88.629
18 75 15.538
18 76 3.563
18 77 10.477
18 78 7.067
18 79 12.104
18 80 7.914
18 81 67.014
18 82 25.459
18 83 32.057
18 84 47.325
18 85 8.181
18 86 21.284
18 87 2.349
18 88 67.341
18 89 22.572
18 90 79.699
18 91 99.236
18 92 21.275
18 93 53.768
18 94 90.917
18 95 30.203
18 96 55.654
18 97 1.426
18 98 97.889
18 99 27.226
18 100 86.386
18 101 1.552
18 102 66.463
18 103 89.529
18 104 0.531
18 105 37.266
18 106 17.013
18 107 87.951
18 108 30.757
18 109 63.105
18 110 39.116
18 111 57.565
18 112 27.405
18 113 48.281
18 114 8.947
18 115 60.376
18 116 96.532
18 117 57.278
18 118 42.871
18 119 95.726
19 20 81.394
19 21 89.828
19 22 50.081
19 23 72.474
19 24 39.523
19 25 96.480
19 26 92.155
19 27 34.019
19 28 7.909
19 29 70.909
19 30 18.068
19 31 44.995
19 32 54.726
19 33 95.547
19 34 19.433
19 35 6.669
19 36 87.640
19 37 83.263
19 38 42.663
19 39 67.090
19 40 25.948
19 41 14.532
19 42 2.262
19 43 31.519
19 44 46.613
19 45 16.929
19 46 62.591
19 47 58.886
19 48 82.730
19 49 71.734
19 50 94.223
19 51 50.799
19 52 87.036
19 53 61.082
19 54 65.411
19 55 1.080
19 56 72.785
19 57 88.306
19 58 99.194
19 59 75.817
19 60 9.633
19 61 13.990
19 62 12.317
19 63 36.637
19 64 83.151
19 65 50.760
19 66 53.422
19 67 3.176
19 68 23.157
19 69 50.903
19 70 74.838
19 71 74.663
19 72 68.251
19 73 2.707
19 74 4.842
19 75 95.082
19 76 61.805
19 77 23.719
19 78 35.389
19 79 51.543
19 80 68.077
19 81 2.150
19 82 4.092
19 83 41.320
19 84 56.223
19 85 91.243
19 86 28.617
19 87 29.401
19 88 24.694
19 89 5.666
19 90 46.684
19 91 45.482
19 92 28.808
19 93 3.868
19 94 25.509
19 95 36.988
19 96 30.274
19 97 65.798
19 98 30.785
19 99 3.021
19 100 9.015
19 101 91.520
19 102 87.207
19 103 83.049
19 104 64.843
19 105 52.997
19 106 20.051
19 107 63.711
19 108 89.366
19 109 28.667
19 110 40.478
19 111 97.271
19 112 6.979
19 113 38.427
19 114 25.979
19 115 96.091
19 116 67.865
19 117 75.258
19 118 51.809
19 119 78.866
20 21 25.627
20 22 98.970
20 23 49.226
20 24 96.471
20 25 47.529
20 26 17.381
20 27 2.060
20 28 57.893
20 29 86.260
20 30 30.763
20 31 44.340
20 32 10.076
20 33 88.725
20 34 56.495
20 35 88.647
20 36 99.374
20 37 29.579
20 38 82.579
20 39 97.373
20 40 56.911
20 41 35.033
20 42 21.063
20 43 7.187
20 44 5.294
20 45 5.954
20 46 45.404
20 47 30.812
20 48 79.920
20 49 58.318
20 50 99.390
20 51 89.582
20 52 94.570
20 53 73.817
20 54 59.513
20 55 75.292
20 56 58.016
20 57 93.737
20 58 17.524
20 59 0.476
20 60 66.041
20 61 95.193
20 62 25.395
20 63 72.540
20 64 51.575
20 65 60.362
20 66 11.035
20 67 19.048
20 68 74.595
20 69 86.601
20 70 29.836
20 71 99.003
20 72 72.946
20 73 88.138
20 74 64.490
20 75 58.088
20 76 75.472
20 77 8.494
20 78 23.506
20 79 24.615
20 80 99.579
20 81 96.873
20 82 17.476
20 83 97.320
20 84 16.853
20 85 1.470
20 86 11.364
20 87 46.157
20 88 72.336
20 89 97.962
20 90 60.974
20 91 32.906
20 92 85.792
20 93 2.438
20 94 42.216
20 95 59.652
20 96 46.569
20 97 14.552
20 98 72.930
20 99 70.110
20 100 37.583
20 101 98.955
20 102 8.750
20 103 61.275
20 104 88.540
20 105 40.842
20 106 66.845
20 107 11.046
20 108 63.626
20 109 4.925
20 110 94.390
20 111 91.192
20 112 34.761
20 113 86.240
20 114 52.207
20 115 14.490
20 116 77.886
20 117 65.875
20 118 28.268
20 119 59.820
21 22 56.837
21 23 75.059
21 24 30.604
21 25 29.692
21 26 27.015
21 27 27.003
21 28 34.675
21 29 20.934
21 30 99.380
21 31 97.463
21 32 76.336
21 33 31.145
21 34 54.205
21 35 22.203
21 36 88.300
21 37 81.087
21 38 83.585
21 39 32.376
21 40 75.359
21 41 6.268
21 42 71.877
21 43 67.277
21 44 11.585
21 45 59.796
21 46 94.037
21 47 88.041
21 48 21.392
21 49 72.951
21 50 23.253
21 51 65.520
21 52 75.534
21 53 39.934
21 54 91.327
21 55 30.943
21 56 93.006
21 57 28.922
21 58 37.914
21 59 58.902
21 60 90.296
21 61 72.804
21 62 18.065
21 63 98.792
21 64 60.533
21 65 59.881
21 66 11.404
21 67 83.037
21 68 96.852
21 69 27.327
21 70 90.853
21 71 18.278
21 72 96.614
21 73 58.357
21 74 63.974
21 75 9.143
21 76 96.141
21 77 97.808
21 78 95.810
21 79 73.296
21 80 89.228
21 81 30.247
21 82 58.528
21 83 81.203
21 84 76.934
21 85 9.729
21 86 30.217
21 87 94.334
21 88 81.009
21 89 90.977
21 90 82.866
21 91 81.522
21 92 28.814
21 93 88.025
21 94 57.867
21 95 64.753
21 96 83.701
21 97 78.257
21 98 26.284
21 99 82.888
21 100 51.556
21 101 77.299
21 102 70.699
21 103 64.633
21 104 41.565
21 105 33.363
21 106 5.628
21 107 70.541
21 108 97.269
21 109 28.414
21 110 74.278
21 111 97.910
21 112 42.570
21 113 27.913
21 114 20.863
21 115 42.146
21 116 6.596
21 117 90.937
21 118 39.730
21 119 73.491
22 23 1.198
22 24 38.085
22 25 45.248
22 26 18.982
22 27 25.328
22 28 75.874
22 29 89.676
22 30 36.067
22 31 61.689
22 32 93.228
22 33 80.188
22 34 26.548
22 35 12.741
22 36 78.146
22 37 10.766
22 38 67.309
22 39 95.558
22 40 50.830
22 41 29.842
22 42 27.783
22 43 77.990
22 44 73.277
22 45 10.387
22 46 3.165
22 47 92.201
22 48 74.775
22 49 75.565
22 50 17.108
22 51 5.898
22 52 27.723
22 53 60.111
22 54 37.951
22 55 66.434
22 56 18.869
22 57 55.274
22 58 8.498
22 59 58.443
22 60 87.320
22 61 93.482
22 62 10.948
22 63 31.782
22 64 42.564
22 65 77.785
22 66 75.774
22 67 63.307
22 68 33.282
22 69 50.699
22 70 96.196
22 71 13.351
22 72 10.848
22 73 27.244
22 74 28.331
22 75 25.779
22 76 20.215
22 77 87.786
22 78 41.205
22 79 99.102
22 80 55.248
22 81 37.683
22 82 30.501
22 83 25.362
22 84 35.603
22 85 92.827
22 86 25.267
22 87 53.376
22 88 97.902
22 89 42.820
22 90 97.747
22 91 83.412
22 92 45.200
22 93 76.836
22 94 33.091
22 95 41.473
22 96 65.652
22 97 31.148
22 98 27.906
22 99 13.124
22 100 13.810
22 101 31.844
22 102 64.445
22 103 39.130
22 104 46.107
22 105 61.422
22 106 50.667
22 107 88.203
22 108 15.879
22 109 73.791
22 110 25.525
22 111 25.719
22 112 62.639
22 113 18.587
22 114 3.498
22 115 91.551
22 116 75.375
22 117 12.783
22 118 72.748
22 119 84.996
23 24 70.253
23 25 15.264
23 26 67.230
23 27 30.282
23 28 99.395
23 29 18.304
23 30 4.664
23 31 62.231
23 32 99.295
23 33 68.838
23 34 19.482
23 35 28.421
23 36 94.954
23 37 71.961
23 38 22.705
23 39 51.535
23 40 98.946
23 41 9.249
23 42 89.150
23 43 33.577
23 44 83.424
23 45 25.335
23 46 6.461
23 47 12.236
23 48 57.449
23 49 97.548
23 50 20.151
23 51 98.961
23 52 52.046
23 53 5.520
23 54 74.194
23 55 38.103
23 56 1.040
23 57 60.312
23 58 77.633
23 59 27.042
23 60 7.004
23 61 35.926
23 62 24.293
23 63 28.270
23 64 98.516
23 65 69.986
23 66 54.847
23 67 86.184
23 68 17.483
23 69 64.928
23 70 78.364
23 71 33.674
23 72 23.400
23 73 26.223
23 74 63.886
23 75 36.597
23 76 65.187
23 77 19.928
23 78 71.675
23 79 77.843
23 80 50.671
23 81 18.325
23 82 18.503
23 83 26.918
23 84 38.752
23 85 29.429
23 86 61.638
23 87 75.859
23 88 89.983
23 89 73.835
23 90 42.194
23 91 47.761
23 92 37.522
23 93 80.674
23 94 50.049
23 95 0.321
23 96 82.353
23 97 23.372
23 98 59.767
23 99 53.551
23 100 74.135
23 101 5.449
23 102 39.785
23 103 68.142
23 104 12.257
23 105 36.793
23 106 55.585
23 107 88.993
23 108 90.365
23 109 11.615
23 110 71.648
23 111 47.003
23 112 12.091
23 113 10.745
23 114 6.699
23 115 81.470
23 116 25.689
23 117 2.955
23 118 12.081
23 119 5.301
24 25 60.948
24 26 12.694
24 27 24.063
24 28 85.737
24 29 3.016
24 30 54.904
24 31 87.442
24 32 54.401
24 33 4.666
24 34 11.513
24 35 60.046
24 36 92.206
24 37 21.045
24 38 38.762
24 39 85.542
24 40 57.046
24 41 49.105
24 42 49.695
24 43 65.428
24 44 35.168
24 45 67.688
24 46 11.932
24 47 70.163
24 48 0.727
24 49 3.593
24 50 37.283
24 51 4.102
24 52 62.282
24 53 94.037
24 54 16.803
24 55 79.234
24 56 59.857
24 57 76.507
24 58 72.581
24 59 58.668
24 60 51.642
24 61 13.298
24 62 55.820
24 63 2.403
24 64 95.579
24 65 49.936
24 66 19.740
24 67 85.136
24 68 87.769
24 69 14.167
24 70 35.343
24 71 58.665
24 72 67.020
24 73 85.384
24 74 98.281
24 75 99.930
24 76 32.847
24 77 3.094
24 78 95.862
24 79 19.796
24 80 52.837
24 81 37.453
24 82 64.645
24 83 7.406
24 84 54.533
24 85 14.886
24 86 71.149
24 87 50.253
24 88 6.872
24 89 77.481
24 90 90.843
24 91 1.075
24 92 96.663
24 93 56.103
24 94 43.924
24 95 59.275
24 96 96.750
24 97 54.063
24 98 70.282
24 99 96.750
24 100 4.199
24 101 70.708
24 102 90.616
24 103 85.872
24 104 99.246
24 105 42.435
24 106 5.853
24 107 80.802
24 108 38.718
24 109 42.409
24 110 32.793
24 111 62.406
24 112 51.242
24 113 59.646
24 114 60.354
24 115 81.749
24 116 45.807
24 117 73.159
24 118 37.842
24 119 27.477
25 26 80.120
25 27 47.495
25 28 74.319
25 29 98.356
25 30 60.651
25 31 2.264
25 32 36.479
25 33 83.803
25 34 62.403
25 35 50.170
25 36 81.347
25 37 42.477
25 38 63.180
25 39 55.544
25 40 49.660
25 41 21.809
25 42 84.472
25 43 38.554
25 44 75.995
25 45 79.814
25 46 19.078
25 47 39.018
25 48 42.475
25 49 54.620
25 50 4.202
25 51 58.143
25 52 14.326
25 53 76.824
25 54 67.989
25 55 16.544
25 56 47.616
25 57 35.170
25 58 37.330
25 59 2.527
25 60 52.171
25 61 86.948
25 62 45.260
25 63 35.887
25 64 25.964
25 65 51.119
25 66 17.388
25 67 39.400
25 68 51.205
25 69 34.395
25 70 48.523
25 71 92.651
25 72 56.912
25 73 18.290
25 74 3.035
25 75 41.040
25 76 7.904
25 77 78.662
25 78 85.476
25 79 46.543
25 80 75.979
25 81 18.322
25 82 31.603
25 83 96.212
25 84 85.455
25 85 67.995
25 86 64.162
25 87 29.414
25 88 2.292
25 89 51.256
25 90 42.700
25 91 5.460
25 92 53.713
25 93 15.016
25 94 12.097
25 95 9.531
25 96 23.527
25 97 98.733
25 98 20.691
25 99 86.724
25 100 67.271
25 101 52.684
25 102 35.555
25 103 1.531
25 104 30.881
25 105 18.533
25 106 29.877
25 107 43.246
25 108 36.721
25 109 53.824
25 110 55.362
25 111 36.520
25 112 21.649
25 113 16.144
25 114 41.220
25 115 70.722
25 116 73.195
25 117 22.412
25 118 80.498
25 119 31.755
26 27 11.988
26 28 64.057
26 29 74.421
26 30 5.632
26 31 11.249
26 32 89.822
26 33 5.863
26 34 24.377
26 35 27.449
26 36 64.518
26 37 4.197
26 38 41.732
26 39 40.184
26 40 74.238
26 41 45.516
26 42 58.637
26 43 63.849
26 44 76.402
26 45 4.566
26 46 66.633
26 47 98.868
26 48 86.431
26 49 37.726
26 50 41.073
26 51 36.064
26 52 51.949
26 53 29.993
26 54 95.440
26 55 14.142
26 56 90.118
26 57 83.153
26 58 3.092
26 59 57.328
26 60 54.035
26 61 57.195
26 62 3.387
26 63 87.899
26 64 50.082
26 65 2.500
26 66 35.410
26 67 16.597
26 68 49.702
26 69 36.465
26 70 84.443
26 71 62.892
26 72 26.280
26 73 24.954
26 74 83.797
26 75 46.579
26 76 0.640
26 77 26.317
26 78 87.816
26 79 22.372
26 80 97.128
26 81 43.746
26 82 20.589
26 83 99.993
26 84 96.327
26 85 10.291
26 86 9.332
26 87 3.616
26 88 20.169
26 89 0.163
26 90 31.414
26 91 76.645
26 92 0.526
26 93 19.752
26 94 39.625
26 95 30.434
26 96 63.332
26 97 82.332
26 98 81.591
26 99 68.881
26 100 6.855
26 101 11.495
26 102 96.099
26 103 94.733
26 104 64.976
26 105 50.115
26 106 51.643
26 107 18.025
26 108 24.111
26 109 74.008
26 110 90.618
26 111 42.207
26 112 5.933
26 113 22.430
26 114 56.397
26 115 99.352
26 116 37.074
26 117 61.187
26 118 9.869
26 119 42.243
27 28 1.742
27 29 88.338
27 30 87.101
27 31 78.188
27 32 13.481
27 33 77.373
27 34 10.354
27 35 47.108
27 36 48.290
27 37 28.215
27 38 41.032
27 39 4.711
27 40 52.876
27 41 62.498
27 42 54.970
27 43 70.515
27 44 79.044
27 45 56.347
27 46 28.033
27 47 40.037
27 48 98.036
27 49 51.202
27 50 43.120
27 51 40.616
27 52 17.105
27 53 21.265
27 54 68.439
27 55 31.161
27 56 54.688
27 57 4.723
27 58 11.320
27 59 7.535
27 60 30.253
27 61 25.156
27 62 21.848
27 63 77.334
27 64 90.203
27 65 39.409
27 66 6.241
27 67 10.491
27 68 22.221
27 69 48.674
27 70 11.178
27 71 55.457
27 72 6.982
27 73 0.664
27 74 57.152
27 75 34.602
27 76 18.374
27 77 92.483
27 78 31.481
27 79 97.068
27 80 11.235
27 81 56.166
27 82 99.712
27 83 12.450
27 84 29.006
27 85 71.856
27 86 57.953
27 87 34.501
27 88 22.854
27 89 7.181
27 90 28.059
27 91 50.478
27 92 98.466
27 93 25.660
27 94 92.592
27 95 58.789
27 96 97.085
27 97 41.800
27 98 77.161
27 99 85.297
27 100 73.302
27 101 26.057
27 102 13.974
27 103 56.901
27 104 53.696
27 105 78.935
27 106 62.370
27 107 99.993
27 108 47.635
27 109 0.245
27 110 19.580
27 111 20.881
27 112 34.360
27 113 76.893
27 114 28.141
27 115 55.497
27 116 68.965
27 117 0.573
27 118 75.140
27 119 46.472
28 29 33.932
28 30 5.352
28 31 82.861
28 32 17.105
28 33 12.609
28 34 84.346
28 35 10.439
28 36 63.800
28 37 76.350
28 38 4.592
28 39 21.749
28 40 81.220
28 41 57.978
28 42 89.669
28 43 26.049
28 44 67.699
28 45 30.839
28 46 80.771
28 47 64.778
28 48 32.405
28 49 24.891
28 50 18.634
28 51 0.428
28 52 40.257
28 53 89.138
28 54 11.114
28 55 61.568
28 56 85.816
28 57 53.139
28 58 64.198
28 59 11.846
28 60 83.149
28 61 49.446
28 62 57.809
28 63 40.207
28 64 95.086
28 65 33.487
28 66 42.068
28 67 14.586
28 68 2.358
28 69 77.787
28 70 14.461
28 71 1.950
28 72 30.765
28 73 23.333
28 74 13.926
28 75 33.885
28 76 12.835
28 77 42.510
28 78 33.922
28 79 88.758
28 80 59.356
28 81 5.216
28 82 13.323
28 83 69.055
28 84 55.699
28 85 42.607
28 86 11.329
28 87 75.613
28 88 78.064
28 89 71.379
28 90 10.564
28 91 19.235
28 92 45.539
28 93 75.572
28 94 21.172
28 95 64.583
28 96 85.307
28 97 42.594
28 98 77.921
28 99 71.250
28 100 90.408
28 101 15.493
28 102 32.230
28 103 82.573
28 104 92.079
28 105 54.451
28 106 41.494
28 107 13.999
28 108 52.079
28 109 97.084
28 110 49.196
28 111 9.724
28 112 4.244
28 113 69.303
28 114 31.057
28 115 68.846
28 116 39.144
28 117 26.354
28 118 54.814
28 119 90.407
29 30 30.837
29 31 97.090
29 32 64.206
29 33 50.469
29 34 50.538
29 35 63.626
29 36 51.378
29 37 3.781
29 38 98.452
29 39 33.228
29 40 26.144
29 41 97.595
29 42 12.054
29 43 49.606
29 44 25.389
29 45 95.837
29 46 76.786
29 47 46.777
29 48 31.434
29 49 38.112
29 50 73.442
29 51 70.192
29 52 84.228
29 53 99.919
29 54 45.433
29 55 77.081
29 56 79.042
29 57 77.972
29 58 58.668
29 59 80.754
29 60 38.652
29 61 97.646
29 62 56.994
29 63 22.098
29 64 36.999
29 65 28.375
29 66 86.890
29 67 35.556
29 68 29.955
29 69 97.197
29 70 76.583
29 71 26.601
29 72 18.011
29 73 10.653
29 74 6.767
29 75 93.047
29 76 25.615
29 77 30.924
29 78 2.813
29 79 3.481
29 80 32.349
29 81 3.330
29 82 11.639
29 83 92.716
29 84 32.253
29 85 99.222
29 86 0.332
29 87 46.328
29 88 29.344
29 89 20.811
29 90 28.189
29 91 24.210
29 92 99.743
29 93 12.637
29 94 98.990
29 95 16.511
29 96 63.808
29 97 38.132
29 98 96.141
29 99 34.422
29 100 15.285
29 101 9.138
29 102 39.727
29 103 12.958
29 104 48.726
29 105 1.252
29 106 81.593
29 107 43.258
29 108 11.288
29 109 48.529
29 110 72.230
29 111 57.825
29 112 80.526
29 113 87.319
29 114 91.538
29 115 63.771
29 116 35.872
29 117 10.940
29 118 34.478
29 119 56.280
30 31 48.278
30 32 4.373
30 33 82.179
30 34 47.386
30 35 59.830
30 36 51.351
30 37 69.215
30 38 13.584
30 39 63.130
30 40 44.936
30 41 78.598
30 42 99.893
30 43 18.880
30 44 87.116
30 45 57.452
30 46 17.684
30 47 69.318
30 48 32.946
30 49 48.358
30 50 38.938
30 51 15.018
30 52 20.415
30 53 74.075
30 54 20.522
30 55 23.082
30 56 28.480
30 57 96.622
30 58 88.700
30 59 25.822
30 60 22.616
30 61 95.620
30 62 76.252
30 63 50.810
30 64 79.733
30 65 75.372
30 66 32.452
30 67 95.517
30 68 32.477
30 69 15.316
30 70 19.578
30 71 22.738
30 72 36.684
30 73 24.286
30 74 68.729
30 75 6.647
30 76 45.153
30 77 45.456
30 78 92.422
30 79 3.535
30 80 65.932
30 81 85.876
30 82 41.785
30 83 56.157
30 84 93.956
30 85 12.190
30 86 52.101
30 87 66.108
30 88 31.123
30 89 62.447
30 90 42.054
30 91 84.747
30 92 51.827
30 93 72.797
30 94 19.242
30 95 79.945
30 96 28.447
30 97 7.464
30 98 97.318
30 99 33.286
30 100 4.467
30 101 10.536
30 102 48.631
30 103 10.326
30 104 91.646
30 105 68.902
30 106 0.275
30 107 25.157
30 108 72.081
30 109 87.143
30 110 31.184
30 111 89.738
30 112 5.985
30 113 27.156
30 114 43.231
30 115 98.323
30 116 81.695
30 117 58.052
30 118 60.268
30 119 47.814
31 32 95.645
31 33 95.095
31 34 55.590
31 35 35.966
31 36 16.985
31 37 80.423
31 38 20.553
31 39 11.124
31 40 73.987
31 41 72.829
31 42 64.872
31 43 69.519
31 44 97.589
31 45 69.044
31 46 82.611
31 47 9.155
31 48 71.141
31 49 74.778
31 50 26.944
31 51 52.921
31 52 64.843
31 53 80.206
31 54 11.464
31 55 47.798
31 56 78.378
31 57 71.610
31 58 96.182
31 59 31.917
31 60 75.890
31 61 28.605
31 62 22.275
31 63 36.672
31 64 73.707
31 65 14.633
31 66 31.252
31 67 57.245
31 68 33.137
31 69 67.368
31 70 41.401
31 71 81.619
31 72 18.159
31 73 35.218
31 74 57.221
31 75 15.517
31 76 0.981
31 77 86.267
31 78 55.991
31 79 78.697
31 80 37.213
31 81 36.833
31 82 29.707
31 83 76.651
31 84 86.791
31 85 8.212
31 86 60.353
31 87 70.987
31 88 26.810
31 89 22.258
31 90 71.755
31 91 81.645
31 92 88.069
31 93 89.092
31 94 32.278
31 95 54.562
31 96 48.406
31 97 23.571
31 98 79.160
31 99 19.562
31 100 32.768
31 101 51.041
31 102 97.529
31 103 44.928
31 104 2.534
31 105 27.471
31 106 14.929
31 107 67.520
31 108 64.697
31 109 4.222
31 110 65.701
31 111 40.277
31 112 95.308
31 113 13.530
31 114 38.583
31 115 92.535
31 116 50.991
31 117 37.183
31 118 45.650
31 119 42.876
32 33 37.328
32 34 47.936
32 35 41.017
32 36 39.035
32 37 13.577
32 38 80.886
32 39 73.700
32 40 24.918
32 41 39.453
32 42 0.317
32 43 80.603
32 44 50.883
32 45 11.599
32 46 76.471
32 47 12.821
32 48 50.166
32 49 94.873
32 50 76.224
32 51 41.251
32 52 1.726
32 53 26.760
32 54 1.848
32 55 5.999
32 56 87.720
32 57 61.947
32 58 82.838
32 59 58.125
32 60 32.506
32 61 28.521
32 62 37.176
32 63 91.978
32 64 79.226
32 65 87.261
32 66 70.504
32 67 81.724
32 68 19.958
32 69 21.127
32 70 74.324
32 71 16.598
32 72 45.868
32 73 33.351
32 74 17.638
32 75 76.022
32 76 24.924
32 77 99.390
32 78 0.390
32 79 97.917
32 80 46.466
32 81 0.549
32 82 51.611
32 83 71.377
32 84 94.308
32 85 65.212
32 86 10.338
32 87 28.333
32 88 22.996
32 89 57.405
32 90 23.184
32 91 17.911
32 92 15.509
32 93 81.773
32 94 28.866
32 95 21.896
32 96 94.885
32 97 19.137
32 98 77.052
32 99 10.059
32 100 47.148
32 101 67.354
32 102 46.540
32 103 40.025
32 104 88.384
32 105 38.565
32 106 86.110
32 107 78.001
32 108 74.926
32 109 55.740
32 110 0.311
32 111 53.823
32 112 12.366
32 113 98.978
32 114 41.979
32 115 66.667
32 116 66.439
32 117 75.169
32 118 53.472
32 119 26.201
33 34 16.863
33 35 23.384
33 36 19.410
33 37 48.028
33 38 23.773
33 39 22.753
33 40 55.130
33 41 22.011
33 42 95.682
33 43 39.614
33 44 57.107
33 45 37.368
33 46 57.720
33 47 36.362
33 48 84.291
33 49 79.392
33 50 19.421
33 51 65.704
33 52 22.582
33 53 9.255
33 54 32.425
33 55 90.888
33 56 8.619
33 57 0.525
33 58 10.208
33 59 5.041
33 60 53.589
33 61 33.890
33 62 54.308
33 63 70.862
33 64 12.946
33 65 45.016
33 66 94.511
33 67 65.692
33 68 93.734
33 69 79.564
33 70 4.081
33 71 96.382
33 72 77.625
33 73 34.093
33 74 95.324
33 75 43.403
33 76 64.840
33 77 51.902
33 78 35.691
33 79 4.280
33 80 11.798
33 81 98.831
33 82 50.066
33 83 32.693
33 84 43.631
33 85 65.617
33 86 91.016
33 87 11.511
33 88 71.643
33 89 30.605
33 90 65.534
33 91 55.512
33 92 35.323
33 93 69.462
33 94 4.138
33 95 12.700
33 96 18.708
33 97 16.972
33 98 46.210
33 99 21.916
33 100 61.705
33 101 70.097
33 102 94.035
33 103 88.796
33 104 98.376
33 105 71.187
33 106 57.282
33 107 62.197
33 108 6.274
33 109 25.553
33 110 69.498
33 111 28.804
33 112 43.568
33 113 88.561
33 114 8.681
33 115 94.948
33 116 84.014
33 117 4.028
33 118 95.128
33 119 91.532
34 35 33.744
34 36 87.852
34 37 71.475
34 38 20.483
34 39 28.395
34 40 28.686
34 41 92.211
34 42 59.312
34 43 64.288
34 44 20.903
34 45 62.950
34 46 54.097
34 47 13.157
34 48 54.177
34 49 73.331
34 50 60.650
34 51 6.351
34 52 58.729
34 53 61.698
34 54 38.594
34 55 51.489
34 56 45.592
34 57 34.520
34 58 63.758
34 59 62.235
34 60 87.249
34 61 39.047
34 62 0.557
34 63 40.135
34 64 55.526
34 65 53.791
34 66 67.911
34 67 46.396
34 68 70.874
34 69 18.151
34 70 39.790
34 71 41.055
34 72 19.986
34 73 69.882
34 74 44.599
34 75 47.130
34 76 67.148
34 77 97.088
34 78 66.410
34 79 18.173
34 80 18.824
34 81 40.027
34 82 5.415
34 83 49.048
34 84 0.654
34 85 97.269
34 86 25.023
34 87 71.831
34 88 71.408
34 89 0.593
34 90 98.638
34 91 21.388
34 92 29.372
34 93 23.508
34 94 70.449
34 95 38.492
34 96 63.229
34 97 79.406
34 98 61.454
34 99 2.266
34 100 61.714
34 101 47.063
34 102 84.436
34 103 48.297
34 104 24.150
34 105 33.601
34 106 79.789
34 107 33.925
34 108 7.417
34 109 47.993
34 110 47.835
34 111 58.034
34 112 4.007
34 113 11.810
34 114 32.680
34 115 29.076
34 116 70.516
34 117 78.147
34 118 7.671
34 119 2.120
35 36 16.249
35 37 64.535
35 38 23.163
35 39 73.402
35 40 17.586
35 41 31.118
35 42 3.575
35 43 29.141
35 44 45.330
35 45 51.515
35 46 22.610
35 47 94.300
35 48 79.463
35 49 30.486
35 50 43.023
35 51 16.565
35 52 38.567
35 53 19.931
35 54 80.484
35 55 50.941
35 56 69.649
35 57 72.689
35 58 39.837
35 59 81.183
35 60 28.138
35 61 52.268
35 62 76.454
35 63 25.736
35 64 27.596
35 65 85.832
35 66 55.408
35 67 27.852
35 68 53.952
35 69 7.662
35 70 16.831
35 71 22.272
35 72 20.081
35 73 90.783
35 74 7.082
35 75 4.148
35 76 83.083
35 77 5.569
35 78 2.272
35 79 99.799
35 80 58.871
35 81 75.869
35 82 33.171
35 83 53.464
35 84 46.464
35 85 25.571
35 86 18.711
35 87 99.357
35 88 17.879
35 89 21.500
35 90 29.038
35 91 84.175
35 92 38.557
35 93 22.158
35 94 28.464
35 95 41.604
35 96 58.016
35 97 36.065
35 98 93.713
35 99 97.413
35 100 50.693
35 101 78.309
35 102 63.463
35 103 1.444
35 104 92.952
35 105 89.408
35 106 51.488
35 107 41.050
35 108 33.789
35 109 46.700
35 110 47.579
35 111 89.509
35 112 53.963
35 113 55.222
35 114 37.949
35 115 82.460
35 116 11.145
35 117 52.373
35 118 99.976
35 119 95.594
36 37 37.100
36 38 98.696
36 39 64.896
36 40 17.643
36 41 87.024
36 42 55.679
36 43 96.460
36 44 74.112
36 45 40.857
36 46 70.728
36 47 3.599
36 48 59.280
36 49 21.715
36 50 99.349
36 51 90.758
36 52 76.647
36 53 27.558
36 54 95.037
36 55 50.857
36 56 71.311
36 57 68.785
36 58 88.489
36 59 22.714
36 60 61.695
36 61 66.650
36 62 59.517
36 63 67.298
36 64 42.593
36 65 95.229
36 66 77.359
36 67 65.311
36 68 36.649
36 69 43.128
36 70 48.136
36 71 2.378
36 72 17.245
36 73 30.204
36 74 61.736
36 75 87.511
36 76 12.130
36 77 39.265
36 78 74.730
36 79 45.541
36 80 24.232
36 81 13.071
36 82 0.711
36 83 34.845
36 84 73.728
36 85 22.885
36 86 5.003
36 87 67.980
36 88 73.777
36 89 36.436
36 90 16.735
36 91 54.709
36 92 1.229
36 93 0.344
36 94 78.078
36 95 44.456
36 96 13.181
36 97 4.888
36 98 47.748
36 99 18.324
36 100 90.424
36 101 17.462
36 102 63.911
36 103 69.638
36 104 59.630
36 105 55.155
36 106 50.215
36 107 16.311
36 108 57.552
36 109 16.571
36 110 17.910
36 111 8.400
36 112 52.554
36 113 8.364
36 114 76.904
36 115 29.829
36 116 31.477
36 117 82.912
36 118 19.070
36 119 44.543
37 38 93.135
37 39 50.119
37 40 78.226
37 41 4.243
37 42 63.668
37 43 38.571
37 44 2.980
37 45 17.387
37 46 63.530
37 47 59.087
37 48 0.966
37 49 77.257
37 50 11.060
37 51 67.151
37 52 25.993
37 53 60.692
37 54 43.389
37 55 29.820
37 56 83.248
37 57 38.474
37 58 71.871
37 59 77.397
37 60 21.925
37 61 83.348
37 62 66.247
37 63 60.481
37 64 69.532
37 65 22.345
37 66 79.468
37 67 38.973
37 68 37.577
37 69 56.309
37 70 83.371
37 71 1.211
37 72 94.506
37 73 61.443
37 74 84.340
37 75 48.582
37 76 58.439
37 77 95.205
37 78 27.638
37 79 83.821
37 80 9.674
37 81 52.026
37 82 79.267
37 83 9.653
37 84 60.876
37 85 53.093
37 86 95.014
37 87 78.511
37 88 51.484
37 89 8.839
37 90 47.766
37 91 33.779
37 92 52.150
37 93 62.795
37 94 86.232
37 95 48.332
37 96 74.813
37 97 11.108
37 98 40.884
37 99 97.119
37 100 84.584
37 101 93.291
37 102 76.224
37 103 97.084
37 104 0.648
37 105 66.685
37 106 12.421
37 107 9.971
37 108 55.208
37 109 9.599
37 110 3.901
37 111 31.353
37 112 51.783
37 113 46.283
37 114 67.660
37 115 82.704
37 116 27.219
37 117 50.607
37 118 99.856
37 119 82.401
38 39 75.363
38 40 64.769
38 41 5.684
38 42 96.270
38 43 34.567
38 44 64.316
38 45 94.560
38 46 58.593
38 47 76.106
38 48 11.465
38 49 60.351
38 50 10.483
38 51 56.013
38 52 64.929
38 53 74.644
38 54 24.083
38 55 9.022
38 56 56.394
38 57 70.021
38 58 68.282
38 59 69.975
38 60 1.259
38 61 79.825
38 62 24.453
38 63 5.472
38 64 84.457
38 65 31.087
38 66 79.176
38 67 26.497
38 68 50.892
38 69 58.080
38 70 5.010
38 71 31.377
38 72 34.454
38 73 15.419
38 74 90.061
38 75 97.665
38 76 79.575
38 77 21.618
38 78 92.438
38 79 1.420
38 80 44.943
38 81 56.774
38 82 76.642
38 83 92.800
38 84 30.265
38 85 71.252
38 86 35.522
38 87 98.064
38 88 33.848
38 89 36.266
38 90 13.630
38 91 49.753
38 92 31.303
38 93 81.730
38 94 25.635
38 95 69.214
38 96 63.811
38 97 21.963
38 98 6.941
38 99 38.640
38 100 38.167
38 101 65.625
38 102 42.691
38 103 3.346
38 104 70.209
38 105 42.697
38 106 96.090
38 107 39.331
38 108 48.250
38 109 58.335
38 110 97.281
38 111 5.941
38 112 53.803
38 113 1.161
38 114 59.982
38 115 79.030
38 116 53.116
38 117 91.792
38 118 64.671
38 119 26.045
39 40 64.974
39 41 56.378
39 42 84.305
39 43 41.274
39 44 17.702
39 45 49.456
39 46 31.397
39 47 6.790
39 48 31.492
39 49 30.602
39 50 73.739
39 51 82.676
39 52 0.896
39 53 20.158
39 54 0.126
39 55 58.687
39 56 6.774
39 57 20.756
39 58 17.158
39 59 18.743
39 60 56.961
39 61 93.388
39 62 23.513
39 63 79.550
39 64 40.589
39 65 19.464
39 66 39.059
39 67 65.089
39 68 82.258
39 69 63.593
39 70 62.741
39 71 69.843
39 72 99.153
39 73 75.757
39 74 95.395
39 75 45.389
39 76 96.707
39 77 36.071
39 78 91.459
39 79 17.307
39 80 86.578
39 81 50.548
39 82 97.035
39 83 2.384
39 84 74.455
39 85 52.032
39 86 90.806
39 87 49.680
39 88 44.619
39 89 46.931
39 90 69.040
39 91 73.270
39 92 63.195
39 93 75.414
39 94 6.242
39 95 79.341
39 96 32.678
39 97 20.403
39 98 78.965
39 99 15.805
39 100 56.592
39 101 9.023
39 102 61.877
39 103 88.709
39 104 15.018
39 105 99.065
39 106 92.391
39 107 96.458
39 108 9.272
39 109 32.579
39 110 52.999
39 111 30.226
39 112 7.134
39 113 68.908
39 114 38.886
39 115 76.929
39 116 8.816
39 117 80.243
39 118 62.522
39 119 39.741
40 41 58.241
40 42 4.232
40 43 96.598
40 44 60.362
40 45 44.230
40 46 0.211
40 47 72.028
40 48 87.140
40 49 71.834
40 50 48.304
40 51 28.688
40 52 83.593
40 53 35.326
40 54 63.947
40 55 63.140
40 56 13.040
40 57 91.256
40 58 74.307
40 59 29.807
40 60 66.745
40 61 12.482
40 62 17.626
40 63 29.896
40 64 25.371
40 65 2.258
40 66 81.683
40 67 65.804
40 68 56.512
40 69 61.218
40 70 93.388
40 71 47.856
40 72 54.689
40 73 29.468
40 74 7.928
40 75 14.897
40 76 24.448
40 77 71.065
40 78 22.950
40 79 70.625
40 80 92.029
40 81 28.754
40 82 60.928
40 83 43.480
40 84 6.602
40 85 53.150
40 86 21.182
40 87 49.502
40 88 58.147
40 89 2.410
40 90 1.913
40 91 74.787
40 92 95.815
40 93 15.978
40 94 32.209
40 95 96.962
40 96 77.958
40 97 89.136
40 98 34.103
40 99 33.619
40 100 23.013
40 101 13.844
40 102 55.622
40 103 39.667
40 104 59.019
40 105 5.756
40 106 77.130
40 107 75.318
40 108 88.825
40 109 7.340
40 110 95.378
40 111 31.717
40 112 97.860
40 113 42.623
40 114 32.304
40 115 32.213
40 116 31.854
40 117 0.408
40 118 98.957
40 119 23.832
41 42 63.023
41 43 39.675
41 44 68.819
41 45 35.723
41 46 44.924
41 47 43.384
41 48 79.377
41 49 9.186
41 50 28.608
41 51 95.090
41 52 85.955
41 53 97.340
41 54 75.635
41 55 16.496
41 56 37.613
41 57 91.579
41 58 57.166
41 59 83.493
41 60 31.371
41 61 56.668
41 62 72.559
41 63 33.268
41 64 28.027
41 65 46.655
41 66 55.777
41 67 85.663
41 68 80.561
41 69 29.750
41 70 63.396
41 71 28.280
41 72 34.371
41 73 71.881
41 74 54.116
41 75 56.705
41 76 7.552
41 77 15.868
41 78 76.419
41 79 18.731
41 80 48.948
41 81 45.970
41 82 78.367
41 83 84.629
41 84 1.916
41 85 46.022
41 86 41.551
41 87 54.272
41 88 72.502
41 89 43.468
41 90 19.782
41 91 16.297
41 92 12.190
41 93 81.294
41 94 32.376
41 95 94.556
41 96 77.423
41 97 75.199
41 98 21.737
41 99 52.684
41 100 20.759
41 101 94.304
41 102 35.436
41 103 78.952
41 104 1.846
41 105 50.274
41 106 34.096
41 107 40.410
41 108 80.308
41 109 91.945
41 110 58.129
41 111 77.883
41 112 67.206
41 113 80.365
41 114 8.731
41 115 11.501
41 116 66.888
41 117 62.627
41 118 11.546
41 119 40.241
42 43 36.855
42 44 71.955
42 45 34.999
42 46 48.321
42 47 29.712
42 48 56.202
42 49 29.556
42 50 76.332
42 51 58.289
42 52 77.255
42 53 39.026
42 54 75.634
42 55 42.723
42 56 29.801
42 57 10.495
42 58 40.794
42 59 56.584
42 60 99.497
42 61 95.625
42 62 6.758
42 63 88.037
42 64 17.765
42 65 92.761
42 66 4.965
42 67 71.615
42 68 73.313
42 69 26.660
42 70 95.743
42 71 26.327
42 72 8.888
42 73 0.661
42 74 33.121
42 75 56.629
42 76 65.890
42 77 84.699
42 78 72.547
42 79 34.234
42 80 39.163
42 81 21.830
42 82 2.072
42 83 80.754
42 84 69.610
42 85 45.782
42 86 63.152
42 87 13.873
42 88 33.247
42 89 2.548
42 90 28.538
42 91 3.029
42 92 81.887
42 93 60.126
42 94 21.576
42 95 4.524
42 96 52.840
42 97 72.291
42 98 93.785
42 99 10.522
42 100 92.885
42 101 34.598
42 102 25.732
42 103 51.575
42 104 35.172
42 105 33.840
42 106 79.950
42 107 38.118
42 108 26.840
42 109 45.790
42 110 14.095
42 111 12.800
42 112 29.828
42 113 80.272
42 114 57.525
42 115 12.561
42 116 7.675
42 117 7.514
42 118 65.116
42 119 7.057
43 44 67.087
43 45 25.169
43 46 88.451
43 47 88.321
43 48 44.615
43 49 41.554
43 50 46.348
43 51 35.473
43 52 15.991
43 53 57.366
43 54 34.265
43 55 67.866
43 56 58.515
43 57 25.495
43 58 85.236
43 59 30.193
43 60 15.343
43 61 56.574
43 62 83.765
43 63 23.918
43 64 94.582
43 65 16.467
43 66 38.518
43 67 10.789
43 68 85.846
43 69 31.196
43 70 39.638
43 71 66.271
43 72 92.220
43 73 74.618
43 74 62.195
43 75 53.384
43 76 56.570
43 77 64.675
43 78 28.509
43 79 20.750
43 80 7.683
43 81 35.165
43 82 9.020
43 83 2.584
43 84 63.968
43 85 81.690
43 86 23.860
43 87 12.885
43 88 10.244
43 89 2.827
43 90 5.463
43 91 81.296
43 92 6.626
43 93 70.542
43 94 96.280
43 95 73.882
43 96 97.586
43 97 67.487
43 98 85.104
43 99 78.498
43 100 63.970
43 101 23.048
43 102 30.485
43 103 11.476
43 104 1.115
43 105 64.900
43 106 80.401
43 107 20.053
43 108 12.113
43 109 78.272
43 110 73.579
43 111 13.220
43 112 76.904
43 113 31.284
43 114 99.798
43 115 52.641
43 116 95.060
43 117 81.425
43 118 3.990
43 119 74.821
44 45 2.954
44 46 25.611
44 47 42.115
44 48 95.878
44 49 34.472
44 50 94.263
44 51 35.556
44 52 71.077
44 53 28.505
44 54 18.437
44 55 25.176
44 56 42.716
44 57 86.178
44 58 18.303
44 59 96.188
44 60 11.997
44 61 46.066
44 62 71.096
44 63 30.637
44 64 13.189
44 65 76.662
44 66 17.198
44 67 45.588
44 68 51.699
44 69 81.893
44 70 54.077
44 71 91.951
44 72 91.589
44 73 77.709
44 74 49.582
44 75 21.463
44 76 42.631
44 77 25.610
44 78 78.429
44 79 77.436
44 80 2.150
44 81 2.414
44 82 48.731
44 83 28.682
44 84 52.737
44 85 44.666
44 86 39.005
44 87 45.398
44 88 3.316
44 89 30.778
44 90 10.358
44 91 10.845
44 92 88.101
44 93 54.352
44 94 93.390
44 95 73.252
44 96 5.672
44 97 98.060
44 98 74.869
44 99 68.705
44 100 88.680
44 101 39.058
44 102 25.320
44 103 87.609
44 104 43.621
44 105 4.120
44 106 15.417
44 107 14.900
44 108 89.690
44 109 45.492
44 110 66.446
44 111 47.265
44 112 55.870
44 113 26.942
44 114 68.068
44 115 79.447
44 116 66.229
44 117 93.554
44 118 75.246
44 119 56.068
45 46 54.829
45 47 48.529
45 48 65.425
45 49 5.457
45 50 3.699
45 51 75.568
45 52 96.931
45 53 7.587
45 54 89.971
45 55 26.403
45 56 60.022
45 57 99.510
45 58 61.638
45 59 39.585
45 60 53.165
45 61 88.565
45 62 35.254
45 63 68.882
45 64 48.824
45 65 26.162
45 66 23.501
45 67 77.442
45 68 35.428
45 69 93.085
45 70 55.676
45 71 97.354
45 72 35.163
45 73 61.020
45 74 49.999
45 75 63.303
45 76 0.853
45 77 24.424
45 78 33.032
45 79 3.749
45 80 89.430
45 81 41.854
45 82 78.560
45 83 13.361
45 84 94.358
45 85 86.529
45 86 55.974
45 87 36.412
45 88 94.860
45 89 82.177
45 90 36.485
45 91 62.428
45 92 45.915
45 93 92.076
45 94 4.418
45 95 72.573
45 96 89.733
45 97 36.776
45 98 60.398
45 99 78.096
45 100 16.767
45 101 39.073
45 102 83.414
45 103 60.629
45 104 42.321
45 105 33.622
45 106 39.540
45 107 58.183
45 108 93.430
45 109 32.944
45 110 86.526
45 111 40.431
45 112 19.904
45 113 11.616
45 114 25.514
45 115 82.165
45 116 53.317
45 117 56.060
45 118 93.821
45 119 74.788
46 47 38.198
46 48 28.643
46 49 76.030
46 50 12.296
46 51 50.791
46 52 11.666
46 53 34.532
46 54 50.377
46 55 2.501
46 56 29.362
46 57 25.258
46 58 65.123
46 59 97.491
46 60 94.154
46 61 69.476
46 62 31.284
46 63 76.901
46 64 87.201
46 65 98.341
46 66 99.090
46 67 35.757
46 68 62.644
46 69 73.319
46 70 73.356
46 71 42.878
46 72 60.005
46 73 12.660
46 74 88.944
46 75 28.979
46 76 19.809
46 77 21.738
46 78 32.581
46 79 33.606
46 80 23.789
46 81 33.432
46 82 82.643
46 83 17.700
46 84 22.921
46 85 13.588
46 86 25.699
46 87 55.305
46 88 74.054
46 89 76.206
46 90 61.466
46 91 15.293
46 92 79.050
46 93 83.129
46 94 26.242
46 95 31.969
46 96 9.113
46 97 73.845
46 98 49.032
46 99 42.061
46 100 1.383
46 101 82.409
46 102 4.203
46 103 34.779
46 104 34.887
46 105 50.574
46 106 39.928
46 107 21.561
46 108 28.602
46 109 38.866
46 110 42.550
46 111 82.552
46 112 55.613
46 113 70.661
46 114 43.653
46 115 88.005
46 116 34.295
46 117 18.236
46 118 88.775
46 119 24.544
47 48 39.930
47 49 54.320
47 50 64.576
47 51 78.545
47 52 78.329
47 53 47.847
47 54 24.691
47 55 41.935
47 56 76.794
47 57 78.412
47 58 63.618
47 59 9.285
47 60 77.160
47 61 80.367
47 62 62.669
47 63 29.321
47 64 60.660
47 65 4.516
47 66 72.352
47 67 58.846
47 68 95.014
47 69 3.093
47 70 1.529
47 71 42.550
47 72 70.407
47 73 1.952
47 74 55.233
47 75 8.300
47 76 82.910
47 77 22.862
47 78 0.287
47 79 24.226
47 80 31.439
47 81 58.342
47 82 40.657
47 83 11.321
47 84 17.460
47 85 81.642
47 86 52.950
47 87 43.203
47 88 75.435
47 89 95.270
47 90 66.549
47 91 93.362
47 92 16.419
47 93 82.914
47 94 72.574
47 95 9.405
47 96 37.177
47 97 31.634
47 98 11.195
47 99 3.701
47 100 32.919
47 101 33.890
47 102 17.788
47 103 50.305
47 104 52.931
47 105 62.265
47 106 4.998
47 107 69.170
47 108 55.354
47 109 33.670
47 110 19.975
47 111 60.366
47 112 49.822
47 113 44.381
47 114 43.896
47 115 23.412
47 116 64.858
47 117 62.398
47 118 94.330
47 119 59.810
48 49 40.661
48 50 9.471
48 51 50.102
48 52 10.476
48 53 27.344
48 54 51.509
48 55 42.982
48 56 24.010
48 57 63.675
48 58 43.175
48 59 50.914
48 60 86.598
48 61 22.039
48 62 40.138
48 63 83.397
48 64 69.850
48 65 31.593
48 66 0.738
48 67 71.260
48 68 68.968
48 69 33.485
48 70 47.769
48 71 60.253
48 72 10.378
48 73 79.541
48 74 50.622
48 75 60.707
48 76 5.349
48 77 58.941
48 78 18.203
48 79 24.002
48 80 14.077
48 81 26.203
48 82 63.856
48 83 0.620
48 84 63.340
48 85 8.165
48 86 14.929
48 87 84.310
48 88 30.086
48 89 87.698
48 90 91.691
48 91 62.189
48 92 63.133
48 93 97.499
48 94 72.964
48 95 71.590
48 96 65.702
48 97 8.618
48 98 99.148
48 99 11.017
48 100 2.582
48 101 65.229
48 102 37.249
48 103 64.818
48 104 27.475
48 105 99.703
48 106 47.034
48 107 78.969
48 108 48.424
48 109 60.177
48 110 42.681
48 111 68.853
48 112 62.248
48 113 96.578
48 114 40.004
48 115 49.001
48 116 92.460
48 117 80.457
48 118 15.850
48 119 49.440
49 50 59.453
49 51 79.023
49 52 83.244
49 53 23.657
49 54 96.546
49 55 64.372
49 56 3.569
49 57 59.126
49 58 0.996
49 59 15.231
49 60 15.368
49 61 72.938
49 62 75.205
49 63 60.385
49 64 58.266
49 65 12.269
49 66 70.056
49 67 20.490
49 68 10.076
49 69 82.261
49 70 89.705
49 71 28.135
49 72 35.320
49 73 92.357
49 74 55.138
49 75 44.760
49 76 64.191
49 77 46.187
49 78 52.407
49 79 47.440
49 80 82.429
49 81 99.838
49 82 10.693
49 83 28.590
49 84 14.616
49 85 78.650
49 86 65.239
49 87 37.235
49 88 26.066
49 89 73.657
49 90 60.636
49 91 91.828
49 92 51.819
49 93 35.358
49 94 41.104
49 95 11.419
49 96 85.124
49 97 44.714
49 98 56.108
49 99 44.578
49 100 22.403
49 101 69.103
49 102 82.058
49 103 23.538
49 104 66.811
49 105 4.432
49 106 23.777
49 107 34.860
49 108 38.350
49 109 63.650
49 110 13.085
49 111 77.280
49 112 24.887
49 113 96.660
49 114 66.042
49 115 72.421
49 116 35.511
49 117 16.935
49 118 95.297
49 119 4.719
50 51 85.305
50 52 66.086
50 53 99.438
50 54 93.152
50 55 48.932
50 56 69.260
50 57 67.388
50 58 39.272
50 59 69.358
50 60 21.387
50 61 42.594
50 62 53.569
50 63 97.574
50 64 97.194
50 65 89.166
50 66 35.309
50 67 69.376
50 68 96.308
50 69 90.052
50 70 69.801
50 71 96.025
50 72 18.880
50 73 86.003
50 74 11.390
50 75 57.090
50 76 16.872
50 77 33.290
50 78 40.552
50 79 35.771
50 80 81.451
50 81 18.008
50 82 19.057
50 83 29.711
50 84 7.933
50 85 15.273
50 86 18.473
50 87 3.605
50 88 26.265
50 89 22.781
50 90 64.156
50 91 23.812
50 92 97.263
50 93 29.853
50 94 19.412
50 95 29.760
50 96 52.650
50 97 5.551
50 98 32.629
50 99 52.098
50 100 0.386
50 101 2.354
50 102 83.991
50 103 83.330
50 104 25.878
50 105 75.542
50 106 97.732
50 107 43.135
50 108 94.358
50 109 12.673
50 110 30.954
50 111 57.572
50 112 0.050
50 113 52.379
50 114 10.636
50 115 89.111
50 116 13.698
50 117 47.214
50 118 66.757
50 119 12.657
51 52 51.621
51 53 91.389
51 54 1.357
51 55 31.725
51 56 26.665
51 57 90.989
51 58 40.833
51 59 68.449
51 60 44.240
51 61 1.590
51 62 41.981
51 63 41.258
51 64 75.105
51 65 96.222
51 66 61.001
51 67 64.905
51 68 70.637
51 69 55.226
51 70 49.116
51 71 68.924
51 72 86.037
51 73 88.765
51 74 8.463
51 75 32.642
51 76 42.232
51 77 12.663
51 78 27.548
51 79 77.571
51 80 88.223
51 81 98.676
51 82 16.850
51 83 41.285
51 84 22.193
51 85 11.472
51 86 82.035
51 87 80.814
51 88 91.885
51 89 26.272
51 90 4.758
51 91 18.156
51 92 22.630
51 93 93.534
51 94 49.204
51 95 45.663
51 96 14.803
51 97 79.988
51 98 76.241
51 99 54.871
51 100 11.638
51 101 68.990
51 102 26.502
51 103 38.753
51 104 62.974
51 105 47.376
51 106 28.702
51 107 44.457
51 108 0.883
51 109 40.868
51 110 0.143
51 111 21.225
51 112 99.059
51 113 85.568
51 114 32.646
51 115 16.527
51 116 9.446
51 117 39.209
51 118 99.024
51 119 22.350
52 53 56.791
52 54 42.527
52 55 72.740
52 56 63.124
52 57 24.614
52 58 38.533
52 59 26.545
52 60 46.982
52 61 84.581
52 62 45.420
52 63 64.636
52 64 72.792
52 65 5.331
52 66 57.453
52 67 47.300
52 68 96.894
52 69 26.495
52 70 17.447
52 71 87.008
52 72 15.458
52 73 99.018
52 74 64.286
52 75 30.576
52 76 11.105
52 77 73.824
52 78 9.431
52 79 93.267
52 80 45.711
52 81 67.441
52 82 37.473
52 83 77.634
52 84 55.246
52 85 45.443
52 86 57.530
52 87 92.383
52 88 17.041
52 89 42.357
52 90 54.650
52 91 84.706
52 92 15.071
52 93 80.168
52 94 3.369
52 95 13.299
52 96 24.627
52 97 56.630
52 98 9.183
52 99 18.670
52 100 74.172
52 101 49.298
52 102 37.939
52 103 92.361
52 104 19.252
52 105 21.514
52 106 78.007
52 107 7.360
52 108 80.979
52 109 22.570
52 110 55.584
52 111 48.238
52 112 59.917
52 113 45.814
52 114 89.596
52 115 71.453
52 116 35.137
52 117 45.707
52 118 29.405
52 119 33.770
53 54 97.736
53 55 17.635
53 56 65.883
53 57 49.897
53 58 48.315
53 59 12.780
53 60 44.410
53 61 79.210
53 62 8.690
53 63 94.396
53 64 36.969
53 65 95.825
53 66 59.550
53 67 41.568
53 68 49.735
53 69 66.303
53 70 17.821
53 71 71.850
53 72 52.442
53 73 44.915
53 74 10.178
53 75 85.145
53 76 16.271
53 77 97.662
53 78 82.432
53 79 27.774
53 80 38.142
53 81 83.144
53 82 8.460
53 83 37.866
53 84 11.016
53 85 50.887
53 86 26.894
53 87 61.066
53 88 72.183
53 89 65.888
53 90 38.951
53 91 18.986
53 92 24.490
53 93 31.891
53 94 46.607
53 95 71.928
53 96 79.090
53 97 65.331
53 98 96.712
53 99 42.091
53 100 12.529
53 101 66.872
53 102 23.728
53 103 53.846
53 104 65.839
53 105 48.124
53 106 51.431
53 107 3.557
53 108 38.802
53 109 97.399
53 110 22.210
53 111 93.082
53 112 48.672
53 113 10.250
53 114 71.542
53 115 48.236
53 116 29.362
53 117 68.052
53 118 54.760
53 119 96.357
54 55 44.477
54 56 21.058
54 57 63.406
54 58 95.575
54 59 75.570
54 60 21.081
54 61 39.272
54 62 92.449
54 63 25.586
54 64 53.407
54 65 5.643
54 66 34.366
54 67 46.724
54 68 37.520
54 69 87.325
54 70 78.403
54 71 61.806
54 72 1.874
54 73 83.693
54 74 19.337
54 75 98.702
54 76 89.236
54 77 92.323
54 78 6.047
54 79 98.521
54 80 15.990
54 81 54.673
54 82 27.776
54 83 89.971
54 84 91.337
54 85 9.845
54 86 29.535
54 87 44.683
54 88 0.446
54 89 97.624
54 90 59.410
54 91 41.273
54 92 69.411
54 93 47.802
54 94 59.599
54 95 69.525
54 96 59.225
54 97 29.214
54 98 87.717
54 99 0.324
54 100 81.044
54 101 8.961
54 102 95.236
54 103 31.827
54 104 85.618
54 105 89.983
54 106 95.900
54 107 97.850
54 108 56.068
54 109 53.424
54 110 28.510
54 111 90.560
54 112 25.067
54 113 31.196
54 114 55.705
54 115 6.297
54 116 44.994
54 117 73.635
54 118 43.190
54 119 70.732
55 56 62.802
55 57 57.403
55 58 32.300
55 59 37.523
55 60 90.083
55 61 99.500
55 62 52.918
55 63 83.274
55 64 13.214
55 65 4.760
55 66 23.409
55 67 40.828
55 68 58.510
55 69 76.188
55 70 49.618
55 71 22.785
55 72 12.916
55 73 60.210
55 74 65.914
55 75 87.629
55 76 2.071
55 77 82.204
55 78 57.832
55 79 91.968
55 80 44.459
55 81 51.585
55 82 68.113
55 83 54.111
55 84 32.883
55 85 80.299
55 86 15.710
55 87 26.587
55 88 42.638
55 89 63.724
55 90 50.860
55 91 38.194
55 92 29.542
55 93 18.805
55 94 28.338
55 95 19.769
55 96 60.357
55 97 60.664
55 98 5.760
55 99 72.130
55 100 13.180
55 101 25.964
55 102 64.115
55 103 69.479
55 104 95.995
55 105 19.010
55 106 3.655
55 107 17.065
55 108 57.879
55 109 64.842
55 110 89.887
55 111 98.004
55 112 9.230
55 113 2.530
55 114 11.574
55 115 50.899
55 116 24.897
55 117 41.393
55 118 65.524
55 119 17.264
56 57 77.278
56 58 33.084
56 59 1.372
56 60 85.754
56 61 35.154
56 62 83.255
56 63 43.666
56 64 38.783
56 65 68.494
56 66 37.941
56 67 58.255
56 68 76.405
56 69 19.434
56 70 31.869
56 71 45.324
56 72 52.145
56 73 35.290
56 74 78.574
56 75 22.379
56 76 5.978
56 77 10.760
56 78 15.471
56 79 7.042
56 80 20.774
56 81 53.322
56 82 91.014
56 83 21.760
56 84 60.253
56 85 68.389
56 86 95.566
56 87 20.334
56 88 68.850
56 89 58.910
56 90 92.828
56 91 79.654
56 92 26.908
56 93 47.882
56 94 4.441
56 95 9.082
56 96 58.196
56 97 61.623
56 98 36.815
56 99 4.656
56 100 81.012
56 101 56.700
56 102 16.305
56 103 15.614
56 104 78.975
56 105 34.002
56 106 16.484
56 107 96.680
56 108 43.119
56 109 59.789
56 110 19.630
56 111 91.155
56 112 3.001
56 113 5.363
56 114 53.400
56 115 27.054
56 116 21.270
56 117 24.594
56 118 83.274
56 119 11.358
57 58 73.521
57 59 11.636
57 60 21.482
57 61 75.917
57 62 73.243
57 63 19.959
57 64 33.962
57 65 62.616
57 66 30.268
57 67 78.200
57 68 88.308
57 69 35.121
57 70 50.383
57 71 8.379
57 72 87.702
57 73 69.861
57 74 93.636
57 75 37.648
57 76 78.540
57 77 9.853
57 78 9.323
57 79 96.029
57 80 2.719
57 81 61.556
57 82 56.795
57 83 9.462
57 84 89.511
57 85 77.166
57 86 2.941
57 87 30.057
57 88 46.479
57 89 92.567
57 90 59.565
57 91 93.523
57 92 14.080
57 93 84.631
57 94 86.874
57 95 57.570
57 96 94.388
57 97 70.643
57 98 42.900
57 99 54.439
57 100 50.815
57 101 97.312
57 102 2.919
57 103 85.769
57 104 2.734
57 105 57.190
57 106 7.792
57 107 98.609
57 108 6.598
57 109 26.259
57 110 25.645
57 111 7.700
57 112 23.464
57 113 38.036
57 114 27.421
57 115 71.013
57 116 21.713
57 117 96.740
57 118 83.550
57 119 83.061
58 59 53.362
58 60 84.921
58 61 86.399
58 62 23.654
58 63 72.504
58 64 39.391
58 65 91.086
58 66 88.518
58 67 35.210
58 68 53.373
58 69 45.915
58 70 32.613
58 71 31.691
58 72 12.512
58 73 52.885
58 74 76.991
58 75 53.514
58 76 87.708
58 77 58.618
58 78 65.680
58 79 91.398
58 80 88.691
58 81 26.512
58 82 10.363
58 83 92.365
58 84 28.842
58 85 82.071
58 86 27.496
58 87 78.993
58 88 63.974
58 89 55.068
58 90 55.050
58 91 48.026
58 92 45.613
58 93 64.590
58 94 34.177
58 95 20.811
58 96 72.775
58 97 5.980
58 98 54.909
58 99 13.805
58 100 35.332
58 101 2.316
58 102 94.358
58 103 33.830
58 104 16.736
58 105 77.304
58 106 20.919
58 107 79.811
58 108 64.250
58 109 91.326
58 110 98.626
58 111 50.394
58 112 40.731
58 113 57.861
58 114 2.087
58 115 15.159
58 116 43.655
58 117 23.631
58 118 44.276
58 119 6.048
59 60 14.230
59 61 52.544
59 62 27.054
59 63 25.203
59 64 62.300
59 65 0.874
59 66 47.358
59 67 45.564
59 68 1.212
59 69 9.119
59 70 30.825
59 71 1.383
59 72 20.856
59 73 64.565
59 74 18.970
59 75 27.249
59 76 26.845
59 77 7.853
59 78 6.097
59 79 6.252
59 80 39.108
59 81 66.682
59 82 7.729
59 83 30.594
59 84 74.117
59 85 0.289
59 86 43.631
59 87 61.275
59 88 31.587
59 89 29.454
59 90 35.404
59 91 97.362
59 92 68.645
59 93 8.503
59 94 51.118
59 95 29.967
59 96 72.347
59 97 68.174
59 98 77.633
59 99 61.169
59 100 34.842
59 101 21.168
59 102 64.996
59 103 13.954
59 104 94.578
59 105 75.847
59 106 66.705
59 107 45.669
59 108 31.659
59 109 47.754
59 110 94.676
59 111 4.528
59 112 95.776
59 113 93.522
59 114 18.338
59 115 36.384
59 116 1.108
59 117 17.195
59 118 63.619
59 119 57.289
60 61 44.165
60 62 15.126
60 63 9.419
60 64 56.288
60 65 87.751
60 66 32.342
60 67 36.725
60 68 82.433
60 69 7.063
60 70 0.623
60 71 58.654
60 72 0.203
60 73 12.379
60 74 16.545
60 75 48.479
60 76 68.279
60 77 46.916
60 78 96.340
60 79 87.085
60 80 8.099
60 81 8.072
60 82 13.673
60 83 71.329
60 84 80.608
60 85 55.689
60 86 86.278
60 87 60.423
60 88 82.364
60 89 51.843
60 90 27.923
60 91 88.713
60 92 5.387
60 93 23.319
60 94 23.236
60 95 40.149
60 96 79.133
60 97 50.082
60 98 14.719
60 99 62.223
60 100 27.469
60 101 60.937
60 102 13.580
60 103 95.344
60 104 28.745
60 105 60.980
60 106 59.059
60 107 7.337
60 108 62.829
60 109 24.560
60 110 54.489
60 111 52.194
60 112 65.412
60 113 62.161
60 114 2.612
60 115 17.185
60 116 86.936
60 117 9.953
60 118 47.494
60 119 83.122
61 62 71.178
61 63 96.708
61 64 5.909
61 65 98.791
61 66 26.815
61 67 14.372
61 68 37.147
61 69 62.509
61 70 64.238
61 71 55.789
61 72 56.951
61 73 11.252
61 74 9.401
61 75 85.883
61 76 48.652
61 77 40.946
61 78 86.714
61 79 81.101
61 80 62.559
61 81 20.308
61 82 83.742
61 83 5.964
61 84 23.269
61 85 14.979
61 86 71.937
61 87 95.306
61 88 83.802
61 89 8.750
61 90 59.647
61 91 76.094
61 92 75.343
61 93 94.296
61 94 96.348
61 95 93.695
61 96 1.827
61 97 7.121
61 98 30.341
61 99 4.029
61 100 19.766
61 101 93.306
61 102 46.060
61 103 55.255
61 104 25.410
61 105 34.166
61 106 71.722
61 107 10.471
61 108 43.711
61 109 99.075
61 110 53.193
61 111 56.363
61 112 76.577
61 113 61.485
61 114 35.778
61 115 1.830
61 116 21.458
61 117 92.555
61 118 82.032
61 119 95.297
62 63 15.603
62 64 41.834
62 65 80.767
62 66 79.789
62 67 96.152
62 68 25.075
62 69 70.106
62 70 60.772
62 71 91.728
62 72 65.539
62 73 5.709
62 74 83.363
62 75 77.312
62 76 77.035
62 77 54.255
62 78 2.707
62 79 30.914
62 80 34.463
62 81 81.796
62 82 84.168
62 83 27.917
62 84 50.766
62 85 36.769
62 86 88.418
62 87 96.972
62 88 67.990
62 89 98.281
62 90 80.598
62 91 39.907
62 92 74.501
62 93 71.669
62 94 52.449
62 95 87.391
62 96 80.479
62 97 65.426
62 98 61.605
62 99 21.918
62 100 19.415
62 101 76.224
62 102 73.239
62 103 50.190
62 104 94.625
62 105 42.097
62 106 35.803
62 107 48.085
62 108 56.686
62 109 97.759
62 110 34.828
62 111 33.124
62 112 80.208
62 113 80.568
62 114 46.579
62 115 41.735
62 116 6.530
62 117 90.858
62 118 56.807
62 119 1.576
63 64 32.653
63 65 6.128
63 66 18.935
63 67 92.810
63 68 56.163
63 69 85.019
63 70 0.718
63 71 86.460
63 72 30.880
63 73 74.062
63 74 8.742
63 75 32.829
63 76 48.641
63 77 47.847
63 78 86.096
63 79 48.460
63 80 38.876
63 81 71.577
63 82 50.125
63 83 16.236
63 84 69.536
63 85 73.870
63 86 74.373
63 87 69.938
63 88 40.460
63 89 57.270
63 90 21.681
63 91 81.955
63 92 83.398
63 93 54.044
63 94 3.830
63 95 10.837
63 96 21.683
63 97 55.696
63 98 77.223
63 99 93.970
63 100 96.954
63 101 6.029
63 102 83.811
63 103 89.911
63 104 40.315
63 105 49.626
63 106 11.765
63 107 84.781
63 108 51.004
63 109 70.327
63 110 81.405
63 111 77.598
63 112 46.882
63 113 37.566
63 114 58.439
63 115 50.540
63 116 67.959
63 117 2.332
63 118 58.781
63 119 11.884
64 65 46.698
64 66 49.127
64 67 37.063
64 68 71.710
64 69 6.977
64 70 15.402
64 71 44.401
64 72 73.464
64 73 17.348
64 74 35.811
64 75 0.047
64 76 58.072
64 77 3.656
64 78 55.009
64 79 46.302
64 80 81.548
64 81 21.070
64 82 79.793
64 83 46.347
64 84 41.902
64 85 96.231
64 86 9.052
64 87 40.653
64 88 96.624
64 89 76.506
64 90 88.288
64 91 99.177
64 92 68.160
64 93 65.221
64 94 84.415
64 95 93.787
64 96 41.518
64 97 79.246
64 98 66.066
64 99 68.166
64 100 55.501
64 101 38.499
64 102 4.841
64 103 0.919
64 104 77.073
64 105 85.646
64 106 83.708
64 107 41.681
64 108 26.950
64 109 38.721
64 110 10.209
64 111 49.741
64 112 93.775
64 113 99.365
64 114 84.169
64 115 80.005
64 116 34.067
64 117 75.072
64 118 62.279
64 119 42.114
65 66 5.659
65 67 25.056
65 68 95.230
65 69 5.080
65 70 23.420
65 71 6.282
65 72 86.996
65 73 32.038
65 74 57.814
65 75 78.698
65 76 40.420
65 77 7.518
65 78 19.209
65 79 26.872
65 80 8.427
65 81 63.127
65 82 83.828
65 83 68.989
65 84 65.989
65 85 16.582
65 86 20.861
65 87 53.568
65 88 54.406
65 89 13.774
65 90 74.488
65 91 89.275
65 92 26.494
65 93 3.840
65 94 39.421
65 95 13.853
65 96 38.967
65 97 83.216
65 98 44.073
65 99 84.460
65 100 96.597
65 101 16.190
65 102 21.573
65 103 63.599
65 104 51.645
65 105 76.703
65 106 5.563
65 107 82.346
65 108 1.639
65 109 58.975
65 110 35.121
65 111 85.730
65 112 8.719
65 113 72.977
65 114 91.090
65 115 3.868
65 116 84.578
65 117 74.873
65 118 14.748
65 119 46.889
66 67 46.482
66 68 82.249
66 69 78.969
66 70 91.665
66 71 51.852
66 72 89.271
66 73 91.895
66 74 14.031
66 75 61.609
66 76 27.899
66 77 13.629
66 78 21.445
66 79 65.771
66 80 17.833
66 81 57.572
66 82 57.922
66 83 28.703
66 84 10.090
66 85 29.763
66 86 85.605
66 87 75.995
66 88 56.958
66 89 31.944
66 90 95.486
66 91 50.100
66 92 34.491
66 93 17.058
66 94 63.538
66 95 7.679
66 96 2.832
66 97 39.515
66 98 47.946
66 99 18.008
66 100 14.333
66 101 86.784
66 102 18.106
66 103 48.877
66 104 69.779
66 105 13.730
66 106 16.736
66 107 94.062
66 108 78.985
66 109 26.623
66 110 82.712
66 111 4.769
66 112 3.613
66 113 79.838
66 114 4.102
66 115 36.367
66 116 47.256
66 117 55.020
66 118 28.438
66 119 11.286
67 68 10.691
67 69 89.831
67 70 30.378
67 71 29.110
67 72 48.627
67 73 11.415
67 74 25.689
67 75 25.733
67 76 48.384
67 77 8.293
67 78 24.875
67 79 94.826
67 80 0.628
67 81 43.673
67 82 39.807
67 83 36.963
67 84 47.644
67 85 72.993
67 86 92.329
67 87 94.382
67 88 75.535
67 89 79.036
67 90 25.108
67 91 62.696
67 92 63.395
67 93 79.032
67 94 81.883
67 95 44.770
67 96 14.621
67 97 89.933
67 98 6.781
67 99 26.549
67 100 73.441
67 101 60.393
67 102 10.527
67 103 9.779
67 104 73.142
67 105 90.973
67 106 65.121
67 107 32.376
67 108 71.584
67 109 67.713
67 110 17.982
67 111 43.631
67 112 4.279
67 113 28.447
67 114 61.541
67 115 78.466
67 116 25.677
67 117 66.097
67 118 54.951
67 119 92.653
68 69 15.216
68 70 48.672
68 71 70.808
68 72 79.205
68 73 96.299
68 74 1.820
68 75 31.710
68 76 85.063
68 77 53.584
68 78 56.499
68 79 8.971
68 80 86.764
68 81 36.754
68 82 11.726
68 83 78.980
68 84 63.954
68 85 7.453
68 86 0.317
68 87 71.426
68 88 30.394
68 89 20.109
68 90 74.172
68 91 98.049
68 92 43.553
68 93 27.088
68 94 44.884
68 95 20.566
68 96 15.914
68 97 63.969
68 98 25.323
68 99 2.071
68 100 93.822
68 101 1.661
68 102 18.308
68 103 87.486
68 104 52.957
68 105 48.682
68 106 89.647
68 107 75.526
68 108 83.499
68 109 49.132
68 110 44.499
68 111 77.172
68 112 2.560
68 113 49.694
68 114 98.424
68 115 3.768
68 116 36.638
68 117 2.503
68 118 97.448
68 119 91.655
69 70 62.683
69 71 29.747
69 72 95.103
69 73 49.632
69 74 82.737
69 75 0.632
69 76 38.621
69 77 10.555
69 78 34.215
69 79 61.620
69 80 51.334
69 81 79.041
69 82 5.528
69 83 16.836
69 84 23.831
69 85 93.492
69 86 35.069
69 87 77.131
69 88 42.504
69 89 62.576
69 90 20.514
69 91 83.457
69 92 90.899
69 93 93.798
69 94 54.923
69 95 63.084
69 96 56.603
69 97 4.951
69 98 36.316
69 99 95.620
69 100 64.430
69 101 98.002
69 102 68.200
69 103 49.880
69 104 35.249
69 105 79.362
69 106 79.928
69 107 2.372
69 108 39.047
69 109 30.521
69 110 47.861
69 111 63.481
69 112 70.703
69 113 68.644
69 114 90.937
69 115 18.403
69 116 27.392
69 117 88.029
69 118 47.581
69 119 36.449
70 71 7.700
70 72 40.202
70 73 14.807
70 74 14.567
70 75 84.239
70 76 92.939
70 77 44.904
70 78 98.740
70 79 23.918
70 80 6.671
70 81 50.292
70 82 70.388
70 83 43.034
70 84 80.472
70 85 62.929
70 86 93.978
70 87 87.925
70 88 49.246
70 89 31.053
70 90 96.765
70 91 26.204
70 92 58.740
70 93 13.137
70 94 91.893
70 95 18.425
70 96 5.644
70 97 46.571
70 98 62.079
70 99 15.544
70 100 6.327
70 101 26.908
70 102 92.644
70 103 93.629
70 104 49.651
70 105 32.427
70 106 79.900
70 107 94.032
70 108 96.792
70 109 68.324
70 110 43.712
70 111 84.586
70 112 14.205
70 113 85.016
70 114 41.502
70 115 95.382
70 116 64.564
70 117 45.830
70 118 15.086
70 119 11.296
71 72 34.968
71 73 80.800
71 74 1.383
71 75 22.674
71 76 51.682
71 77 65.329
71 78 3.425
71 79 45.439
71 80 16.340
71 81 5.144
71 82 49.005
71 83 22.387
71 84 99.822
71 85 92.296
71 86 60.917
71 87 8.538
71 88 46.869
71 89 20.848
71 90 24.938
71 91 25.155
71 92 77.079
71 93 15.485
71 94 69.520
71 95 39.399
71 96 16.011
71 97 31.421
71 98 64.636
71 99 89.589
71 100 53.943
71 101 29.801
71 102 6.308
71 103 29.639
71 104 9.190
71 105 19.203
71 106 78.022
71 107 10.479
71 108 67.931
71 109 80.928
71 110 70.610
71 111 51.149
71 112 83.116
71 113 63.390
71 114 98.104
71 115 77.716
71 116 41.326
71 117 39.282
71 118 68.651
71 119 24.304
72 73 48.309
72 74 68.058
72 75 56.819
72 76 97.248
72 77 41.479
72 78 95.870
72 79 76.395
72 80 0.751
72 81 10.784
72 82 55.251
72 83 71.306
72 84 10.413
72 85 98.115
72 86 97.631
72 87 26.302
72 88 59.616
72 89 49.852
72 90 3.223
72 91 48.814
72 92 72.973
72 93 17.115
72 94 64.839
72 95 88.686
72 96 40.942
72 97 33.989
72 98 34.897
72 99 43.448
72 100 80.162
72 101 55.209
72 102 58.150
72 103 43.399
72 104 65.193
72 105 1.724
72 106 86.637
72 107 22.949
72 108 49.102
72 109 45.051
72 110 87.859
72 111 62.517
72 112 12.652
72 113 59.501
72 114 12.396
72 115 28.730
72 116 94.897
72 117 85.106
72 118 82.963
72 119 49.762
73 74 61.545
73 75 73.472
73 76 3.329
73 77 37.346
73 78 61.736
73 79 33.830
73 80 62.591
73 81 7.333
73 82 8.708
73 83 57.161
73 84 27.938
73 85 56.620
73 86 95.337
73 87 72.571
73 88 77.386
73 89 25.871
73 90 21.639
73 91 81.973
73 92 22.839
73 93 14.621
73 94 68.060
73 95 26.659
73 96 13.427
73 97 18.252
73 98 95.752
73 99 62.480
73 100 89.222
73 101 24.697
73 102 93.010
73 103 59.134
73 104 76.244
73 105 42.913
73 106 15.666
73 107 93.450
73 108 75.083
73 109 34.768
73 110 88.471
73 111 76.567
73 112 97.535
73 113 87.411
73 114 44.359
73 115 40.573
73 116 48.306
73 117 94.079
73 118 78.983
73 119 11.418
74 75 32.140
74 76 7.923
74 77 89.008
74 78 11.821
74 79 90.677
74 80 95.622
74 81 44.409
74 82 70.400
74 83 37.858
74 84 45.388
74 85 17.356
74 86 61.420
74 87 67.904
74 88 77.425
74 89 53.298
74 90 63.289
74 91 55.686
74 92 63.991
74 93 23.414
74 94 3.367
74 95 55.717
74 96 90.907
74 97 41.895
74 98 51.636
74 99 33.062
74 100 82.699
74 101 66.349
74 102 36.451
74 103 27.141
74 104 69.518
74 105 25.109
74 106 81.840
74 107 57.677
74 108 95.548
74 109 31.370
74 110 7.738
74 111 31.002
74 112 55.849
74 113 50.771
74 114 92.030
74 115 94.448
74 116 1.379
74 117 86.446
74 118 66.462
74 119 16.757
75 76 70.425
75 77 33.522
75 78 7.204
75 79 43.224
75 80 88.738
75 81 33.684
75 82 85.282
75 83 85.721
75 84 30.383
75 85 29.639
75 86 62.092
75 87 59.803
75 88 46.635
75 89 79.193
75 90 50.859
75 91 73.767
75 92 51.234
75 93 39.141
75 94 16.185
75 95 7.838
75 96 96.860
75 97 70.265
75 98 50.702
75 99 95.586
75 100 89.922
75 101 46.506
75 102 50.386
75 103 34.215
75 104 68.580
75 105 73.702
75 106 8.233
75 107 5.571
75 108 12.369
75 109 36.310
75 110 59.734
75 111 85.470
75 112 60.889
75 113 94.108
75 114 43.040
75 115 55.421
75 116 93.719
75 117 45.135
75 118 81.663
75 119 7.837
76 77 64.048
76 78 55.989
76 79 58.253
76 80 53.521
76 81 84.486
76 82 36.066
76 83 24.235
76 84 98.497
76 85 35.084
76 86 98.479
76 87 81.997
76 88 56.203
76 89 0.797
76 90 7.097
76 91 83.817
76 92 0.603
76 93 48.483
76 94 56.517
76 95 14.900
76 96 45.939
76 97 21.946
76 98 69.792
76 99 66.633
76 100 59.671
76 101 67.658
76 102 27.314
76 103 60.569
76 104 76.561
76 105 3.459
76 106 59.519
76 107 53.673
76 108 83.901
76 109 7.905
76 110 45.934
76 111 41.023
76 112 90.586
76 113 38.863
76 114 63.574
76 115 73.382
76 116 76.015
76 117 86.545
76 118 18.807
76 119 24.018
77 78 38.716
77 79 28.380
77 80 78.550
77 81 71.604
77 82 29.192
77 83 80.960
77 84 89.021
77 85 14.220
77 86 56.591
77 87 37.733
77 88 33.255
77 89 93.226
77 90 4.669
77 91 40.227
77 92 32.207
77 93 85.177
77 94 78.888
77 95 55.274
77 96 38.517
77 97 14.970
77 98 33.592
77 99 21.043
77 100 6.844
77 101 54.054
77 102 95.824
77 103 80.642
77 104 50.204
77 105 93.803
77 106 10.699
77 107 43.655
77 108 7.825
77 109 26.068
77 110 82.150
77 111 3.140
77 112 56.789
77 113 20.393
77 114 72.401
77 115 88.499
77 116 97.100
77 117 60.590
77 118 53.727
77 119 53.051
78 79 27.779
78 80 92.086
78 81 76.852
78 82 79.236
78 83 10.230
78 84 35.861
78 85 31.732
78 86 34.084
78 87 84.347
78 88 44.851
78 89 28.581
78 90 22.908
78 91 62.677
78 92 14.270
78 93 19.603
78 94 70.156
78 95 78.491
78 96 8.638
78 97 15.262
78 98 2.904
78 99 4.662
78 100 35.158
78 101 22.784
78 102 24.722
78 103 92.048
78 104 75.612
78 105 49.199
78 106 45.441
78 107 98.412
78 108 87.100
78 109 66.348
78 110 75.834
78 111 91.885
78 112 95.712
78 113 31.117
78 114 5.270
78 115 16.637
78 116 36.602
78 117 90.587
78 118 55.162
78 119 2.607
79 80 38.986
79 81 78.813
79 82 41.298
79 83 86.049
79 84 15.187
79 85 29.639
79 86 84.155
79 87 83.106
79 88 89.163
79 89 88.273
79 90 77.845
79 91 24.765
79 92 91.814
79 93 3.224
79 94 65.559
79 95 18.267
79 96 57.906
79 97 19.812
79 98 72.221
79 99 47.409
79 100 82.581
79 101 76.585
79 102 13.488
79 103 62.181
79 104 34.202
79 105 26.824
79 106 34.346
79 107 36.762
79 108 74.666
79 109 68.696
79 110 30.255
79 111 94.177
79 112 8.346
79 113 69.717
79 114 69.094
79 115 5.755
79 116 66.464
79 117 13.818
79 118 63.168
79 119 74.002
80 81 34.967
80 82 82.621
80 83 37.082
80 84 98.672
80 85 50.870
80 86 6.493
80 87 99.489
80 88 7.484
80 89 24.555
80 90 85.426
80 91 54.604
80 92 5.359
80 93 93.656
80 94 85.040
80 95 82.758
80 96 59.005
80 97 77.931
80 98 58.753
80 99 78.406
80 100 87.288
80 101 83.907
80 102 33.628
80 103 58.694
80 104 72.106
80 105 3.129
80 106 24.416
80 107 46.003
80 108 39.286
80 109 58.454
80 110 8.032
80 111 83.871
80 112 84.561
80 113 79.129
80 114 98.969
80 115 67.262
80 116 35.780
80 117 27.274
80 118 15.108
80 119 55.365
81 82 49.234
81 83 55.904
81 84 12.899
81 85 87.925
81 86 35.361
81 87 51.795
81 88 1.105
81 89 44.588
81 90 97.067
81 91 5.225
81 92 13.063
81 93 70.798
81 94 42.519
81 95 53.067
81 96 28.868
81 97 43.507
81 98 3.511
81 99 61.684
81 100 90.929
81 101 65.297
81 102 50.354
81 103 51.753
81 104 49.012
81 105 56.443
81 106 44.736
81 107 18.392
81 108 4.209
81 109 61.061
81 110 13.114
81 111 66.887
81 112 95.161
81 113 95.667
81 114 54.940
81 115 66.789
81 116 84.463
81 117 46.324
81 118 22.366
81 119 25.359
82 83 58.307
82 84 63.988
82 85 21.098
82 86 95.037
82 87 48.246
82 88 16.771
82 89 85.645
82 90 59.076
82 91 20.391
82 92 32.534
82 93 76.470
82 94 84.439
82 95 54.379
82 96 5.549
82 97 31.408
82 98 91.752
82 99 52.161
82 100 46.937
82 101 79.196
82 102 68.339
82 103 74.923
82 104 30.171
82 105 89.100
82 106 42.283
82 107 5.407
82 108 20.122
82 109 87.309
82 110 42.960
82 111 72.437
82 112 76.991
82 113 18.198
82 114 96.657
82 115 54.631
82 116 94.892
82 117 66.493
82 118 44.625
82 119 1.088
83 84 68.959
83 85 85.017
83 86 25.354
83 87 68.248
83 88 84.537
83 89 91.918
83 90 32.824
83 91 74.204
83 92 87.369
83 93 11.150
83 94 48.189
83 95 14.381
83 96 24.639
83 97 30.472
83 98 43.570
83 99 65.838
83 100 43.292
83 101 42.330
83 102 73.553
83 103 31.340
83 104 94.309
83 105 14.726
83 106 2.510
83 107 38.927
83 108 19.396
83 109 11.572
83 110 63.993
83 111 17.856
83 112 90.028
83 113 44.953
83 114 12.225
83 115 17.620
83 116 27.872
83 117 95.412
83 118 5.110
83 119 23.148
84 85 60.317
84 86 80.539
84 87 53.199
84 88 46.359
84 89 55.150
84 90 87.063
84 91 79.699
84 92 41.910
84 93 34.430
84 94 7.099
84 95 62.876
84 96 3.283
84 97 89.115
84 98 35.332
84 99 74.100
84 100 44.279
84 101 3.277
84 102 90.650
84 103 82.296
84 104 60.540
84 105 49.533
84 106 23.115
84 107 68.718
84 108 95.886
84 109 35.774
84 110 55.134
84 111 84.728
84 112 9.083
84 113 67.384
84 114 84.303
84 115 89.646
84 116 48.040
84 117 38.825
84 118 44.662
84 119 25.779
85 86 90.527
85 87 83.798
85 88 82.923
85 89 23.361
85 90 3.151
85 91 94.154
85 92 56.762
85 93 79.417
85 94 3.646
85 95 64.315
85 96 3.344
85 97 21.448
85 98 85.448
85 99 30.159
85 100 58.004
85 101 49.372
85 102 78.085
85 103 49.157
85 104 25.385
85 105 47.282
85 106 72.082
85 107 12.026
85 108 18.288
85 109 70.355
85 110 32.877
85 111 85.217
85 112 83.133
85 113 41.652
85 114 64.693
85 115 58.277
85 116 25.156
85 117 38.559
85 118 62.323
85 119 10.474
86 87 31.322
86 88 9.256
86 89 6.507
86 90 16.976
86 91 64.441
86 92 35.895
86 93 16.831
86 94 86.539
86 95 68.079
86 96 53.033
86 97 75.057
86 98 59.782
86 99 78.576
86 100 37.409
86 101 71.286
86 102 0.022
86 103 87.887
86 104 8.282
86 105 5.595
86 106 77.063
86 107 38.907
86 108 16.334
86 109 98.526
86 110 78.435
86 111 63.579
86 112 53.515
86 113 25.280
86 114 82.266
86 115 93.326
86 116 86.243
86 117 90.503
86 118 91.333
86 119 81.187
87 88 0.012
87 89 3.209
87 90 58.750
87 91 75.554
87 92 44.733
87 93 94.718
87 94 32.389
87 95 76.495
87 96 87.013
87 97 46.387
87 98 7.281
87 99 87.409
87 100 8.121
87 101 58.484
87 102 3.117
87 103 47.100
87 104 34.514
87 105 96.698
87 106 77.404
87 107 90.372
87 108 51.576
87 109 98.626
87 110 43.930
87 111 38.823
87 112 30.612
87 113 8.961
87 114 90.875
87 115 67.802
87 116 94.164
87 117 39.171
87 118 83.261
87 119 30.301
88 89 55.357
88 90 15.153
88 91 90.379
88 92 44.104
88 93 93.248
88 94 84.613
88 95 0.418
88 96 64.569
88 97 68.062
88 98 4.872
88 99 71.716
88 100 72.196
88 101 37.695
88 102 21.345
88 103 22.908
88 104 1.489
88 105 10.026
88 106 77.114
88 107 82.676
88 108 25.593
88 109 54.348
88 110 64.812
88 111 3.911
88 112 89.826
88 113 99.614
88 114 43.461
88 115 96.791
88 116 56.439
88 117 67.216
88 118 94.983
88 119 50.613
89 90 82.818
89 91 21.668
89 92 87.727
89 93 95.180
89 94 5.820
89 95 73.827
89 96 47.713
89 97 99.111
89 98 46.059
89 99 38.174
89 100 12.176
89 101 14.681
89 102 77.678
89 103 28.211
89 104 54.569
89 105 56.576
89 106 31.529
89 107 72.164
89 108 25.356
89 109 45.476
89 110 12.656
89 111 44.953
89 112 48.705
89 113 56.389
89 114 16.589
89 115 41.790
89 116 51.657
89 117 86.417
89 118 23.210
89 119 63.776
90 91 79.359
90 92 96.953
90 93 31.787
90 94 46.527
90 95 67.647
90 96 91.245
90 97 76.306
90 98 39.107
90 99 2.558
90 100 59.880
90 101 26.281
90 102 32.465
90 103 95.281
90 104 63.917
90 105 35.033
90 106 44.075
90 107 40.597
90 108 28.251
90 109 44.723
90 110 88.630
90 111 7.050
90 112 86.235
90 113 95.466
90 114 3.403
90 115 27.877
90 116 50.669
90 117 14.432
90 118 51.300
90 119 23.156
91 92 85.989
91 93 80.099
91 94 94.630
91 95 85.686
91 96 21.791
91 97 66.672
91 98 18.264
91 99 5.786
91 100 78.809
91 101 74.179
91 102 82.143
91 103 93.490
91 104 75.046
91 105 40.872
91 106 99.968
91 107 80.567
91 108 41.930
91 109 16.274
91 110 73.436
91 111 49.314
91 112 8.256
91 113 45.622
91 114 59.523
91 115 40.274
91 116 3.079
91 117 79.393
91 118 12.093
91 119 36.804
92 93 87.839
92 94 75.256
92 95 18.505
92 96 10.879
92 97 52.685
92 98 3.998
92 99 46.902
92 100 41.528
92 101 2.319
92 102 5.865
92 103 30.514
92 104 85.008
92 105 12.608
92 106 69.223
92 107 41.591
92 108 84.108
92 109 60.832
92 110 19.566
92 111 49.442
92 112 52.892
92 113 19.600
92 114 13.645
92 115 14.620
92 116 62.763
92 117 57.341
92 118 30.845
92 119 44.400
93 94 85.887
93 95 6.696
93 96 41.917
93 97 23.482
93 98 22.826
93 99 46.253
93 100 13.816
93 101 38.259
93 102 52.644
93 103 90.740
93 104 78.598
93 105 32.973
93 106 95.829
93 107 0.154
93 108 54.215
93 109 71.766
93 110 73.000
93 111 99.245
93 112 55.524
93 113 31.881
93 114 75.729
93 115 45.349
93 116 74.958
93 117 20.167
93 118 39.677
93 119 94.796
94 95 44.012
94 96 87.551
94 97 24.844
94 98 95.923
94 99 9.096
94 100 14.319
94 101 62.862
94 102 80.196
94 103 68.268
94 104 52.765
94 105 27.098
94 106 32.026
94 107 18.991
94 108 43.217
94 109 17.746
94 110 92.560
94 111 61.289
94 112 64.415
94 113 31.125
94 114 93.075
94 115 85.539
94 116 39.911
94 117 0.103
94 118 19.552
94 119 49.619
95 96 98.393
95 97 50.840
95 98 81.584
95 99 16.276
95 100 77.745
95 101 19.987
95 102 95.987
95 103 78.258
95 104 70.177
95 105 16.028
95 106 98.324
95 107 46.187
95 108 28.893
95 109 88.615
95 110 63.975
95 111 12.076
95 112 95.550
95 113 90.555
95 114 54.516
95 115 30.051
95 116 62.131
95 117 78.538
95 118 4.832
95 119 75.049
96 97 50.911
96 98 0.748
96 99 31.757
96 100 50.147
96 101 81.797
96 102 62.145
96 103 75.957
96 104 13.643
96 105 97.629
96 106 41.559
96 107 85.390
96 108 88.151
96 109 34.903
96 110 58.611
96 111 10.861
96 112 95.680
96 113 59.897
96 114 53.061
96 115 12.010
96 116 35.056
96 117 38.343
96 118 44.344
96 119 65.579
97 98 81.015
97 99 70.532
97 100 84.862
97 101 26.816
97 102 37.930
97 103 3.153
97 104 7.017
97 105 19.644
97 106 25.341
97 107 24.184
97 108 91.032
97 109 21.515
97 110 7.359
97 111 57.778
97 112 48.271
97 113 64.840
97 114 3.467
97 115 2.398
97 116 23.092
97 117 98.475
97 118 34.386
97 119 97.294
98 99 65.148
98 100 39.930
98 101 63.383
98 102 59.988
98 103 13.668
98 104 1.829
98 105 90.785
98 106 10.543
98 107 65.351
98 108 94.568
98 109 47.443
98 110 87.171
98 111 68.377
98 112 91.243
98 113 11.492
98 114 62.136
98 115 96.404
98 116 90.591
98 117 42.008
98 118 86.919
98 119 8.524
99 100 29.039
99 101 83.026
99 102 31.265
99 103 93.779
99 104 73.905
99 105 41.850
99 106 31.982
99 107 32.185
99 108 76.384
99 109 86.725
99 110 34.296
99 111 78.085
99 112 75.151
99 113 40.670
99 114 91.029
99 115 86.266
99 116 19.247
99 117 70.622
99 118 83.077
99 119 56.385
100 101 22.377
100 102 84.052
100 103 38.369
100 104 67.104
100 105 69.823
100 106 48.803
100 107 55.932
100 108 7.724
100 109 73.892
100 110 46.167
100 111 86.695
100 112 92.187
100 113 14.133
100 114 52.048
100 115 83.274
100 116 57.948
100 117 4.536
100 118 16.575
100 119 7.318
101 102 10.588
101 103 1.497
101 104 78.622
101 105 74.812
101 106 73.883
101 107 3.535
101 108 8.444
101 109 27.326
101 110 44.669
101 111 96.591
101 112 19.001
101 113 40.285
101 114 31.965
101 115 67.181
101 116 24.507
101 117 18.140
101 118 80.649
101 119 39.783
102 103 53.398
102 104 80.698
102 105 41.392
102 106 94.504
102 107 42.101
102 108 14.903
102 109 50.609
102 110 86.453
102 111 45.895
102 112 51.983
102 113 26.872
102 114 19.164
102 115 3.604
102 116 31.169
102 117 73.507
102 118 21.008
102 119 84.012
103 104 28.073
103 105 1.054
103 106 35.761
103 107 23.597
103 108 58.339
103 109 47.791
103 110 66.282
103 111 37.556
103 112 15.316
103 113 81.717
103 114 3.759
103 115 49.097
103 116 64.292
103 117 13.184
103 118 34.035
103 119 35.555
104 105 95.190
104 106 33.790
104 107 37.231
104 108 34.161
104 109 30.677
104 110 24.211
104 111 87.247
104 112 85.124
104 113 97.275
104 114 41.291
104 115 13.630
104 116 15.211
104 117 93.306
104 118 3.063
104 119 9.921
105 106 81.081
105 107 29.441
105 108 39.248
105 109 59.790
105 110 98.406
105 111 75.108
105 112 64.359
105 113 5.077
105 114 80.149
105 115 17.179
105 116 60.705
105 117 98.355
105 118 95.374
105 119 26.101
106 107 29.394
106 108 66.667
106 109 38.560
106 110 29.070
106 111 78.856
106 112 62.843
106 113 68.650
106 114 9.821
106 115 72.451
106 116 96.091
106 117 36.903
106 118 90.297
106 119 49.425
107 108 14.547
107 109 73.138
107 110 0.678
107 111 66.750
107 112 59.032
107 113 41.034
107 114 11.201
107 115 83.334
107 116 19.477
107 117 4.929
107 118 81.680
107 119 22.616
108 109 3.307
108 110 72.883
108 111 82.793
108 112 4.761
108 113 68.542
108 114 93.800
108 115 56.985
108 116 35.443
108 117 83.434
108 118 89.978
108 119 16.203
109 110 74.658
109 111 49.186
109 112 0.726
109 113 18.730
109 114 86.034
109 115 62.628
109 116 97.526
109 117 28.003
109 118 84.804
109 119 1.666
110 111 6.729
110 112 32.591
110 113 60.889
110 114 87.922
110 115 41.864
110 116 98.373
110 117 52.478
110 118 18.186
110 119 4.396
111 112 31.530
111 113 85.030
111 114 59.112
111 115 59.123
111 116 54.038
111 117 70.821
111 118 68.086
111 119 28.391
112 113 32.180
112 114 84.927
112 115 37.238
112 116 77.924
112 117 52.960
112 118 94.983
112 119 57.295
113 114 86.294
113 115 13.317
113 116 24.117
113 117 63.307
113 118 99.936
113 119 72.712
114 115 69.102
114 116 55.234
114 117 76.083
114 118 20.881
114 119 79.089
115 116 82.942
115 117 7.123
115 118 29.504
115 119 24.229
116 117 47.402
116 118 1.608
116 119 88.993
117 118 47.999
117 119 97.682
118 119 69.518
