10 2 ds 5 5 3 5 
0 1 53.210
0 2 16.271
0 3 67.344
0 4 9.886
0 5 4.746
0 6 27.790
0 7 29.010
0 8 76.018
0 9 59.214
1 2 73.448
1 3 45.803
1 4 6.612
1 5 67.524
1 6 28.789
1 7 85.942
1 8 39.246
1 9 61.968
2 3 72.213
2 4 75.441
2 5 53.983
2 6 42.763
2 7 96.443
2 8 98.853
2 9 46.834
3 4 75.099
3 5 5.689
3 6 42.584
3 7 21.316
3 8 4.574
3 9 22.118
4 5 70.342
4 6 24.128
4 7 56.822
4 8 55.856
4 9 79.770
5 6 45.607
5 7 73.156
5 8 76.391
5 9 26.914
6 7 3.377
6 8 48.239
6 9 60.108
7 8 20.908
7 9 28.475
8 9 78.045
