30 5 ds 6 9 6 7 5 7 6 10 5 10 
0 1 50.158
0 2 52.630
0 3 58.933
0 4 58.384
0 5 99.480
0 6 3.769
0 7 3.509
0 8 63.180
0 9 61.121
0 10 36.387
0 11 69.450
0 12 31.991
0 13 54.904
0 14 28.864
0 15 27.439
0 16 95.581
0 17 24.865
0 18 69.572
0 19 45.214
0 20 11.003
0 21 79.427
0 22 38.736
0 23 92.757
0 24 91.344
0 25 48.200
0 26 0.792
0 27 69.750
0 28 12.255
0 29 47.403
1 2 74.592
1 3 43.458
1 4 82.537
1 5 63.972
1 6 95.702
1 7 67.295
1 8 39.611
1 9 39.602
1 10 10.212
1 11 35.595
1 12 32.335
1 13 60.295
1 14 42.639
1 15 18.486
1 16 83.447
1 17 34.430
1 18 61.882
1 19 12.276
1 20 81.805
1 21 72.922
1 22 28.671
1 23 35.376
1 24 40.626
1 25 68.745
1 26 45.502
1 27 97.551
1 28 72.096
1 29 9.906
2 3 45.834
2 4 71.170
2 5 71.017
2 6 49.888
2 7 53.131
2 8 97.102
2 9 70.534
2 10 2.671
2 11 12.307
2 12 65.085
2 13 31.559
2 14 25.589
2 15 46.249
2 16 18.605
2 17 54.149
2 18 2.657
2 19 18.307
2 20 47.703
2 21 53.874
2 22 43.378
2 23 87.971
2 24 49.681
2 25 29.143
2 26 67.661
2 27 31.462
2 28 57.224
2 29 56.469
3 4 56.144
3 5 61.517
3 6 56.301
3 7 89.823
3 8 7.026
3 9 21.427
3 10 42.003
3 11 7.525
3 12 55.488
3 13 47.168
3 14 89.549
3 15 45.499
3 16 79.810
3 17 88.509
3 18 49.766
3 19 79.292
3 20 39.501
3 21 55.002
3 22 13.637
3 23 68.882
3 24 65.087
3 25 6.070
3 26 28.887
3 27 60.112
3 28 46.613
3 29 35.656
4 5 93.048
4 6 44.484
4 7 48.509
4 8 11.470
4 9 92.129
4 10 15.076
4 11 12.155
4 12 16.388
4 13 1.713
4 14 20.536
4 15 94.276
4 16 5.319
4 17 18.227
4 18 11.338
4 19 29.275
4 20 34.710
4 21 42.106
4 22 92.954
4 23 96.649
4 24 43.796
4 25 91.714
4 26 49.097
4 27 20.838
4 28 66.842
4 29 87.143
5 6 74.846
5 7 30.162
5 8 33.811
5 9 6.371
5 10 64.273
5 11 53.970
5 12 73.268
5 13 82.788
5 14 30.093
5 15 42.648
5 16 65.773
5 17 82.704
5 18 93.871
5 19 53.868
5 20 8.653
5 21 74.239
5 22 74.518
5 23 60.244
5 24 43.719
5 25 74.825
5 26 20.071
5 27 98.526
5 28 68.384
5 29 43.608
6 7 73.148
6 8 98.504
6 9 97.584
6 10 67.134
6 11 34.051
6 12 1.018
6 13 69.008
6 14 71.957
6 15 87.093
6 16 98.756
6 17 87.375
6 18 86.202
6 19 85.554
6 20 10.975
6 21 84.827
6 22 63.610
6 23 48.561
6 24 33.860
6 25 34.001
6 26 78.222
6 27 9.222
6 28 91.897
6 29 87.913
7 8 95.608
7 9 67.516
7 10 52.489
7 11 36.543
7 12 27.443
7 13 43.708
7 14 55.945
7 15 63.820
7 16 80.211
7 17 98.494
7 18 56.086
7 19 60.720
7 20 15.967
7 21 84.583
7 22 62.847
7 23 0.246
7 24 53.335
7 25 21.109
7 26 27.633
7 27 8.317
7 28 50.294
7 29 37.055
8 9 14.566
8 10 70.917
8 11 26.811
8 12 12.739
8 13 56.375
8 14 2.341
8 15 5.018
8 16 59.514
8 17 2.358
8 18 61.961
8 19 67.360
8 20 16.929
8 21 27.633
8 22 47.674
8 23 59.055
8 24 13.921
8 25 87.886
8 26 13.026
8 27 90.173
8 28 36.018
8 29 71.857
9 10 51.984
9 11 24.799
9 12 64.046
9 13 24.995
9 14 70.427
9 15 79.988
9 16 1.508
9 17 92.053
9 18 16.660
9 19 95.593
9 20 87.596
9 21 53.817
9 22 74.567
9 23 77.558
9 24 0.683
9 25 13.724
9 26 32.544
9 27 61.907
9 28 93.210
9 29 23.841
10 11 28.909
10 12 94.386
10 13 63.004
10 14 26.467
10 15 40.216
10 16 71.619
10 17 58.381
10 18 27.576
10 19 22.771
10 20 43.639
10 21 34.793
10 22 11.375
10 23 39.596
10 24 34.774
10 25 29.282
10 26 51.462
10 27 5.187
10 28 0.118
10 29 95.718
11 12 73.360
11 13 58.649
11 14 98.234
11 15 48.532
11 16 75.662
11 17 32.127
11 18 27.172
11 19 95.594
11 20 22.577
11 21 15.927
11 22 40.590
11 23 1.919
11 24 79.378
11 25 34.320
11 26 33.458
11 27 15.024
11 28 74.043
11 29 36.743
12 13 62.738
12 14 0.082
12 15 33.334
12 16 77.959
12 17 47.431
12 18 78.383
12 19 59.638
12 20 7.721
12 21 74.501
12 22 36.184
12 23 86.058
12 24 15.548
12 25 22.453
12 26 72.674
12 27 71.587
12 28 79.504
12 29 2.704
13 14 85.571
13 15 75.615
13 16 49.152
13 17 10.417
13 18 50.762
13 19 81.599
13 20 52.375
13 21 71.064
13 22 38.462
13 23 23.423
13 24 53.333
13 25 66.767
13 26 22.502
13 27 4.772
13 28 4.557
13 29 27.321
14 15 81.651
14 16 91.800
14 17 30.013
14 18 74.825
14 19 62.287
14 20 2.438
14 21 47.966
14 22 17.970
14 23 70.268
14 24 11.872
14 25 92.549
14 26 2.281
14 27 86.514
14 28 43.050
14 29 21.173
15 16 36.000
15 17 55.591
15 18 13.495
15 19 1.277
15 20 27.781
15 21 79.503
15 22 65.294
15 23 54.347
15 24 92.034
15 25 59.941
15 26 13.819
15 27 97.796
15 28 0.460
15 29 71.371
16 17 12.525
16 18 65.943
16 19 84.244
16 20 14.667
16 21 46.153
16 22 10.249
16 23 20.343
16 24 96.376
16 25 32.704
16 26 75.893
16 27 67.452
16 28 2.236
16 29 35.746
17 18 26.876
17 19 52.488
17 20 85.263
17 21 62.947
17 22 45.088
17 23 46.790
17 24 68.451
17 25 54.146
17 26 60.095
17 27 12.766
17 28 70.105
17 29 42.854
18 19 75.881
18 20 46.321
18 21 95.801
18 22 8.773
18 23 48.390
18 24 88.169
18 25 5.172
18 26 25.726
18 27 33.416
18 28 28.008
18 29 53.977
19 20 49.335
19 21 68.259
19 22 79.536
19 23 32.337
19 24 81.850
19 25 72.516
19 26 61.422
19 27 68.546
19 28 97.744
19 29 53.491
20 21 79.590
20 22 44.529
20 23 12.955
20 24 79.915
20 25 69.574
20 26 73.814
20 27 33.164
20 28 44.039
20 29 24.169
21 22 25.765
21 23 22.004
21 24 66.595
21 25 1.275
21 26 40.901
21 27 88.827
21 28 11.764
21 29 79.553
22 23 71.255
22 24 7.454
22 25 69.985
22 26 5.400
22 27 97.014
22 28 42.272
22 29 35.288
23 24 53.769
23 25 16.116
23 26 76.127
23 27 50.808
23 28 7.457
23 29 76.972
24 25 5.631
24 26 21.259
24 27 44.770
24 28 26.197
24 29 93.828
25 26 94.315
25 27 13.841
25 28 72.962
25 29 47.614
26 27 94.262
26 28 63.367
26 29 29.535
27 28 17.853
27 29 50.692
28 29 94.182
