10 2 ds 5 7 5 7 
0 1 73.492
0 2 88.003
0 3 52.252
0 4 18.045
0 5 4.103
0 6 39.374
0 7 40.599
0 8 35.833
0 9 68.244
1 2 27.856
1 3 75.791
1 4 25.653
1 5 9.958
1 6 19.597
1 7 3.013
1 8 27.482
1 9 42.467
2 3 55.742
2 4 18.790
2 5 4.712
2 6 41.781
2 7 50.605
2 8 83.809
2 9 39.282
3 4 31.799
3 5 1.251
3 6 16.577
3 7 42.064
3 8 34.336
3 9 27.540
4 5 90.614
4 6 95.675
4 7 31.833
4 8 14.942
4 9 96.272
5 6 26.666
5 7 17.953
5 8 63.751
5 9 69.778
6 7 11.948
6 8 91.815
6 9 57.820
7 8 36.709
7 9 60.348
8 9 85.343
