30 5 ds 6 6 5 9 5 10 6 7 6 9 
0 1 4.384
0 2 66.640
0 3 24.115
0 4 52.216
0 5 28.630
0 6 53.632
0 7 5.155
0 8 58.000
0 9 12.992
0 10 40.440
0 11 80.605
0 12 17.833
0 13 36.734
0 14 21.251
0 15 73.054
0 16 77.247
0 17 89.331
0 18 78.267
0 19 2.786
0 20 89.536
0 21 20.772
0 22 28.681
0 23 16.118
0 24 98.615
0 25 95.037
0 26 1.706
0 27 72.562
0 28 0.723
0 29 35.827
1 2 70.394
1 3 73.318
1 4 42.574
1 5 22.476
1 6 42.025
1 7 58.999
1 8 31.649
1 9 40.977
1 10 92.946
1 11 78.038
1 12 5.512
1 13 20.105
1 14 19.012
1 15 28.876
1 16 31.332
1 17 85.886
1 18 61.153
1 19 8.820
1 20 84.259
1 21 48.986
1 22 57.085
1 23 60.373
1 24 83.853
1 25 99.060
1 26 64.845
1 27 91.866
1 28 51.448
1 29 17.728
2 3 1.538
2 4 63.395
2 5 88.188
2 6 37.535
2 7 41.596
2 8 71.324
2 9 63.351
2 10 68.117
2 11 22.847
2 12 35.070
2 13 45.712
2 14 82.769
2 15 15.811
2 16 88.366
2 17 6.832
2 18 8.701
2 19 21.900
2 20 3.916
2 21 74.511
2 22 92.489
2 23 79.578
2 24 35.080
2 25 17.064
2 26 18.596
2 27 74.052
2 28 41.206
2 29 94.658
3 4 43.270
3 5 65.654
3 6 74.186
3 7 22.636
3 8 68.780
3 9 74.898
3 10 43.043
3 11 53.568
3 12 23.609
3 13 87.991
3 14 40.593
3 15 99.706
3 16 33.137
3 17 75.654
3 18 11.655
3 19 85.603
3 20 62.258
3 21 50.191
3 22 65.819
3 23 41.828
3 24 86.523
3 25 21.024
3 26 89.435
3 27 25.039
3 28 1.585
3 29 47.271
4 5 91.278
4 6 77.108
4 7 12.106
4 8 27.467
4 9 24.239
4 10 16.563
4 11 50.719
4 12 11.142
4 13 61.460
4 14 89.311
4 15 65.269
4 16 64.733
4 17 69.446
4 18 92.408
4 19 78.264
4 20 75.181
4 21 13.014
4 22 24.581
4 23 66.316
4 24 28.569
4 25 47.318
4 26 10.306
4 27 29.324
4 28 58.292
4 29 0.750
5 6 90.390
5 7 19.262
5 8 17.487
5 9 29.152
5 10 71.360
5 11 76.623
5 12 93.852
5 13 26.580
5 14 78.383
5 15 78.972
5 16 51.475
5 17 10.759
5 18 62.009
5 19 40.475
5 20 53.917
5 21 62.407
5 22 67.739
5 23 13.909
5 24 95.558
5 25 86.771
5 26 89.202
5 27 37.375
5 28 44.096
5 29 82.985
6 7 90.700
6 8 36.756
6 9 76.077
6 10 52.303
6 11 2.935
6 12 41.977
6 13 69.476
6 14 49.756
6 15 66.901
6 16 0.186
6 17 2.602
6 18 85.477
6 19 25.292
6 20 72.218
6 21 96.980
6 22 11.692
6 23 38.150
6 24 80.041
6 25 33.347
6 26 89.325
6 27 30.120
6 28 32.364
6 29 64.570
7 8 14.144
7 9 60.290
7 10 93.178
7 11 46.995
7 12 96.597
7 13 42.491
7 14 73.730
7 15 12.664
7 16 31.726
7 17 33.793
7 18 22.264
7 19 8.808
7 20 65.974
7 21 52.082
7 22 57.858
7 23 38.167
7 24 66.243
7 25 79.715
7 26 44.767
7 27 43.933
7 28 23.208
7 29 59.624
8 9 31.898
8 10 96.512
8 11 75.678
8 12 92.663
8 13 88.425
8 14 55.769
8 15 25.715
8 16 0.544
8 17 50.973
8 18 2.088
8 19 25.255
8 20 27.415
8 21 60.450
8 22 52.306
8 23 54.115
8 24 14.962
8 25 7.288
8 26 2.462
8 27 76.596
8 28 0.816
8 29 22.731
9 10 68.324
9 11 59.256
9 12 58.166
9 13 50.751
9 14 26.766
9 15 55.990
9 16 15.620
9 17 10.310
9 18 96.327
9 19 18.224
9 20 70.715
9 21 10.863
9 22 33.664
9 23 67.772
9 24 37.889
9 25 15.385
9 26 64.123
9 27 77.864
9 28 52.305
9 29 54.654
10 11 9.263
10 12 43.856
10 13 84.613
10 14 84.119
10 15 21.932
10 16 89.311
10 17 8.545
10 18 40.429
10 19 90.383
10 20 45.411
10 21 3.178
10 22 98.509
10 23 26.902
10 24 62.077
10 25 64.778
10 26 52.079
10 27 13.558
10 28 57.717
10 29 49.321
11 12 40.585
11 13 37.948
11 14 91.171
11 15 66.091
11 16 23.736
11 17 15.170
11 18 44.199
11 19 95.231
11 20 61.210
11 21 58.779
11 22 35.803
11 23 7.650
11 24 89.528
11 25 33.100
11 26 50.663
11 27 24.410
11 28 0.736
11 29 92.022
12 13 53.165
12 14 64.511
12 15 18.208
12 16 85.294
12 17 75.757
12 18 94.958
12 19 33.789
12 20 92.322
12 21 15.810
12 22 15.032
12 23 17.411
12 24 25.623
12 25 48.653
12 26 77.906
12 27 35.451
12 28 31.317
12 29 66.156
13 14 77.041
13 15 17.320
13 16 2.444
13 17 79.988
13 18 2.252
13 19 91.091
13 20 12.374
13 21 86.607
13 22 0.896
13 23 68.490
13 24 70.231
13 25 77.059
13 26 63.325
13 27 97.128
13 28 97.975
13 29 88.835
14 15 88.568
14 16 13.612
14 17 29.694
14 18 39.310
14 19 76.132
14 20 24.986
14 21 37.650
14 22 50.714
14 23 32.908
14 24 17.967
14 25 96.746
14 26 75.099
14 27 80.321
14 28 45.491
14 29 9.343
15 16 54.439
15 17 96.218
15 18 68.348
15 19 25.736
15 20 5.789
15 21 28.398
15 22 36.005
15 23 12.098
15 24 4.329
15 25 72.276
15 26 75.209
15 27 37.322
15 28 48.157
15 29 13.849
16 17 17.538
16 18 72.968
16 19 27.855
16 20 0.961
16 21 37.811
16 22 26.377
16 23 91.151
16 24 20.797
16 25 94.108
16 26 56.024
16 27 88.376
16 28 29.606
16 29 57.119
17 18 50.327
17 19 7.998
17 20 1.842
17 21 91.634
17 22 86.358
17 23 63.124
17 24 40.232
17 25 6.240
17 26 23.299
17 27 69.692
17 28 15.718
17 29 18.593
18 19 26.983
18 20 64.949
18 21 86.790
18 22 93.138
18 23 66.485
18 24 50.869
18 25 81.412
18 26 95.742
18 27 71.499
18 28 11.324
18 29 11.567
19 20 75.412
19 21 90.091
19 22 44.081
19 23 30.387
19 24 27.146
19 25 40.438
19 26 69.149
19 27 34.889
19 28 11.899
19 29 7.291
20 21 23.498
20 22 63.550
20 23 9.790
20 24 94.155
20 25 28.852
20 26 37.254
20 27 60.856
20 28 5.542
20 29 24.042
21 22 44.590
21 23 4.035
21 24 0.182
21 25 86.307
21 26 78.051
21 27 59.512
21 28 25.686
21 29 26.973
22 23 86.360
22 24 12.187
22 25 17.915
22 26 36.094
22 27 19.997
22 28 44.717
22 29 24.199
23 24 67.940
23 25 11.903
23 26 37.442
23 27 88.529
23 28 4.599
23 29 53.431
24 25 99.497
24 26 19.000
24 27 8.521
24 28 96.798
24 29 20.474
25 26 43.021
25 27 76.487
25 28 39.606
25 29 35.250
26 27 44.195
26 28 37.251
26 29 24.442
27 28 75.934
27 29 66.262
28 29 93.052
