120 10 ds 8 13 12 13 12 12 11 14 8 12 9 15 12 15 8 13 8 16 9 13 
0 1 78.889
0 2 42.685
0 3 40.064
0 4 63.711
0 5 18.966
0 6 16.172
0 7 8.666
0 8 6.295
0 9 12.893
0 10 12.975
0 11 78.304
0 12 47.832
0 13 90.967
0 14 36.899
0 15 38.702
0 16 92.585
0 17 46.298
0 18 73.406
0 19 56.029
0 20 69.993
0 21 9.139
0 22 39.611
0 23 44.586
0 24 32.524
0 25 55.308
0 26 95.690
0 27 67.283
0 28 0.227
0 29 46.727
0 30 55.663
0 31 11.816
0 32 47.042
0 33 69.393
0 34 50.514
0 35 8.301
0 36 52.947
0 37 29.503
0 38 64.624
0 39 51.073
0 40 78.154
0 41 91.984
0 42 87.722
0 43 62.485
0 44 50.794
0 45 97.347
0 46 98.854
0 47 89.742
0 48 97.954
0 49 72.561
0 50 26.318
0 51 57.162
0 52 91.375
0 53 59.577
0 54 8.090
0 55 5.730
0 56 23.817
0 57 21.115
0 58 10.927
0 59 39.398
0 60 79.779
0 61 47.559
0 62 53.196
0 63 63.333
0 64 15.202
0 65 81.021
0 66 16.365
0 67 43.119
0 68 14.758
0 69 93.096
0 70 23.209
0 71 35.936
0 72 52.439
0 73 1.333
0 74 6.943
0 75 44.815
0 76 41.472
0 77 86.127
0 78 94.816
0 79 25.286
0 80 22.894
0 81 74.510
0 82 82.159
0 83 30.095
0 84 8.679
0 85 90.238
0 86 78.417
0 87 12.136
0 88 64.913
0 89 30.595
0 90 65.415
0 91 18.343
0 92 93.268
0 93 19.513
0 94 19.905
0 95 97.995
0 96 44.916
0 97 3.865
0 98 17.392
0 99 17.762
0 100 80.017
0 101 5.234
0 102 52.303
0 103 22.769
0 104 68.047
0 105 12.957
0 106 80.739
0 107 8.056
0 108 9.484
0 109 5.941
0 110 16.405
0 111 68.054
0 112 47.765
0 113 20.496
0 114 87.697
0 115 73.016
0 116 31.896
0 117 39.380
0 118 94.555
0 119 80.839
1 2 84.768
1 3 63.240
1 4 87.319
1 5 30.291
1 6 29.950
1 7 39.845
1 8 26.708
1 9 77.399
1 10 30.637
1 11 68.745
1 12 73.910
1 13 30.586
1 14 98.406
1 15 69.430
1 16 2.914
1 17 12.127
1 18 36.597
1 19 99.587
1 20 23.337
1 21 23.578
1 22 93.358
1 23 36.714
1 24 51.367
1 25 21.087
1 26 12.782
1 27 91.137
1 28 68.850
1 29 12.791
1 30 89.089
1 31 1.385
1 32 66.148
1 33 75.040
1 34 48.390
1 35 73.913
1 36 73.044
1 37 46.718
1 38 5.381
1 39 68.324
1 40 43.827
1 41 1.719
1 42 68.130
1 43 96.526
1 44 77.617
1 45 18.434
1 46 93.189
1 47 99.668
1 48 23.036
1 49 62.107
1 50 25.340
1 51 90.237
1 52 37.559
1 53 70.993
1 54 91.558
1 55 98.358
1 56 46.173
1 57 90.502
1 58 57.174
1 59 41.127
1 60 71.403
1 61 30.838
1 62 93.673
1 63 41.697
1 64 87.373
1 65 33.110
1 66 52.248
1 67 60.917
1 68 84.197
1 69 16.527
1 70 84.945
1 71 68.425
1 72 15.884
1 73 44.956
1 74 6.128
1 75 72.437
1 76 44.819
1 77 95.019
1 78 41.007
1 79 47.840
1 80 88.989
1 81 29.858
1 82 65.064
1 83 50.765
1 84 24.295
1 85 82.781
1 86 98.525
1 87 84.460
1 88 93.618
1 89 33.250
1 90 83.344
1 91 86.055
1 92 26.738
1 93 14.006
1 94 36.707
1 95 36.766
1 96 80.784
1 97 22.598
1 98 44.681
1 99 59.061
1 100 69.569
1 101 23.184
1 102 32.396
1 103 53.520
1 104 61.996
1 105 15.194
1 106 22.996
1 107 45.383
1 108 94.652
1 109 14.298
1 110 76.654
1 111 56.187
1 112 61.774
1 113 38.077
1 114 83.011
1 115 89.446
1 116 16.977
1 117 13.919
1 118 65.710
1 119 20.972
2 3 45.417
2 4 29.862
2 5 46.032
2 6 14.223
2 7 42.548
2 8 30.458
2 9 4.172
2 10 38.988
2 11 66.162
2 12 19.230
2 13 71.311
2 14 57.724
2 15 12.102
2 16 66.837
2 17 83.391
2 18 58.068
2 19 0.875
2 20 39.854
2 21 28.388
2 22 52.265
2 23 52.301
2 24 58.857
2 25 22.871
2 26 34.746
2 27 68.415
2 28 66.520
2 29 60.786
2 30 87.534
2 31 41.050
2 32 36.514
2 33 87.609
2 34 49.909
2 35 49.804
2 36 82.209
2 37 66.471
2 38 23.462
2 39 18.570
2 40 30.547
2 41 19.262
2 42 66.646
2 43 54.362
2 44 10.915
2 45 45.450
2 46 43.926
2 47 0.863
2 48 71.454
2 49 44.026
2 50 33.807
2 51 0.926
2 52 75.947
2 53 89.906
2 54 67.296
2 55 77.228
2 56 53.285
2 57 45.126
2 58 63.783
2 59 8.308
2 60 68.502
2 61 17.261
2 62 54.828
2 63 98.447
2 64 59.427
2 65 12.800
2 66 38.032
2 67 14.128
2 68 36.256
2 69 71.550
2 70 82.943
2 71 87.296
2 72 72.693
2 73 9.664
2 74 18.854
2 75 66.161
2 76 26.749
2 77 43.512
2 78 70.391
2 79 28.017
2 80 16.948
2 81 14.366
2 82 70.948
2 83 55.343
2 84 45.326
2 85 84.767
2 86 76.315
2 87 16.393
2 88 2.556
2 89 31.399
2 90 21.243
2 91 84.573
2 92 12.402
2 93 16.493
2 94 10.241
2 95 77.059
2 96 72.902
2 97 79.974
2 98 10.546
2 99 92.453
2 100 29.812
2 101 57.975
2 102 20.002
2 103 79.706
2 104 74.266
2 105 99.849
2 106 15.496
2 107 76.104
2 108 91.021
2 109 25.422
2 110 48.611
2 111 10.801
2 112 96.303
2 113 36.990
2 114 44.362
2 115 82.207
2 116 94.946
2 117 76.454
2 118 76.105
2 119 82.474
3 4 55.404
3 5 96.968
3 6 35.185
3 7 60.395
3 8 48.166
3 9 0.631
3 10 87.367
3 11 85.210
3 12 18.199
3 13 78.975
3 14 9.788
3 15 98.153
3 16 65.286
3 17 81.425
3 18 31.951
3 19 15.985
3 20 87.463
3 21 28.351
3 22 62.167
3 23 81.355
3 24 2.212
3 25 80.028
3 26 66.921
3 27 38.494
3 28 97.710
3 29 70.516
3 30 84.775
3 31 49.585
3 32 82.110
3 33 16.384
3 34 98.711
3 35 57.093
3 36 92.709
3 37 14.198
3 38 61.226
3 39 40.375
3 40 98.813
3 41 47.823
3 42 65.042
3 43 11.127
3 44 82.219
3 45 36.833
3 46 78.921
3 47 41.511
3 48 7.442
3 49 70.716
3 50 22.895
3 51 21.247
3 52 0.187
3 53 90.056
3 54 40.116
3 55 95.542
3 56 37.003
3 57 95.511
3 58 33.554
3 59 44.390
3 60 11.689
3 61 88.143
3 62 74.958
3 63 25.628
3 64 84.729
3 65 70.562
3 66 60.753
3 67 19.038
3 68 40.867
3 69 67.318
3 70 84.983
3 71 76.879
3 72 76.937
3 73 55.132
3 74 22.919
3 75 7.417
3 76 17.135
3 77 28.799
3 78 70.621
3 79 92.318
3 80 6.151
3 81 66.961
3 82 65.549
3 83 66.258
3 84 61.925
3 85 3.488
3 86 21.188
3 87 67.603
3 88 79.276
3 89 54.792
3 90 44.719
3 91 2.772
3 92 63.223
3 93 1.183
3 94 70.917
3 95 53.663
3 96 36.574
3 97 71.247
3 98 37.745
3 99 97.481
3 100 10.175
3 101 32.214
3 102 49.514
3 103 1.384
3 104 26.210
3 105 46.443
3 106 22.025
3 107 0.533
3 108 85.021
3 109 14.379
3 110 80.774
3 111 67.468
3 112 44.145
3 113 87.727
3 114 88.056
3 115 33.156
3 116 34.628
3 117 3.089
3 118 7.764
3 119 25.638
4 5 74.122
4 6 55.944
4 7 77.657
4 8 50.887
4 9 68.883
4 10 7.597
4 11 48.088
4 12 52.301
4 13 87.528
4 14 93.607
4 15 63.411
4 16 50.210
4 17 58.208
4 18 81.210
4 19 7.756
4 20 80.823
4 21 87.890
4 22 5.372
4 23 10.335
4 24 25.253
4 25 27.479
4 26 98.373
4 27 7.161
4 28 43.557
4 29 9.774
4 30 16.199
4 31 85.799
4 32 6.179
4 33 68.591
4 34 56.511
4 35 97.700
4 36 45.756
4 37 6.840
4 38 57.606
4 39 8.716
4 40 35.912
4 41 18.959
4 42 65.530
4 43 72.525
4 44 40.525
4 45 88.842
4 46 57.382
4 47 54.001
4 48 66.843
4 49 78.199
4 50 12.854
4 51 99.972
4 52 98.940
4 53 92.321
4 54 33.178
4 55 53.333
4 56 84.151
4 57 60.269
4 58 16.905
4 59 33.158
4 60 94.481
4 61 94.755
4 62 15.337
4 63 58.222
4 64 87.383
4 65 3.328
4 66 6.895
4 67 74.274
4 68 45.917
4 69 6.944
4 70 49.385
4 71 56.411
4 72 86.932
4 73 84.590
4 74 91.845
4 75 97.093
4 76 87.791
4 77 3.391
4 78 53.543
4 79 57.607
4 80 97.054
4 81 12.417
4 82 6.704
4 83 56.190
4 84 62.628
4 85 75.438
4 86 31.673
4 87 89.583
4 88 32.067
4 89 92.939
4 90 48.463
4 91 36.417
4 92 54.032
4 93 16.929
4 94 67.039
4 95 70.646
4 96 37.367
4 97 93.457
4 98 40.161
4 99 21.125
4 100 4.789
4 101 77.167
4 102 47.276
4 103 49.493
4 104 11.912
4 105 49.890
4 106 85.663
4 107 82.659
4 108 89.128
4 109 40.922
4 110 95.953
4 111 28.479
4 112 3.797
4 113 90.544
4 114 3.112
4 115 23.643
4 116 33.286
4 117 20.272
4 118 11.133
4 119 11.292
5 6 85.581
5 7 73.452
5 8 49.932
5 9 22.567
5 10 3.500
5 11 68.017
5 12 36.298
5 13 41.080
5 14 40.995
5 15 59.571
5 16 77.290
5 17 62.191
5 18 5.586
5 19 47.463
5 20 14.062
5 21 20.018
5 22 19.668
5 23 69.078
5 24 76.892
5 25 44.283
5 26 65.234
5 27 18.314
5 28 98.028
5 29 26.343
5 30 41.526
5 31 93.057
5 32 8.008
5 33 19.212
5 34 83.160
5 35 23.451
5 36 23.205
5 37 69.878
5 38 57.489
5 39 57.817
5 40 17.626
5 41 83.899
5 42 84.264
5 43 86.367
5 44 60.365
5 45 52.046
5 46 98.116
5 47 64.125
5 48 91.609
5 49 26.655
5 50 4.923
5 51 54.013
5 52 4.732
5 53 21.408
5 54 66.840
5 55 48.609
5 56 99.763
5 57 22.411
5 58 87.571
5 59 44.826
5 60 74.393
5 61 40.718
5 62 59.419
5 63 39.607
5 64 22.690
5 65 6.867
5 66 76.693
5 67 86.708
5 68 18.821
5 69 6.535
5 70 16.269
5 71 4.716
5 72 73.330
5 73 83.060
5 74 35.395
5 75 54.715
5 76 62.908
5 77 87.388
5 78 39.293
5 79 12.309
5 80 51.081
5 81 38.885
5 82 26.661
5 83 43.226
5 84 36.889
5 85 71.521
5 86 29.866
5 87 54.299
5 88 91.371
5 89 79.065
5 90 28.467
5 91 32.357
5 92 67.547
5 93 40.229
5 94 29.602
5 95 2.395
5 96 98.603
5 97 0.109
5 98 76.875
5 99 33.382
5 100 31.105
5 101 7.802
5 102 70.561
5 103 95.132
5 104 75.330
5 105 61.745
5 106 56.252
5 107 22.935
5 108 93.172
5 109 94.092
5 110 66.520
5 111 77.931
5 112 85.581
5 113 33.374
5 114 80.751
5 115 0.747
5 116 86.156
5 117 20.717
5 118 1.953
5 119 43.458
6 7 15.203
6 8 19.034
6 9 36.211
6 10 30.696
6 11 99.522
6 12 46.927
6 13 0.368
6 14 44.554
6 15 17.129
6 16 89.409
6 17 76.586
6 18 49.923
6 19 83.286
6 20 86.127
6 21 78.635
6 22 76.983
6 23 54.450
6 24 74.386
6 25 94.078
6 26 55.794
6 27 90.138
6 28 69.101
6 29 18.947
6 30 54.292
6 31 79.193
6 32 94.684
6 33 7.090
6 34 5.457
6 35 6.593
6 36 44.924
6 37 15.052
6 38 22.016
6 39 9.678
6 40 36.067
6 41 35.151
6 42 87.776
6 43 48.541
6 44 35.601
6 45 74.403
6 46 83.523
6 47 94.369
6 48 94.653
6 49 54.945
6 50 52.396
6 51 21.605
6 52 85.434
6 53 82.863
6 54 34.745
6 55 75.086
6 56 46.845
6 57 56.601
6 58 5.707
6 59 71.687
6 60 71.133
6 61 63.600
6 62 30.069
6 63 87.483
6 64 22.385
6 65 44.362
6 66 8.480
6 67 76.103
6 68 63.704
6 69 86.827
6 70 26.654
6 71 61.679
6 72 84.062
6 73 50.793
6 74 34.932
6 75 50.680
6 76 58.102
6 77 12.008
6 78 79.435
6 79 10.931
6 80 42.582
6 81 58.663
6 82 77.983
6 83 73.228
6 84 11.689
6 85 69.196
6 86 84.083
6 87 21.242
6 88 60.106
6 89 49.629
6 90 10.488
6 91 48.756
6 92 57.497
6 93 11.110
6 94 90.189
6 95 79.793
6 96 20.996
6 97 23.885
6 98 37.184
6 99 66.841
6 100 83.320
6 101 92.631
6 102 31.929
6 103 5.089
6 104 73.262
6 105 59.898
6 106 97.147
6 107 26.528
6 108 92.651
6 109 59.321
6 110 48.485
6 111 66.711
6 112 69.231
6 113 8.382
6 114 1.490
6 115 29.155
6 116 88.469
6 117 51.632
6 118 91.482
6 119 7.566
7 8 58.965
7 9 39.648
7 10 16.106
7 11 64.499
7 12 45.907
7 13 56.428
7 14 41.714
7 15 6.524
7 16 14.931
7 17 88.464
7 18 24.188
7 19 40.628
7 20 64.802
7 21 62.478
7 22 82.409
7 23 44.329
7 24 91.439
7 25 65.576
7 26 28.314
7 27 32.845
7 28 18.160
7 29 1.539
7 30 1.317
7 31 60.683
7 32 47.374
7 33 30.030
7 34 76.849
7 35 52.129
7 36 37.525
7 37 81.692
7 38 18.874
7 39 15.384
7 40 85.724
7 41 41.422
7 42 24.441
7 43 58.451
7 44 1.301
7 45 44.553
7 46 64.715
7 47 91.418
7 48 88.435
7 49 36.235
7 50 61.363
7 51 69.360
7 52 17.015
7 53 3.013
7 54 49.797
7 55 2.889
7 56 50.094
7 57 97.391
7 58 71.486
7 59 39.227
7 60 13.547
7 61 41.142
7 62 6.400
7 63 95.680
7 64 38.963
7 65 11.163
7 66 3.622
7 67 9.549
7 68 84.350
7 69 82.891
7 70 93.264
7 71 53.734
7 72 38.876
7 73 30.586
7 74 66.032
7 75 55.682
7 76 47.659
7 77 61.251
7 78 88.152
7 79 48.846
7 80 50.527
7 81 89.514
7 82 78.838
7 83 80.414
7 84 14.722
7 85 44.489
7 86 15.062
7 87 96.866
7 88 55.642
7 89 36.453
7 90 44.130
7 91 29.762
7 92 82.055
7 93 1.114
7 94 78.405
7 95 8.184
7 96 72.571
7 97 82.317
7 98 18.505
7 99 31.378
7 100 88.745
7 101 10.211
7 102 1.367
7 103 45.404
7 104 56.806
7 105 81.249
7 106 97.836
7 107 80.961
7 108 4.813
7 109 48.782
7 110 90.753
7 111 26.093
7 112 24.944
7 113 88.644
7 114 49.002
7 115 27.065
7 116 41.653
7 117 12.737
7 118 75.567
7 119 33.497
8 9 5.605
8 10 65.517
8 11 48.380
8 12 29.691
8 13 0.563
8 14 53.170
8 15 91.590
8 16 23.104
8 17 45.832
8 18 23.353
8 19 11.833
8 20 93.053
8 21 0.386
8 22 34.575
8 23 9.228
8 24 37.965
8 25 26.474
8 26 28.587
8 27 25.981
8 28 97.917
8 29 50.271
8 30 46.619
8 31 26.896
8 32 70.644
8 33 65.078
8 34 10.841
8 35 15.511
8 36 83.892
8 37 58.572
8 38 26.136
8 39 77.198
8 40 34.696
8 41 9.806
8 42 44.081
8 43 6.296
8 44 57.067
8 45 93.909
8 46 70.972
8 47 18.169
8 48 33.569
8 49 52.884
8 50 94.808
8 51 69.082
8 52 23.395
8 53 39.391
8 54 52.316
8 55 6.856
8 56 39.809
8 57 17.110
8 58 56.444
8 59 53.518
8 60 73.195
8 61 6.027
8 62 57.170
8 63 77.484
8 64 22.465
8 65 93.921
8 66 14.045
8 67 47.288
8 68 67.186
8 69 96.341
8 70 17.593
8 71 71.494
8 72 85.588
8 73 36.556
8 74 8.484
8 75 20.110
8 76 99.420
8 77 34.202
8 78 8.357
8 79 91.703
8 80 5.707
8 81 36.809
8 82 94.236
8 83 37.374
8 84 37.522
8 85 1.884
8 86 19.653
8 87 77.851
8 88 81.178
8 89 38.907
8 90 9.929
8 91 53.178
8 92 65.622
8 93 50.384
8 94 36.505
8 95 25.823
8 96 31.293
8 97 69.006
8 98 5.767
8 99 17.530
8 100 80.368
8 101 73.989
8 102 81.510
8 103 97.776
8 104 8.045
8 105 83.849
8 106 97.002
8 107 57.487
8 108 15.411
8 109 65.137
8 110 2.556
8 111 95.467
8 112 8.434
8 113 67.074
8 114 37.564
8 115 16.981
8 116 94.755
8 117 90.563
8 118 12.163
8 119 94.036
9 10 0.206
9 11 26.707
9 12 33.011
9 13 65.120
9 14 40.360
9 15 54.762
9 16 10.075
9 17 58.507
9 18 98.919
9 19 72.346
9 20 36.934
9 21 7.710
9 22 84.389
9 23 41.775
9 24 45.756
9 25 90.272
9 26 59.221
9 27 75.553
9 28 99.950
9 29 61.774
9 30 61.497
9 31 51.318
9 32 2.422
9 33 75.838
9 34 68.238
9 35 41.975
9 36 65.433
9 37 77.829
9 38 81.533
9 39 70.267
9 40 9.254
9 41 35.081
9 42 53.952
9 43 48.701
9 44 31.121
9 45 19.694
9 46 8.073
9 47 45.524
9 48 13.436
9 49 91.289
9 50 46.474
9 51 25.378
9 52 20.739
9 53 36.583
9 54 93.150
9 55 49.259
9 56 68.644
9 57 10.252
9 58 55.087
9 59 82.599
9 60 34.773
9 61 87.257
9 62 43.587
9 63 52.567
9 64 21.644
9 65 80.670
9 66 48.962
9 67 16.074
9 68 74.549
9 69 1.001
9 70 19.317
9 71 48.542
9 72 3.637
9 73 33.135
9 74 54.431
9 75 40.110
9 76 58.747
9 77 85.187
9 78 89.083
9 79 90.784
9 80 57.972
9 81 19.967
9 82 6.711
9 83 28.904
9 84 76.488
9 85 14.186
9 86 93.903
9 87 38.363
9 88 60.900
9 89 3.153
9 90 18.964
9 91 69.176
9 92 46.149
9 93 59.414
9 94 93.706
9 95 23.246
9 96 16.980
9 97 22.672
9 98 56.593
9 99 52.647
9 100 74.031
9 101 45.243
9 102 97.507
9 103 81.205
9 104 35.795
9 105 42.454
9 106 29.657
9 107 61.884
9 108 32.030
9 109 40.579
9 110 2.532
9 111 12.228
9 112 21.614
9 113 96.257
9 114 41.296
9 115 28.029
9 116 98.447
9 117 20.848
9 118 92.670
9 119 61.444
10 11 32.637
10 12 80.708
10 13 55.064
10 14 63.917
10 15 31.084
10 16 60.168
10 17 71.653
10 18 36.570
10 19 91.470
10 20 67.789
10 21 69.046
10 22 1.117
10 23 66.755
10 24 38.464
10 25 31.346
10 26 2.914
10 27 53.465
10 28 34.032
10 29 9.670
10 30 84.393
10 31 66.365
10 32 73.299
10 33 80.540
10 34 21.930
10 35 64.571
10 36 28.679
10 37 83.088
10 38 2.108
10 39 49.693
10 40 11.187
10 41 84.645
10 42 24.352
10 43 65.330
10 44 28.076
10 45 47.017
10 46 56.098
10 47 89.013
10 48 38.141
10 49 91.661
10 50 33.925
10 51 22.666
10 52 48.581
10 53 90.945
10 54 99.505
10 55 55.707
10 56 94.243
10 57 44.834
10 58 82.734
10 59 96.101
10 60 15.227
10 61 37.578
10 62 96.112
10 63 38.999
10 64 1.978
10 65 7.369
10 66 84.167
10 67 70.042
10 68 8.426
10 69 3.426
10 70 79.684
10 71 80.955
10 72 43.119
10 73 49.610
10 74 54.506
10 75 8.782
10 76 35.971
10 77 81.414
10 78 16.822
10 79 96.891
10 80 43.911
10 81 74.058
10 82 99.184
10 83 15.850
10 84 2.599
10 85 33.415
10 86 1.861
10 87 75.326
10 88 53.335
10 89 78.636
10 90 4.701
10 91 4.351
10 92 74.389
10 93 5.587
10 94 37.322
10 95 76.625
10 96 24.202
10 97 83.579
10 98 2.236
10 99 9.948
10 100 60.253
10 101 4.415
10 102 78.430
10 103 74.470
10 104 31.860
10 105 72.343
10 106 93.952
10 107 3.106
10 108 57.791
10 109 96.338
10 110 45.215
10 111 9.299
10 112 90.261
10 113 21.928
10 114 58.022
10 115 82.259
10 116 35.768
10 117 18.862
10 118 30.714
10 119 47.854
11 12 50.168
11 13 22.996
11 14 73.389
11 15 54.532
11 16 50.494
11 17 16.039
11 18 58.793
11 19 67.981
11 20 89.266
11 21 15.191
11 22 30.272
11 23 35.648
11 24 18.349
11 25 36.208
11 26 70.090
11 27 12.823
11 28 28.930
11 29 88.029
11 30 17.434
11 31 25.687
11 32 91.744
11 33 54.898
11 34 39.616
11 35 83.534
11 36 37.435
11 37 22.768
11 38 2.236
11 39 42.308
11 40 10.764
11 41 10.761
11 42 54.511
11 43 64.683
11 44 4.354
11 45 75.641
11 46 44.479
11 47 18.096
11 48 27.769
11 49 67.446
11 50 5.479
11 51 1.451
11 52 95.928
11 53 27.845
11 54 10.061
11 55 93.667
11 56 27.220
11 57 39.297
11 58 70.420
11 59 72.799
11 60 26.158
11 61 52.667
11 62 75.460
11 63 63.165
11 64 87.983
11 65 43.769
11 66 93.768
11 67 29.713
11 68 3.395
11 69 75.151
11 70 39.058
11 71 53.809
11 72 60.390
11 73 68.439
11 74 90.054
11 75 92.703
11 76 37.189
11 77 24.697
11 78 80.321
11 79 46.110
11 80 55.322
11 81 65.526
11 82 25.210
11 83 27.658
11 84 15.164
11 85 5.963
11 86 32.860
11 87 66.413
11 88 67.565
11 89 11.793
11 90 54.132
11 91 44.230
11 92 84.682
11 93 38.484
11 94 62.367
11 95 8.401
11 96 80.728
11 97 96.720
11 98 18.010
11 99 85.867
11 100 99.069
11 101 40.387
11 102 65.472
11 103 65.200
11 104 25.961
11 105 26.861
11 106 29.947
11 107 5.651
11 108 13.157
11 109 56.595
11 110 30.506
11 111 78.723
11 112 91.768
11 113 59.239
11 114 2.383
11 115 47.064
11 116 37.920
11 117 56.905
11 118 26.210
11 119 37.905
12 13 7.156
12 14 1.711
12 15 94.833
12 16 73.842
12 17 88.959
12 18 54.344
12 19 9.388
12 20 82.451
12 21 45.399
12 22 43.158
12 23 85.469
12 24 18.038
12 25 88.611
12 26 19.180
12 27 67.532
12 28 93.760
12 29 20.677
12 30 1.416
12 31 95.036
12 32 40.454
12 33 6.437
12 34 88.983
12 35 37.427
12 36 79.642
12 37 74.865
12 38 1.818
12 39 16.651
12 40 22.568
12 41 47.869
12 42 0.134
12 43 65.756
12 44 84.492
12 45 76.718
12 46 24.259
12 47 29.967
12 48 34.103
12 49 25.764
12 50 91.158
12 51 2.719
12 52 81.541
12 53 80.744
12 54 81.656
12 55 3.249
12 56 45.379
12 57 74.649
12 58 53.289
12 59 44.676
12 60 28.839
12 61 18.007
12 62 17.702
12 63 11.850
12 64 78.581
12 65 92.402
12 66 28.637
12 67 66.848
12 68 95.604
12 69 16.134
12 70 36.810
12 71 26.618
12 72 17.101
12 73 19.161
12 74 81.372
12 75 12.061
12 76 90.578
12 77 70.806
12 78 4.122
12 79 50.757
12 80 17.072
12 81 88.197
12 82 92.294
12 83 26.584
12 84 49.036
12 85 15.970
12 86 78.490
12 87 8.626
12 88 90.251
12 89 8.544
12 90 52.190
12 91 59.047
12 92 60.075
12 93 65.062
12 94 66.310
12 95 15.039
12 96 52.391
12 97 64.127
12 98 54.369
12 99 63.471
12 100 40.845
12 101 20.496
12 102 9.106
12 103 78.530
12 104 56.228
12 105 39.178
12 106 11.764
12 107 72.423
12 108 89.343
12 109 73.686
12 110 42.743
12 111 17.143
12 112 53.242
12 113 4.683
12 114 48.986
12 115 31.305
12 116 72.415
12 117 42.867
12 118 91.175
12 119 90.236
13 14 53.322
13 15 25.640
13 16 44.735
13 17 9.802
13 18 30.620
13 19 20.982
13 20 82.610
13 21 74.821
13 22 76.478
13 23 73.892
13 24 24.939
13 25 31.502
13 26 6.581
13 27 30.896
13 28 0.980
13 29 39.961
13 30 15.742
13 31 56.293
13 32 32.033
13 33 87.690
13 34 28.465
13 35 10.211
13 36 10.614
13 37 97.731
13 38 55.394
13 39 92.981
13 40 20.747
13 41 26.362
13 42 5.244
13 43 72.940
13 44 17.003
13 45 34.269
13 46 13.660
13 47 5.522
13 48 55.811
13 49 32.436
13 50 15.363
13 51 20.305
13 52 51.536
13 53 49.423
13 54 4.020
13 55 99.684
13 56 11.965
13 57 40.215
13 58 95.472
13 59 97.932
13 60 93.121
13 61 58.512
13 62 34.264
13 63 52.614
13 64 1.646
13 65 44.081
13 66 60.848
13 67 21.704
13 68 64.559
13 69 34.725
13 70 87.440
13 71 39.184
13 72 80.776
13 73 98.465
13 74 14.147
13 75 19.540
13 76 66.570
13 77 95.657
13 78 53.835
13 79 57.266
13 80 8.004
13 81 23.093
13 82 24.147
13 83 61.355
13 84 37.370
13 85 62.515
13 86 8.124
13 87 36.703
13 88 57.831
13 89 54.522
13 90 81.099
13 91 74.486
13 92 50.671
13 93 45.499
13 94 50.837
13 95 41.748
13 96 12.971
13 97 9.996
13 98 60.335
13 99 66.833
13 100 90.016
13 101 33.878
13 102 58.273
13 103 1.726
13 104 86.370
13 105 54.621
13 106 50.780
13 107 4.988
13 108 62.321
13 109 94.271
13 110 10.017
13 111 29.695
13 112 48.253
13 113 87.885
13 114 30.002
13 115 19.616
13 116 38.530
13 117 5.662
13 118 88.181
13 119 13.866
14 15 58.599
14 16 90.537
14 17 92.436
14 18 35.353
14 19 34.258
14 20 84.643
14 21 67.529
14 22 91.548
14 23 30.436
14 24 97.837
14 25 62.441
14 26 47.491
14 27 68.327
14 28 79.423
14 29 40.614
14 30 40.380
14 31 74.336
14 32 90.193
14 33 48.804
14 34 92.707
14 35 62.078
14 36 36.107
14 37 47.070
14 38 46.631
14 39 99.516
14 40 17.208
14 41 22.355
14 42 86.110
14 43 67.354
14 44 65.757
14 45 1.204
14 46 35.309
14 47 71.921
14 48 96.145
14 49 23.322
14 50 21.867
14 51 36.032
14 52 65.762
14 53 37.027
14 54 71.870
14 55 54.692
14 56 50.823
14 57 30.069
14 58 59.677
14 59 69.020
14 60 74.025
14 61 14.858
14 62 70.271
14 63 81.396
14 64 81.975
14 65 45.855
14 66 44.352
14 67 7.577
14 68 59.480
14 69 58.652
14 70 67.152
14 71 37.426
14 72 85.058
14 73 85.265
14 74 30.781
14 75 54.881
14 76 77.467
14 77 18.183
14 78 46.892
14 79 49.944
14 80 56.563
14 81 66.935
14 82 11.534
14 83 40.701
14 84 43.466
14 85 75.236
14 86 27.326
14 87 11.770
14 88 54.807
14 89 44.233
14 90 69.372
14 91 67.096
14 92 3.713
14 93 37.926
14 94 40.872
14 95 89.601
14 96 6.253
14 97 30.519
14 98 1.935
14 99 98.006
14 100 6.214
14 101 92.313
14 102 70.843
14 103 91.955
14 104 73.348
14 105 0.636
14 106 90.869
14 107 80.644
14 108 0.673
14 109 5.430
14 110 27.703
14 111 97.226
14 112 24.913
14 113 75.263
14 114 12.657
14 115 11.564
14 116 20.844
14 117 98.874
14 118 75.039
14 119 67.247
15 16 75.091
15 17 19.786
15 18 13.420
15 19 85.313
15 20 27.829
15 21 37.107
15 22 40.013
15 23 96.742
15 24 81.876
15 25 14.306
15 26 94.958
15 27 88.535
15 28 17.836
15 29 99.592
15 30 68.053
15 31 74.071
15 32 21.224
15 33 76.445
15 34 84.291
15 35 27.448
15 36 22.910
15 37 30.924
15 38 6.563
15 39 53.642
15 40 77.784
15 41 43.578
15 42 83.967
15 43 1.549
15 44 58.156
15 45 88.074
15 46 27.395
15 47 65.398
15 48 18.243
15 49 46.135
15 50 25.406
15 51 61.471
15 52 93.964
15 53 28.909
15 54 22.879
15 55 11.757
15 56 38.315
15 57 28.618
15 58 72.539
15 59 13.857
15 60 56.765
15 61 11.115
15 62 35.145
15 63 27.398
15 64 99.381
15 65 99.964
15 66 48.019
15 67 61.160
15 68 86.812
15 69 95.666
15 70 3.527
15 71 2.294
15 72 95.801
15 73 19.908
15 74 79.252
15 75 89.246
15 76 6.527
15 77 73.980
15 78 39.799
15 79 93.362
15 80 18.915
15 81 52.970
15 82 86.534
15 83 40.699
15 84 77.903
15 85 62.909
15 86 66.022
15 87 75.141
15 88 8.738
15 89 46.725
15 90 60.542
15 91 36.718
15 92 52.503
15 93 36.691
15 94 74.752
15 95 4.881
15 96 9.379
15 97 15.980
15 98 1.459
15 99 35.491
15 100 42.550
15 101 90.017
15 102 96.390
15 103 2.427
15 104 69.189
15 105 39.509
15 106 16.984
15 107 39.941
15 108 66.637
15 109 51.342
15 110 83.427
15 111 70.301
15 112 51.656
15 113 0.983
15 114 1.508
15 115 92.737
15 116 48.564
15 117 90.594
15 118 46.358
15 119 4.361
16 17 48.071
16 18 30.740
16 19 43.707
16 20 21.455
16 21 72.830
16 22 90.413
16 23 1.033
16 24 70.438
16 25 7.964
16 26 30.021
16 27 34.833
16 28 21.782
16 29 25.274
16 30 75.054
16 31 12.192
16 32 47.330
16 33 28.341
16 34 84.340
16 35 74.952
16 36 91.655
16 37 72.410
16 38 16.117
16 39 42.980
16 40 61.558
16 41 67.733
16 42 97.593
16 43 99.409
16 44 54.225
16 45 57.941
16 46 59.216
16 47 45.175
16 48 64.261
16 49 76.066
16 50 3.585
16 51 72.776
16 52 32.531
16 53 19.990
16 54 40.751
16 55 49.921
16 56 25.627
16 57 56.376
16 58 36.577
16 59 22.552
16 60 63.792
16 61 57.557
16 62 88.914
16 63 43.720
16 64 47.254
16 65 99.385
16 66 67.533
16 67 9.886
16 68 66.178
16 69 99.711
16 70 28.066
16 71 39.441
16 72 17.821
16 73 56.943
16 74 37.667
16 75 59.577
16 76 95.983
16 77 56.043
16 78 30.632
16 79 77.133
16 80 62.475
16 81 45.365
16 82 45.969
16 83 96.625
16 84 58.070
16 85 51.887
16 86 85.655
16 87 14.385
16 88 61.305
16 89 94.672
16 90 72.323
16 91 61.601
16 92 57.477
16 93 76.831
16 94 78.141
16 95 91.010
16 96 37.318
16 97 84.747
16 98 42.866
16 99 2.090
16 100 5.100
16 101 0.031
16 102 98.351
16 103 77.826
16 104 39.280
16 105 34.431
16 106 69.242
16 107 62.485
16 108 15.304
16 109 30.839
16 110 25.161
16 111 44.274
16 112 69.835
16 113 34.574
16 114 18.360
16 115 19.392
16 116 58.389
16 117 28.275
16 118 52.648
16 119 4.676
17 18 34.286
17 19 41.043
17 20 94.339
17 21 34.913
17 22 55.783
17 23 87.836
17 24 54.035
17 25 27.857
17 26 10.422
17 27 68.722
17 28 39.239
17 29 25.066
17 30 30.852
17 31 59.183
17 32 2.131
17 33 19.936
17 34 64.786
17 35 52.509
17 36 84.249
17 37 65.620
17 38 53.229
17 39 73.198
17 40 90.421
17 41 15.019
17 42 65.783
17 43 66.318
17 44 7.955
17 45 82.604
17 46 39.540
17 47 81.949
17 48 23.927
17 49 33.585
17 50 69.001
17 51 16.123
17 52 83.339
17 53 99.751
17 54 98.423
17 55 40.055
17 56 73.998
17 57 93.312
17 58 75.152
17 59 48.039
17 60 20.142
17 61 40.149
17 62 32.738
17 63 80.991
17 64 16.164
17 65 82.116
17 66 86.017
17 67 37.468
17 68 34.238
17 69 4.366
17 70 36.843
17 71 66.828
17 72 95.187
17 73 28.176
17 74 8.781
17 75 50.317
17 76 0.656
17 77 72.309
17 78 51.838
17 79 14.935
17 80 86.458
17 81 26.699
17 82 84.160
17 83 92.313
17 84 71.887
17 85 1.086
17 86 66.669
17 87 30.158
17 88 47.886
17 89 8.190
17 90 38.697
17 91 87.423
17 92 68.129
17 93 16.132
17 94 77.970
17 95 95.984
17 96 81.401
17 97 58.005
17 98 86.632
17 99 51.396
17 100 71.096
17 101 17.876
17 102 46.550
17 103 3.221
17 104 48.230
17 105 21.945
17 106 31.721
17 107 51.448
17 108 78.039
17 109 51.202
17 110 13.401
17 111 19.686
17 112 7.076
17 113 57.650
17 114 44.413
17 115 68.096
17 116 97.624
17 117 9.975
17 118 63.133
17 119 29.442
18 19 69.351
18 20 16.574
18 21 14.755
18 22 0.169
18 23 94.294
18 24 73.895
18 25 47.704
18 26 95.084
18 27 90.584
18 28 66.293
18 29 6.434
18 30 78.998
18 31 12.771
18 32 99.956
18 33 8.365
18 34 21.591
18 35 42.170
18 36 87.916
18 37 62.334
18 38 82.812
18 39 39.331
18 40 15.756
18 41 58.683
18 42 25.267
18 43 32.582
18 44 8.370
18 45 37.007
18 46 67.350
18 47 81.488
18 48 86.941
18 49 16.554
18 50 36.276
18 51 72.192
18 52 52.317
18 53 56.443
18 54 53.702
18 55 72.738
18 56 56.036
18 57 98.076
18 58 88.299
18 59 0.845
18 60 23.470
18 61 30.530
18 62 39.406
18 63 33.998
18 64 74.941
18 65 11.198
18 66 73.820
18 67 22.323
18 68 50.080
18 69 68.600
18 70 23.802
18 71 48.379
18 72 78.350
18 73 12.010
18 74 68.552
18 75 14.838
18 76 54.349
18 77 73.448
18 78 63.667
18 79 30.939
18 80 70.352
18 81 11.582
18 82 53.537
18 83 11.702
18 84 30.547
18 85 14.208
18 86 0.147
18 87 0.048
18 88 21.497
18 89 46.235
18 90 88.416
18 91 71.304
18 92 41.587
18 93 3.490
18 94 23.001
18 95 82.017
18 96 98.577
18 97 49.137
18 98 14.393
18 99 80.546
18 100 68.829
18 101 29.162
18 102 63.166
18 103 5.625
18 104 74.398
18 105 86.113
18 106 90.412
18 107 60.869
18 108 74.885
18 109 16.161
18 110 29.669
18 111 68.179
18 112 89.800
18 113 43.565
18 114 91.057
18 115 71.015
18 116 64.171
18 117 18.738
18 118 31.894
18 119 79.762
19 20 65.196
19 21 81.380
19 22 19.689
19 23 25.664
19 24 51.002
19 25 68.510
19 26 53.226
19 27 17.298
19 28 83.896
19 29 88.734
19 30 15.346
19 31 74.088
19 32 69.961
19 33 28.731
19 34 67.077
19 35 45.075
19 36 94.478
19 37 5.667
19 38 56.909
19 39 7.959
19 40 88.337
19 41 30.152
19 42 11.324
19 43 83.377
19 44 4.479
19 45 98.332
19 46 93.059
19 47 92.456
19 48 5.378
19 49 88.871
19 50 62.164
19 51 31.851
19 52 62.654
19 53 0.794
19 54 51.533
19 55 39.813
19 56 48.141
19 57 31.568
19 58 73.402
19 59 79.265
19 60 52.097
19 61 61.292
19 62 6.203
19 63 69.435
19 64 98.683
19 65 78.499
19 66 72.196
19 67 56.278
19 68 41.461
19 69 55.824
19 70 5.485
19 71 23.745
19 72 12.383
19 73 59.662
19 74 27.264
19 75 12.891
19 76 66.563
19 77 56.979
19 78 90.604
19 79 33.885
19 80 12.144
19 81 64.507
19 82 30.577
19 83 27.183
19 84 39.623
19 85 70.881
19 86 57.216
19 87 54.415
19 88 68.246
19 89 50.588
19 90 58.550
19 91 77.014
19 92 8.426
19 93 80.147
19 94 38.918
19 95 11.158
19 96 98.614
19 97 61.549
19 98 3.744
19 99 31.293
19 100 12.640
19 101 55.745
19 102 16.154
19 103 31.322
19 104 49.271
19 105 29.836
19 106 93.099
19 107 42.489
19 108 9.587
19 109 25.655
19 110 79.027
19 111 50.047
19 112 39.735
19 113 64.515
19 114 33.718
19 115 47.001
19 116 66.719
19 117 13.198
19 118 97.547
19 119 12.516
20 21 83.134
20 22 49.597
20 23 52.200
20 24 5.042
20 25 43.053
20 26 82.956
20 27 77.820
20 28 15.763
20 29 15.793
20 30 3.266
20 31 18.560
20 32 36.663
20 33 6.856
20 34 57.143
20 35 7.694
20 36 59.333
20 37 96.073
20 38 73.377
20 39 70.735
20 40 35.574
20 41 61.828
20 42 90.345
20 43 20.381
20 44 98.920
20 45 57.211
20 46 69.644
20 47 80.701
20 48 67.393
20 49 79.045
20 50 15.492
20 51 29.571
20 52 22.135
20 53 23.947
20 54 57.888
20 55 28.212
20 56 83.965
20 57 56.952
20 58 98.980
20 59 14.549
20 60 90.537
20 61 27.680
20 62 66.742
20 63 73.176
20 64 10.390
20 65 56.635
20 66 67.811
20 67 58.840
20 68 17.073
20 69 79.941
20 70 82.205
20 71 42.689
20 72 86.407
20 73 84.676
20 74 96.659
20 75 70.882
20 76 73.060
20 77 88.932
20 78 30.437
20 79 73.739
20 80 68.767
20 81 20.826
20 82 67.738
20 83 40.258
20 84 43.863
20 85 28.908
20 86 74.179
20 87 77.590
20 88 26.242
20 89 12.778
20 90 41.372
20 91 8.002
20 92 77.394
20 93 97.158
20 94 73.195
20 95 16.877
20 96 83.905
20 97 85.306
20 98 0.160
20 99 54.471
20 100 94.581
20 101 18.358
20 102 84.125
20 103 11.408
20 104 98.326
20 105 36.022
20 106 54.613
20 107 33.341
20 108 55.953
20 109 81.058
20 110 0.136
20 111 13.708
20 112 70.320
20 113 15.031
20 114 23.166
20 115 5.197
20 116 3.465
20 117 16.075
20 118 55.771
20 119 20.302
21 22 26.897
21 23 10.751
21 24 24.459
21 25 49.269
21 26 21.726
21 27 51.541
21 28 47.371
21 29 9.772
21 30 29.042
21 31 89.139
21 32 44.754
21 33 56.806
21 34 87.744
21 35 4.393
21 36 44.477
21 37 23.583
21 38 86.971
21 39 58.630
21 40 68.415
21 41 34.615
21 42 3.358
21 43 93.057
21 44 92.596
21 45 30.714
21 46 89.515
21 47 58.011
21 48 84.308
21 49 72.283
21 50 29.472
21 51 81.093
21 52 32.713
21 53 42.091
21 54 79.244
21 55 89.526
21 56 6.027
21 57 51.582
21 58 66.248
21 59 86.576
21 60 87.959
21 61 65.856
21 62 30.009
21 63 44.469
21 64 68.844
21 65 1.591
21 66 48.388
21 67 16.957
21 68 92.806
21 69 19.465
21 70 8.510
21 71 93.522
21 72 91.254
21 73 28.045
21 74 49.658
21 75 14.204
21 76 65.190
21 77 39.659
21 78 26.550
21 79 39.118
21 80 14.020
21 81 70.414
21 82 15.781
21 83 19.951
21 84 46.956
21 85 56.297
21 86 15.606
21 87 52.082
21 88 54.611
21 89 65.249
21 90 69.846
21 91 95.445
21 92 62.998
21 93 21.080
21 94 80.364
21 95 39.826
21 96 39.906
21 97 19.296
21 98 59.380
21 99 56.054
21 100 74.512
21 101 7.184
21 102 12.855
21 103 18.351
21 104 5.078
21 105 20.893
21 106 39.206
21 107 5.092
21 108 26.727
21 109 20.811
21 110 73.835
21 111 85.342
21 112 71.529
21 113 43.176
21 114 9.253
21 115 76.731
21 116 16.518
21 117 90.669
21 118 73.041
21 119 16.595
22 23 41.774
22 24 17.602
22 25 51.429
22 26 22.773
22 27 30.290
22 28 26.417
22 29 4.984
22 30 33.064
22 31 74.174
22 32 81.302
22 33 34.725
22 34 3.036
22 35 27.521
22 36 62.065
22 37 21.889
22 38 10.783
22 39 25.389
22 40 26.792
22 41 82.674
22 42 64.128
22 43 70.356
22 44 25.362
22 45 50.458
22 46 30.934
22 47 73.459
22 48 7.543
22 49 22.310
22 50 16.368
22 51 24.645
22 52 99.183
22 53 84.064
22 54 92.315
22 55 59.396
22 56 77.931
22 57 58.767
22 58 43.629
22 59 82.810
22 60 65.926
22 61 7.039
22 62 33.490
22 63 10.173
22 64 71.092
22 65 44.662
22 66 5.858
22 67 83.936
22 68 50.940
22 69 32.688
22 70 36.877
22 71 31.016
22 72 43.180
22 73 38.399
22 74 19.043
22 75 31.477
22 76 6.006
22 77 61.665
22 78 12.040
22 79 79.873
22 80 37.558
22 81 70.535
22 82 22.400
22 83 33.965
22 84 98.861
22 85 92.367
22 86 80.452
22 87 61.958
22 88 47.433
22 89 62.350
22 90 67.531
22 91 19.112
22 92 99.820
22 93 39.967
22 94 8.995
22 95 7.260
22 96 80.447
22 97 65.764
22 98 89.328
22 99 96.702
22 100 81.472
22 101 45.742
22 102 64.461
22 103 18.913
22 104 53.744
22 105 18.731
22 106 43.393
22 107 70.653
22 108 72.493
22 109 83.327
22 110 86.326
22 111 5.304
22 112 73.034
22 113 35.264
22 114 19.723
22 115 25.653
22 116 31.582
22 117 93.545
22 118 0.049
22 119 33.827
23 24 74.148
23 25 74.228
23 26 67.448
23 27 38.744
23 28 32.534
23 29 4.442
23 30 18.177
23 31 69.154
23 32 30.631
23 33 56.034
23 34 90.367
23 35 91.264
23 36 76.463
23 37 18.180
23 38 1.512
23 39 83.932
23 40 55.864
23 41 21.381
23 42 98.062
23 43 81.520
23 44 72.206
23 45 71.416
23 46 77.607
23 47 54.792
23 48 53.238
23 49 51.190
23 50 22.343
23 51 63.591
23 52 50.904
23 53 0.817
23 54 38.862
23 55 81.542
23 56 92.902
23 57 91.860
23 58 33.807
23 59 62.657
23 60 5.788
23 61 70.352
23 62 67.478
23 63 92.472
23 64 18.589
23 65 55.002
23 66 18.259
23 67 42.231
23 68 73.177
23 69 41.993
23 70 59.536
23 71 23.619
23 72 13.049
23 73 85.771
23 74 97.770
23 75 23.695
23 76 95.721
23 77 96.476
23 78 45.480
23 79 84.916
23 80 75.588
23 81 18.957
23 82 6.133
23 83 83.527
23 84 33.876
23 85 35.748
23 86 29.242
23 87 51.099
23 88 90.250
23 89 66.965
23 90 53.495
23 91 78.614
23 92 16.655
23 93 23.765
23 94 93.305
23 95 40.269
23 96 88.134
23 97 8.826
23 98 39.904
23 99 75.030
23 100 47.655
23 101 47.253
23 102 41.947
23 103 67.990
23 104 32.383
23 105 74.376
23 106 2.572
23 107 80.688
23 108 7.376
23 109 3.096
23 110 79.948
23 111 89.834
23 112 79.341
23 113 42.758
23 114 6.587
23 115 7.235
23 116 17.857
23 117 43.974
23 118 49.009
23 119 70.233
24 25 94.416
24 26 99.365
24 27 13.862
24 28 11.599
24 29 60.630
24 30 38.909
24 31 69.164
24 32 40.564
24 33 26.140
24 34 20.384
24 35 90.074
24 36 92.572
24 37 64.028
24 38 30.339
24 39 57.443
24 40 34.324
24 41 66.964
24 42 79.079
24 43 34.366
24 44 42.813
24 45 0.837
24 46 94.384
24 47 21.052
24 48 12.316
24 49 54.285
24 50 92.935
24 51 41.570
24 52 81.675
24 53 62.331
24 54 35.923
24 55 47.335
24 56 15.710
24 57 90.232
24 58 55.835
24 59 31.729
24 60 19.231
24 61 99.692
24 62 75.139
24 63 37.789
24 64 9.884
24 65 83.733
24 66 24.380
24 67 6.668
24 68 26.907
24 69 48.837
24 70 7.157
24 71 58.389
24 72 6.942
24 73 43.348
24 74 52.511
24 75 18.393
24 76 15.096
24 77 79.663
24 78 41.437
24 79 3.498
24 80 79.779
24 81 74.430
24 82 93.574
24 83 59.074
24 84 43.155
24 85 35.724
24 86 52.538
24 87 95.621
24 88 5.603
24 89 59.086
24 90 13.953
24 91 7.386
24 92 12.172
24 93 55.372
24 94 98.913
24 95 68.266
24 96 1.794
24 97 22.481
24 98 87.431
24 99 90.962
24 100 15.890
24 101 90.349
24 102 91.367
24 103 4.191
24 104 41.995
24 105 13.986
24 106 64.404
24 107 49.746
24 108 50.186
24 109 62.874
24 110 17.816
24 111 26.288
24 112 65.321
24 113 56.704
24 114 35.102
24 115 9.976
24 116 6.490
24 117 27.222
24 118 55.998
24 119 63.376
25 26 16.588
25 27 43.856
25 28 30.943
25 29 3.600
25 30 99.535
25 31 26.821
25 32 30.764
25 33 38.168
25 34 80.436
25 35 85.589
25 36 33.175
25 37 92.868
25 38 4.834
25 39 62.870
25 40 97.601
25 41 49.682
25 42 97.248
25 43 34.671
25 44 82.938
25 45 84.868
25 46 6.264
25 47 15.518
25 48 59.018
25 49 47.348
25 50 73.757
25 51 44.635
25 52 11.888
25 53 45.783
25 54 79.159
25 55 83.585
25 56 45.444
25 57 19.097
25 58 26.218
25 59 38.856
25 60 37.525
25 61 49.619
25 62 59.299
25 63 33.874
25 64 17.271
25 65 40.681
25 66 19.058
25 67 94.087
25 68 92.362
25 69 21.181
25 70 73.178
25 71 76.068
25 72 69.688
25 73 58.492
25 74 86.869
25 75 66.972
25 76 81.086
25 77 58.061
25 78 29.957
25 79 4.236
25 80 46.948
25 81 3.153
25 82 52.656
25 83 17.053
25 84 84.839
25 85 41.396
25 86 0.472
25 87 70.963
25 88 97.699
25 89 56.147
25 90 80.217
25 91 4.776
25 92 56.762
25 93 70.174
25 94 33.714
25 95 85.120
25 96 28.032
25 97 16.732
25 98 23.556
25 99 68.024
25 100 77.953
25 101 78.841
25 102 86.141
25 103 49.282
25 104 33.876
25 105 41.434
25 106 61.208
25 107 5.685
25 108 67.965
25 109 22.986
25 110 64.243
25 111 77.828
25 112 19.392
25 113 53.365
25 114 28.373
25 115 21.774
25 116 68.997
25 117 42.855
25 118 5.725
25 119 61.716
26 27 32.992
26 28 43.632
26 29 84.761
26 30 8.624
26 31 47.911
26 32 39.483
26 33 49.715
26 34 70.962
26 35 77.639
26 36 12.119
26 37 81.006
26 38 72.658
26 39 85.220
26 40 23.182
26 41 71.385
26 42 10.843
26 43 77.055
26 44 19.882
26 45 11.586
26 46 31.266
26 47 45.179
26 48 19.169
26 49 81.366
26 50 72.821
26 51 4.490
26 52 50.452
26 53 67.089
26 54 34.294
26 55 46.136
26 56 40.099
26 57 15.360
26 58 46.225
26 59 5.681
26 60 2.285
26 61 23.761
26 62 88.665
26 63 75.266
26 64 60.257
26 65 64.331
26 66 81.692
26 67 72.650
26 68 59.640
26 69 33.198
26 70 89.645
26 71 16.842
26 72 51.184
26 73 20.674
26 74 22.390
26 75 49.981
26 76 14.145
26 77 0.079
26 78 87.276
26 79 88.174
26 80 63.506
26 81 40.742
26 82 44.034
26 83 80.209
26 84 34.325
26 85 60.838
26 86 41.481
26 87 2.362
26 88 64.717
26 89 49.128
26 90 69.714
26 91 19.971
26 92 5.340
26 93 1.156
26 94 44.367
26 95 2.005
26 96 67.700
26 97 35.094
26 98 50.549
26 99 83.557
26 100 86.222
26 101 75.174
26 102 13.237
26 103 33.000
26 104 9.733
26 105 16.536
26 106 28.185
26 107 95.493
26 108 56.851
26 109 14.306
26 110 82.823
26 111 52.577
26 112 66.764
26 113 71.872
26 114 20.146
26 115 58.813
26 116 51.959
26 117 38.550
26 118 50.264
26 119 90.710
27 28 12.704
27 29 65.247
27 30 94.063
27 31 70.646
27 32 4.414
27 33 8.188
27 34 51.338
27 35 9.045
27 36 58.519
27 37 15.450
27 38 21.792
27 39 41.767
27 40 45.051
27 41 78.760
27 42 71.465
27 43 26.481
27 44 30.871
27 45 83.920
27 46 29.430
27 47 1.745
27 48 31.325
27 49 47.209
27 50 20.001
27 51 5.552
27 52 75.086
27 53 82.250
27 54 84.260
27 55 96.341
27 56 2.030
27 57 2.085
27 58 21.327
27 59 18.741
27 60 92.211
27 61 24.565
27 62 84.626
27 63 8.783
27 64 80.381
27 65 15.697
27 66 1.269
27 67 38.882
27 68 44.921
27 69 75.170
27 70 43.761
27 71 61.567
27 72 72.698
27 73 41.104
27 74 72.339
27 75 22.770
27 76 92.049
27 77 66.860
27 78 83.583
27 79 80.420
27 80 34.964
27 81 1.841
27 82 46.334
27 83 82.140
27 84 36.497
27 85 90.276
27 86 79.472
27 87 27.074
27 88 4.537
27 89 87.262
27 90 27.801
27 91 61.138
27 92 96.304
27 93 79.717
27 94 22.045
27 95 32.478
27 96 19.260
27 97 91.397
27 98 66.877
27 99 64.441
27 100 33.623
27 101 45.760
27 102 86.949
27 103 87.100
27 104 71.249
27 105 58.209
27 106 75.031
27 107 5.149
27 108 1.384
27 109 30.131
27 110 28.677
27 111 69.957
27 112 67.624
27 113 21.153
27 114 32.216
27 115 66.613
27 116 92.405
27 117 83.164
27 118 39.436
27 119 23.010
28 29 95.438
28 30 49.902
28 31 38.951
28 32 97.308
28 33 0.714
28 34 89.283
28 35 39.070
28 36 2.568
28 37 13.085
28 38 42.168
28 39 91.844
28 40 82.925
28 41 29.851
28 42 90.869
28 43 87.063
28 44 64.338
28 45 15.436
28 46 23.472
28 47 86.074
28 48 64.797
28 49 7.911
28 50 85.914
28 51 32.632
28 52 63.774
28 53 44.989
28 54 42.774
28 55 73.354
28 56 98.817
28 57 94.107
28 58 99.851
28 59 43.931
28 60 78.339
28 61 46.270
28 62 76.858
28 63 28.873
28 64 73.975
28 65 86.593
28 66 56.957
28 67 82.372
28 68 83.355
28 69 85.787
28 70 81.340
28 71 5.759
28 72 34.662
28 73 66.346
28 74 1.701
28 75 13.093
28 76 38.056
28 77 84.764
28 78 51.211
28 79 80.549
28 80 75.884
28 81 36.837
28 82 45.451
28 83 67.574
28 84 63.487
28 85 36.957
28 86 78.804
28 87 18.204
28 88 5.524
28 89 44.289
28 90 38.911
28 91 99.425
28 92 18.910
28 93 8.787
28 94 22.053
28 95 10.181
28 96 92.781
28 97 88.267
28 98 95.698
28 99 99.362
28 100 8.329
28 101 44.075
28 102 20.973
28 103 64.061
28 104 46.952
28 105 57.370
28 106 17.426
28 107 60.381
28 108 73.799
28 109 20.640
28 110 25.211
28 111 48.275
28 112 95.673
28 113 49.795
28 114 95.709
28 115 9.153
28 116 57.138
28 117 31.018
28 118 20.589
28 119 20.421
29 30 56.774
29 31 63.538
29 32 91.462
29 33 44.647
29 34 36.710
29 35 84.582
29 36 67.513
29 37 92.699
29 38 22.882
29 39 65.990
29 40 16.895
29 41 50.006
29 42 70.888
29 43 53.313
29 44 89.151
29 45 12.978
29 46 2.915
29 47 77.706
29 48 70.588
29 49 68.682
29 50 4.860
29 51 8.501
29 52 72.250
29 53 65.007
29 54 89.613
29 55 30.098
29 56 1.039
29 57 60.855
29 58 22.413
29 59 20.628
29 60 68.516
29 61 16.294
29 62 47.228
29 63 81.835
29 64 99.076
29 65 81.147
29 66 49.333
29 67 19.719
29 68 9.404
29 69 67.157
29 70 38.546
29 71 3.697
29 72 44.524
29 73 43.641
29 74 40.061
29 75 38.398
29 76 72.257
29 77 79.469
29 78 35.340
29 79 66.664
29 80 57.516
29 81 65.233
29 82 4.251
29 83 84.945
29 84 60.640
29 85 88.620
29 86 81.439
29 87 92.994
29 88 29.835
29 89 3.323
29 90 54.866
29 91 18.596
29 92 86.791
29 93 27.189
29 94 2.514
29 95 55.070
29 96 36.692
29 97 28.866
29 98 84.451
29 99 24.363
29 100 69.066
29 101 13.875
29 102 81.751
29 103 31.762
29 104 54.313
29 105 0.793
29 106 1.233
29 107 9.641
29 108 82.267
29 109 86.169
29 110 45.530
29 111 57.085
29 112 33.734
29 113 32.820
29 114 81.677
29 115 69.861
29 116 23.757
29 117 80.304
29 118 28.272
29 119 20.918
30 31 6.195
30 32 68.670
30 33 21.143
30 34 95.454
30 35 83.229
30 36 86.991
30 37 10.573
30 38 6.537
30 39 20.524
30 40 6.703
30 41 89.292
30 42 17.405
30 43 29.047
30 44 36.462
30 45 49.782
30 46 74.745
30 47 37.898
30 48 39.992
30 49 21.868
30 50 13.644
30 51 49.032
30 52 91.324
30 53 47.150
30 54 29.345
30 55 34.374
30 56 2.846
30 57 5.505
30 58 23.552
30 59 8.582
30 60 50.756
30 61 20.712
30 62 23.747
30 63 86.583
30 64 39.797
30 65 37.205
30 66 42.844
30 67 14.036
30 68 94.545
30 69 78.009
30 70 93.444
30 71 40.971
30 72 38.078
30 73 65.109
30 74 96.096
30 75 94.143
30 76 20.500
30 77 7.829
30 78 24.152
30 79 91.982
30 80 89.590
30 81 42.226
30 82 9.180
30 83 37.558
30 84 53.738
30 85 35.079
30 86 90.358
30 87 19.581
30 88 73.391
30 89 49.741
30 90 28.870
30 91 49.232
30 92 31.370
30 93 7.937
30 94 24.053
30 95 61.486
30 96 74.709
30 97 71.546
30 98 61.890
30 99 13.595
30 100 91.097
30 101 11.433
30 102 98.412
30 103 20.527
30 104 81.501
30 105 26.652
30 106 30.672
30 107 77.427
30 108 17.242
30 109 26.586
30 110 36.187
30 111 32.502
30 112 24.575
30 113 91.095
30 114 68.073
30 115 90.302
30 116 22.711
30 117 79.252
30 118 77.580
30 119 44.927
31 32 52.287
31 33 65.998
31 34 98.343
31 35 65.496
31 36 70.428
31 37 47.805
31 38 67.359
31 39 82.076
31 40 55.833
31 41 73.422
31 42 76.584
31 43 49.252
31 44 62.738
31 45 23.817
31 46 45.982
31 47 96.695
31 48 86.139
31 49 86.643
31 50 83.982
31 51 11.287
31 52 52.299
31 53 44.846
31 54 54.504
31 55 33.781
31 56 28.389
31 57 26.503
31 58 1.073
31 59 94.446
31 60 52.981
31 61 43.510
31 62 88.014
31 63 56.818
31 64 25.178
31 65 80.475
31 66 6.302
31 67 86.372
31 68 54.294
31 69 81.946
31 70 57.390
31 71 11.869
31 72 64.330
31 73 26.070
31 74 72.158
31 75 1.101
31 76 67.841
31 77 65.834
31 78 44.121
31 79 29.890
31 80 72.381
31 81 65.247
31 82 56.124
31 83 83.464
31 84 59.333
31 85 57.101
31 86 57.963
31 87 92.692
31 88 79.744
31 89 1.450
31 90 8.740
31 91 74.191
31 92 44.669
31 93 29.448
31 94 32.212
31 95 12.910
31 96 48.588
31 97 15.922
31 98 46.014
31 99 98.599
31 100 53.603
31 101 35.861
31 102 16.330
31 103 3.387
31 104 79.418
31 105 24.930
31 106 58.466
31 107 66.767
31 108 89.506
31 109 82.214
31 110 50.718
31 111 36.356
31 112 37.404
31 113 24.546
31 114 54.064
31 115 98.080
31 116 38.749
31 117 26.136
31 118 33.385
31 119 17.821
32 33 64.440
32 34 54.625
32 35 57.320
32 36 8.034
32 37 8.214
32 38 45.263
32 39 13.282
32 40 27.512
32 41 67.988
32 42 38.620
32 43 11.806
32 44 20.194
32 45 94.451
32 46 44.021
32 47 70.074
32 48 99.816
32 49 2.682
32 50 80.871
32 51 58.365
32 52 91.195
32 53 12.999
32 54 93.082
32 55 65.099
32 56 46.072
32 57 85.740
32 58 28.010
32 59 86.272
32 60 61.682
32 61 41.386
32 62 20.633
32 63 73.302
32 64 43.621
32 65 12.179
32 66 26.130
32 67 79.622
32 68 71.062
32 69 54.320
32 70 99.601
32 71 30.889
32 72 42.000
32 73 60.865
32 74 30.349
32 75 6.196
32 76 98.988
32 77 54.591
32 78 99.966
32 79 58.480
32 80 61.668
32 81 7.395
32 82 48.411
32 83 21.090
32 84 21.432
32 85 28.196
32 86 0.315
32 87 44.519
32 88 85.664
32 89 84.844
32 90 24.972
32 91 82.350
32 92 94.268
32 93 77.207
32 94 77.763
32 95 98.713
32 96 69.577
32 97 58.382
32 98 98.205
32 99 0.903
32 100 2.230
32 101 8.894
32 102 20.404
32 103 10.258
32 104 20.228
32 105 4.782
32 106 85.360
32 107 72.025
32 108 36.160
32 109 84.620
32 110 31.399
32 111 70.628
32 112 18.441
32 113 12.830
32 114 78.939
32 115 60.635
32 116 86.414
32 117 57.021
32 118 18.883
32 119 45.677
33 34 86.315
33 35 45.657
33 36 60.099
33 37 37.657
33 38 65.330
33 39 48.991
33 40 90.786
33 41 6.841
33 42 24.364
33 43 31.006
33 44 60.945
33 45 89.739
33 46 96.649
33 47 52.990
33 48 98.757
33 49 56.184
33 50 68.934
33 51 70.450
33 52 32.353
33 53 49.581
33 54 34.772
33 55 54.175
33 56 0.286
33 57 5.069
33 58 45.277
33 59 83.582
33 60 98.941
33 61 19.132
33 62 1.748
33 63 5.892
33 64 33.200
33 65 91.211
33 66 16.674
33 67 28.176
33 68 7.862
33 69 82.941
33 70 54.884
33 71 11.028
33 72 21.648
33 73 43.880
33 74 55.007
33 75 62.360
33 76 3.031
33 77 33.912
33 78 22.871
33 79 87.747
33 80 57.740
33 81 32.028
33 82 83.157
33 83 39.793
33 84 81.444
33 85 58.730
33 86 73.304
33 87 23.117
33 88 27.953
33 89 55.083
33 90 64.624
33 91 53.879
33 92 13.220
33 93 55.229
33 94 99.502
33 95 43.157
33 96 78.471
33 97 61.207
33 98 40.767
33 99 72.018
33 100 32.016
33 101 78.971
33 102 39.510
33 103 52.804
33 104 38.580
33 105 2.757
33 106 41.042
33 107 25.922
33 108 27.444
33 109 41.283
33 110 65.176
33 111 24.335
33 112 46.271
33 113 63.725
33 114 16.638
33 115 49.014
33 116 96.139
33 117 6.045
33 118 4.191
33 119 37.733
34 35 45.184
34 36 18.929
34 37 72.896
34 38 76.903
34 39 33.118
34 40 57.471
34 41 82.987
34 42 1.540
34 43 47.040
34 44 9.703
34 45 0.908
34 46 51.986
34 47 70.066
34 48 36.157
34 49 3.380
34 50 7.698
34 51 78.693
34 52 45.879
34 53 33.677
34 54 98.156
34 55 92.194
34 56 65.672
34 57 90.851
34 58 98.892
34 59 57.954
34 60 68.791
34 61 77.240
34 62 56.658
34 63 90.311
34 64 16.937
34 65 77.354
34 66 51.915
34 67 67.317
34 68 35.101
34 69 92.135
34 70 99.103
34 71 29.742
34 72 82.674
34 73 6.542
34 74 5.580
34 75 19.735
34 76 6.190
34 77 25.608
34 78 58.640
34 79 42.740
34 80 59.189
34 81 74.300
34 82 86.670
34 83 35.578
34 84 52.891
34 85 19.949
34 86 45.325
34 87 76.039
34 88 57.739
34 89 42.484
34 90 12.467
34 91 74.930
34 92 10.319
34 93 47.350
34 94 36.687
34 95 50.166
34 96 92.778
34 97 88.742
34 98 73.364
34 99 94.346
34 100 42.583
34 101 46.665
34 102 59.512
34 103 12.182
34 104 19.311
34 105 80.321
34 106 24.074
34 107 22.219
34 108 2.117
34 109 62.484
34 110 3.855
34 111 88.468
34 112 16.657
34 113 84.743
34 114 36.953
34 115 71.903
34 116 93.427
34 117 11.889
34 118 35.311
34 119 69.210
35 36 40.862
35 37 55.242
35 38 95.964
35 39 36.723
35 40 75.991
35 41 29.294
35 42 96.538
35 43 81.221
35 44 93.036
35 45 53.860
35 46 34.771
35 47 36.013
35 48 66.100
35 49 64.760
35 50 14.064
35 51 30.740
35 52 75.884
35 53 0.077
35 54 47.514
35 55 6.338
35 56 22.397
35 57 36.174
35 58 51.398
35 59 22.846
35 60 35.689
35 61 57.881
35 62 25.747
35 63 57.012
35 64 24.868
35 65 60.677
35 66 74.432
35 67 89.130
35 68 12.015
35 69 99.159
35 70 0.078
35 71 34.084
35 72 82.074
35 73 15.746
35 74 20.192
35 75 80.272
35 76 42.402
35 77 6.309
35 78 90.014
35 79 61.911
35 80 26.375
35 81 5.299
35 82 84.913
35 83 5.145
35 84 94.308
35 85 1.947
35 86 90.536
35 87 56.464
35 88 81.907
35 89 31.239
35 90 72.483
35 91 23.115
35 92 21.569
35 93 18.626
35 94 48.907
35 95 29.518
35 96 15.091
35 97 95.806
35 98 69.254
35 99 21.144
35 100 67.646
35 101 46.422
35 102 10.242
35 103 27.845
35 104 2.433
35 105 85.136
35 106 36.243
35 107 32.371
35 108 62.917
35 109 21.317
35 110 35.349
35 111 76.575
35 112 75.380
35 113 9.427
35 114 34.744
35 115 77.783
35 116 88.288
35 117 42.238
35 118 19.355
35 119 20.849
36 37 26.995
36 38 0.082
36 39 26.348
36 40 37.630
36 41 2.378
36 42 29.659
36 43 64.636
36 44 84.907
36 45 90.227
36 46 89.239
36 47 13.410
36 48 84.233
36 49 54.561
36 50 63.652
36 51 86.565
36 52 92.763
36 53 22.527
36 54 22.065
36 55 10.962
36 56 32.798
36 57 31.103
36 58 64.279
36 59 55.600
36 60 19.589
36 61 56.591
36 62 77.218
36 63 66.093
36 64 91.913
36 65 6.695
36 66 2.210
36 67 4.209
36 68 67.966
36 69 1.984
36 70 95.853
36 71 65.813
36 72 20.337
36 73 98.613
36 74 52.471
36 75 52.176
36 76 88.131
36 77 7.412
36 78 44.572
36 79 99.419
36 80 21.741
36 81 45.795
36 82 29.197
36 83 28.775
36 84 86.367
36 85 18.416
36 86 62.708
36 87 66.362
36 88 34.029
36 89 60.092
36 90 64.289
36 91 95.349
36 92 90.674
36 93 90.244
36 94 69.329
36 95 45.662
36 96 94.895
36 97 21.952
36 98 17.864
36 99 96.800
36 100 67.862
36 101 40.674
36 102 30.358
36 103 67.854
36 104 90.240
36 105 17.820
36 106 33.394
36 107 95.500
36 108 11.206
36 109 52.544
36 110 11.194
36 111 55.497
36 112 17.098
36 113 41.499
36 114 75.408
36 115 66.157
36 116 42.807
36 117 60.766
36 118 65.233
36 119 23.269
37 38 17.715
37 39 6.752
37 40 12.675
37 41 55.132
37 42 99.792
37 43 83.587
37 44 33.669
37 45 53.639
37 46 66.411
37 47 43.406
37 48 34.727
37 49 32.734
37 50 98.504
37 51 82.847
37 52 56.974
37 53 89.160
37 54 15.877
37 55 74.225
37 56 14.636
37 57 92.002
37 58 95.815
37 59 63.033
37 60 23.444
37 61 7.379
37 62 34.543
37 63 94.813
37 64 55.931
37 65 72.500
37 66 91.703
37 67 43.852
37 68 5.202
37 69 69.382
37 70 91.651
37 71 3.820
37 72 86.537
37 73 12.627
37 74 42.241
37 75 66.131
37 76 57.050
37 77 58.007
37 78 71.685
37 79 55.709
37 80 87.633
37 81 58.967
37 82 77.125
37 83 15.771
37 84 78.556
37 85 46.710
37 86 24.793
37 87 33.357
37 88 70.320
37 89 86.192
37 90 40.896
37 91 75.558
37 92 64.775
37 93 65.129
37 94 84.844
37 95 62.747
37 96 37.989
37 97 6.036
37 98 1.991
37 99 39.561
37 100 95.990
37 101 52.348
37 102 11.749
37 103 17.029
37 104 97.279
37 105 68.845
37 106 98.755
37 107 49.910
37 108 41.854
37 109 13.869
37 110 39.709
37 111 82.200
37 112 5.515
37 113 86.240
37 114 16.574
37 115 40.703
37 116 80.346
37 117 23.331
37 118 38.012
37 119 81.683
38 39 67.515
38 40 28.382
38 41 15.250
38 42 98.820
38 43 56.912
38 44 34.965
38 45 16.022
38 46 82.060
38 47 19.666
38 48 74.377
38 49 50.768
38 50 76.396
38 51 34.186
38 52 97.818
38 53 29.011
38 54 27.235
38 55 64.144
38 56 19.324
38 57 60.597
38 58 14.731
38 59 7.689
38 60 87.757
38 61 66.466
38 62 73.279
38 63 41.183
38 64 66.526
38 65 6.663
38 66 64.394
38 67 87.888
38 68 98.269
38 69 29.507
38 70 21.233
38 71 52.275
38 72 58.382
38 73 95.131
38 74 11.295
38 75 74.013
38 76 56.066
38 77 29.074
38 78 70.141
38 79 72.198
38 80 24.465
38 81 17.146
38 82 43.481
38 83 70.013
38 84 52.522
38 85 61.504
38 86 37.551
38 87 12.753
38 88 50.318
38 89 79.663
38 90 18.428
38 91 18.052
38 92 6.955
38 93 43.149
38 94 19.789
38 95 26.115
38 96 95.468
38 97 20.513
38 98 15.592
38 99 49.932
38 100 2.754
38 101 10.678
38 102 89.233
38 103 60.670
38 104 14.188
38 105 26.848
38 106 83.990
38 107 81.827
38 108 62.394
38 109 18.697
38 110 50.882
38 111 7.250
38 112 57.505
38 113 1.095
38 114 19.566
38 115 2.728
38 116 52.333
38 117 91.326
38 118 5.470
38 119 98.636
39 40 59.988
39 41 43.573
39 42 32.118
39 43 31.987
39 44 33.808
39 45 9.386
39 46 91.395
39 47 50.238
39 48 39.821
39 49 45.904
39 50 86.547
39 51 46.349
39 52 0.565
39 53 39.821
39 54 2.727
39 55 54.824
39 56 65.677
39 57 14.359
39 58 28.193
39 59 1.858
39 60 69.512
39 61 39.007
39 62 5.564
39 63 69.207
39 64 68.913
39 65 67.291
39 66 27.026
39 67 1.041
39 68 15.329
39 69 86.588
39 70 99.998
39 71 55.770
39 72 4.599
39 73 75.776
39 74 0.452
39 75 80.747
39 76 65.046
39 77 31.464
39 78 99.962
39 79 66.716
39 80 89.895
39 81 41.621
39 82 99.514
39 83 21.038
39 84 93.600
39 85 56.599
39 86 28.213
39 87 83.949
39 88 73.295
39 89 31.874
39 90 68.233
39 91 0.522
39 92 86.394
39 93 94.266
39 94 48.729
39 95 52.459
39 96 13.253
39 97 13.965
39 98 10.871
39 99 48.520
39 100 59.867
39 101 48.378
39 102 83.780
39 103 70.111
39 104 69.703
39 105 60.638
39 106 26.872
39 107 69.451
39 108 56.095
39 109 5.549
39 110 87.932
39 111 21.734
39 112 36.994
39 113 18.803
39 114 98.258
39 115 39.838
39 116 52.438
39 117 41.521
39 118 76.268
39 119 70.382
40 41 71.750
40 42 61.447
40 43 39.228
40 44 3.309
40 45 52.247
40 46 54.601
40 47 29.067
40 48 43.681
40 49 94.180
40 50 66.750
40 51 42.746
40 52 14.003
40 53 47.642
40 54 82.739
40 55 20.232
40 56 78.134
40 57 66.336
40 58 93.552
40 59 83.862
40 60 3.749
40 61 70.396
40 62 85.910
40 63 41.708
40 64 9.282
40 65 75.859
40 66 47.290
40 67 64.554
40 68 73.438
40 69 71.910
40 70 0.408
40 71 21.178
40 72 20.617
40 73 78.704
40 74 55.576
40 75 9.842
40 76 33.942
40 77 98.325
40 78 96.727
40 79 55.287
40 80 89.126
40 81 79.381
40 82 97.529
40 83 49.936
40 84 47.006
40 85 51.760
40 86 97.641
40 87 5.667
40 88 90.362
40 89 52.208
40 90 56.022
40 91 48.203
40 92 41.479
40 93 53.721
40 94 38.142
40 95 30.026
40 96 50.942
40 97 32.110
40 98 86.969
40 99 59.699
40 100 5.287
40 101 51.662
40 102 73.870
40 103 45.566
40 104 61.343
40 105 28.464
40 106 24.802
40 107 30.038
40 108 78.538
40 109 34.746
40 110 69.674
40 111 47.000
40 112 86.901
40 113 40.519
40 114 68.283
40 115 69.371
40 116 98.137
40 117 49.800
40 118 24.950
40 119 26.427
41 42 39.908
41 43 77.895
41 44 15.774
41 45 61.230
41 46 69.325
41 47 33.488
41 48 17.386
41 49 67.342
41 50 0.674
41 51 14.685
41 52 44.125
41 53 91.006
41 54 64.503
41 55 1.721
41 56 71.774
41 57 10.023
41 58 0.477
41 59 30.671
41 60 50.306
41 61 3.832
41 62 74.766
41 63 62.309
41 64 85.504
41 65 10.596
41 66 4.262
41 67 18.169
41 68 99.937
41 69 26.627
41 70 64.504
41 71 41.880
41 72 67.405
41 73 41.009
41 74 56.003
41 75 58.029
41 76 51.843
41 77 14.079
41 78 4.482
41 79 43.080
41 80 71.558
41 81 2.203
41 82 74.596
41 83 93.285
41 84 52.786
41 85 3.315
41 86 83.784
41 87 73.065
41 88 32.724
41 89 47.736
41 90 13.200
41 91 53.995
41 92 21.503
41 93 87.047
41 94 26.012
41 95 9.309
41 96 35.037
41 97 40.128
41 98 19.891
41 99 11.765
41 100 66.208
41 101 39.934
41 102 60.124
41 103 93.727
41 104 70.590
41 105 87.195
41 106 62.537
41 107 67.489
41 108 4.676
41 109 57.948
41 110 21.315
41 111 71.158
41 112 69.562
41 113 30.632
41 114 5.777
41 115 0.811
41 116 81.072
41 117 95.496
41 118 82.320
41 119 13.187
42 43 8.525
42 44 84.114
42 45 52.995
42 46 34.825
42 47 98.647
42 48 10.068
42 49 40.533
42 50 93.353
42 51 28.572
42 52 43.183
42 53 91.186
42 54 94.538
42 55 12.456
42 56 49.175
42 57 11.334
42 58 4.742
42 59 19.904
42 60 14.182
42 61 1.592
42 62 62.597
42 63 51.230
42 64 39.347
42 65 3.016
42 66 35.981
42 67 54.523
42 68 34.503
42 69 24.014
42 70 60.809
42 71 62.543
42 72 61.950
42 73 73.699
42 74 46.660
42 75 73.664
42 76 81.422
42 77 87.676
42 78 10.960
42 79 0.421
42 80 25.594
42 81 95.621
42 82 8.181
42 83 61.611
42 84 91.766
42 85 46.542
42 86 53.458
42 87 99.527
42 88 69.895
42 89 77.202
42 90 1.064
42 91 62.536
42 92 39.707
42 93 81.976
42 94 27.302
42 95 5.065
42 96 60.352
42 97 18.268
42 98 84.721
42 99 22.002
42 100 44.923
42 101 60.625
42 102 39.909
42 103 52.544
42 104 59.113
42 105 98.822
42 106 80.707
42 107 59.777
42 108 8.406
42 109 60.429
42 110 80.301
42 111 16.539
42 112 81.392
42 113 26.764
42 114 35.474
42 115 5.582
42 116 98.178
42 117 2.643
42 118 54.177
42 119 72.604
43 44 72.301
43 45 94.938
43 46 53.639
43 47 54.436
43 48 32.182
43 49 52.760
43 50 44.379
43 51 41.449
43 52 63.861
43 53 22.901
43 54 17.777
43 55 23.222
43 56 30.606
43 57 78.227
43 58 25.269
43 59 9.555
43 60 96.965
43 61 83.808
43 62 35.764
43 63 15.121
43 64 34.923
43 65 75.843
43 66 84.542
43 67 45.344
43 68 18.054
43 69 41.803
43 70 81.681
43 71 23.558
43 72 15.896
43 73 6.739
43 74 30.969
43 75 55.051
43 76 85.268
43 77 50.302
43 78 21.287
43 79 32.290
43 80 17.818
43 81 1.812
43 82 91.614
43 83 47.448
43 84 43.845
43 85 86.557
43 86 38.095
43 87 93.289
43 88 11.258
43 89 25.526
43 90 27.015
43 91 1.540
43 92 55.527
43 93 22.909
43 94 1.050
43 95 89.053
43 96 51.571
43 97 10.949
43 98 17.860
43 99 56.402
43 100 91.745
43 101 60.094
43 102 39.824
43 103 10.986
43 104 65.448
43 105 3.936
43 106 1.670
43 107 67.267
43 108 25.342
43 109 73.013
43 110 18.764
43 111 10.492
43 112 12.757
43 113 79.332
43 114 62.999
43 115 97.029
43 116 80.606
43 117 44.347
43 118 25.484
43 119 4.419
44 45 95.952
44 46 17.100
44 47 5.680
44 48 37.292
44 49 26.371
44 50 86.418
44 51 15.128
44 52 41.496
44 53 14.317
44 54 51.252
44 55 60.610
44 56 78.104
44 57 21.963
44 58 76.668
44 59 76.325
44 60 61.402
44 61 85.297
44 62 29.481
44 63 7.622
44 64 70.525
44 65 50.744
44 66 57.163
44 67 9.836
44 68 3.113
44 69 80.197
44 70 46.390
44 71 14.925
44 72 51.155
44 73 1.025
44 74 73.512
44 75 35.929
44 76 44.153
44 77 46.509
44 78 38.186
44 79 24.649
44 80 22.779
44 81 79.119
44 82 53.578
44 83 71.479
44 84 77.414
44 85 14.125
44 86 51.767
44 87 38.014
44 88 10.261
44 89 64.291
44 90 51.389
44 91 42.814
44 92 57.162
44 93 7.715
44 94 26.047
44 95 78.615
44 96 35.829
44 97 40.375
44 98 6.626
44 99 25.337
44 100 70.879
44 101 12.527
44 102 48.455
44 103 37.366
44 104 82.884
44 105 63.823
44 106 95.082
44 107 25.912
44 108 18.587
44 109 65.875
44 110 74.463
44 111 27.601
44 112 42.498
44 113 52.950
44 114 70.494
44 115 49.060
44 116 6.288
44 117 71.587
44 118 23.054
44 119 3.852
45 46 61.702
45 47 8.148
45 48 23.120
45 49 12.952
45 50 85.157
45 51 59.666
45 52 86.014
45 53 22.825
45 54 37.752
45 55 97.818
45 56 5.465
45 57 6.240
45 58 93.140
45 59 38.448
45 60 13.937
45 61 50.081
45 62 27.467
45 63 69.808
45 64 0.538
45 65 1.724
45 66 80.591
45 67 11.500
45 68 66.836
45 69 40.946
45 70 65.816
45 71 73.104
45 72 33.042
45 73 67.876
45 74 26.581
45 75 56.550
45 76 42.256
45 77 49.154
45 78 12.873
45 79 99.546
45 80 48.877
45 81 44.241
45 82 77.540
45 83 88.684
45 84 18.762
45 85 41.757
45 86 73.294
45 87 80.343
45 88 13.347
45 89 71.725
45 90 64.846
45 91 55.110
45 92 77.718
45 93 23.797
45 94 57.443
45 95 97.135
45 96 3.472
45 97 93.785
45 98 83.032
45 99 33.720
45 100 91.228
45 101 1.269
45 102 78.322
45 103 92.382
45 104 94.781
45 105 69.547
45 106 35.220
45 107 32.745
45 108 89.128
45 109 35.892
45 110 3.432
45 111 88.844
45 112 67.991
45 113 64.848
45 114 77.448
45 115 13.749
45 116 42.948
45 117 70.188
45 118 5.720
45 119 52.912
46 47 85.950
46 48 12.241
46 49 18.515
46 50 85.234
46 51 29.690
46 52 26.402
46 53 82.740
46 54 61.554
46 55 16.245
46 56 55.959
46 57 56.997
46 58 39.130
46 59 63.355
46 60 7.774
46 61 38.172
46 62 57.655
46 63 99.860
46 64 22.869
46 65 62.060
46 66 27.419
46 67 7.080
46 68 55.672
46 69 44.849
46 70 3.500
46 71 91.268
46 72 85.413
46 73 29.724
46 74 1.168
46 75 3.798
46 76 41.105
46 77 33.414
46 78 67.180
46 79 20.372
46 80 7.574
46 81 71.209
46 82 59.247
46 83 88.286
46 84 94.140
46 85 75.770
46 86 1.669
46 87 51.651
46 88 89.871
46 89 15.016
46 90 78.971
46 91 68.520
46 92 99.719
46 93 57.440
46 94 1.365
46 95 40.931
46 96 54.386
46 97 29.363
46 98 25.958
46 99 89.205
46 100 13.422
46 101 58.004
46 102 45.827
46 103 15.154
46 104 35.871
46 105 96.640
46 106 65.457
46 107 15.387
46 108 75.652
46 109 83.725
46 110 65.501
46 111 25.547
46 112 69.917
46 113 96.508
46 114 22.406
46 115 99.018
46 116 27.799
46 117 21.528
46 118 89.191
46 119 49.573
47 48 94.219
47 49 79.284
47 50 62.500
47 51 16.393
47 52 58.865
47 53 8.461
47 54 58.031
47 55 42.058
47 56 3.953
47 57 36.267
47 58 91.523
47 59 89.319
47 60 36.087
47 61 35.783
47 62 15.744
47 63 60.885
47 64 27.269
47 65 98.621
47 66 95.214
47 67 27.927
47 68 98.064
47 69 31.812
47 70 9.933
47 71 17.647
47 72 11.930
47 73 21.476
47 74 66.929
47 75 58.014
47 76 13.904
47 77 92.690
47 78 64.187
47 79 28.645
47 80 39.100
47 81 34.884
47 82 95.377
47 83 20.800
47 84 36.910
47 85 55.182
47 86 5.748
47 87 66.627
47 88 5.305
47 89 68.261
47 90 9.673
47 91 57.992
47 92 6.320
47 93 30.674
47 94 58.532
47 95 38.657
47 96 38.579
47 97 79.963
47 98 4.001
47 99 20.051
47 100 75.615
47 101 44.496
47 102 36.239
47 103 40.498
47 104 39.812
47 105 48.643
47 106 89.124
47 107 60.549
47 108 70.908
47 109 49.709
47 110 95.340
47 111 62.912
47 112 65.316
47 113 8.010
47 114 43.037
47 115 4.504
47 116 7.936
47 117 9.508
47 118 32.699
47 119 50.258
48 49 91.620
48 50 31.654
48 51 57.996
48 52 3.589
48 53 21.172
48 54 67.372
48 55 37.591
48 56 36.782
48 57 28.514
48 58 99.563
48 59 6.223
48 60 16.100
48 61 83.555
48 62 49.106
48 63 32.893
48 64 10.990
48 65 71.364
48 66 2.970
48 67 71.518
48 68 74.582
48 69 20.381
48 70 65.916
48 71 65.202
48 72 83.492
48 73 8.698
48 74 69.188
48 75 19.074
48 76 28.992
48 77 45.849
48 78 12.652
48 79 28.650
48 80 58.711
48 81 26.088
48 82 13.054
48 83 0.740
48 84 78.298
48 85 75.783
48 86 80.366
48 87 32.185
48 88 35.847
48 89 72.349
48 90 46.634
48 91 18.008
48 92 28.405
48 93 95.054
48 94 27.324
48 95 45.083
48 96 89.484
48 97 79.057
48 98 3.825
48 99 89.985
48 100 39.292
48 101 83.208
48 102 77.613
48 103 80.443
48 104 5.233
48 105 49.417
48 106 61.502
48 107 98.619
48 108 49.261
48 109 26.818
48 110 41.480
48 111 1.460
48 112 70.800
48 113 57.478
48 114 63.834
48 115 8.438
48 116 89.171
48 117 72.075
48 118 76.545
48 119 60.206
49 50 47.876
49 51 23.733
49 52 81.433
49 53 83.083
49 54 24.574
49 55 96.142
49 56 34.037
49 57 3.714
49 58 75.224
49 59 58.098
49 60 61.957
49 61 45.876
49 62 88.613
49 63 0.772
49 64 59.175
49 65 7.112
49 66 78.374
49 67 86.304
49 68 53.812
49 69 56.715
49 70 93.603
49 71 56.718
49 72 39.860
49 73 18.585
49 74 86.303
49 75 0.702
49 76 9.608
49 77 2.540
49 78 34.158
49 79 52.443
49 80 22.794
49 81 25.922
49 82 80.490
49 83 1.507
49 84 0.983
49 85 23.655
49 86 19.778
49 87 25.651
49 88 41.180
49 89 79.415
49 90 26.747
49 91 19.496
49 92 1.463
49 93 23.147
49 94 99.767
49 95 81.152
49 96 23.143
49 97 30.884
49 98 65.208
49 99 36.166
49 100 18.982
49 101 31.701
49 102 68.388
49 103 23.575
49 104 75.010
49 105 73.577
49 106 58.869
49 107 42.383
49 108 84.703
49 109 25.041
49 110 63.139
49 111 58.447
49 112 58.589
49 113 92.730
49 114 26.066
49 115 1.523
49 116 29.791
49 117 16.287
49 118 94.035
49 119 40.157
50 51 6.590
50 52 61.541
50 53 7.294
50 54 8.129
50 55 6.768
50 56 70.488
50 57 66.801
50 58 70.310
50 59 45.327
50 60 42.319
50 61 41.739
50 62 58.100
50 63 37.098
50 64 13.589
50 65 87.853
50 66 74.999
50 67 18.843
50 68 77.592
50 69 53.931
50 70 71.421
50 71 91.633
50 72 33.109
50 73 63.961
50 74 14.501
50 75 33.595
50 76 80.916
50 77 75.899
50 78 33.454
50 79 35.579
50 80 92.784
50 81 34.495
50 82 3.920
50 83 67.847
50 84 62.175
50 85 55.217
50 86 45.811
50 87 94.594
50 88 8.453
50 89 99.124
50 90 48.287
50 91 14.901
50 92 47.115
50 93 24.341
50 94 2.813
50 95 23.693
50 96 57.441
50 97 28.882
50 98 20.635
50 99 54.319
50 100 75.893
50 101 31.617
50 102 34.558
50 103 85.570
50 104 18.714
50 105 73.476
50 106 36.567
50 107 70.268
50 108 90.402
50 109 59.362
50 110 82.616
50 111 69.997
50 112 66.062
50 113 2.725
50 114 3.826
50 115 61.124
50 116 45.135
50 117 79.396
50 118 99.356
50 119 10.929
51 52 61.586
51 53 45.037
51 54 50.388
51 55 9.498
51 56 1.358
51 57 21.423
51 58 86.934
51 59 82.969
51 60 21.751
51 61 10.798
51 62 59.597
51 63 6.789
51 64 89.354
51 65 54.656
51 66 16.949
51 67 83.817
51 68 53.259
51 69 13.571
51 70 65.845
51 71 51.446
51 72 48.504
51 73 8.063
51 74 96.783
51 75 34.354
51 76 81.035
51 77 26.995
51 78 89.328
51 79 65.039
51 80 79.977
51 81 79.639
51 82 73.647
51 83 53.009
51 84 15.556
51 85 40.272
51 86 13.380
51 87 95.313
51 88 71.782
51 89 10.085
51 90 92.334
51 91 86.021
51 92 31.821
51 93 0.140
51 94 32.913
51 95 0.345
51 96 80.963
51 97 21.292
51 98 47.722
51 99 0.279
51 100 57.208
51 101 52.208
51 102 27.465
51 103 32.953
51 104 82.685
51 105 45.008
51 106 98.004
51 107 70.337
51 108 90.491
51 109 19.564
51 110 37.390
51 111 69.494
51 112 20.997
51 113 92.101
51 114 29.701
51 115 16.280
51 116 99.277
51 117 81.529
51 118 46.680
51 119 52.197
52 53 21.019
52 54 37.781
52 55 90.443
52 56 74.057
52 57 68.143
52 58 40.455
52 59 0.965
52 60 39.166
52 61 47.327
52 62 23.192
52 63 30.549
52 64 4.940
52 65 94.712
52 66 89.454
52 67 14.179
52 68 81.192
52 69 18.309
52 70 98.763
52 71 19.416
52 72 75.732
52 73 55.969
52 74 18.963
52 75 42.424
52 76 69.531
52 77 11.239
52 78 59.692
52 79 27.737
52 80 66.379
52 81 92.046
52 82 25.006
52 83 28.547
52 84 23.756
52 85 17.851
52 86 48.975
52 87 91.563
52 88 86.624
52 89 79.775
52 90 7.080
52 91 45.933
52 92 13.865
52 93 35.176
52 94 28.359
52 95 99.211
52 96 8.333
52 97 93.242
52 98 68.523
52 99 95.049
52 100 35.747
52 101 1.394
52 102 42.609
52 103 67.064
52 104 45.149
52 105 73.641
52 106 57.280
52 107 31.235
52 108 84.174
52 109 11.494
52 110 27.482
52 111 95.240
52 112 36.102
52 113 55.666
52 114 9.936
52 115 27.271
52 116 92.448
52 117 72.471
52 118 36.807
52 119 19.184
53 54 14.826
53 55 22.722
53 56 86.927
53 57 99.233
53 58 32.841
53 59 82.864
53 60 89.038
53 61 98.165
53 62 71.010
53 63 88.215
53 64 11.804
53 65 49.145
53 66 96.974
53 67 46.368
53 68 58.706
53 69 6.717
53 70 35.745
53 71 25.189
53 72 52.448
53 73 2.962
53 74 0.281
53 75 54.308
53 76 63.120
53 77 20.029
53 78 47.379
53 79 91.575
53 80 7.124
53 81 47.371
53 82 79.682
53 83 96.730
53 84 19.747
53 85 9.308
53 86 79.551
53 87 23.314
53 88 83.270
53 89 93.959
53 90 78.621
53 91 86.878
53 92 74.630
53 93 88.108
53 94 38.021
53 95 92.625
53 96 81.901
53 97 24.229
53 98 38.607
53 99 8.818
53 100 27.252
53 101 75.682
53 102 57.945
53 103 53.686
53 104 25.527
53 105 94.016
53 106 41.387
53 107 22.982
53 108 2.236
53 109 68.323
53 110 58.245
53 111 22.980
53 112 92.482
53 113 0.779
53 114 70.912
53 115 89.394
53 116 43.261
53 117 34.753
53 118 34.695
53 119 66.584
54 55 45.529
54 56 42.327
54 57 89.212
54 58 93.339
54 59 29.598
54 60 76.548
54 61 98.380
54 62 91.671
54 63 67.665
54 64 20.452
54 65 45.348
54 66 83.253
54 67 40.644
54 68 19.625
54 69 91.167
54 70 64.472
54 71 42.993
54 72 68.025
54 73 61.556
54 74 55.582
54 75 18.855
54 76 27.808
54 77 34.814
54 78 1.978
54 79 45.561
54 80 3.035
54 81 65.739
54 82 46.396
54 83 6.467
54 84 54.483
54 85 95.376
54 86 9.650
54 87 24.053
54 88 38.113
54 89 64.446
54 90 14.504
54 91 56.382
54 92 73.365
54 93 69.543
54 94 62.386
54 95 95.233
54 96 99.042
54 97 75.471
54 98 25.846
54 99 42.636
54 100 54.381
54 101 24.541
54 102 51.034
54 103 84.019
54 104 30.777
54 105 64.226
54 106 73.935
54 107 20.809
54 108 75.700
54 109 48.249
54 110 41.695
54 111 73.090
54 112 94.479
54 113 53.008
54 114 96.094
54 115 13.796
54 116 87.913
54 117 91.167
54 118 20.089
54 119 49.911
55 56 84.098
55 57 97.328
55 58 70.273
55 59 23.307
55 60 71.381
55 61 6.877
55 62 18.264
55 63 64.059
55 64 15.998
55 65 48.416
55 66 2.200
55 67 92.501
55 68 52.777
55 69 22.635
55 70 45.887
55 71 32.760
55 72 70.154
55 73 46.057
55 74 37.640
55 75 70.141
55 76 71.820
55 77 96.740
55 78 73.403
55 79 57.509
55 80 86.441
55 81 10.904
55 82 59.521
55 83 51.653
55 84 14.232
55 85 44.313
55 86 39.321
55 87 39.670
55 88 44.507
55 89 30.387
55 90 54.693
55 91 97.490
55 92 51.926
55 93 38.135
55 94 78.893
55 95 7.952
55 96 80.778
55 97 57.385
55 98 60.091
55 99 54.193
55 100 56.442
55 101 16.177
55 102 96.450
55 103 95.644
55 104 21.083
55 105 65.780
55 106 23.066
55 107 28.524
55 108 76.648
55 109 52.472
55 110 28.660
55 111 30.503
55 112 32.431
55 113 32.048
55 114 35.637
55 115 90.077
55 116 96.717
55 117 72.954
55 118 70.985
55 119 25.185
56 57 22.449
56 58 37.017
56 59 27.459
56 60 2.757
56 61 15.403
56 62 22.926
56 63 64.581
56 64 81.109
56 65 39.994
56 66 6.945
56 67 27.232
56 68 10.501
56 69 12.631
56 70 17.775
56 71 65.925
56 72 43.651
56 73 55.469
56 74 38.043
56 75 27.361
56 76 27.661
56 77 94.401
56 78 33.597
56 79 46.432
56 80 71.542
56 81 24.336
56 82 73.599
56 83 11.592
56 84 9.402
56 85 32.050
56 86 19.349
56 87 94.319
56 88 8.383
56 89 62.362
56 90 27.831
56 91 30.420
56 92 2.545
56 93 36.857
56 94 37.191
56 95 15.984
56 96 69.154
56 97 86.102
56 98 75.622
56 99 34.017
56 100 2.216
56 101 36.033
56 102 62.644
56 103 59.180
56 104 79.600
56 105 97.141
56 106 52.260
56 107 97.452
56 108 64.703
56 109 41.093
56 110 1.211
56 111 5.225
56 112 31.409
56 113 13.603
56 114 32.350
56 115 97.968
56 116 51.914
56 117 24.635
56 118 3.097
56 119 2.536
57 58 41.049
57 59 77.452
57 60 82.007
57 61 29.085
57 62 7.821
57 63 46.537
57 64 82.673
57 65 38.738
57 66 25.167
57 67 91.093
57 68 3.498
57 69 61.284
57 70 92.287
57 71 95.594
57 72 74.325
57 73 73.621
57 74 30.436
57 75 61.793
57 76 16.458
57 77 84.053
57 78 22.658
57 79 37.602
57 80 81.325
57 81 80.210
57 82 80.742
57 83 57.439
57 84 44.824
57 85 89.044
57 86 98.515
57 87 85.913
57 88 99.363
57 89 66.208
57 90 29.608
57 91 2.136
57 92 3.633
57 93 79.122
57 94 9.984
57 95 35.467
57 96 21.392
57 97 73.086
57 98 30.725
57 99 65.184
57 100 4.813
57 101 13.063
57 102 54.983
57 103 26.330
57 104 55.410
57 105 75.079
57 106 64.512
57 107 21.926
57 108 26.124
57 109 20.664
57 110 15.795
57 111 27.739
57 112 11.834
57 113 25.359
57 114 83.566
57 115 89.996
57 116 12.374
57 117 48.039
57 118 70.380
57 119 58.679
58 59 42.096
58 60 21.641
58 61 64.912
58 62 69.482
58 63 3.056
58 64 17.864
58 65 38.781
58 66 86.010
58 67 35.115
58 68 88.507
58 69 81.933
58 70 40.511
58 71 5.556
58 72 14.330
58 73 90.051
58 74 66.145
58 75 3.263
58 76 98.681
58 77 33.877
58 78 96.784
58 79 58.054
58 80 27.578
58 81 60.064
58 82 21.310
58 83 14.494
58 84 80.566
58 85 95.827
58 86 18.565
58 87 51.278
58 88 17.377
58 89 55.620
58 90 66.400
58 91 52.256
58 92 84.257
58 93 77.029
58 94 13.650
58 95 3.233
58 96 80.816
58 97 45.212
58 98 27.436
58 99 9.830
58 100 3.345
58 101 0.464
58 102 79.819
58 103 6.070
58 104 33.766
58 105 61.878
58 106 17.645
58 107 50.743
58 108 74.736
58 109 41.561
58 110 67.304
58 111 89.200
58 112 40.884
58 113 68.498
58 114 62.187
58 115 91.896
58 116 3.781
58 117 88.929
58 118 44.769
58 119 67.838
59 60 53.932
59 61 60.939
59 62 87.528
59 63 91.034
59 64 86.968
59 65 15.020
59 66 97.336
59 67 71.074
59 68 43.154
59 69 9.446
59 70 16.484
59 71 45.219
59 72 29.438
59 73 69.588
59 74 10.155
59 75 68.642
59 76 31.504
59 77 63.654
59 78 34.959
59 79 31.929
59 80 79.606
59 81 33.856
59 82 16.051
59 83 40.518
59 84 66.474
59 85 71.627
59 86 21.374
59 87 49.431
59 88 28.139
59 89 98.270
59 90 10.751
59 91 58.481
59 92 89.287
59 93 88.299
59 94 54.819
59 95 38.074
59 96 43.560
59 97 51.732
59 98 64.210
59 99 73.791
59 100 86.231
59 101 73.727
59 102 42.935
59 103 89.131
59 104 41.748
59 105 95.212
59 106 81.556
59 107 30.109
59 108 31.889
59 109 6.525
59 110 35.550
59 111 72.838
59 112 11.595
59 113 17.607
59 114 92.162
59 115 45.814
59 116 59.040
59 117 62.885
59 118 15.068
59 119 42.271
60 61 44.085
60 62 96.773
60 63 70.367
60 64 34.851
60 65 14.986
60 66 36.574
60 67 79.649
60 68 94.699
60 69 37.070
60 70 13.579
60 71 16.361
60 72 60.247
60 73 89.083
60 74 0.286
60 75 60.175
60 76 97.053
60 77 72.988
60 78 91.911
60 79 50.745
60 80 39.447
60 81 21.228
60 82 33.759
60 83 37.036
60 84 7.153
60 85 91.817
60 86 2.494
60 87 1.285
60 88 45.593
60 89 26.084
60 90 69.027
60 91 47.733
60 92 47.338
60 93 6.507
60 94 93.427
60 95 85.377
60 96 73.908
60 97 92.788
60 98 28.213
60 99 1.330
60 100 12.131
60 101 33.163
60 102 35.327
60 103 16.735
60 104 67.304
60 105 44.929
60 106 54.249
60 107 40.759
60 108 16.583
60 109 33.251
60 110 93.970
60 111 89.820
60 112 20.378
60 113 70.546
60 114 59.903
60 115 19.002
60 116 16.941
60 117 90.085
60 118 68.317
60 119 20.527
61 62 5.910
61 63 56.920
61 64 45.530
61 65 80.161
61 66 60.276
61 67 66.862
61 68 56.818
61 69 46.640
61 70 93.029
61 71 89.921
61 72 60.904
61 73 61.427
61 74 44.714
61 75 18.515
61 76 39.881
61 77 16.578
61 78 51.167
61 79 2.678
61 80 11.549
61 81 56.982
61 82 96.904
61 83 54.641
61 84 91.411
61 85 19.943
61 86 58.957
61 87 83.338
61 88 34.947
61 89 9.822
61 90 98.378
61 91 75.781
61 92 57.282
61 93 38.384
61 94 62.210
61 95 76.678
61 96 97.011
61 97 22.539
61 98 17.424
61 99 30.306
61 100 63.664
61 101 20.297
61 102 50.103
61 103 39.337
61 104 84.227
61 105 3.075
61 106 28.137
61 107 64.187
61 108 43.071
61 109 7.879
61 110 43.735
61 111 33.432
61 112 91.838
61 113 86.444
61 114 23.257
61 115 60.899
61 116 91.033
61 117 70.038
61 118 16.180
61 119 68.324
62 63 33.478
62 64 98.468
62 65 52.472
62 66 93.741
62 67 91.286
62 68 19.695
62 69 88.183
62 70 25.307
62 71 22.632
62 72 52.520
62 73 42.792
62 74 37.825
62 75 72.354
62 76 18.973
62 77 68.629
62 78 24.963
62 79 1.318
62 80 95.291
62 81 82.656
62 82 14.010
62 83 83.431
62 84 0.807
62 85 33.949
62 86 21.988
62 87 16.392
62 88 42.613
62 89 76.411
62 90 62.036
62 91 2.447
62 92 60.475
62 93 65.575
62 94 37.205
62 95 68.848
62 96 71.335
62 97 0.785
62 98 65.132
62 99 14.203
62 100 95.574
62 101 89.606
62 102 61.579
62 103 86.512
62 104 58.282
62 105 20.027
62 106 73.359
62 107 21.479
62 108 97.960
62 109 87.813
62 110 91.960
62 111 95.531
62 112 82.296
62 113 41.320
62 114 97.957
62 115 76.994
62 116 26.158
62 117 74.137
62 118 83.345
62 119 91.027
63 64 30.396
63 65 17.137
63 66 73.957
63 67 49.108
63 68 11.765
63 69 55.801
63 70 27.412
63 71 32.326
63 72 74.051
63 73 26.155
63 74 13.332
63 75 59.165
63 76 78.355
63 77 23.195
63 78 92.095
63 79 13.139
63 80 6.602
63 81 89.392
63 82 95.937
63 83 53.370
63 84 76.411
63 85 37.668
63 86 81.970
63 87 82.093
63 88 57.831
63 89 3.188
63 90 70.527
63 91 97.069
63 92 62.792
63 93 11.364
63 94 4.206
63 95 14.003
63 96 26.703
63 97 95.682
63 98 63.094
63 99 4.354
63 100 78.254
63 101 98.247
63 102 49.864
63 103 57.264
63 104 98.293
63 105 38.419
63 106 14.804
63 107 40.855
63 108 1.536
63 109 40.451
63 110 25.287
63 111 7.776
63 112 35.915
63 113 69.736
63 114 96.800
63 115 62.629
63 116 83.534
63 117 39.109
63 118 93.376
63 119 84.771
64 65 64.468
64 66 11.556
64 67 74.122
64 68 79.028
64 69 90.077
64 70 43.779
64 71 9.484
64 72 8.939
64 73 86.016
64 74 86.240
64 75 16.031
64 76 52.440
64 77 6.809
64 78 79.629
64 79 61.720
64 80 8.255
64 81 93.610
64 82 65.138
64 83 74.983
64 84 72.784
64 85 84.714
64 86 56.507
64 87 50.423
64 88 1.876
64 89 74.387
64 90 5.467
64 91 81.534
64 92 69.670
64 93 29.780
64 94 29.052
64 95 66.554
64 96 37.525
64 97 17.933
64 98 57.178
64 99 27.425
64 100 50.095
64 101 65.326
64 102 1.961
64 103 53.801
64 104 82.724
64 105 70.949
64 106 46.426
64 107 34.137
64 108 74.571
64 109 20.512
64 110 99.587
64 111 64.136
64 112 95.293
64 113 4.234
64 114 67.315
64 115 29.148
64 116 9.581
64 117 23.533
64 118 43.977
64 119 41.608
65 66 23.488
65 67 82.979
65 68 38.524
65 69 77.197
65 70 19.252
65 71 3.036
65 72 10.510
65 73 94.124
65 74 11.172
65 75 56.416
65 76 6.488
65 77 38.783
65 78 84.127
65 79 26.248
65 80 55.269
65 81 37.997
65 82 8.421
65 83 7.824
65 84 1.746
65 85 53.192
65 86 59.940
65 87 27.352
65 88 33.285
65 89 25.013
65 90 12.935
65 91 30.895
65 92 80.121
65 93 68.304
65 94 14.278
65 95 4.621
65 96 51.802
65 97 86.792
65 98 92.669
65 99 23.509
65 100 5.350
65 101 64.449
65 102 4.009
65 103 89.816
65 104 27.695
65 105 56.210
65 106 65.047
65 107 14.896
65 108 54.825
65 109 44.579
65 110 81.398
65 111 18.377
65 112 43.188
65 113 50.634
65 114 33.182
65 115 67.228
65 116 55.074
65 117 88.018
65 118 41.763
65 119 53.917
66 67 19.004
66 68 26.756
66 69 4.458
66 70 17.644
66 71 78.618
66 72 90.061
66 73 50.592
66 74 45.533
66 75 49.098
66 76 41.772
66 77 41.893
66 78 51.727
66 79 58.865
66 80 34.681
66 81 12.995
66 82 21.452
66 83 66.111
66 84 80.686
66 85 23.661
66 86 24.446
66 87 4.655
66 88 72.618
66 89 73.391
66 90 47.523
66 91 31.680
66 92 34.495
66 93 11.158
66 94 69.585
66 95 21.119
66 96 2.106
66 97 58.310
66 98 4.082
66 99 70.745
66 100 39.027
66 101 51.021
66 102 63.662
66 103 68.480
66 104 74.511
66 105 0.213
66 106 59.693
66 107 94.006
66 108 9.196
66 109 61.466
66 110 35.374
66 111 15.438
66 112 72.141
66 113 5.210
66 114 45.287
66 115 77.653
66 116 28.438
66 117 78.361
66 118 36.562
66 119 68.790
67 68 30.501
67 69 52.576
67 70 57.209
67 71 94.525
67 72 78.091
67 73 61.409
67 74 15.721
67 75 85.903
67 76 2.246
67 77 38.946
67 78 42.704
67 79 15.823
67 80 16.496
67 81 85.825
67 82 60.082
67 83 1.715
67 84 85.109
67 85 5.088
67 86 46.335
67 87 27.536
67 88 42.566
67 89 69.927
67 90 97.253
67 91 26.862
67 92 61.067
67 93 8.139
67 94 20.864
67 95 30.706
67 96 3.612
67 97 13.993
67 98 72.467
67 99 98.615
67 100 19.006
67 101 27.198
67 102 31.114
67 103 19.675
67 104 32.168
67 105 50.810
67 106 42.432
67 107 91.232
67 108 58.155
67 109 15.162
67 110 4.312
67 111 57.466
67 112 21.598
67 113 33.275
67 114 51.802
67 115 17.391
67 116 94.552
67 117 34.708
67 118 5.441
67 119 92.419
68 69 75.243
68 70 9.467
68 71 83.291
68 72 77.323
68 73 17.814
68 74 41.290
68 75 41.121
68 76 85.240
68 77 88.870
68 78 60.559
68 79 97.438
68 80 37.310
68 81 70.468
68 82 1.063
68 83 20.514
68 84 40.601
68 85 51.204
68 86 1.967
68 87 3.047
68 88 44.167
68 89 47.107
68 90 56.614
68 91 26.797
68 92 62.413
68 93 72.288
68 94 73.136
68 95 24.305
68 96 7.354
68 97 35.655
68 98 78.391
68 99 77.690
68 100 76.949
68 101 74.451
68 102 66.336
68 103 55.611
68 104 5.374
68 105 47.983
68 106 64.723
68 107 78.577
68 108 92.912
68 109 5.645
68 110 69.878
68 111 20.116
68 112 98.072
68 113 12.153
68 114 78.322
68 115 96.722
68 116 92.634
68 117 59.919
68 118 26.126
68 119 72.995
69 70 51.497
69 71 23.562
69 72 32.152
69 73 10.107
69 74 73.512
69 75 14.790
69 76 29.696
69 77 15.469
69 78 6.957
69 79 77.235
69 80 62.565
69 81 9.392
69 82 83.836
69 83 20.281
69 84 16.249
69 85 10.594
69 86 50.910
69 87 28.549
69 88 52.590
69 89 56.528
69 90 22.159
69 91 99.394
69 92 17.248
69 93 16.825
69 94 67.335
69 95 54.645
69 96 93.256
69 97 28.531
69 98 94.324
69 99 44.776
69 100 81.078
69 101 80.375
69 102 79.213
69 103 13.793
69 104 95.861
69 105 99.935
69 106 47.313
69 107 21.355
69 108 85.927
69 109 52.391
69 110 10.774
69 111 24.982
69 112 93.061
69 113 42.433
69 114 24.052
69 115 9.694
69 116 94.805
69 117 21.946
69 118 27.138
69 119 14.991
70 71 91.668
70 72 45.238
70 73 8.298
70 74 49.849
70 75 28.103
70 76 80.886
70 77 32.998
70 78 5.216
70 79 65.061
70 80 84.656
70 81 53.775
70 82 70.485
70 83 54.076
70 84 61.520
70 85 36.982
70 86 35.519
70 87 98.096
70 88 96.411
70 89 16.674
70 90 13.013
70 91 22.641
70 92 13.198
70 93 13.331
70 94 47.348
70 95 22.389
70 96 29.217
70 97 35.675
70 98 85.525
70 99 92.887
70 100 8.767
70 101 17.550
70 102 73.421
70 103 4.894
70 104 83.128
70 105 28.624
70 106 6.277
70 107 29.676
70 108 96.936
70 109 37.644
70 110 6.212
70 111 77.636
70 112 61.174
70 113 0.004
70 114 21.508
70 115 69.742
70 116 41.562
70 117 87.615
70 118 42.527
70 119 21.511
71 72 87.796
71 73 78.352
71 74 7.330
71 75 82.657
71 76 13.867
71 77 74.825
71 78 26.417
71 79 42.029
71 80 72.604
71 81 27.744
71 82 90.488
71 83 77.081
71 84 28.614
71 85 97.895
71 86 37.713
71 87 99.902
71 88 22.969
71 89 2.506
71 90 47.730
71 91 27.659
71 92 40.245
71 93 56.763
71 94 98.428
71 95 84.364
71 96 33.965
71 97 39.282
71 98 68.561
71 99 22.976
71 100 40.000
71 101 81.544
71 102 94.308
71 103 42.102
71 104 9.168
71 105 5.604
71 106 91.155
71 107 59.954
71 108 20.037
71 109 11.845
71 110 33.789
71 111 99.714
71 112 90.854
71 113 49.100
71 114 46.179
71 115 35.081
71 116 95.571
71 117 83.156
71 118 91.631
71 119 42.557
72 73 3.074
72 74 16.486
72 75 68.296
72 76 7.859
72 77 1.029
72 78 1.974
72 79 9.488
72 80 37.898
72 81 36.155
72 82 36.481
72 83 60.120
72 84 36.867
72 85 1.267
72 86 16.292
72 87 50.682
72 88 15.236
72 89 26.122
72 90 85.780
72 91 18.383
72 92 13.835
72 93 83.832
72 94 13.097
72 95 31.457
72 96 41.716
72 97 7.570
72 98 82.235
72 99 57.081
72 100 46.101
72 101 23.311
72 102 99.516
72 103 75.959
72 104 55.490
72 105 43.487
72 106 74.377
72 107 87.361
72 108 62.864
72 109 33.769
72 110 49.252
72 111 67.224
72 112 44.949
72 113 60.556
72 114 21.428
72 115 38.925
72 116 45.607
72 117 50.296
72 118 20.948
72 119 91.429
73 74 86.691
73 75 43.452
73 76 82.929
73 77 32.702
73 78 8.086
73 79 5.669
73 80 80.128
73 81 97.688
73 82 80.130
73 83 66.635
73 84 62.143
73 85 39.565
73 86 76.284
73 87 93.166
73 88 81.336
73 89 20.629
73 90 41.632
73 91 67.176
73 92 72.359
73 93 84.856
73 94 43.701
73 95 31.527
73 96 92.144
73 97 38.054
73 98 46.070
73 99 87.110
73 100 20.245
73 101 83.483
73 102 2.393
73 103 73.084
73 104 65.638
73 105 60.916
73 106 28.688
73 107 38.847
73 108 25.389
73 109 15.349
73 110 75.138
73 111 21.081
73 112 93.044
73 113 77.897
73 114 85.161
73 115 72.157
73 116 20.166
73 117 75.897
73 118 99.112
73 119 47.193
74 75 93.125
74 76 1.850
74 77 32.751
74 78 46.227
74 79 99.078
74 80 61.513
74 81 36.492
74 82 25.261
74 83 19.998
74 84 90.364
74 85 20.438
74 86 35.326
74 87 11.703
74 88 74.569
74 89 12.347
74 90 22.264
74 91 95.997
74 92 37.725
74 93 0.925
74 94 21.585
74 95 18.387
74 96 57.865
74 97 5.224
74 98 12.534
74 99 1.237
74 100 60.531
74 101 2.408
74 102 53.409
74 103 52.838
74 104 93.242
74 105 40.820
74 106 6.239
74 107 76.514
74 108 24.236
74 109 62.988
74 110 73.030
74 111 60.743
74 112 24.119
74 113 64.123
74 114 8.143
74 115 21.182
74 116 82.883
74 117 15.643
74 118 41.725
74 119 8.564
75 76 86.735
75 77 90.416
75 78 47.663
75 79 92.644
75 80 29.287
75 81 36.618
75 82 16.219
75 83 81.638
75 84 59.847
75 85 60.542
75 86 46.235
75 87 39.106
75 88 77.947
75 89 95.147
75 90 54.771
75 91 15.738
75 92 67.665
75 93 50.800
75 94 13.008
75 95 22.226
75 96 27.939
75 97 67.389
75 98 56.473
75 99 31.224
75 100 95.772
75 101 12.894
75 102 84.876
75 103 11.305
75 104 78.063
75 105 2.473
75 106 62.281
75 107 63.935
75 108 4.813
75 109 44.292
75 110 51.879
75 111 55.652
75 112 91.505
75 113 53.529
75 114 71.271
75 115 11.942
75 116 51.705
75 117 14.413
75 118 33.960
75 119 66.780
76 77 32.289
76 78 11.621
76 79 50.668
76 80 42.335
76 81 53.137
76 82 97.017
76 83 0.127
76 84 67.054
76 85 20.773
76 86 5.444
76 87 43.137
76 88 27.150
76 89 51.129
76 90 84.187
76 91 46.008
76 92 86.445
76 93 80.459
76 94 54.695
76 95 99.860
76 96 2.609
76 97 65.415
76 98 82.313
76 99 70.836
76 100 14.023
76 101 73.386
76 102 90.007
76 103 92.924
76 104 70.781
76 105 42.412
76 106 15.445
76 107 19.860
76 108 35.840
76 109 46.368
76 110 77.322
76 111 85.520
76 112 87.836
76 113 35.539
76 114 86.413
76 115 83.214
76 116 15.828
76 117 35.345
76 118 9.617
76 119 63.480
77 78 8.006
77 79 76.668
77 80 71.123
77 81 67.251
77 82 1.367
77 83 0.108
77 84 53.846
77 85 56.665
77 86 77.419
77 87 23.441
77 88 46.382
77 89 79.361
77 90 60.160
77 91 86.669
77 92 66.018
77 93 3.712
77 94 96.918
77 95 92.259
77 96 76.686
77 97 92.284
77 98 80.041
77 99 39.540
77 100 12.276
77 101 38.672
77 102 98.033
77 103 11.666
77 104 10.326
77 105 78.942
77 106 88.389
77 107 11.183
77 108 58.886
77 109 3.035
77 110 1.230
77 111 55.934
77 112 60.221
77 113 33.794
77 114 72.750
77 115 40.906
77 116 19.013
77 117 11.674
77 118 50.579
77 119 43.581
78 79 69.869
78 80 21.741
78 81 9.338
78 82 0.455
78 83 69.184
78 84 26.214
78 85 43.991
78 86 10.612
78 87 89.792
78 88 20.594
78 89 31.038
78 90 28.586
78 91 73.329
78 92 14.346
78 93 3.153
78 94 93.230
78 95 14.889
78 96 48.109
78 97 91.566
78 98 1.868
78 99 77.277
78 100 98.598
78 101 52.312
78 102 79.800
78 103 58.062
78 104 89.623
78 105 7.404
78 106 13.990
78 107 61.622
78 108 23.084
78 109 0.038
78 110 16.820
78 111 60.526
78 112 67.298
78 113 84.178
78 114 60.836
78 115 65.819
78 116 91.741
78 117 43.116
78 118 78.662
78 119 64.182
79 80 16.979
79 81 59.106
79 82 53.593
79 83 21.432
79 84 56.573
79 85 36.703
79 86 35.862
79 87 96.450
79 88 63.699
79 89 16.142
79 90 7.159
79 91 57.398
79 92 59.419
79 93 99.893
79 94 81.715
79 95 42.944
79 96 11.838
79 97 55.496
79 98 76.113
79 99 65.221
79 100 55.749
79 101 50.824
79 102 1.939
79 103 8.397
79 104 90.949
79 105 24.122
79 106 35.520
79 107 36.959
79 108 74.031
79 109 90.481
79 110 97.181
79 111 91.201
79 112 23.274
79 113 38.860
79 114 28.827
79 115 13.926
79 116 89.144
79 117 79.318
79 118 93.122
79 119 21.975
80 81 3.953
80 82 58.833
80 83 30.123
80 84 8.975
80 85 13.396
80 86 75.858
80 87 97.962
80 88 41.548
80 89 9.962
80 90 88.774
80 91 93.027
80 92 90.266
80 93 33.628
80 94 31.393
80 95 92.025
80 96 18.727
80 97 78.775
80 98 19.901
80 99 83.466
80 100 39.401
80 101 47.939
80 102 59.945
80 103 59.275
80 104 33.277
80 105 22.776
80 106 39.984
80 107 18.617
80 108 21.827
80 109 80.542
80 110 27.611
80 111 95.497
80 112 74.465
80 113 70.435
80 114 69.254
80 115 59.265
80 116 32.385
80 117 78.266
80 118 30.437
80 119 52.909
81 82 30.591
81 83 50.269
81 84 3.788
81 85 27.857
81 86 3.905
81 87 17.218
81 88 54.974
81 89 5.966
81 90 69.871
81 91 58.588
81 92 73.010
81 93 49.508
81 94 91.740
81 95 73.131
81 96 40.636
81 97 48.138
81 98 38.085
81 99 77.059
81 100 42.949
81 101 38.233
81 102 72.114
81 103 33.891
81 104 88.017
81 105 54.408
81 106 23.359
81 107 31.096
81 108 21.898
81 109 75.657
81 110 17.194
81 111 57.793
81 112 82.305
81 113 69.265
81 114 63.494
81 115 5.089
81 116 50.111
81 117 54.485
81 118 34.765
81 119 6.002
82 83 25.922
82 84 4.965
82 85 96.207
82 86 55.494
82 87 80.181
82 88 83.987
82 89 85.398
82 90 2.769
82 91 99.545
82 92 59.808
82 93 77.705
82 94 87.792
82 95 79.738
82 96 79.763
82 97 15.008
82 98 1.893
82 99 95.644
82 100 91.210
82 101 19.950
82 102 88.341
82 103 13.105
82 104 85.065
82 105 65.694
82 106 62.964
82 107 93.674
82 108 3.333
82 109 22.036
82 110 27.133
82 111 83.564
82 112 95.927
82 113 52.736
82 114 65.887
82 115 71.060
82 116 34.036
82 117 96.044
82 118 72.466
82 119 42.856
83 84 87.377
83 85 20.664
83 86 17.209
83 87 69.130
83 88 50.917
83 89 12.781
83 90 83.555
83 91 99.566
83 92 62.993
83 93 16.263
83 94 26.769
83 95 58.120
83 96 91.203
83 97 17.791
83 98 72.099
83 99 83.036
83 100 75.081
83 101 41.431
83 102 58.177
83 103 70.393
83 104 5.264
83 105 93.018
83 106 48.804
83 107 44.439
83 108 87.711
83 109 73.757
83 110 81.646
83 111 96.030
83 112 88.512
83 113 64.532
83 114 95.902
83 115 1.657
83 116 79.917
83 117 67.729
83 118 82.691
83 119 59.910
84 85 11.448
84 86 81.685
84 87 31.655
84 88 59.605
84 89 11.288
84 90 74.448
84 91 5.205
84 92 24.437
84 93 82.629
84 94 18.107
84 95 57.882
84 96 62.645
84 97 97.247
84 98 42.746
84 99 32.433
84 100 87.049
84 101 4.311
84 102 69.922
84 103 6.517
84 104 60.720
84 105 66.255
84 106 89.598
84 107 34.360
84 108 66.640
84 109 5.545
84 110 51.575
84 111 26.199
84 112 95.863
84 113 96.238
84 114 52.720
84 115 35.028
84 116 98.060
84 117 62.487
84 118 14.674
84 119 74.941
85 86 40.708
85 87 52.467
85 88 63.234
85 89 78.289
85 90 78.805
85 91 40.679
85 92 40.207
85 93 9.861
85 94 45.652
85 95 74.189
85 96 1.310
85 97 95.530
85 98 37.058
85 99 19.082
85 100 79.568
85 101 90.012
85 102 76.306
85 103 82.250
85 104 22.651
85 105 3.860
85 106 15.211
85 107 80.617
85 108 44.738
85 109 33.315
85 110 47.879
85 111 4.993
85 112 68.732
85 113 88.297
85 114 88.015
85 115 78.979
85 116 73.048
85 117 93.626
85 118 88.126
85 119 44.685
86 87 98.677
86 88 46.454
86 89 59.495
86 90 16.497
86 91 16.890
86 92 48.924
86 93 85.514
86 94 31.744
86 95 5.656
86 96 99.251
86 97 7.771
86 98 92.797
86 99 33.779
86 100 16.673
86 101 4.233
86 102 39.034
86 103 5.709
86 104 96.167
86 105 71.926
86 106 9.035
86 107 77.157
86 108 37.337
86 109 72.709
86 110 53.484
86 111 11.872
86 112 68.536
86 113 0.062
86 114 37.480
86 115 13.317
86 116 92.095
86 117 77.237
86 118 27.309
86 119 31.506
87 88 9.418
87 89 2.687
87 90 91.184
87 91 14.858
87 92 45.747
87 93 17.402
87 94 56.088
87 95 49.718
87 96 83.558
87 97 80.563
87 98 53.537
87 99 6.041
87 100 30.844
87 101 4.901
87 102 55.975
87 103 86.756
87 104 95.934
87 105 21.176
87 106 52.443
87 107 60.452
87 108 14.045
87 109 12.431
87 110 37.293
87 111 42.282
87 112 72.428
87 113 82.942
87 114 88.912
87 115 76.356
87 116 10.728
87 117 4.265
87 118 96.800
87 119 64.405
88 89 31.130
88 90 11.319
88 91 54.801
88 92 80.126
88 93 38.859
88 94 5.168
88 95 75.866
88 96 6.361
88 97 47.781
88 98 55.937
88 99 99.502
88 100 33.158
88 101 28.145
88 102 89.288
88 103 56.846
88 104 58.749
88 105 43.886
88 106 82.907
88 107 30.321
88 108 42.637
88 109 25.484
88 110 95.667
88 111 94.911
88 112 70.187
88 113 50.999
88 114 1.443
88 115 56.315
88 116 1.565
88 117 62.714
88 118 2.003
88 119 7.592
89 90 94.300
89 91 29.705
89 92 48.936
89 93 10.371
89 94 8.431
89 95 77.707
89 96 13.323
89 97 69.320
89 98 25.922
89 99 46.812
89 100 3.619
89 101 9.264
89 102 41.916
89 103 4.789
89 104 47.184
89 105 83.209
89 106 14.405
89 107 39.266
89 108 18.973
89 109 36.489
89 110 91.024
89 111 75.522
89 112 22.057
89 113 27.363
89 114 66.919
89 115 18.304
89 116 99.003
89 117 57.606
89 118 66.032
89 119 95.868
90 91 80.537
90 92 97.967
90 93 79.645
90 94 92.369
90 95 58.533
90 96 2.889
90 97 40.644
90 98 90.728
90 99 4.006
90 100 96.419
90 101 59.742
90 102 12.294
90 103 37.655
90 104 77.019
90 105 0.745
90 106 31.895
90 107 0.403
90 108 32.788
90 109 25.985
90 110 67.270
90 111 64.475
90 112 80.613
90 113 0.143
90 114 90.426
90 115 71.734
90 116 42.844
90 117 0.959
90 118 85.122
90 119 85.302
91 92 53.325
91 93 48.692
91 94 79.446
91 95 92.969
91 96 40.937
91 97 32.704
91 98 15.401
91 99 6.408
91 100 73.318
91 101 83.177
91 102 78.406
91 103 58.958
91 104 55.987
91 105 8.699
91 106 98.813
91 107 16.511
91 108 72.844
91 109 96.374
91 110 54.810
91 111 81.011
91 112 22.853
91 113 50.079
91 114 51.493
91 115 84.117
91 116 54.708
91 117 24.645
91 118 24.420
91 119 39.790
92 93 26.341
92 94 98.971
92 95 17.645
92 96 48.865
92 97 19.396
92 98 19.485
92 99 15.963
92 100 26.136
92 101 20.123
92 102 36.841
92 103 69.073
92 104 51.006
92 105 37.602
92 106 53.398
92 107 31.349
92 108 26.493
92 109 67.834
92 110 96.750
92 111 55.093
92 112 68.169
92 113 27.946
92 114 35.496
92 115 17.423
92 116 34.550
92 117 78.596
92 118 57.394
92 119 31.369
93 94 53.549
93 95 24.644
93 96 37.213
93 97 90.258
93 98 95.755
93 99 34.265
93 100 31.834
93 101 21.173
93 102 94.656
93 103 44.878
93 104 53.520
93 105 78.009
93 106 16.337
93 107 30.634
93 108 88.800
93 109 87.591
93 110 36.768
93 111 90.659
93 112 50.035
93 113 73.346
93 114 93.475
93 115 79.879
93 116 69.459
93 117 20.180
93 118 40.225
93 119 44.923
94 95 71.425
94 96 11.479
94 97 48.257
94 98 46.509
94 99 87.534
94 100 64.612
94 101 65.715
94 102 46.643
94 103 11.476
94 104 14.784
94 105 68.069
94 106 14.080
94 107 25.682
94 108 48.801
94 109 6.677
94 110 54.718
94 111 70.231
94 112 70.065
94 113 90.054
94 114 4.941
94 115 65.994
94 116 84.037
94 117 12.978
94 118 35.396
94 119 48.592
95 96 29.441
95 97 82.286
95 98 0.287
95 99 17.534
95 100 44.640
95 101 74.986
95 102 33.012
95 103 55.757
95 104 50.898
95 105 4.288
95 106 32.768
95 107 28.790
95 108 54.659
95 109 62.201
95 110 8.793
95 111 29.914
95 112 19.505
95 113 53.549
95 114 48.932
95 115 97.934
95 116 35.113
95 117 35.566
95 118 57.506
95 119 97.543
96 97 15.320
96 98 29.673
96 99 63.766
96 100 18.787
96 101 90.312
96 102 77.613
96 103 36.704
96 104 21.755
96 105 18.993
96 106 72.800
96 107 54.594
96 108 25.367
96 109 36.749
96 110 9.570
96 111 68.344
96 112 15.032
96 113 71.092
96 114 57.941
96 115 66.606
96 116 22.922
96 117 3.108
96 118 89.584
96 119 97.543
97 98 16.772
97 99 26.152
97 100 51.870
97 101 27.277
97 102 18.334
97 103 54.873
97 104 11.194
97 105 18.230
97 106 61.024
97 107 67.487
97 108 64.211
97 109 91.950
97 110 87.782
97 111 22.074
97 112 46.187
97 113 0.468
97 114 84.804
97 115 73.748
97 116 49.358
97 117 67.832
97 118 44.562
97 119 33.682
98 99 1.000
98 100 79.201
98 101 52.390
98 102 53.278
98 103 40.880
98 104 88.694
98 105 94.947
98 106 87.165
98 107 80.780
98 108 89.212
98 109 95.969
98 110 87.250
98 111 25.031
98 112 37.511
98 113 94.983
98 114 6.715
98 115 80.261
98 116 56.028
98 117 98.053
98 118 47.618
98 119 85.031
99 100 39.340
99 101 46.105
99 102 68.683
99 103 45.601
99 104 77.566
99 105 66.025
99 106 80.901
99 107 72.737
99 108 71.667
99 109 92.475
99 110 97.707
99 111 76.306
99 112 56.267
99 113 74.235
99 114 73.801
99 115 89.353
99 116 64.521
99 117 7.922
99 118 62.078
99 119 61.387
100 101 66.491
100 102 74.007
100 103 41.682
100 104 81.831
100 105 87.597
100 106 85.374
100 107 21.838
100 108 68.898
100 109 66.943
100 110 96.974
100 111 5.924
100 112 86.575
100 113 46.662
100 114 66.689
100 115 8.140
100 116 32.991
100 117 92.879
100 118 2.116
100 119 51.165
101 102 77.124
101 103 36.519
101 104 75.747
101 105 37.374
101 106 7.618
101 107 87.881
101 108 41.896
101 109 78.440
101 110 97.422
101 111 22.774
101 112 42.727
101 113 88.585
101 114 81.038
101 115 59.948
101 116 47.884
101 117 95.257
101 118 87.340
101 119 49.695
102 103 32.431
102 104 97.693
102 105 70.262
102 106 71.675
102 107 61.262
102 108 8.590
102 109 32.078
102 110 96.405
102 111 14.562
102 112 47.029
102 113 39.573
102 114 99.288
102 115 58.599
102 116 11.836
102 117 92.092
102 118 28.695
102 119 38.841
103 104 53.708
103 105 12.266
103 106 20.295
103 107 48.281
103 108 81.736
103 109 95.177
103 110 18.713
103 111 2.858
103 112 85.352
103 113 69.746
103 114 14.531
103 115 37.999
103 116 26.276
103 117 97.373
103 118 29.793
103 119 25.539
104 105 56.677
104 106 57.132
104 107 88.340
104 108 98.678
104 109 49.586
104 110 44.295
104 111 88.696
104 112 64.129
104 113 85.458
104 114 39.495
104 115 56.682
104 116 75.231
104 117 24.861
104 118 89.566
104 119 92.519
105 106 37.574
105 107 11.402
105 108 77.880
105 109 42.925
105 110 19.543
105 111 91.300
105 112 51.968
105 113 22.551
105 114 44.203
105 115 6.417
105 116 19.254
105 117 81.072
105 118 46.070
105 119 16.097
106 107 17.962
106 108 62.333
106 109 86.583
106 110 29.824
106 111 19.510
106 112 30.216
106 113 35.432
106 114 87.494
106 115 21.221
106 116 42.181
106 117 41.459
106 118 7.004
106 119 43.679
107 108 35.963
107 109 36.414
107 110 29.904
107 111 55.802
107 112 57.458
107 113 37.656
107 114 35.004
107 115 12.484
107 116 98.602
107 117 41.741
107 118 57.133
107 119 4.617
108 109 32.837
108 110 29.832
108 111 43.627
108 112 89.379
108 113 32.790
108 114 38.036
108 115 4.705
108 116 89.829
108 117 29.840
108 118 80.979
108 119 65.497
109 110 27.217
109 111 28.505
109 112 55.342
109 113 7.314
109 114 76.817
109 115 19.905
109 116 91.571
109 117 93.646
109 118 18.674
109 119 48.045
110 111 66.604
110 112 12.409
110 113 88.357
110 114 70.254
110 115 38.223
110 116 30.113
110 117 19.593
110 118 18.834
110 119 12.492
111 112 45.941
111 113 10.653
111 114 14.830
111 115 9.781
111 116 54.083
111 117 39.362
111 118 6.798
111 119 51.971
112 113 71.274
112 114 97.857
112 115 7.553
112 116 53.716
112 117 63.077
112 118 17.489
112 119 80.081
113 114 63.995
113 115 7.287
113 116 6.729
113 117 80.186
113 118 70.716
113 119 65.717
114 115 30.502
114 116 97.864
114 117 50.723
114 118 96.672
114 119 18.060
115 116 52.050
115 117 20.371
115 118 29.568
115 119 98.316
116 117 84.053
116 118 17.642
116 119 40.453
117 118 26.522
117 119 63.879
118 119 25.840
