60 6 ds 8 13 9 14 7 13 10 10 8 13 8 12 
0 1 58.113
0 2 79.969
0 3 79.921
0 4 10.669
0 5 51.758
0 6 49.022
0 7 29.311
0 8 65.626
0 9 34.041
0 10 89.594
0 11 28.937
0 12 77.928
0 13 33.420
0 14 65.993
0 15 10.921
0 16 5.710
0 17 9.872
0 18 15.600
0 19 14.785
0 20 15.229
0 21 26.638
0 22 26.539
0 23 0.448
0 24 90.528
0 25 8.705
0 26 53.611
0 27 9.850
0 28 21.326
0 29 95.417
0 30 94.830
0 31 83.469
0 32 98.591
0 33 61.901
0 34 65.908
0 35 56.866
0 36 76.245
0 37 79.407
0 38 78.028
0 39 59.357
0 40 89.580
0 41 8.199
0 42 45.495
0 43 11.993
0 44 56.211
0 45 68.268
0 46 24.130
0 47 75.287
0 48 23.795
0 49 12.968
0 50 8.741
0 51 28.435
0 52 70.208
0 53 38.546
0 54 98.561
0 55 71.281
0 56 6.552
0 57 98.591
0 58 73.226
0 59 27.857
1 2 81.066
1 3 56.580
1 4 8.692
1 5 96.060
1 6 32.936
1 7 2.003
1 8 2.446
1 9 31.864
1 10 98.974
1 11 75.925
1 12 70.389
1 13 78.464
1 14 33.286
1 15 0.406
1 16 24.010
1 17 50.807
1 18 60.289
1 19 82.854
1 20 35.759
1 21 64.221
1 22 44.815
1 23 71.162
1 24 52.963
1 25 52.194
1 26 29.560
1 27 68.405
1 28 26.223
1 29 52.809
1 30 59.745
1 31 76.889
1 32 76.890
1 33 55.958
1 34 87.626
1 35 30.528
1 36 40.056
1 37 94.190
1 38 25.355
1 39 91.782
1 40 84.431
1 41 28.847
1 42 93.708
1 43 34.827
1 44 28.537
1 45 30.185
1 46 96.329
1 47 10.151
1 48 43.852
1 49 75.214
1 50 34.366
1 51 87.413
1 52 59.851
1 53 90.242
1 54 64.798
1 55 3.226
1 56 63.314
1 57 46.464
1 58 97.215
1 59 98.397
2 3 14.880
2 4 76.375
2 5 18.461
2 6 15.212
2 7 89.467
2 8 16.425
2 9 32.304
2 10 39.519
2 11 84.027
2 12 97.031
2 13 2.178
2 14 14.625
2 15 26.040
2 16 94.905
2 17 89.026
2 18 24.452
2 19 59.211
2 20 34.659
2 21 83.434
2 22 41.932
2 23 79.030
2 24 76.707
2 25 41.470
2 26 65.271
2 27 40.174
2 28 56.738
2 29 47.046
2 30 19.494
2 31 60.159
2 32 48.368
2 33 40.095
2 34 83.626
2 35 99.243
2 36 5.040
2 37 69.525
2 38 14.837
2 39 5.229
2 40 99.880
2 41 52.619
2 42 80.118
2 43 73.687
2 44 22.876
2 45 48.469
2 46 73.263
2 47 89.010
2 48 13.664
2 49 82.013
2 50 90.402
2 51 79.805
2 52 5.115
2 53 87.379
2 54 60.826
2 55 43.319
2 56 28.066
2 57 74.494
2 58 81.531
2 59 67.894
3 4 80.721
3 5 61.297
3 6 83.674
3 7 9.909
3 8 97.628
3 9 55.398
3 10 67.055
3 11 62.225
3 12 62.580
3 13 13.648
3 14 74.780
3 15 84.824
3 16 97.417
3 17 55.845
3 18 44.393
3 19 55.186
3 20 24.394
3 21 59.683
3 22 64.086
3 23 35.854
3 24 43.665
3 25 18.052
3 26 82.988
3 27 49.715
3 28 89.380
3 29 96.907
3 30 73.054
3 31 99.737
3 32 27.987
3 33 92.225
3 34 16.774
3 35 69.172
3 36 40.578
3 37 47.887
3 38 99.664
3 39 90.738
3 40 87.447
3 41 62.885
3 42 19.452
3 43 78.790
3 44 87.496
3 45 85.831
3 46 84.860
3 47 77.254
3 48 57.740
3 49 67.543
3 50 66.106
3 51 87.845
3 52 48.881
3 53 18.327
3 54 76.459
3 55 8.086
3 56 81.742
3 57 95.603
3 58 9.666
3 59 26.685
4 5 36.377
4 6 29.633
4 7 31.547
4 8 95.012
4 9 70.710
4 10 80.385
4 11 25.741
4 12 17.763
4 13 48.831
4 14 6.909
4 15 23.375
4 16 83.306
4 17 40.388
4 18 22.162
4 19 4.323
4 20 84.801
4 21 12.011
4 22 0.779
4 23 43.763
4 24 66.846
4 25 69.286
4 26 5.101
4 27 91.903
4 28 69.250
4 29 23.519
4 30 95.618
4 31 17.037
4 32 29.447
4 33 51.403
4 34 95.991
4 35 12.484
4 36 48.157
4 37 87.634
4 38 89.955
4 39 66.514
4 40 19.061
4 41 40.650
4 42 37.660
4 43 21.031
4 44 72.608
4 45 49.883
4 46 12.373
4 47 99.539
4 48 86.486
4 49 9.247
4 50 74.971
4 51 67.864
4 52 70.865
4 53 66.082
4 54 23.311
4 55 2.111
4 56 45.223
4 57 67.353
4 58 76.267
4 59 77.508
5 6 85.351
5 7 65.626
5 8 78.148
5 9 59.087
5 10 34.121
5 11 16.207
5 12 38.192
5 13 70.517
5 14 37.617
5 15 93.785
5 16 51.963
5 17 41.006
5 18 89.458
5 19 32.024
5 20 86.743
5 21 81.789
5 22 40.441
5 23 42.780
5 24 51.364
5 25 23.531
5 26 58.083
5 27 2.939
5 28 12.467
5 29 53.894
5 30 1.185
5 31 6.397
5 32 63.768
5 33 30.526
5 34 8.277
5 35 66.233
5 36 2.682
5 37 8.911
5 38 85.560
5 39 17.910
5 40 19.539
5 41 16.795
5 42 19.963
5 43 18.142
5 44 58.616
5 45 27.313
5 46 35.944
5 47 56.074
5 48 67.354
5 49 31.486
5 50 60.907
5 51 93.481
5 52 10.360
5 53 87.400
5 54 63.379
5 55 28.958
5 56 88.207
5 57 28.184
5 58 80.556
5 59 37.374
6 7 67.512
6 8 43.801
6 9 57.403
6 10 70.383
6 11 98.427
6 12 12.702
6 13 78.144
6 14 16.340
6 15 68.419
6 16 48.563
6 17 82.850
6 18 8.725
6 19 17.106
6 20 44.593
6 21 26.719
6 22 41.008
6 23 15.895
6 24 43.336
6 25 57.757
6 26 92.860
6 27 98.335
6 28 33.391
6 29 59.718
6 30 97.729
6 31 12.312
6 32 76.176
6 33 31.520
6 34 85.001
6 35 53.624
6 36 95.603
6 37 51.745
6 38 11.335
6 39 31.953
6 40 21.480
6 41 7.450
6 42 55.207
6 43 14.906
6 44 63.463
6 45 50.176
6 46 86.335
6 47 93.516
6 48 6.562
6 49 78.848
6 50 37.325
6 51 13.517
6 52 61.467
6 53 39.251
6 54 98.793
6 55 20.665
6 56 73.400
6 57 72.761
6 58 31.123
6 59 75.540
7 8 91.702
7 9 43.277
7 10 36.167
7 11 3.508
7 12 29.053
7 13 20.547
7 14 60.395
7 15 58.893
7 16 93.986
7 17 0.588
7 18 7.357
7 19 98.911
7 20 63.278
7 21 99.395
7 22 21.785
7 23 82.578
7 24 71.837
7 25 64.909
7 26 70.259
7 27 32.511
7 28 36.852
7 29 13.938
7 30 84.114
7 31 23.454
7 32 0.278
7 33 15.756
7 34 49.051
7 35 90.351
7 36 69.118
7 37 12.100
7 38 22.962
7 39 80.934
7 40 56.507
7 41 84.516
7 42 38.510
7 43 13.000
7 44 78.278
7 45 54.320
7 46 0.278
7 47 35.012
7 48 39.436
7 49 27.848
7 50 17.610
7 51 30.065
7 52 52.934
7 53 80.291
7 54 23.778
7 55 47.982
7 56 69.116
7 57 5.043
7 58 19.663
7 59 97.979
8 9 58.407
8 10 42.355
8 11 45.904
8 12 85.268
8 13 82.077
8 14 40.993
8 15 31.283
8 16 28.958
8 17 6.340
8 18 99.697
8 19 87.104
8 20 55.728
8 21 63.573
8 22 81.394
8 23 17.424
8 24 24.018
8 25 41.102
8 26 92.473
8 27 93.199
8 28 96.855
8 29 82.780
8 30 71.834
8 31 94.771
8 32 47.937
8 33 21.519
8 34 40.020
8 35 61.603
8 36 55.229
8 37 21.930
8 38 17.410
8 39 0.731
8 40 9.063
8 41 1.429
8 42 32.284
8 43 96.168
8 44 37.646
8 45 15.420
8 46 4.503
8 47 30.314
8 48 31.848
8 49 37.594
8 50 8.608
8 51 75.406
8 52 33.288
8 53 39.906
8 54 91.360
8 55 38.148
8 56 35.004
8 57 78.472
8 58 43.016
8 59 43.868
9 10 32.335
9 11 21.385
9 12 99.124
9 13 27.908
9 14 53.178
9 15 12.379
9 16 80.147
9 17 61.434
9 18 91.414
9 19 50.305
9 20 59.947
9 21 76.415
9 22 65.015
9 23 78.534
9 24 90.959
9 25 70.293
9 26 21.269
9 27 20.689
9 28 3.830
9 29 64.675
9 30 15.529
9 31 69.529
9 32 42.367
9 33 64.359
9 34 97.042
9 35 34.321
9 36 90.832
9 37 13.127
9 38 45.652
9 39 78.723
9 40 99.931
9 41 70.912
9 42 16.563
9 43 35.974
9 44 20.288
9 45 43.359
9 46 66.852
9 47 71.076
9 48 7.762
9 49 79.206
9 50 57.028
9 51 70.735
9 52 73.670
9 53 13.560
9 54 43.726
9 55 80.945
9 56 14.758
9 57 75.834
9 58 5.468
9 59 79.403
10 11 72.748
10 12 99.978
10 13 72.444
10 14 65.356
10 15 41.332
10 16 71.593
10 17 63.396
10 18 73.007
10 19 59.667
10 20 21.638
10 21 67.936
10 22 66.267
10 23 5.768
10 24 29.628
10 25 51.010
10 26 52.442
10 27 30.607
10 28 30.605
10 29 97.722
10 30 60.330
10 31 54.331
10 32 29.618
10 33 61.366
10 34 64.248
10 35 79.647
10 36 15.035
10 37 25.265
10 38 99.686
10 39 64.302
10 40 27.769
10 41 39.891
10 42 8.536
10 43 34.482
10 44 87.298
10 45 50.748
10 46 72.289
10 47 14.038
10 48 97.379
10 49 89.637
10 50 40.095
10 51 90.636
10 52 54.424
10 53 62.151
10 54 35.284
10 55 39.242
10 56 59.738
10 57 27.663
10 58 28.673
10 59 75.804
11 12 93.159
11 13 34.534
11 14 99.958
11 15 19.542
11 16 40.139
11 17 42.938
11 18 69.469
11 19 0.967
11 20 76.862
11 21 40.412
11 22 71.770
11 23 64.552
11 24 8.752
11 25 31.157
11 26 59.837
11 27 79.928
11 28 26.550
11 29 59.100
11 30 73.984
11 31 93.539
11 32 91.133
11 33 6.849
11 34 83.224
11 35 23.893
11 36 83.318
11 37 97.945
11 38 8.418
11 39 27.836
11 40 58.141
11 41 18.188
11 42 66.357
11 43 42.756
11 44 24.434
11 45 63.306
11 46 31.819
11 47 40.152
11 48 30.011
11 49 14.880
11 50 0.691
11 51 9.718
11 52 70.343
11 53 44.191
11 54 51.392
11 55 29.910
11 56 54.365
11 57 44.520
11 58 44.141
11 59 70.878
12 13 54.869
12 14 96.445
12 15 67.987
12 16 18.758
12 17 42.924
12 18 77.822
12 19 44.106
12 20 6.450
12 21 55.874
12 22 40.357
12 23 20.464
12 24 85.393
12 25 76.669
12 26 88.093
12 27 47.804
12 28 75.226
12 29 8.631
12 30 9.606
12 31 9.753
12 32 83.837
12 33 14.251
12 34 35.361
12 35 90.937
12 36 98.956
12 37 49.189
12 38 14.412
12 39 6.121
12 40 14.310
12 41 63.378
12 42 30.528
12 43 80.688
12 44 68.245
12 45 59.989
12 46 6.799
12 47 68.169
12 48 40.834
12 49 99.970
12 50 79.959
12 51 14.092
12 52 76.650
12 53 14.994
12 54 60.848
12 55 27.062
12 56 74.715
12 57 44.840
12 58 35.882
12 59 97.765
13 14 14.581
13 15 46.612
13 16 5.845
13 17 14.523
13 18 68.038
13 19 32.660
13 20 2.997
13 21 60.029
13 22 79.679
13 23 81.653
13 24 75.200
13 25 38.089
13 26 86.323
13 27 32.996
13 28 76.682
13 29 71.441
13 30 85.281
13 31 18.620
13 32 59.036
13 33 32.169
13 34 54.473
13 35 8.152
13 36 13.190
13 37 14.743
13 38 73.639
13 39 43.561
13 40 73.340
13 41 38.386
13 42 95.164
13 43 17.610
13 44 57.218
13 45 70.243
13 46 65.513
13 47 6.780
13 48 83.557
13 49 93.755
13 50 3.810
13 51 3.820
13 52 77.259
13 53 7.655
13 54 2.798
13 55 7.654
13 56 45.531
13 57 30.186
13 58 29.249
13 59 19.116
14 15 84.100
14 16 0.400
14 17 65.801
14 18 59.830
14 19 51.672
14 20 13.837
14 21 54.290
14 22 78.508
14 23 32.879
14 24 3.389
14 25 71.838
14 26 34.063
14 27 95.248
14 28 77.836
14 29 95.255
14 30 48.130
14 31 34.086
14 32 60.313
14 33 86.768
14 34 0.961
14 35 90.684
14 36 26.884
14 37 64.667
14 38 4.104
14 39 23.884
14 40 31.434
14 41 6.113
14 42 20.907
14 43 12.769
14 44 17.247
14 45 66.218
14 46 21.582
14 47 69.171
14 48 57.918
14 49 87.408
14 50 53.422
14 51 42.650
14 52 40.675
14 53 16.160
14 54 78.745
14 55 7.739
14 56 3.703
14 57 40.418
14 58 83.226
14 59 33.520
15 16 65.733
15 17 10.255
15 18 85.501
15 19 48.947
15 20 40.937
15 21 6.861
15 22 85.279
15 23 33.867
15 24 15.088
15 25 80.432
15 26 71.675
15 27 85.284
15 28 69.981
15 29 86.282
15 30 76.054
15 31 31.201
15 32 82.248
15 33 10.286
15 34 94.436
15 35 90.221
15 36 90.020
15 37 89.713
15 38 23.311
15 39 4.125
15 40 16.277
15 41 3.567
15 42 49.735
15 43 2.735
15 44 61.262
15 45 27.768
15 46 11.639
15 47 95.665
15 48 28.005
15 49 24.784
15 50 97.521
15 51 23.905
15 52 24.780
15 53 64.804
15 54 86.038
15 55 45.723
15 56 96.238
15 57 56.084
15 58 35.495
15 59 75.958
16 17 70.978
16 18 95.796
16 19 20.792
16 20 45.570
16 21 77.494
16 22 39.534
16 23 81.174
16 24 99.170
16 25 72.717
16 26 27.559
16 27 85.907
16 28 2.251
16 29 47.772
16 30 98.948
16 31 47.027
16 32 87.001
16 33 24.116
16 34 70.974
16 35 8.387
16 36 25.795
16 37 29.882
16 38 60.408
16 39 18.446
16 40 84.862
16 41 51.030
16 42 75.828
16 43 50.599
16 44 77.136
16 45 84.832
16 46 15.607
16 47 69.323
16 48 2.900
16 49 84.234
16 50 64.951
16 51 52.999
16 52 39.615
16 53 70.812
16 54 97.162
16 55 75.000
16 56 18.192
16 57 11.325
16 58 49.245
16 59 13.492
17 18 1.962
17 19 98.265
17 20 60.043
17 21 7.346
17 22 66.744
17 23 48.354
17 24 30.285
17 25 0.678
17 26 65.656
17 27 34.586
17 28 88.240
17 29 21.742
17 30 50.680
17 31 97.209
17 32 22.103
17 33 23.258
17 34 14.541
17 35 36.941
17 36 70.835
17 37 70.727
17 38 11.011
17 39 79.758
17 40 48.821
17 41 2.869
17 42 9.599
17 43 16.742
17 44 16.595
17 45 4.080
17 46 41.378
17 47 64.777
17 48 99.745
17 49 22.600
17 50 96.763
17 51 64.277
17 52 1.242
17 53 40.099
17 54 43.161
17 55 28.668
17 56 48.591
17 57 48.470
17 58 40.664
17 59 87.022
18 19 66.534
18 20 17.837
18 21 47.343
18 22 15.991
18 23 68.464
18 24 46.129
18 25 22.206
18 26 40.147
18 27 15.300
18 28 65.077
18 29 53.508
18 30 90.820
18 31 99.229
18 32 40.034
18 33 62.850
18 34 52.728
18 35 71.569
18 36 41.793
18 37 61.392
18 38 94.945
18 39 48.932
18 40 87.390
18 41 63.510
18 42 78.188
18 43 99.933
18 44 43.874
18 45 95.343
18 46 53.925
18 47 35.894
18 48 64.104
18 49 70.943
18 50 22.472
18 51 3.287
18 52 76.876
18 53 47.111
18 54 97.023
18 55 3.130
18 56 85.018
18 57 9.522
18 58 28.488
18 59 43.083
19 20 34.559
19 21 87.335
19 22 82.022
19 23 61.722
19 24 5.698
19 25 41.293
19 26 20.311
19 27 51.239
19 28 41.989
19 29 21.135
19 30 40.951
19 31 44.803
19 32 78.036
19 33 42.198
19 34 35.678
19 35 27.851
19 36 47.954
19 37 88.189
19 38 87.727
19 39 78.779
19 40 56.929
19 41 7.354
19 42 0.283
19 43 43.836
19 44 76.477
19 45 32.690
19 46 53.735
19 47 3.429
19 48 80.304
19 49 23.284
19 50 22.398
19 51 92.658
19 52 72.174
19 53 93.573
19 54 42.361
19 55 97.542
19 56 69.764
19 57 69.988
19 58 11.319
19 59 60.271
20 21 99.239
20 22 90.403
20 23 18.489
20 24 91.701
20 25 24.095
20 26 40.746
20 27 48.168
20 28 7.421
20 29 78.809
20 30 5.313
20 31 73.982
20 32 74.887
20 33 2.932
20 34 92.538
20 35 62.560
20 36 83.450
20 37 74.480
20 38 86.381
20 39 35.160
20 40 26.523
20 41 22.821
20 42 64.980
20 43 93.645
20 44 15.741
20 45 60.742
20 46 22.848
20 47 3.295
20 48 30.599
20 49 12.962
20 50 30.663
20 51 39.056
20 52 43.940
20 53 34.095
20 54 67.548
20 55 44.135
20 56 53.533
20 57 2.893
20 58 64.780
20 59 20.264
21 22 93.111
21 23 51.610
21 24 6.958
21 25 67.467
21 26 92.392
21 27 39.370
21 28 46.944
21 29 17.858
21 30 4.935
21 31 6.706
21 32 4.252
21 33 62.749
21 34 25.125
21 35 54.730
21 36 33.073
21 37 55.279
21 38 71.137
21 39 76.906
21 40 65.747
21 41 81.814
21 42 19.446
21 43 33.981
21 44 60.248
21 45 34.500
21 46 38.232
21 47 3.334
21 48 6.137
21 49 84.670
21 50 82.000
21 51 52.899
21 52 72.420
21 53 52.192
21 54 77.777
21 55 86.725
21 56 12.903
21 57 89.399
21 58 54.466
21 59 84.395
22 23 79.867
22 24 49.873
22 25 41.230
22 26 9.709
22 27 35.285
22 28 92.189
22 29 88.226
22 30 95.404
22 31 90.286
22 32 76.569
22 33 43.590
22 34 20.140
22 35 48.219
22 36 48.501
22 37 54.246
22 38 81.593
22 39 74.414
22 40 67.489
22 41 44.936
22 42 35.224
22 43 66.614
22 44 31.390
22 45 69.814
22 46 12.109
22 47 54.066
22 48 67.248
22 49 24.011
22 50 51.230
22 51 10.375
22 52 7.995
22 53 48.759
22 54 81.683
22 55 25.487
22 56 51.133
22 57 62.998
22 58 68.529
22 59 45.549
23 24 0.218
23 25 6.815
23 26 92.306
23 27 55.890
23 28 22.943
23 29 87.628
23 30 66.744
23 31 51.994
23 32 20.602
23 33 78.752
23 34 11.786
23 35 16.103
23 36 92.912
23 37 31.744
23 38 89.766
23 39 92.958
23 40 99.429
23 41 28.923
23 42 81.421
23 43 37.181
23 44 64.231
23 45 20.488
23 46 25.406
23 47 86.958
23 48 44.046
23 49 61.867
23 50 70.066
23 51 3.896
23 52 81.688
23 53 91.235
23 54 89.446
23 55 7.351
23 56 96.442
23 57 64.604
23 58 96.864
23 59 22.988
24 25 20.934
24 26 96.411
24 27 48.858
24 28 59.989
24 29 80.090
24 30 37.272
24 31 69.894
24 32 29.071
24 33 21.904
24 34 57.349
24 35 43.958
24 36 14.345
24 37 52.069
24 38 93.733
24 39 13.014
24 40 16.077
24 41 94.891
24 42 63.317
24 43 94.249
24 44 88.503
24 45 1.475
24 46 38.807
24 47 78.159
24 48 7.140
24 49 52.805
24 50 34.858
24 51 97.735
24 52 13.400
24 53 60.150
24 54 53.750
24 55 65.353
24 56 0.797
24 57 48.120
24 58 95.579
24 59 58.460
25 26 26.718
25 27 16.734
25 28 46.648
25 29 97.719
25 30 56.413
25 31 18.037
25 32 21.543
25 33 2.042
25 34 71.808
25 35 50.062
25 36 49.332
25 37 23.731
25 38 6.701
25 39 66.368
25 40 62.383
25 41 63.970
25 42 2.040
25 43 22.911
25 44 67.488
25 45 43.988
25 46 10.253
25 47 35.656
25 48 53.306
25 49 60.420
25 50 15.966
25 51 2.133
25 52 15.577
25 53 84.776
25 54 81.940
25 55 48.061
25 56 62.103
25 57 76.369
25 58 73.703
25 59 96.163
26 27 93.226
26 28 65.668
26 29 64.106
26 30 18.508
26 31 40.314
26 32 30.761
26 33 69.896
26 34 25.941
26 35 84.710
26 36 33.451
26 37 26.419
26 38 68.631
26 39 72.699
26 40 3.500
26 41 63.685
26 42 70.252
26 43 88.185
26 44 59.621
26 45 7.288
26 46 95.012
26 47 44.141
26 48 34.028
26 49 91.043
26 50 51.500
26 51 6.298
26 52 23.737
26 53 34.723
26 54 70.246
26 55 68.125
26 56 26.254
26 57 9.884
26 58 52.934
26 59 54.829
27 28 29.878
27 29 89.542
27 30 80.332
27 31 45.943
27 32 19.612
27 33 53.334
27 34 83.342
27 35 70.985
27 36 28.474
27 37 98.802
27 38 26.923
27 39 50.752
27 40 10.995
27 41 91.556
27 42 30.230
27 43 28.011
27 44 40.794
27 45 72.357
27 46 47.933
27 47 55.638
27 48 37.339
27 49 27.504
27 50 67.490
27 51 87.739
27 52 8.326
27 53 20.427
27 54 35.033
27 55 49.813
27 56 53.633
27 57 77.029
27 58 8.596
27 59 47.727
28 29 14.343
28 30 15.061
28 31 51.536
28 32 12.103
28 33 66.102
28 34 8.686
28 35 21.316
28 36 64.621
28 37 49.900
28 38 83.409
28 39 79.201
28 40 35.853
28 41 5.337
28 42 43.674
28 43 44.979
28 44 60.390
28 45 21.545
28 46 45.665
28 47 47.459
28 48 24.391
28 49 49.147
28 50 41.266
28 51 76.295
28 52 43.062
28 53 22.994
28 54 35.588
28 55 23.589
28 56 1.205
28 57 29.881
28 58 20.144
28 59 14.761
29 30 98.616
29 31 18.047
29 32 66.489
29 33 67.348
29 34 3.957
29 35 85.996
29 36 91.010
29 37 83.648
29 38 35.658
29 39 7.000
29 40 30.577
29 41 78.577
29 42 56.479
29 43 42.641
29 44 0.882
29 45 67.603
29 46 89.530
29 47 73.835
29 48 44.543
29 49 91.302
29 50 37.905
29 51 31.008
29 52 14.447
29 53 32.872
29 54 17.486
29 55 36.433
29 56 79.287
29 57 92.831
29 58 93.059
29 59 81.228
30 31 82.885
30 32 21.166
30 33 41.584
30 34 47.091
30 35 36.673
30 36 71.386
30 37 53.251
30 38 48.580
30 39 75.525
30 40 33.171
30 41 20.926
30 42 15.607
30 43 61.201
30 44 20.761
30 45 61.627
30 46 57.759
30 47 74.750
30 48 42.739
30 49 59.893
30 50 52.186
30 51 99.484
30 52 55.537
30 53 22.197
30 54 74.996
30 55 59.528
30 56 7.762
30 57 84.010
30 58 52.454
30 59 45.430
31 32 15.370
31 33 16.697
31 34 42.771
31 35 27.966
31 36 68.741
31 37 40.087
31 38 71.822
31 39 34.013
31 40 61.856
31 41 58.421
31 42 36.906
31 43 34.264
31 44 51.085
31 45 2.275
31 46 61.483
31 47 71.522
31 48 96.499
31 49 77.160
31 50 30.780
31 51 40.487
31 52 12.127
31 53 90.673
31 54 63.303
31 55 15.181
31 56 53.296
31 57 54.390
31 58 76.457
31 59 8.512
32 33 98.901
32 34 34.138
32 35 85.870
32 36 40.039
32 37 44.451
32 38 52.855
32 39 37.472
32 40 82.567
32 41 7.676
32 42 33.922
32 43 8.961
32 44 56.001
32 45 62.737
32 46 9.680
32 47 33.052
32 48 37.740
32 49 61.273
32 50 9.791
32 51 88.706
32 52 62.910
32 53 69.018
32 54 87.150
32 55 78.539
32 56 94.852
32 57 45.174
32 58 35.263
32 59 60.706
33 34 56.559
33 35 18.454
33 36 0.315
33 37 31.764
33 38 27.085
33 39 68.446
33 40 93.599
33 41 63.369
33 42 23.531
33 43 3.892
33 44 65.534
33 45 80.161
33 46 8.751
33 47 40.487
33 48 11.198
33 49 28.734
33 50 87.753
33 51 19.975
33 52 39.122
33 53 28.374
33 54 81.602
33 55 79.615
33 56 50.026
33 57 13.047
33 58 96.652
33 59 76.467
34 35 40.233
34 36 71.117
34 37 39.062
34 38 94.521
34 39 65.730
34 40 64.359
34 41 59.809
34 42 14.327
34 43 77.104
34 44 61.067
34 45 53.776
34 46 4.582
34 47 63.069
34 48 49.397
34 49 78.008
34 50 3.032
34 51 20.838
34 52 6.546
34 53 98.868
34 54 90.080
34 55 5.309
34 56 86.999
34 57 25.548
34 58 22.676
34 59 95.821
35 36 58.757
35 37 38.298
35 38 88.307
35 39 59.214
35 40 60.347
35 41 73.735
35 42 59.356
35 43 80.950
35 44 73.346
35 45 86.702
35 46 76.607
35 47 82.289
35 48 5.295
35 49 68.429
35 50 67.357
35 51 40.794
35 52 56.053
35 53 64.115
35 54 8.344
35 55 83.898
35 56 97.035
35 57 99.539
35 58 76.663
35 59 30.834
36 37 27.212
36 38 95.968
36 39 92.822
36 40 16.908
36 41 82.375
36 42 25.358
36 43 49.294
36 44 45.922
36 45 64.874
36 46 33.734
36 47 35.176
36 48 81.498
36 49 29.896
36 50 39.634
36 51 12.998
36 52 6.100
36 53 11.315
36 54 96.638
36 55 77.243
36 56 47.774
36 57 95.252
36 58 94.253
36 59 25.809
37 38 98.916
37 39 52.694
37 40 59.799
37 41 5.431
37 42 28.827
37 43 23.879
37 44 15.447
37 45 49.981
37 46 22.389
37 47 6.625
37 48 39.208
37 49 16.605
37 50 60.878
37 51 38.373
37 52 76.388
37 53 38.825
37 54 97.745
37 55 77.437
37 56 48.933
37 57 57.998
37 58 72.151
37 59 82.815
38 39 14.090
38 40 64.954
38 41 46.084
38 42 63.871
38 43 30.925
38 44 82.168
38 45 47.111
38 46 21.297
38 47 3.489
38 48 43.458
38 49 48.102
38 50 29.004
38 51 82.844
38 52 83.024
38 53 17.716
38 54 12.918
38 55 26.594
38 56 28.521
38 57 31.025
38 58 67.140
38 59 34.269
39 40 3.912
39 41 38.307
39 42 10.523
39 43 99.608
39 44 86.998
39 45 51.880
39 46 27.450
39 47 46.697
39 48 33.811
39 49 25.798
39 50 55.432
39 51 45.907
39 52 77.470
39 53 71.254
39 54 79.124
39 55 37.717
39 56 32.625
39 57 71.791
39 58 65.454
39 59 27.754
40 41 88.283
40 42 36.674
40 43 27.793
40 44 54.752
40 45 51.599
40 46 58.262
40 47 38.415
40 48 74.665
40 49 13.099
40 50 19.762
40 51 17.999
40 52 48.757
40 53 39.883
40 54 33.456
40 55 18.502
40 56 71.291
40 57 67.465
40 58 76.285
40 59 81.467
41 42 23.267
41 43 53.237
41 44 29.640
41 45 97.663
41 46 92.723
41 47 74.920
41 48 23.261
41 49 15.951
41 50 59.179
41 51 5.919
41 52 29.342
41 53 49.336
41 54 0.107
41 55 76.158
41 56 52.249
41 57 4.418
41 58 40.668
41 59 31.749
42 43 11.725
42 44 16.781
42 45 34.454
42 46 39.758
42 47 22.968
42 48 9.339
42 49 32.622
42 50 45.382
42 51 35.738
42 52 3.266
42 53 71.544
42 54 77.993
42 55 6.382
42 56 1.840
42 57 84.983
42 58 19.792
42 59 41.676
43 44 36.387
43 45 25.809
43 46 96.247
43 47 71.403
43 48 10.500
43 49 64.395
43 50 20.990
43 51 77.801
43 52 3.773
43 53 16.090
43 54 29.543
43 55 34.333
43 56 99.543
43 57 38.541
43 58 65.996
43 59 83.649
44 45 82.460
44 46 31.150
44 47 44.704
44 48 15.206
44 49 11.195
44 50 63.560
44 51 95.067
44 52 86.685
44 53 9.176
44 54 57.847
44 55 11.657
44 56 70.159
44 57 31.977
44 58 49.942
44 59 74.207
45 46 93.927
45 47 63.830
45 48 59.843
45 49 72.406
45 50 93.969
45 51 67.694
45 52 7.280
45 53 68.977
45 54 85.189
45 55 63.441
45 56 19.755
45 57 61.174
45 58 11.916
45 59 36.885
46 47 93.283
46 48 55.609
46 49 39.585
46 50 88.804
46 51 82.620
46 52 54.249
46 53 5.082
46 54 17.505
46 55 17.431
46 56 60.449
46 57 51.924
46 58 91.129
46 59 63.587
47 48 53.030
47 49 38.262
47 50 6.598
47 51 74.661
47 52 43.743
47 53 20.655
47 54 50.940
47 55 7.703
47 56 28.804
47 57 84.594
47 58 77.736
47 59 9.487
48 49 68.784
48 50 13.984
48 51 86.489
48 52 14.706
48 53 82.758
48 54 66.076
48 55 45.975
48 56 35.931
48 57 22.419
48 58 45.814
48 59 33.953
49 50 66.697
49 51 99.756
49 52 54.092
49 53 75.110
49 54 63.662
49 55 77.964
49 56 18.148
49 57 46.685
49 58 21.592
49 59 99.375
50 51 99.097
50 52 86.981
50 53 5.737
50 54 16.508
50 55 11.589
50 56 85.770
50 57 60.246
50 58 12.741
50 59 83.598
51 52 57.608
51 53 68.323
51 54 47.644
51 55 30.587
51 56 99.170
51 57 0.130
51 58 38.662
51 59 17.573
52 53 9.907
52 54 47.806
52 55 95.638
52 56 35.070
52 57 11.715
52 58 13.460
52 59 57.573
53 54 20.471
53 55 37.762
53 56 85.664
53 57 42.039
53 58 15.091
53 59 73.197
54 55 12.668
54 56 6.834
54 57 58.928
54 58 21.225
54 59 56.505
55 56 40.770
55 57 90.148
55 58 36.850
55 59 91.099
56 57 45.854
56 58 34.340
56 59 17.582
57 58 89.652
57 59 46.693
58 59 39.806
