120 10 ds 10 13 11 14 8 16 10 15 11 14 12 16 11 15 12 15 8 13 12 16 
0 1 24.492
0 2 60.673
0 3 53.218
0 4 51.164
0 5 94.971
0 6 53.174
0 7 16.306
0 8 76.715
0 9 7.508
0 10 37.099
0 11 15.460
0 12 93.101
0 13 97.072
0 14 80.274
0 15 10.292
0 16 26.763
0 17 10.958
0 18 61.116
0 19 68.253
0 20 7.230
0 21 32.428
0 22 7.402
0 23 77.071
0 24 37.303
0 25 18.270
0 26 38.752
0 27 66.391
0 28 30.042
0 29 57.401
0 30 86.976
0 31 12.027
0 32 68.961
0 33 87.809
0 34 86.859
0 35 84.174
0 36 36.616
0 37 79.928
0 38 14.076
0 39 79.563
0 40 61.165
0 41 5.967
0 42 96.613
0 43 46.788
0 44 50.485
0 45 66.771
0 46 41.402
0 47 73.879
0 48 19.104
0 49 40.460
0 50 98.857
0 51 57.698
0 52 64.430
0 53 50.397
0 54 34.545
0 55 15.829
0 56 15.715
0 57 23.950
0 58 89.476
0 59 33.409
0 60 61.643
0 61 28.092
0 62 88.276
0 63 59.657
0 64 60.637
0 65 23.029
0 66 98.022
0 67 81.898
0 68 51.712
0 69 70.857
0 70 49.550
0 71 8.461
0 72 13.096
0 73 72.682
0 74 7.781
0 75 86.068
0 76 60.893
0 77 84.685
0 78 17.941
0 79 62.216
0 80 40.664
0 81 81.274
0 82 60.493
0 83 78.528
0 84 41.104
0 85 91.793
0 86 19.198
0 87 47.154
0 88 50.864
0 89 36.161
0 90 3.922
0 91 19.057
0 92 87.112
0 93 24.375
0 94 72.629
0 95 0.376
0 96 47.545
0 97 64.990
0 98 65.482
0 99 11.047
0 100 76.351
0 101 48.474
0 102 98.022
0 103 8.475
0 104 89.010
0 105 32.783
0 106 60.129
0 107 18.281
0 108 70.838
0 109 60.535
0 110 32.799
0 111 24.038
0 112 49.830
0 113 79.853
0 114 65.702
0 115 68.355
0 116 45.625
0 117 24.223
0 118 55.109
0 119 8.831
1 2 13.303
1 3 30.670
1 4 23.941
1 5 54.087
1 6 33.258
1 7 40.086
1 8 33.562
1 9 77.504
1 10 46.519
1 11 28.718
1 12 50.367
1 13 69.225
1 14 98.678
1 15 65.640
1 16 49.311
1 17 40.643
1 18 34.965
1 19 77.445
1 20 61.237
1 21 39.800
1 22 84.030
1 23 28.449
1 24 61.178
1 25 71.001
1 26 78.649
1 27 92.375
1 28 50.775
1 29 37.438
1 30 87.827
1 31 99.786
1 32 9.536
1 33 41.723
1 34 76.671
1 35 94.459
1 36 76.869
1 37 85.965
1 38 67.925
1 39 21.449
1 40 79.638
1 41 10.411
1 42 52.209
1 43 99.752
1 44 38.469
1 45 97.629
1 46 82.760
1 47 3.309
1 48 70.112
1 49 47.846
1 50 94.877
1 51 85.476
1 52 52.851
1 53 0.283
1 54 10.302
1 55 34.173
1 56 37.314
1 57 35.197
1 58 22.384
1 59 37.575
1 60 65.976
1 61 41.826
1 62 9.177
1 63 73.532
1 64 11.236
1 65 78.542
1 66 88.483
1 67 9.806
1 68 54.141
1 69 83.263
1 70 11.412
1 71 16.782
1 72 3.697
1 73 14.539
1 74 89.127
1 75 49.479
1 76 0.119
1 77 16.696
1 78 61.256
1 79 51.489
1 80 54.491
1 81 6.070
1 82 43.815
1 83 69.895
1 84 51.996
1 85 69.567
1 86 39.529
1 87 47.276
1 88 86.210
1 89 51.672
1 90 54.060
1 91 74.576
1 92 97.912
1 93 81.501
1 94 37.949
1 95 46.917
1 96 63.451
1 97 57.616
1 98 65.941
1 99 63.366
1 100 14.902
1 101 65.059
1 102 72.905
1 103 51.208
1 104 77.094
1 105 46.422
1 106 88.699
1 107 75.468
1 108 75.038
1 109 86.743
1 110 53.102
1 111 15.199
1 112 99.364
1 113 0.677
1 114 46.311
1 115 49.514
1 116 17.090
1 117 29.565
1 118 40.561
1 119 98.359
2 3 80.381
2 4 65.950
2 5 64.016
2 6 5.724
2 7 16.891
2 8 23.527
2 9 69.406
2 10 36.262
2 11 81.900
2 12 61.660
2 13 16.730
2 14 80.254
2 15 14.622
2 16 55.325
2 17 11.899
2 18 26.359
2 19 68.936
2 20 73.701
2 21 91.316
2 22 66.799
2 23 82.211
2 24 93.615
2 25 6.178
2 26 45.426
2 27 4.994
2 28 27.677
2 29 39.653
2 30 45.523
2 31 39.058
2 32 91.159
2 33 85.146
2 34 41.262
2 35 21.587
2 36 66.549
2 37 24.457
2 38 4.415
2 39 49.286
2 40 50.192
2 41 70.967
2 42 66.208
2 43 57.760
2 44 81.546
2 45 84.817
2 46 83.130
2 47 58.707
2 48 62.326
2 49 24.625
2 50 45.080
2 51 90.322
2 52 70.150
2 53 73.385
2 54 94.393
2 55 54.741
2 56 59.328
2 57 64.989
2 58 95.079
2 59 0.477
2 60 19.996
2 61 42.189
2 62 3.068
2 63 57.445
2 64 36.094
2 65 96.854
2 66 40.266
2 67 47.573
2 68 42.501
2 69 79.006
2 70 67.933
2 71 74.899
2 72 32.150
2 73 12.391
2 74 88.174
2 75 45.663
2 76 5.071
2 77 21.256
2 78 76.274
2 79 81.118
2 80 83.010
2 81 55.476
2 82 61.145
2 83 63.578
2 84 35.691
2 85 99.379
2 86 26.352
2 87 99.720
2 88 77.713
2 89 63.341
2 90 99.953
2 91 94.225
2 92 98.744
2 93 86.629
2 94 37.838
2 95 1.526
2 96 83.874
2 97 25.008
2 98 82.308
2 99 63.810
2 100 65.872
2 101 57.248
2 102 95.277
2 103 49.325
2 104 26.572
2 105 20.948
2 106 23.816
2 107 76.680
2 108 30.727
2 109 79.986
2 110 54.675
2 111 47.977
2 112 32.410
2 113 33.432
2 114 53.954
2 115 16.500
2 116 41.415
2 117 98.889
2 118 68.283
2 119 83.088
3 4 75.064
3 5 42.012
3 6 84.676
3 7 49.462
3 8 49.488
3 9 78.341
3 10 7.642
3 11 56.426
3 12 83.655
3 13 43.602
3 14 14.184
3 15 0.227
3 16 99.284
3 17 14.292
3 18 89.995
3 19 51.315
3 20 0.284
3 21 61.596
3 22 33.478
3 23 96.306
3 24 6.471
3 25 38.633
3 26 38.111
3 27 86.185
3 28 98.032
3 29 33.487
3 30 28.248
3 31 1.589
3 32 99.602
3 33 68.673
3 34 28.633
3 35 39.496
3 36 95.776
3 37 91.434
3 38 93.676
3 39 84.707
3 40 23.518
3 41 78.658
3 42 8.995
3 43 54.225
3 44 31.142
3 45 75.235
3 46 4.753
3 47 92.955
3 48 28.429
3 49 95.309
3 50 88.017
3 51 55.138
3 52 77.915
3 53 42.157
3 54 9.658
3 55 27.457
3 56 93.495
3 57 44.311
3 58 30.228
3 59 37.034
3 60 19.250
3 61 63.073
3 62 38.810
3 63 40.291
3 64 58.738
3 65 99.708
3 66 9.022
3 67 7.172
3 68 12.997
3 69 19.363
3 70 47.132
3 71 99.265
3 72 64.119
3 73 13.174
3 74 98.697
3 75 90.078
3 76 10.479
3 77 40.030
3 78 32.149
3 79 91.065
3 80 19.594
3 81 25.095
3 82 10.485
3 83 27.945
3 84 15.039
3 85 43.493
3 86 95.458
3 87 58.450
3 88 54.993
3 89 84.420
3 90 2.626
3 91 34.820
3 92 91.704
3 93 73.488
3 94 40.176
3 95 92.233
3 96 23.539
3 97 29.242
3 98 19.573
3 99 87.783
3 100 64.268
3 101 43.559
3 102 21.934
3 103 23.714
3 104 57.839
3 105 5.049
3 106 40.416
3 107 63.327
3 108 61.150
3 109 29.565
3 110 95.988
3 111 88.300
3 112 2.178
3 113 22.612
3 114 41.589
3 115 52.134
3 116 96.325
3 117 74.680
3 118 28.041
3 119 55.994
4 5 69.936
4 6 82.452
4 7 3.938
4 8 10.455
4 9 96.693
4 10 96.321
4 11 61.340
4 12 49.463
4 13 99.967
4 14 17.842
4 15 19.247
4 16 31.296
4 17 12.168
4 18 9.461
4 19 57.635
4 20 95.392
4 21 10.760
4 22 33.304
4 23 76.273
4 24 43.610
4 25 69.866
4 26 5.795
4 27 54.569
4 28 79.823
4 29 76.210
4 30 40.544
4 31 31.391
4 32 72.710
4 33 58.675
4 34 53.188
4 35 7.093
4 36 3.181
4 37 71.834
4 38 18.785
4 39 93.915
4 40 20.085
4 41 55.567
4 42 4.874
4 43 5.463
4 44 55.689
4 45 65.251
4 46 51.446
4 47 81.171
4 48 45.845
4 49 29.959
4 50 32.861
4 51 87.416
4 52 58.889
4 53 49.766
4 54 16.127
4 55 23.418
4 56 61.981
4 57 87.467
4 58 24.980
4 59 87.090
4 60 43.947
4 61 44.873
4 62 29.847
4 63 23.668
4 64 69.651
4 65 39.372
4 66 10.050
4 67 88.278
4 68 62.469
4 69 12.511
4 70 76.491
4 71 2.505
4 72 98.698
4 73 9.126
4 74 0.595
4 75 74.578
4 76 50.516
4 77 62.904
4 78 68.415
4 79 82.975
4 80 32.594
4 81 12.230
4 82 67.580
4 83 94.037
4 84 91.533
4 85 48.814
4 86 19.172
4 87 95.618
4 88 27.016
4 89 70.811
4 90 86.610
4 91 80.847
4 92 48.878
4 93 72.019
4 94 29.300
4 95 8.733
4 96 55.270
4 97 49.224
4 98 20.045
4 99 1.691
4 100 63.676
4 101 50.873
4 102 12.132
4 103 13.937
4 104 38.740
4 105 22.012
4 106 24.499
4 107 19.297
4 108 38.685
4 109 22.748
4 110 11.583
4 111 22.117
4 112 45.595
4 113 10.544
4 114 98.148
4 115 90.795
4 116 53.876
4 117 80.200
4 118 88.859
4 119 49.836
5 6 65.933
5 7 49.670
5 8 7.330
5 9 43.445
5 10 84.449
5 11 64.691
5 12 80.052
5 13 1.276
5 14 96.577
5 15 70.707
5 16 56.870
5 17 95.321
5 18 16.965
5 19 66.679
5 20 51.561
5 21 75.804
5 22 93.726
5 23 12.102
5 24 93.593
5 25 13.519
5 26 84.308
5 27 5.928
5 28 5.305
5 29 56.224
5 30 76.659
5 31 94.080
5 32 57.472
5 33 27.483
5 34 65.187
5 35 90.836
5 36 10.676
5 37 57.812
5 38 90.701
5 39 18.627
5 40 19.868
5 41 40.005
5 42 18.865
5 43 80.641
5 44 65.180
5 45 43.190
5 46 62.647
5 47 81.114
5 48 73.315
5 49 3.504
5 50 50.831
5 51 99.307
5 52 10.725
5 53 33.140
5 54 6.857
5 55 4.905
5 56 62.306
5 57 54.139
5 58 30.113
5 59 74.933
5 60 57.514
5 61 68.416
5 62 65.214
5 63 35.277
5 64 69.519
5 65 21.345
5 66 3.937
5 67 3.511
5 68 92.479
5 69 2.648
5 70 89.154
5 71 53.967
5 72 96.958
5 73 55.369
5 74 80.434
5 75 60.852
5 76 74.232
5 77 31.407
5 78 96.978
5 79 0.693
5 80 6.442
5 81 40.382
5 82 75.092
5 83 11.525
5 84 41.465
5 85 87.509
5 86 64.631
5 87 12.958
5 88 8.911
5 89 85.750
5 90 41.676
5 91 88.619
5 92 86.764
5 93 57.642
5 94 33.168
5 95 20.481
5 96 16.989
5 97 13.036
5 98 33.290
5 99 43.165
5 100 72.793
5 101 0.389
5 102 41.106
5 103 55.574
5 104 0.268
5 105 81.310
5 106 64.310
5 107 87.055
5 108 92.785
5 109 70.728
5 110 14.857
5 111 65.797
5 112 7.756
5 113 18.359
5 114 68.879
5 115 78.264
5 116 2.315
5 117 81.083
5 118 75.455
5 119 40.215
6 7 46.951
6 8 50.355
6 9 76.663
6 10 22.222
6 11 74.289
6 12 54.013
6 13 44.778
6 14 85.587
6 15 33.990
6 16 47.574
6 17 51.586
6 18 88.160
6 19 54.112
6 20 46.603
6 21 59.463
6 22 13.824
6 23 54.326
6 24 28.737
6 25 64.230
6 26 64.250
6 27 16.990
6 28 51.653
6 29 25.722
6 30 27.027
6 31 98.387
6 32 91.560
6 33 93.617
6 34 0.382
6 35 54.306
6 36 5.722
6 37 73.261
6 38 11.447
6 39 61.668
6 40 62.071
6 41 79.066
6 42 12.385
6 43 41.047
6 44 59.129
6 45 91.506
6 46 76.686
6 47 23.714
6 48 80.301
6 49 67.836
6 50 46.544
6 51 61.203
6 52 87.966
6 53 56.335
6 54 1.480
6 55 45.443
6 56 64.903
6 57 29.252
6 58 28.225
6 59 93.124
6 60 53.219
6 61 80.527
6 62 72.375
6 63 49.260
6 64 24.283
6 65 31.021
6 66 43.437
6 67 81.764
6 68 37.063
6 69 46.118
6 70 26.634
6 71 71.425
6 72 6.836
6 73 98.442
6 74 27.171
6 75 49.773
6 76 11.419
6 77 1.887
6 78 35.708
6 79 1.114
6 80 7.840
6 81 2.205
6 82 57.328
6 83 24.402
6 84 18.842
6 85 34.153
6 86 90.588
6 87 45.640
6 88 75.608
6 89 45.492
6 90 78.075
6 91 82.145
6 92 70.826
6 93 44.103
6 94 75.368
6 95 86.274
6 96 84.463
6 97 46.082
6 98 1.457
6 99 38.110
6 100 93.593
6 101 89.845
6 102 40.360
6 103 14.134
6 104 67.119
6 105 34.154
6 106 61.088
6 107 32.033
6 108 76.464
6 109 76.390
6 110 11.067
6 111 60.580
6 112 24.051
6 113 11.504
6 114 16.747
6 115 87.917
6 116 2.866
6 117 1.778
6 118 94.368
6 119 61.576
7 8 52.415
7 9 42.866
7 10 33.721
7 11 49.238
7 12 69.072
7 13 92.525
7 14 68.218
7 15 20.478
7 16 62.124
7 17 75.051
7 18 85.706
7 19 16.666
7 20 20.739
7 21 86.624
7 22 66.207
7 23 58.682
7 24 71.625
7 25 4.604
7 26 55.102
7 27 40.269
7 28 62.336
7 29 47.284
7 30 93.305
7 31 68.612
7 32 0.985
7 33 39.676
7 34 29.538
7 35 43.131
7 36 19.526
7 37 15.617
7 38 34.114
7 39 8.473
7 40 4.848
7 41 26.824
7 42 18.435
7 43 78.366
7 44 59.585
7 45 35.469
7 46 39.959
7 47 3.244
7 48 12.837
7 49 38.434
7 50 38.457
7 51 46.450
7 52 99.946
7 53 8.615
7 54 6.150
7 55 41.355
7 56 69.999
7 57 41.475
7 58 41.665
7 59 24.854
7 60 59.928
7 61 63.498
7 62 75.736
7 63 81.499
7 64 94.849
7 65 93.284
7 66 85.203
7 67 86.899
7 68 35.743
7 69 45.735
7 70 31.081
7 71 9.037
7 72 97.603
7 73 35.092
7 74 66.350
7 75 11.823
7 76 3.854
7 77 63.583
7 78 59.597
7 79 6.445
7 80 26.179
7 81 78.975
7 82 71.760
7 83 12.980
7 84 82.759
7 85 46.567
7 86 4.954
7 87 27.265
7 88 32.540
7 89 8.968
7 90 14.726
7 91 36.141
7 92 8.283
7 93 0.485
7 94 40.093
7 95 87.994
7 96 76.953
7 97 42.003
7 98 59.282
7 99 4.851
7 100 2.458
7 101 66.969
7 102 23.388
7 103 17.391
7 104 12.754
7 105 19.406
7 106 54.987
7 107 14.787
7 108 41.063
7 109 20.843
7 110 24.253
7 111 27.633
7 112 19.188
7 113 24.649
7 114 31.213
7 115 4.074
7 116 49.907
7 117 63.435
7 118 29.561
7 119 96.774
8 9 74.902
8 10 48.043
8 11 24.757
8 12 51.517
8 13 84.931
8 14 95.087
8 15 67.171
8 16 76.987
8 17 89.677
8 18 44.101
8 19 39.622
8 20 79.693
8 21 76.208
8 22 75.043
8 23 7.905
8 24 67.998
8 25 36.964
8 26 52.256
8 27 62.774
8 28 64.862
8 29 40.919
8 30 1.922
8 31 32.306
8 32 20.207
8 33 54.821
8 34 76.644
8 35 84.729
8 36 80.649
8 37 95.382
8 38 72.987
8 39 73.495
8 40 56.925
8 41 7.804
8 42 45.651
8 43 98.769
8 44 27.447
8 45 21.217
8 46 5.398
8 47 72.470
8 48 30.185
8 49 27.419
8 50 96.936
8 51 77.644
8 52 24.506
8 53 65.711
8 54 27.676
8 55 7.154
8 56 49.582
8 57 73.685
8 58 58.619
8 59 51.560
8 60 66.640
8 61 81.488
8 62 74.551
8 63 81.539
8 64 48.599
8 65 85.409
8 66 22.356
8 67 36.306
8 68 72.525
8 69 35.526
8 70 43.423
8 71 86.248
8 72 77.861
8 73 11.735
8 74 28.980
8 75 85.333
8 76 76.532
8 77 42.636
8 78 95.626
8 79 66.843
8 80 39.785
8 81 42.559
8 82 12.437
8 83 64.618
8 84 41.048
8 85 3.451
8 86 10.701
8 87 61.198
8 88 4.063
8 89 80.370
8 90 72.700
8 91 74.141
8 92 91.242
8 93 52.026
8 94 26.880
8 95 92.284
8 96 68.441
8 97 21.117
8 98 73.372
8 99 64.799
8 100 99.224
8 101 43.106
8 102 25.987
8 103 27.679
8 104 54.255
8 105 36.664
8 106 84.687
8 107 24.597
8 108 69.555
8 109 34.162
8 110 45.957
8 111 42.136
8 112 51.152
8 113 76.411
8 114 17.598
8 115 32.927
8 116 3.055
8 117 42.253
8 118 29.176
8 119 44.538
9 10 50.473
9 11 30.679
9 12 19.669
9 13 6.776
9 14 40.877
9 15 80.811
9 16 39.846
9 17 55.565
9 18 31.748
9 19 23.401
9 20 28.462
9 21 87.689
9 22 15.772
9 23 6.403
9 24 8.578
9 25 47.405
9 26 91.735
9 27 26.743
9 28 3.140
9 29 43.312
9 30 62.533
9 31 30.584
9 32 87.417
9 33 81.838
9 34 30.490
9 35 15.186
9 36 79.962
9 37 82.339
9 38 64.541
9 39 76.872
9 40 23.495
9 41 8.010
9 42 33.892
9 43 1.685
9 44 22.400
9 45 6.707
9 46 38.384
9 47 87.972
9 48 84.532
9 49 6.245
9 50 17.086
9 51 23.462
9 52 61.566
9 53 49.849
9 54 83.496
9 55 13.290
9 56 94.366
9 57 89.201
9 58 18.307
9 59 70.018
9 60 47.655
9 61 74.841
9 62 48.771
9 63 31.833
9 64 61.737
9 65 96.720
9 66 57.525
9 67 70.940
9 68 58.111
9 69 31.276
9 70 93.100
9 71 90.569
9 72 10.506
9 73 45.674
9 74 99.363
9 75 86.083
9 76 33.211
9 77 94.680
9 78 41.793
9 79 63.328
9 80 44.532
9 81 21.166
9 82 84.755
9 83 65.705
9 84 34.780
9 85 37.318
9 86 65.831
9 87 60.315
9 88 5.404
9 89 20.390
9 90 20.788
9 91 73.135
9 92 48.734
9 93 4.191
9 94 35.907
9 95 43.320
9 96 6.217
9 97 85.483
9 98 43.175
9 99 87.541
9 100 77.154
9 101 93.084
9 102 28.204
9 103 26.699
9 104 49.620
9 105 86.712
9 106 90.826
9 107 29.395
9 108 90.598
9 109 62.462
9 110 83.866
9 111 69.213
9 112 63.317
9 113 42.299
9 114 56.962
9 115 76.197
9 116 36.348
9 117 16.066
9 118 49.114
9 119 86.782
10 11 11.240
10 12 86.237
10 13 6.222
10 14 61.044
10 15 23.303
10 16 38.022
10 17 47.968
10 18 41.261
10 19 63.587
10 20 20.404
10 21 72.226
10 22 71.618
10 23 29.217
10 24 77.304
10 25 64.509
10 26 85.289
10 27 33.927
10 28 12.325
10 29 75.040
10 30 92.178
10 31 0.977
10 32 5.364
10 33 36.654
10 34 68.311
10 35 16.592
10 36 24.886
10 37 22.994
10 38 56.121
10 39 43.648
10 40 95.769
10 41 88.391
10 42 33.836
10 43 82.534
10 44 89.347
10 45 88.313
10 46 1.710
10 47 18.953
10 48 99.672
10 49 52.417
10 50 63.016
10 51 16.870
10 52 57.974
10 53 71.014
10 54 48.525
10 55 98.927
10 56 15.937
10 57 60.149
10 58 44.619
10 59 6.309
10 60 97.621
10 61 90.512
10 62 37.231
10 63 45.422
10 64 79.755
10 65 1.047
10 66 76.488
10 67 9.666
10 68 10.582
10 69 69.399
10 70 0.237
10 71 11.181
10 72 18.574
10 73 78.213
10 74 28.542
10 75 69.667
10 76 94.059
10 77 98.850
10 78 55.818
10 79 83.174
10 80 49.175
10 81 12.206
10 82 22.416
10 83 49.249
10 84 74.551
10 85 0.092
10 86 43.290
10 87 13.905
10 88 14.718
10 89 70.043
10 90 7.809
10 91 0.551
10 92 78.515
10 93 21.416
10 94 41.802
10 95 11.401
10 96 85.588
10 97 21.323
10 98 40.625
10 99 99.809
10 100 25.604
10 101 35.159
10 102 40.335
10 103 83.560
10 104 72.870
10 105 48.440
10 106 92.967
10 107 6.358
10 108 55.836
10 109 24.129
10 110 51.481
10 111 57.596
10 112 28.281
10 113 62.826
10 114 50.098
10 115 28.927
10 116 26.997
10 117 71.913
10 118 86.580
10 119 20.253
11 12 29.384
11 13 4.191
11 14 74.398
11 15 7.456
11 16 43.620
11 17 96.527
11 18 34.794
11 19 49.515
11 20 73.916
11 21 24.697
11 22 41.446
11 23 43.622
11 24 3.874
11 25 91.864
11 26 13.695
11 27 33.496
11 28 32.060
11 29 85.038
11 30 78.266
11 31 38.273
11 32 75.668
11 33 66.382
11 34 83.945
11 35 97.227
11 36 30.476
11 37 14.358
11 38 58.835
11 39 18.989
11 40 38.327
11 41 93.500
11 42 45.653
11 43 83.040
11 44 66.943
11 45 10.978
11 46 36.924
11 47 65.961
11 48 51.146
11 49 13.142
11 50 58.976
11 51 55.239
11 52 79.412
11 53 85.879
11 54 21.357
11 55 69.395
11 56 35.160
11 57 48.891
11 58 56.543
11 59 24.788
11 60 18.324
11 61 75.887
11 62 23.759
11 63 76.644
11 64 79.455
11 65 30.202
11 66 40.299
11 67 14.693
11 68 95.999
11 69 78.524
11 70 33.869
11 71 12.270
11 72 8.353
11 73 34.127
11 74 80.317
11 75 11.791
11 76 11.943
11 77 85.475
11 78 2.509
11 79 79.243
11 80 70.790
11 81 86.006
11 82 58.182
11 83 75.656
11 84 77.888
11 85 16.616
11 86 37.271
11 87 74.470
11 88 38.228
11 89 83.579
11 90 22.508
11 91 0.312
11 92 91.397
11 93 81.571
11 94 41.016
11 95 76.876
11 96 22.414
11 97 33.969
11 98 49.180
11 99 49.471
11 100 31.865
11 101 20.737
11 102 48.245
11 103 91.216
11 104 49.327
11 105 17.992
11 106 23.886
11 107 10.979
11 108 77.745
11 109 2.735
11 110 39.442
11 111 55.840
11 112 50.632
11 113 21.239
11 114 89.528
11 115 41.199
11 116 68.815
11 117 80.249
11 118 38.444
11 119 47.611
12 13 58.979
12 14 96.403
12 15 26.079
12 16 95.008
12 17 62.331
12 18 31.191
12 19 22.937
12 20 42.166
12 21 18.464
12 22 46.275
12 23 55.481
12 24 62.132
12 25 56.883
12 26 37.152
12 27 3.138
12 28 12.744
12 29 46.586
12 30 41.891
12 31 89.138
12 32 55.508
12 33 82.788
12 34 76.100
12 35 48.757
12 36 75.760
12 37 9.030
12 38 15.262
12 39 60.611
12 40 22.387
12 41 82.844
12 42 31.261
12 43 69.306
12 44 16.358
12 45 93.598
12 46 91.152
12 47 11.062
12 48 73.867
12 49 32.269
12 50 43.154
12 51 77.838
12 52 52.113
12 53 94.626
12 54 47.350
12 55 20.056
12 56 53.578
12 57 71.673
12 58 56.719
12 59 93.190
12 60 18.110
12 61 44.199
12 62 17.900
12 63 99.272
12 64 91.206
12 65 51.861
12 66 40.498
12 67 60.819
12 68 81.596
12 69 51.514
12 70 78.722
12 71 91.720
12 72 11.565
12 73 14.322
12 74 79.829
12 75 97.293
12 76 19.398
12 77 36.696
12 78 80.103
12 79 44.037
12 80 94.923
12 81 56.215
12 82 70.984
12 83 88.527
12 84 16.330
12 85 70.413
12 86 15.489
12 87 44.431
12 88 9.281
12 89 53.692
12 90 68.228
12 91 96.839
12 92 67.772
12 93 55.608
12 94 41.043
12 95 43.862
12 96 60.308
12 97 42.373
12 98 60.746
12 99 56.903
12 100 94.637
12 101 12.683
12 102 85.417
12 103 3.043
12 104 29.640
12 105 78.816
12 106 81.374
12 107 65.679
12 108 3.923
12 109 54.457
12 110 14.199
12 111 32.816
12 112 97.238
12 113 31.800
12 114 74.114
12 115 96.392
12 116 53.062
12 117 62.229
12 118 38.476
12 119 20.506
13 14 68.518
13 15 77.245
13 16 72.368
13 17 91.653
13 18 1.249
13 19 99.272
13 20 81.973
13 21 59.822
13 22 51.949
13 23 95.620
13 24 64.847
13 25 15.778
13 26 55.984
13 27 23.094
13 28 46.223
13 29 26.873
13 30 57.821
13 31 95.630
13 32 51.110
13 33 71.407
13 34 47.998
13 35 82.781
13 36 38.223
13 37 69.898
13 38 13.891
13 39 13.052
13 40 13.695
13 41 10.479
13 42 92.794
13 43 12.762
13 44 50.011
13 45 5.268
13 46 18.615
13 47 58.513
13 48 58.771
13 49 94.660
13 50 21.989
13 51 59.318
13 52 4.646
13 53 37.352
13 54 77.652
13 55 13.056
13 56 2.295
13 57 85.289
13 58 92.662
13 59 1.163
13 60 8.021
13 61 44.812
13 62 94.357
13 63 95.323
13 64 3.601
13 65 67.925
13 66 7.918
13 67 50.428
13 68 70.972
13 69 0.927
13 70 9.968
13 71 49.171
13 72 73.389
13 73 41.576
13 74 6.869
13 75 45.378
13 76 91.134
13 77 20.492
13 78 14.180
13 79 25.566
13 80 8.064
13 81 27.683
13 82 7.230
13 83 71.178
13 84 8.998
13 85 50.904
13 86 71.811
13 87 57.566
13 88 27.374
13 89 78.937
13 90 8.733
13 91 70.054
13 92 77.619
13 93 49.987
13 94 36.276
13 95 52.231
13 96 17.303
13 97 93.013
13 98 90.578
13 99 27.165
13 100 10.439
13 101 18.151
13 102 45.549
13 103 48.291
13 104 5.177
13 105 61.295
13 106 61.098
13 107 43.514
13 108 96.655
13 109 77.451
13 110 21.343
13 111 13.387
13 112 18.924
13 113 7.669
13 114 42.862
13 115 32.236
13 116 98.618
13 117 15.135
13 118 17.188
13 119 79.729
14 15 7.459
14 16 97.463
14 17 1.411
14 18 99.578
14 19 70.682
14 20 34.246
14 21 86.121
14 22 41.988
14 23 24.123
14 24 21.617
14 25 50.834
14 26 96.906
14 27 63.980
14 28 78.876
14 29 63.694
14 30 66.254
14 31 0.153
14 32 86.151
14 33 94.375
14 34 55.077
14 35 6.575
14 36 26.625
14 37 86.995
14 38 83.887
14 39 60.124
14 40 62.021
14 41 83.295
14 42 37.476
14 43 73.429
14 44 65.865
14 45 95.391
14 46 69.091
14 47 56.317
14 48 75.431
14 49 2.173
14 50 73.083
14 51 85.654
14 52 0.374
14 53 83.690
14 54 24.040
14 55 23.964
14 56 43.683
14 57 13.862
14 58 55.863
14 59 3.499
14 60 48.924
14 61 3.436
14 62 20.379
14 63 84.330
14 64 86.650
14 65 22.287
14 66 21.833
14 67 2.514
14 68 32.403
14 69 33.027
14 70 70.929
14 71 47.586
14 72 68.934
14 73 36.316
14 74 40.122
14 75 47.356
14 76 66.033
14 77 62.372
14 78 30.436
14 79 92.406
14 80 52.805
14 81 42.873
14 82 79.354
14 83 2.688
14 84 99.293
14 85 62.775
14 86 49.171
14 87 24.278
14 88 66.985
14 89 22.527
14 90 35.683
14 91 45.617
14 92 71.092
14 93 37.765
14 94 28.230
14 95 39.440
14 96 21.364
14 97 65.734
14 98 33.805
14 99 69.136
14 100 72.794
14 101 75.566
14 102 50.346
14 103 46.429
14 104 22.723
14 105 72.958
14 106 37.283
14 107 91.009
14 108 36.656
14 109 48.909
14 110 85.052
14 111 22.179
14 112 71.539
14 113 46.857
14 114 29.504
14 115 7.566
14 116 92.276
14 117 32.898
14 118 92.017
14 119 4.618
15 16 44.962
15 17 9.745
15 18 51.601
15 19 56.850
15 20 58.606
15 21 36.620
15 22 71.388
15 23 48.730
15 24 96.020
15 25 4.536
15 26 8.669
15 27 80.577
15 28 64.134
15 29 69.214
15 30 34.959
15 31 98.026
15 32 24.154
15 33 62.359
15 34 80.601
15 35 99.357
15 36 12.785
15 37 86.097
15 38 97.003
15 39 48.382
15 40 97.152
15 41 45.071
15 42 98.866
15 43 40.632
15 44 38.147
15 45 86.052
15 46 8.589
15 47 6.186
15 48 29.545
15 49 95.844
15 50 75.575
15 51 83.786
15 52 13.579
15 53 54.874
15 54 84.218
15 55 67.769
15 56 47.575
15 57 56.047
15 58 96.144
15 59 11.867
15 60 10.789
15 61 76.287
15 62 94.599
15 63 72.049
15 64 95.784
15 65 31.629
15 66 11.891
15 67 84.399
15 68 24.460
15 69 55.835
15 70 24.399
15 71 3.355
15 72 65.312
15 73 17.184
15 74 93.894
15 75 70.712
15 76 5.494
15 77 28.437
15 78 18.792
15 79 46.387
15 80 48.992
15 81 10.928
15 82 34.440
15 83 8.258
15 84 70.470
15 85 45.323
15 86 67.641
15 87 20.247
15 88 53.305
15 89 78.774
15 90 7.390
15 91 75.359
15 92 79.870
15 93 61.054
15 94 1.124
15 95 43.520
15 96 22.281
15 97 50.709
15 98 23.790
15 99 92.846
15 100 2.671
15 101 66.315
15 102 95.662
15 103 7.336
15 104 53.419
15 105 57.690
15 106 44.053
15 107 94.041
15 108 9.872
15 109 37.198
15 110 13.944
15 111 58.375
15 112 10.720
15 113 42.244
15 114 33.045
15 115 27.523
15 116 64.538
15 117 96.678
15 118 27.899
15 119 18.772
16 17 64.882
16 18 0.981
16 19 69.401
16 20 82.153
16 21 0.929
16 22 8.974
16 23 98.441
16 24 94.867
16 25 15.766
16 26 42.238
16 27 45.398
16 28 48.796
16 29 10.311
16 30 52.509
16 31 10.801
16 32 51.758
16 33 77.190
16 34 67.031
16 35 18.715
16 36 58.191
16 37 76.013
16 38 42.166
16 39 89.294
16 40 55.611
16 41 29.137
16 42 6.538
16 43 2.401
16 44 59.435
16 45 25.301
16 46 96.547
16 47 40.332
16 48 10.677
16 49 67.458
16 50 74.311
16 51 4.399
16 52 28.524
16 53 90.675
16 54 70.933
16 55 97.523
16 56 42.967
16 57 6.142
16 58 16.415
16 59 52.925
16 60 21.404
16 61 98.139
16 62 1.661
16 63 67.675
16 64 7.550
16 65 12.232
16 66 67.702
16 67 69.052
16 68 10.995
16 69 25.028
16 70 32.595
16 71 1.544
16 72 21.406
16 73 78.471
16 74 47.427
16 75 72.828
16 76 72.624
16 77 94.993
16 78 19.427
16 79 38.140
16 80 48.815
16 81 63.746
16 82 52.395
16 83 34.232
16 84 7.344
16 85 2.680
16 86 32.486
16 87 96.431
16 88 91.205
16 89 56.424
16 90 30.861
16 91 5.331
16 92 17.566
16 93 85.727
16 94 3.770
16 95 13.270
16 96 58.440
16 97 40.635
16 98 45.371
16 99 94.934
16 100 74.472
16 101 86.623
16 102 88.898
16 103 51.370
16 104 23.477
16 105 70.606
16 106 57.754
16 107 72.092
16 108 41.668
16 109 72.020
16 110 39.694
16 111 26.157
16 112 87.363
16 113 83.104
16 114 94.464
16 115 9.764
16 116 44.512
16 117 2.080
16 118 8.091
16 119 25.331
17 18 6.518
17 19 3.071
17 20 75.485
17 21 4.979
17 22 99.587
17 23 67.429
17 24 27.082
17 25 19.960
17 26 59.256
17 27 22.545
17 28 14.989
17 29 36.820
17 30 43.755
17 31 36.296
17 32 39.390
17 33 90.935
17 34 53.495
17 35 57.914
17 36 26.957
17 37 48.558
17 38 27.270
17 39 79.418
17 40 69.586
17 41 19.620
17 42 2.623
17 43 15.614
17 44 93.966
17 45 65.272
17 46 60.377
17 47 65.288
17 48 60.352
17 49 16.518
17 50 21.450
17 51 21.324
17 52 82.345
17 53 83.271
17 54 27.862
17 55 43.328
17 56 18.578
17 57 86.785
17 58 19.223
17 59 92.752
17 60 11.903
17 61 92.652
17 62 11.015
17 63 57.550
17 64 42.020
17 65 56.415
17 66 91.639
17 67 61.084
17 68 13.431
17 69 19.328
17 70 81.436
17 71 58.309
17 72 22.197
17 73 7.936
17 74 38.821
17 75 71.168
17 76 32.176
17 77 97.840
17 78 56.162
17 79 4.701
17 80 44.251
17 81 99.429
17 82 61.200
17 83 15.529
17 84 60.511
17 85 11.296
17 86 28.553
17 87 75.199
17 88 29.460
17 89 65.714
17 90 10.268
17 91 82.269
17 92 7.971
17 93 59.755
17 94 14.389
17 95 29.099
17 96 91.116
17 97 25.516
17 98 96.143
17 99 21.954
17 100 41.888
17 101 43.391
17 102 77.649
17 103 86.359
17 104 99.461
17 105 43.454
17 106 78.909
17 107 63.547
17 108 56.814
17 109 71.754
17 110 25.398
17 111 18.401
17 112 76.393
17 113 20.667
17 114 95.676
17 115 34.476
17 116 55.932
17 117 35.476
17 118 86.257
17 119 67.463
18 19 65.642
18 20 12.919
18 21 0.319
18 22 64.915
18 23 52.674
18 24 1.726
18 25 11.902
18 26 37.075
18 27 49.119
18 28 99.995
18 29 17.850
18 30 81.348
18 31 25.727
18 32 19.762
18 33 66.044
18 34 21.236
18 35 5.143
18 36 55.236
18 37 40.366
18 38 19.503
18 39 85.650
18 40 47.896
18 41 90.338
18 42 64.870
18 43 29.240
18 44 89.022
18 45 16.542
18 46 11.729
18 47 36.294
18 48 38.208
18 49 61.690
18 50 73.148
18 51 63.235
18 52 65.041
18 53 11.605
18 54 28.897
18 55 39.229
18 56 40.330
18 57 80.397
18 58 12.235
18 59 3.322
18 60 13.175
18 61 39.758
18 62 81.902
18 63 14.389
18 64 10.631
18 65 53.584
18 66 69.063
18 67 82.825
18 68 87.821
18 69 95.997
18 70 12.842
18 71 35.126
18 72 38.139
18 73 63.393
18 74 62.692
18 75 50.351
18 76 45.483
18 77 39.271
18 78 30.955
18 79 0.886
18 80 23.510
18 81 34.359
18 82 24.839
18 83 89.040
18 84 40.463
18 85 3.958
18 86 73.391
18 87 95.704
18 88 72.395
18 89 39.456
18 90 92.165
18 91 47.608
18 92 62.472
18 93 41.579
18 94 95.901
18 95 65.727
18 96 89.505
18 97 9.240
18 98 77.880
18 99 78.896
18 100 65.001
18 101 19.735
18 102 23.509
18 103 73.965
18 104 84.740
18 105 33.552
18 106 15.259
18 107 6.620
18 108 58.268
18 109 30.197
18 110 16.262
18 111 15.464
18 112 27.666
18 113 70.238
18 114 90.643
18 115 66.033
18 116 65.575
18 117 83.113
18 118 30.127
18 119 1.129
19 20 11.707
19 21 0.331
19 22 8.493
19 23 89.191
19 24 66.906
19 25 89.280
19 26 78.106
19 27 43.367
19 28 14.355
19 29 94.158
19 30 56.098
19 31 30.540
19 32 78.585
19 33 57.444
19 34 21.661
19 35 1.783
19 36 64.737
19 37 77.809
19 38 60.485
19 39 53.513
19 40 42.834
19 41 58.563
19 42 47.527
19 43 72.115
19 44 54.867
19 45 14.444
19 46 55.140
19 47 23.852
19 48 26.050
19 49 34.010
19 50 9.967
19 51 26.612
19 52 55.904
19 53 39.868
19 54 99.092
19 55 80.351
19 56 49.628
19 57 49.642
19 58 43.590
19 59 39.069
19 60 25.756
19 61 16.845
19 62 15.956
19 63 78.724
19 64 2.173
19 65 22.714
19 66 76.762
19 67 52.706
19 68 19.342
19 69 97.592
19 70 45.503
19 71 29.308
19 72 6.904
19 73 73.573
19 74 0.726
19 75 74.115
19 76 37.860
19 77 8.914
19 78 25.343
19 79 74.289
19 80 43.106
19 81 79.094
19 82 74.490
19 83 1.450
19 84 78.371
19 85 99.429
19 86 45.286
19 87 75.172
19 88 45.436
19 89 29.806
19 90 70.570
19 91 20.093
19 92 70.036
19 93 13.336
19 94 41.980
19 95 6.187
19 96 29.922
19 97 17.669
19 98 91.652
19 99 23.982
19 100 8.335
19 101 80.182
19 102 26.382
19 103 74.333
19 104 20.480
19 105 6.443
19 106 13.271
19 107 45.799
19 108 23.591
19 109 35.079
19 110 61.655
19 111 11.776
19 112 74.783
19 113 61.614
19 114 32.573
19 115 4.243
19 116 45.133
19 117 8.824
19 118 34.062
19 119 11.285
20 21 33.294
20 22 41.825
20 23 28.236
20 24 1.565
20 25 47.420
20 26 52.377
20 27 84.440
20 28 0.425
20 29 40.318
20 30 78.761
20 31 61.639
20 32 29.591
20 33 89.461
20 34 85.146
20 35 92.827
20 36 75.204
20 37 10.868
20 38 97.451
20 39 74.341
20 40 67.420
20 41 83.848
20 42 81.540
20 43 33.825
20 44 38.875
20 45 42.204
20 46 53.928
20 47 61.973
20 48 79.007
20 49 56.751
20 50 35.231
20 51 45.270
20 52 16.601
20 53 93.853
20 54 92.216
20 55 29.587
20 56 43.831
20 57 85.173
20 58 65.594
20 59 77.802
20 60 41.685
20 61 84.945
20 62 47.577
20 63 58.575
20 64 78.863
20 65 22.821
20 66 55.757
20 67 17.888
20 68 34.061
20 69 82.694
20 70 47.989
20 71 40.211
20 72 35.014
20 73 50.909
20 74 36.744
20 75 1.904
20 76 16.761
20 77 80.855
20 78 90.800
20 79 55.908
20 80 76.288
20 81 15.217
20 82 57.127
20 83 63.839
20 84 41.051
20 85 91.969
20 86 96.509
20 87 9.257
20 88 74.831
20 89 35.742
20 90 2.674
20 91 84.193
20 92 15.949
20 93 2.252
20 94 66.634
20 95 39.941
20 96 80.090
20 97 0.269
20 98 55.426
20 99 32.668
20 100 62.812
20 101 62.926
20 102 97.614
20 103 74.586
20 104 45.263
20 105 78.180
20 106 6.663
20 107 22.206
20 108 40.719
20 109 16.845
20 110 27.702
20 111 94.642
20 112 19.275
20 113 15.845
20 114 63.210
20 115 16.973
20 116 13.326
20 117 84.226
20 118 18.798
20 119 26.354
21 22 37.456
21 23 99.909
21 24 11.539
21 25 61.852
21 26 52.922
21 27 56.328
21 28 0.183
21 29 82.928
21 30 69.135
21 31 99.807
21 32 29.120
21 33 26.030
21 34 2.365
21 35 70.891
21 36 26.096
21 37 13.934
21 38 5.356
21 39 25.849
21 40 57.462
21 41 78.261
21 42 40.625
21 43 68.180
21 44 24.114
21 45 42.064
21 46 94.914
21 47 64.173
21 48 76.325
21 49 36.369
21 50 22.613
21 51 51.451
21 52 36.294
21 53 92.290
21 54 61.912
21 55 74.924
21 56 43.522
21 57 58.589
21 58 89.024
21 59 0.665
21 60 80.011
21 61 43.519
21 62 63.053
21 63 64.978
21 64 89.794
21 65 69.304
21 66 66.871
21 67 13.296
21 68 80.472
21 69 57.815
21 70 67.858
21 71 71.522
21 72 83.184
21 73 36.773
21 74 6.437
21 75 71.034
21 76 51.828
21 77 67.271
21 78 70.018
21 79 17.847
21 80 2.393
21 81 45.417
21 82 25.335
21 83 56.235
21 84 28.872
21 85 23.608
21 86 63.084
21 87 27.661
21 88 83.542
21 89 30.243
21 90 55.375
21 91 66.933
21 92 76.239
21 93 40.572
21 94 38.698
21 95 9.259
21 96 29.814
21 97 65.992
21 98 12.958
21 99 4.249
21 100 27.095
21 101 84.217
21 102 90.568
21 103 45.870
21 104 98.419
21 105 28.580
21 106 38.685
21 107 31.014
21 108 28.246
21 109 91.153
21 110 32.386
21 111 53.525
21 112 4.333
21 113 71.408
21 114 76.887
21 115 25.455
21 116 93.625
21 117 19.822
21 118 62.900
21 119 92.755
22 23 5.279
22 24 84.136
22 25 90.783
22 26 78.746
22 27 93.122
22 28 64.900
22 29 36.338
22 30 45.461
22 31 57.386
22 32 26.477
22 33 33.974
22 34 10.274
22 35 28.685
22 36 89.885
22 37 21.382
22 38 93.279
22 39 55.982
22 40 54.604
22 41 23.955
22 42 99.434
22 43 74.678
22 44 57.968
22 45 56.910
22 46 58.767
22 47 0.989
22 48 82.744
22 49 88.376
22 50 57.792
22 51 84.415
22 52 66.242
22 53 37.695
22 54 95.746
22 55 51.353
22 56 47.536
22 57 79.737
22 58 90.434
22 59 89.854
22 60 13.355
22 61 88.270
22 62 40.116
22 63 57.975
22 64 67.731
22 65 79.221
22 66 20.336
22 67 46.382
22 68 55.655
22 69 8.161
22 70 57.485
22 71 89.591
22 72 16.818
22 73 35.381
22 74 74.580
22 75 99.649
22 76 31.930
22 77 96.693
22 78 48.931
22 79 91.059
22 80 51.142
22 81 8.361
22 82 56.247
22 83 76.419
22 84 61.811
22 85 90.569
22 86 1.231
22 87 38.498
22 88 61.105
22 89 15.388
22 90 50.809
22 91 26.367
22 92 47.910
22 93 72.430
22 94 92.880
22 95 80.739
22 96 38.019
22 97 98.197
22 98 40.857
22 99 66.792
22 100 36.783
22 101 33.590
22 102 92.226
22 103 81.539
22 104 74.194
22 105 58.131
22 106 27.986
22 107 7.198
22 108 18.791
22 109 99.160
22 110 9.065
22 111 2.015
22 112 38.844
22 113 29.588
22 114 85.667
22 115 55.687
22 116 71.934
22 117 48.759
22 118 86.001
22 119 87.735
23 24 97.366
23 25 87.544
23 26 91.939
23 27 34.128
23 28 79.739
23 29 91.011
23 30 40.919
23 31 49.947
23 32 66.607
23 33 9.831
23 34 15.736
23 35 54.041
23 36 78.282
23 37 75.044
23 38 96.883
23 39 55.372
23 40 23.666
23 41 39.898
23 42 55.695
23 43 30.173
23 44 12.420
23 45 47.172
23 46 60.804
23 47 64.032
23 48 10.818
23 49 20.729
23 50 55.261
23 51 33.686
23 52 6.312
23 53 85.992
23 54 37.188
23 55 79.553
23 56 4.151
23 57 95.653
23 58 42.916
23 59 11.945
23 60 78.301
23 61 74.072
23 62 88.311
23 63 1.412
23 64 38.472
23 65 96.724
23 66 71.371
23 67 26.828
23 68 55.248
23 69 89.449
23 70 77.127
23 71 93.565
23 72 6.081
23 73 66.385
23 74 54.538
23 75 88.541
23 76 66.386
23 77 25.140
23 78 54.265
23 79 8.915
23 80 71.974
23 81 83.121
23 82 26.118
23 83 86.856
23 84 21.772
23 85 69.859
23 86 75.411
23 87 34.082
23 88 73.065
23 89 86.795
23 90 68.622
23 91 46.766
23 92 5.421
23 93 8.151
23 94 60.435
23 95 43.913
23 96 94.006
23 97 24.383
23 98 86.673
23 99 60.471
23 100 38.198
23 101 23.147
23 102 30.561
23 103 80.195
23 104 37.164
23 105 61.796
23 106 23.395
23 107 72.680
23 108 90.541
23 109 10.137
23 110 84.940
23 111 94.022
23 112 29.363
23 113 32.505
23 114 43.728
23 115 21.156
23 116 50.101
23 117 34.170
23 118 2.919
23 119 16.267
24 25 32.941
24 26 18.671
24 27 33.504
24 28 59.478
24 29 74.374
24 30 89.884
24 31 83.368
24 32 45.618
24 33 53.723
24 34 85.467
24 35 88.093
24 36 13.960
24 37 83.397
24 38 46.758
24 39 57.365
24 40 68.621
24 41 63.469
24 42 14.321
24 43 89.469
24 44 51.689
24 45 72.600
24 46 88.009
24 47 35.590
24 48 51.191
24 49 79.388
24 50 5.763
24 51 95.505
24 52 61.621
24 53 50.877
24 54 76.321
24 55 76.735
24 56 66.048
24 57 68.292
24 58 47.584
24 59 90.340
24 60 75.712
24 61 33.963
24 62 4.611
24 63 88.280
24 64 45.517
24 65 67.967
24 66 69.016
24 67 69.635
24 68 82.009
24 69 48.194
24 70 15.044
24 71 95.942
24 72 74.156
24 73 43.337
24 74 26.630
24 75 59.556
24 76 6.678
24 77 24.728
24 78 94.496
24 79 43.141
24 80 60.667
24 81 20.012
24 82 92.657
24 83 93.301
24 84 66.905
24 85 89.302
24 86 79.656
24 87 6.803
24 88 53.533
24 89 62.777
24 90 41.438
24 91 94.010
24 92 21.637
24 93 77.605
24 94 29.993
24 95 40.828
24 96 89.841
24 97 91.618
24 98 54.697
24 99 37.879
24 100 72.103
24 101 31.351
24 102 51.774
24 103 83.562
24 104 91.747
24 105 52.855
24 106 91.354
24 107 96.312
24 108 89.078
24 109 55.115
24 110 81.336
24 111 90.580
24 112 50.026
24 113 87.962
24 114 92.567
24 115 80.927
24 116 68.840
24 117 39.032
24 118 60.832
24 119 79.129
25 26 59.173
25 27 67.651
25 28 17.718
25 29 40.264
25 30 44.770
25 31 77.413
25 32 64.628
25 33 95.550
25 34 93.491
25 35 83.803
25 36 32.039
25 37 82.000
25 38 6.555
25 39 38.377
25 40 59.582
25 41 42.005
25 42 38.645
25 43 16.811
25 44 91.579
25 45 19.525
25 46 3.938
25 47 64.564
25 48 7.385
25 49 23.844
25 50 18.101
25 51 20.936
25 52 96.228
25 53 66.677
25 54 36.979
25 55 10.011
25 56 42.179
25 57 3.928
25 58 78.940
25 59 95.224
25 60 6.481
25 61 29.493
25 62 59.766
25 63 43.273
25 64 81.657
25 65 75.258
25 66 26.465
25 67 32.596
25 68 44.669
25 69 68.787
25 70 49.549
25 71 71.858
25 72 54.837
25 73 88.208
25 74 22.086
25 75 64.653
25 76 26.332
25 77 32.382
25 78 18.225
25 79 68.067
25 80 54.727
25 81 93.720
25 82 83.909
25 83 44.814
25 84 92.471
25 85 80.840
25 86 68.152
25 87 1.302
25 88 49.069
25 89 88.770
25 90 54.502
25 91 37.320
25 92 38.346
25 93 55.500
25 94 19.229
25 95 6.932
25 96 7.385
25 97 75.437
25 98 25.280
25 99 4.731
25 100 59.554
25 101 62.662
25 102 59.198
25 103 46.793
25 104 27.502
25 105 69.906
25 106 31.964
25 107 11.444
25 108 61.069
25 109 72.741
25 110 94.125
25 111 41.396
25 112 69.787
25 113 22.739
25 114 60.575
25 115 85.860
25 116 99.959
25 117 58.226
25 118 1.016
25 119 78.920
26 27 32.272
26 28 36.720
26 29 28.399
26 30 8.732
26 31 57.479
26 32 19.265
26 33 9.506
26 34 31.077
26 35 24.887
26 36 93.635
26 37 29.400
26 38 20.306
26 39 61.239
26 40 70.700
26 41 64.590
26 42 30.921
26 43 25.997
26 44 26.282
26 45 58.509
26 46 63.821
26 47 3.164
26 48 89.398
26 49 47.348
26 50 92.675
26 51 29.448
26 52 97.066
26 53 54.259
26 54 7.934
26 55 23.928
26 56 45.683
26 57 55.605
26 58 78.662
26 59 15.326
26 60 69.486
26 61 24.218
26 62 15.678
26 63 59.583
26 64 67.718
26 65 71.489
26 66 43.419
26 67 2.630
26 68 83.861
26 69 42.664
26 70 52.493
26 71 71.084
26 72 12.652
26 73 67.841
26 74 10.056
26 75 67.066
26 76 73.606
26 77 34.958
26 78 50.948
26 79 2.398
26 80 43.360
26 81 30.422
26 82 58.969
26 83 32.160
26 84 83.400
26 85 88.082
26 86 74.695
26 87 37.920
26 88 34.615
26 89 97.879
26 90 33.943
26 91 66.894
26 92 75.563
26 93 51.769
26 94 49.261
26 95 54.888
26 96 57.509
26 97 46.421
26 98 95.771
26 99 48.076
26 100 35.977
26 101 19.706
26 102 52.241
26 103 91.501
26 104 15.958
26 105 71.146
26 106 78.420
26 107 70.636
26 108 15.883
26 109 5.238
26 110 80.481
26 111 76.444
26 112 34.111
26 113 40.998
26 114 27.862
26 115 14.054
26 116 70.867
26 117 51.051
26 118 36.809
26 119 90.527
27 28 18.504
27 29 29.279
27 30 28.623
27 31 98.133
27 32 83.376
27 33 37.262
27 34 3.923
27 35 56.135
27 36 43.774
27 37 46.687
27 38 48.134
27 39 86.305
27 40 80.094
27 41 77.386
27 42 97.985
27 43 75.194
27 44 35.770
27 45 28.827
27 46 53.970
27 47 19.682
27 48 80.496
27 49 16.636
27 50 19.515
27 51 61.360
27 52 50.883
27 53 55.151
27 54 84.043
27 55 90.058
27 56 37.910
27 57 71.986
27 58 44.157
27 59 37.128
27 60 75.428
27 61 1.273
27 62 74.843
27 63 85.054
27 64 59.426
27 65 78.479
27 66 20.907
27 67 91.570
27 68 93.908
27 69 51.624
27 70 77.780
27 71 63.620
27 72 15.965
27 73 31.215
27 74 70.354
27 75 19.400
27 76 99.973
27 77 24.387
27 78 18.737
27 79 45.093
27 80 78.850
27 81 37.476
27 82 0.549
27 83 87.074
27 84 48.926
27 85 85.678
27 86 80.885
27 87 20.009
27 88 44.191
27 89 18.443
27 90 83.043
27 91 96.623
27 92 75.584
27 93 54.910
27 94 15.854
27 95 15.887
27 96 31.435
27 97 24.956
27 98 56.707
27 99 42.925
27 100 26.334
27 101 28.317
27 102 13.327
27 103 76.169
27 104 67.382
27 105 56.778
27 106 51.877
27 107 85.121
27 108 79.202
27 109 72.560
27 110 84.152
27 111 35.529
27 112 92.018
27 113 99.797
27 114 52.440
27 115 77.874
27 116 50.777
27 117 65.402
27 118 37.026
27 119 99.764
28 29 47.481
28 30 20.642
28 31 38.398
28 32 33.178
28 33 13.801
28 34 85.372
28 35 53.851
28 36 63.442
28 37 36.490
28 38 83.154
28 39 76.529
28 40 8.414
28 41 74.270
28 42 77.401
28 43 93.831
28 44 23.548
28 45 61.568
28 46 76.162
28 47 51.690
28 48 41.367
28 49 81.863
28 50 46.361
28 51 81.384
28 52 72.292
28 53 81.387
28 54 67.026
28 55 56.359
28 56 77.894
28 57 72.529
28 58 55.470
28 59 57.955
28 60 77.315
28 61 45.554
28 62 20.395
28 63 80.989
28 64 62.956
28 65 67.064
28 66 31.519
28 67 2.807
28 68 82.474
28 69 94.185
28 70 46.636
28 71 72.750
28 72 90.715
28 73 74.502
28 74 3.862
28 75 52.859
28 76 87.423
28 77 33.573
28 78 69.382
28 79 55.242
28 80 34.393
28 81 74.152
28 82 29.136
28 83 76.664
28 84 89.182
28 85 24.296
28 86 26.655
28 87 26.750
28 88 1.604
28 89 75.103
28 90 78.658
28 91 82.591
28 92 93.904
28 93 43.084
28 94 45.026
28 95 79.625
28 96 85.864
28 97 77.035
28 98 90.447
28 99 66.299
28 100 32.047
28 101 4.769
28 102 51.243
28 103 8.371
28 104 9.963
28 105 81.152
28 106 12.836
28 107 27.577
28 108 35.141
28 109 55.668
28 110 10.804
28 111 99.005
28 112 81.937
28 113 25.073
28 114 91.615
28 115 11.626
28 116 57.365
28 117 74.690
28 118 7.919
28 119 17.286
29 30 9.300
29 31 40.514
29 32 77.664
29 33 54.866
29 34 50.134
29 35 43.537
29 36 6.302
29 37 38.366
29 38 42.281
29 39 57.569
29 40 57.033
29 41 40.347
29 42 22.894
29 43 72.291
29 44 55.268
29 45 85.475
29 46 41.736
29 47 4.445
29 48 30.414
29 49 92.829
29 50 48.339
29 51 91.740
29 52 30.577
29 53 70.179
29 54 92.459
29 55 76.462
29 56 93.961
29 57 68.631
29 58 95.235
29 59 48.757
29 60 24.466
29 61 51.826
29 62 7.588
29 63 73.141
29 64 98.417
29 65 20.307
29 66 97.083
29 67 66.070
29 68 24.355
29 69 58.729
29 70 94.806
29 71 27.233
29 72 88.488
29 73 41.239
29 74 89.786
29 75 52.740
29 76 44.638
29 77 38.686
29 78 80.040
29 79 74.485
29 80 49.436
29 81 20.219
29 82 76.562
29 83 76.685
29 84 1.050
29 85 31.398
29 86 9.378
29 87 38.000
29 88 12.823
29 89 61.105
29 90 3.277
29 91 35.574
29 92 42.040
29 93 80.372
29 94 74.876
29 95 26.001
29 96 98.374
29 97 47.618
29 98 52.416
29 99 87.420
29 100 76.611
29 101 26.893
29 102 34.989
29 103 66.830
29 104 93.910
29 105 58.370
29 106 88.887
29 107 27.194
29 108 63.080
29 109 53.625
29 110 25.306
29 111 30.016
29 112 0.300
29 113 62.197
29 114 15.876
29 115 20.806
29 116 48.205
29 117 70.438
29 118 80.312
29 119 7.239
30 31 93.383
30 32 48.869
30 33 23.930
30 34 32.756
30 35 71.150
30 36 60.028
30 37 11.861
30 38 52.013
30 39 79.820
30 40 75.261
30 41 41.501
30 42 8.800
30 43 71.715
30 44 25.909
30 45 15.074
30 46 1.914
30 47 48.831
30 48 32.069
30 49 20.127
30 50 99.963
30 51 67.305
30 52 10.367
30 53 97.370
30 54 32.199
30 55 46.756
30 56 61.135
30 57 12.479
30 58 39.204
30 59 88.081
30 60 74.928
30 61 51.315
30 62 14.618
30 63 26.410
30 64 78.468
30 65 26.452
30 66 7.093
30 67 84.751
30 68 60.953
30 69 17.015
30 70 80.269
30 71 48.172
30 72 83.040
30 73 63.520
30 74 47.798
30 75 48.454
30 76 72.906
30 77 4.735
30 78 10.313
30 79 34.769
30 80 56.434
30 81 74.557
30 82 21.732
30 83 7.180
30 84 51.895
30 85 73.464
30 86 3.378
30 87 6.711
30 88 83.413
30 89 91.316
30 90 6.173
30 91 88.196
30 92 32.048
30 93 86.115
30 94 93.482
30 95 50.311
30 96 48.509
30 97 16.779
30 98 80.202
30 99 60.917
30 100 97.322
30 101 87.078
30 102 17.308
30 103 95.275
30 104 88.683
30 105 82.584
30 106 55.266
30 107 99.687
30 108 81.298
30 109 72.815
30 110 54.647
30 111 3.781
30 112 7.161
30 113 6.717
30 114 37.708
30 115 30.906
30 116 77.563
30 117 51.206
30 118 90.849
30 119 98.025
31 32 78.501
31 33 9.690
31 34 34.597
31 35 53.979
31 36 53.246
31 37 10.354
31 38 75.103
31 39 78.179
31 40 99.988
31 41 72.395
31 42 39.168
31 43 50.518
31 44 83.280
31 45 42.544
31 46 73.377
31 47 7.708
31 48 69.422
31 49 43.844
31 50 57.215
31 51 21.267
31 52 47.989
31 53 94.063
31 54 39.845
31 55 68.009
31 56 94.380
31 57 31.998
31 58 60.763
31 59 15.190
31 60 61.550
31 61 36.586
31 62 55.632
31 63 9.319
31 64 63.039
31 65 35.880
31 66 80.341
31 67 40.191
31 68 23.937
31 69 80.823
31 70 8.701
31 71 49.846
31 72 31.625
31 73 2.189
31 74 72.185
31 75 69.894
31 76 13.903
31 77 78.145
31 78 13.709
31 79 0.081
31 80 8.574
31 81 14.607
31 82 21.715
31 83 85.968
31 84 65.584
31 85 80.874
31 86 95.670
31 87 14.237
31 88 40.482
31 89 49.004
31 90 69.581
31 91 20.425
31 92 96.314
31 93 56.956
31 94 86.239
31 95 95.768
31 96 29.920
31 97 52.748
31 98 71.649
31 99 87.352
31 100 78.216
31 101 79.706
31 102 6.460
31 103 8.932
31 104 40.194
31 105 31.322
31 106 29.210
31 107 18.533
31 108 71.149
31 109 38.349
31 110 34.788
31 111 73.338
31 112 67.130
31 113 50.447
31 114 50.782
31 115 42.415
31 116 59.593
31 117 40.028
31 118 84.233
31 119 43.437
32 33 82.958
32 34 86.918
32 35 31.798
32 36 70.863
32 37 61.056
32 38 99.016
32 39 37.443
32 40 99.909
32 41 82.372
32 42 86.358
32 43 63.536
32 44 83.168
32 45 98.562
32 46 33.813
32 47 13.550
32 48 4.899
32 49 85.855
32 50 11.089
32 51 7.597
32 52 21.745
32 53 54.820
32 54 17.838
32 55 65.618
32 56 98.055
32 57 80.328
32 58 86.318
32 59 97.278
32 60 39.001
32 61 50.640
32 62 54.424
32 63 32.518
32 64 35.321
32 65 2.223
32 66 77.862
32 67 52.150
32 68 59.792
32 69 15.168
32 70 71.805
32 71 94.048
32 72 97.435
32 73 93.043
32 74 59.586
32 75 17.184
32 76 48.955
32 77 40.543
32 78 58.818
32 79 3.145
32 80 20.098
32 81 82.489
32 82 53.781
32 83 62.750
32 84 98.341
32 85 38.519
32 86 87.004
32 87 93.996
32 88 22.745
32 89 79.240
32 90 52.671
32 91 6.804
32 92 72.821
32 93 41.667
32 94 89.824
32 95 89.895
32 96 37.892
32 97 74.454
32 98 54.264
32 99 45.616
32 100 79.712
32 101 16.700
32 102 94.688
32 103 59.659
32 104 68.002
32 105 88.076
32 106 70.734
32 107 4.336
32 108 51.067
32 109 82.528
32 110 28.503
32 111 96.444
32 112 21.823
32 113 13.027
32 114 92.551
32 115 43.760
32 116 53.303
32 117 50.604
32 118 42.431
32 119 17.778
33 34 7.155
33 35 37.355
33 36 16.564
33 37 84.594
33 38 63.595
33 39 30.146
33 40 26.586
33 41 10.646
33 42 81.996
33 43 49.419
33 44 71.219
33 45 35.564
33 46 77.509
33 47 65.809
33 48 10.344
33 49 70.452
33 50 91.024
33 51 56.198
33 52 97.142
33 53 36.690
33 54 37.320
33 55 0.392
33 56 68.989
33 57 7.691
33 58 39.358
33 59 69.784
33 60 66.277
33 61 54.057
33 62 95.466
33 63 80.146
33 64 82.389
33 65 21.152
33 66 80.568
33 67 42.158
33 68 47.775
33 69 87.409
33 70 52.590
33 71 45.281
33 72 16.407
33 73 61.481
33 74 20.871
33 75 53.312
33 76 53.850
33 77 76.895
33 78 34.633
33 79 73.221
33 80 22.754
33 81 33.942
33 82 66.478
33 83 82.798
33 84 23.806
33 85 20.294
33 86 98.418
33 87 67.221
33 88 77.982
33 89 14.192
33 90 66.032
33 91 19.787
33 92 29.423
33 93 37.048
33 94 80.189
33 95 7.889
33 96 7.319
33 97 75.903
33 98 25.105
33 99 91.713
33 100 9.916
33 101 40.432
33 102 26.553
33 103 10.216
33 104 64.058
33 105 54.057
33 106 94.699
33 107 16.581
33 108 69.677
33 109 4.186
33 110 72.272
33 111 53.684
33 112 60.191
33 113 92.754
33 114 60.704
33 115 9.012
33 116 96.985
33 117 34.942
33 118 54.378
33 119 78.021
34 35 69.004
34 36 51.336
34 37 86.267
34 38 95.114
34 39 86.902
34 40 86.768
34 41 77.034
34 42 62.201
34 43 45.322
34 44 67.686
34 45 84.024
34 46 16.246
34 47 76.549
34 48 79.165
34 49 66.630
34 50 29.247
34 51 34.123
34 52 2.501
34 53 20.155
34 54 26.762
34 55 25.976
34 56 4.837
34 57 81.531
34 58 44.428
34 59 63.206
34 60 13.391
34 61 77.205
34 62 15.801
34 63 2.819
34 64 38.565
34 65 65.958
34 66 99.425
34 67 40.634
34 68 32.615
34 69 27.630
34 70 8.219
34 71 53.943
34 72 83.517
34 73 62.440
34 74 0.038
34 75 2.647
34 76 47.296
34 77 95.022
34 78 24.727
34 79 72.294
34 80 16.320
34 81 22.298
34 82 0.021
34 83 82.738
34 84 5.924
34 85 4.959
34 86 6.312
34 87 92.144
34 88 17.213
34 89 78.603
34 90 48.623
34 91 97.617
34 92 0.004
34 93 52.446
34 94 33.037
34 95 70.939
34 96 96.629
34 97 71.083
34 98 44.400
34 99 70.750
34 100 94.643
34 101 37.884
34 102 92.270
34 103 40.951
34 104 54.512
34 105 37.400
34 106 12.895
34 107 39.179
34 108 6.934
34 109 48.536
34 110 76.449
34 111 38.947
34 112 33.714
34 113 10.283
34 114 50.750
34 115 14.328
34 116 55.948
34 117 87.429
34 118 15.441
34 119 47.060
35 36 53.790
35 37 84.948
35 38 3.831
35 39 92.500
35 40 33.164
35 41 76.659
35 42 73.583
35 43 3.082
35 44 36.528
35 45 46.266
35 46 71.953
35 47 35.761
35 48 67.175
35 49 87.036
35 50 66.475
35 51 63.373
35 52 59.525
35 53 70.134
35 54 57.770
35 55 68.930
35 56 81.481
35 57 71.041
35 58 77.614
35 59 26.591
35 60 99.165
35 61 38.494
35 62 2.414
35 63 63.349
35 64 69.217
35 65 1.027
35 66 79.942
35 67 51.452
35 68 49.301
35 69 32.467
35 70 75.469
35 71 3.172
35 72 33.628
35 73 39.640
35 74 92.376
35 75 26.706
35 76 26.978
35 77 93.040
35 78 11.840
35 79 54.850
35 80 68.127
35 81 94.392
35 82 26.419
35 83 76.557
35 84 1.533
35 85 63.769
35 86 13.111
35 87 85.522
35 88 74.763
35 89 33.354
35 90 2.915
35 91 9.710
35 92 8.389
35 93 54.944
35 94 55.970
35 95 1.019
35 96 44.924
35 97 63.913
35 98 44.023
35 99 45.257
35 100 33.877
35 101 93.681
35 102 75.262
35 103 99.186
35 104 51.110
35 105 1.552
35 106 70.507
35 107 73.598
35 108 82.414
35 109 49.381
35 110 14.269
35 111 59.210
35 112 23.597
35 113 80.606
35 114 59.395
35 115 35.620
35 116 62.359
35 117 49.012
35 118 59.784
35 119 12.681
36 37 10.824
36 38 83.936
36 39 42.114
36 40 28.301
36 41 51.886
36 42 21.675
36 43 4.558
36 44 67.065
36 45 47.325
36 46 93.497
36 47 48.143
36 48 69.985
36 49 31.193
36 50 36.902
36 51 4.702
36 52 77.311
36 53 78.050
36 54 88.726
36 55 24.305
36 56 83.495
36 57 92.380
36 58 26.131
36 59 24.613
36 60 86.282
36 61 12.883
36 62 44.727
36 63 84.734
36 64 80.308
36 65 63.317
36 66 1.826
36 67 87.021
36 68 79.721
36 69 10.194
36 70 7.186
36 71 71.627
36 72 53.989
36 73 6.844
36 74 13.690
36 75 70.708
36 76 26.454
36 77 13.264
36 78 45.984
36 79 31.840
36 80 16.086
36 81 81.616
36 82 6.414
36 83 23.502
36 84 99.528
36 85 88.386
36 86 14.459
36 87 39.421
36 88 32.689
36 89 75.929
36 90 68.428
36 91 83.113
36 92 98.995
36 93 38.500
36 94 66.259
36 95 19.138
36 96 44.862
36 97 50.860
36 98 86.107
36 99 23.383
36 100 22.035
36 101 91.159
36 102 6.750
36 103 51.106
36 104 81.140
36 105 54.029
36 106 42.869
36 107 68.547
36 108 51.136
36 109 84.686
36 110 80.934
36 111 61.564
36 112 95.307
36 113 90.342
36 114 27.642
36 115 43.059
36 116 56.015
36 117 1.320
36 118 24.818
36 119 29.903
37 38 87.646
37 39 61.014
37 40 42.132
37 41 49.584
37 42 30.004
37 43 21.205
37 44 32.201
37 45 67.014
37 46 92.878
37 47 7.218
37 48 21.359
37 49 92.715
37 50 6.582
37 51 96.030
37 52 13.816
37 53 45.021
37 54 42.972
37 55 19.679
37 56 6.905
37 57 91.008
37 58 26.779
37 59 66.162
37 60 50.802
37 61 83.509
37 62 38.059
37 63 0.548
37 64 37.337
37 65 44.906
37 66 53.134
37 67 70.089
37 68 69.439
37 69 22.287
37 70 83.618
37 71 88.882
37 72 45.247
37 73 53.126
37 74 50.927
37 75 20.013
37 76 89.105
37 77 35.802
37 78 77.173
37 79 86.048
37 80 75.368
37 81 95.100
37 82 82.376
37 83 42.414
37 84 20.417
37 85 69.241
37 86 52.673
37 87 42.400
37 88 63.221
37 89 22.033
37 90 84.511
37 91 7.406
37 92 15.498
37 93 1.446
37 94 15.780
37 95 91.534
37 96 38.744
37 97 24.168
37 98 26.421
37 99 95.735
37 100 97.327
37 101 64.673
37 102 28.253
37 103 43.472
37 104 44.350
37 105 66.829
37 106 66.584
37 107 77.218
37 108 20.124
37 109 76.311
37 110 24.647
37 111 73.078
37 112 81.882
37 113 12.824
37 114 55.972
37 115 99.480
37 116 37.733
37 117 62.617
37 118 69.509
37 119 65.061
38 39 27.903
38 40 73.786
38 41 57.654
38 42 10.796
38 43 81.933
38 44 79.555
38 45 88.298
38 46 1.865
38 47 81.778
38 48 58.026
38 49 78.575
38 50 65.874
38 51 77.659
38 52 60.806
38 53 30.215
38 54 5.806
38 55 36.013
38 56 7.478
38 57 34.234
38 58 88.409
38 59 47.066
38 60 48.049
38 61 46.146
38 62 71.749
38 63 83.283
38 64 41.323
38 65 91.958
38 66 89.233
38 67 79.388
38 68 83.564
38 69 89.940
38 70 51.686
38 71 99.620
38 72 48.853
38 73 63.466
38 74 63.891
38 75 68.570
38 76 70.255
38 77 76.195
38 78 77.518
38 79 68.208
38 80 99.165
38 81 42.443
38 82 18.467
38 83 45.586
38 84 29.165
38 85 52.790
38 86 33.384
38 87 33.236
38 88 60.264
38 89 7.818
38 90 97.496
38 91 57.437
38 92 9.556
38 93 71.328
38 94 13.860
38 95 98.264
38 96 45.149
38 97 38.440
38 98 12.781
38 99 69.756
38 100 31.641
38 101 63.734
38 102 29.353
38 103 8.553
38 104 27.454
38 105 9.876
38 106 96.953
38 107 94.976
38 108 67.039
38 109 58.169
38 110 45.028
38 111 81.822
38 112 94.238
38 113 69.014
38 114 30.586
38 115 73.027
38 116 87.038
38 117 92.504
38 118 64.583
38 119 76.865
39 40 28.489
39 41 7.191
39 42 16.723
39 43 56.503
39 44 33.734
39 45 8.523
39 46 95.214
39 47 14.505
39 48 38.920
39 49 77.534
39 50 1.605
39 51 77.257
39 52 94.136
39 53 35.078
39 54 55.082
39 55 90.322
39 56 79.649
39 57 27.225
39 58 65.465
39 59 96.373
39 60 82.304
39 61 93.396
39 62 9.627
39 63 43.609
39 64 27.321
39 65 40.400
39 66 32.188
39 67 64.477
39 68 59.608
39 69 82.735
39 70 48.045
39 71 72.020
39 72 8.271
39 73 12.363
39 74 71.693
39 75 44.330
39 76 48.183
39 77 29.595
39 78 36.264
39 79 6.350
39 80 93.281
39 81 0.848
39 82 93.829
39 83 72.659
39 84 17.647
39 85 8.694
39 86 7.737
39 87 84.907
39 88 2.543
39 89 25.005
39 90 57.651
39 91 63.188
39 92 50.182
39 93 68.899
39 94 78.396
39 95 91.936
39 96 88.369
39 97 7.830
39 98 44.881
39 99 77.807
39 100 14.034
39 101 22.327
39 102 97.076
39 103 49.526
39 104 88.254
39 105 82.739
39 106 71.382
39 107 17.842
39 108 0.528
39 109 79.813
39 110 67.752
39 111 77.479
39 112 65.861
39 113 9.978
39 114 35.487
39 115 12.382
39 116 4.664
39 117 40.950
39 118 4.915
39 119 60.579
40 41 82.497
40 42 73.591
40 43 26.998
40 44 5.604
40 45 54.375
40 46 71.903
40 47 8.404
40 48 87.718
40 49 66.672
40 50 54.637
40 51 45.695
40 52 70.058
40 53 18.530
40 54 29.199
40 55 69.037
40 56 52.330
40 57 74.317
40 58 1.354
40 59 3.164
40 60 97.868
40 61 48.755
40 62 12.704
40 63 41.359
40 64 28.588
40 65 57.229
40 66 41.990
40 67 6.796
40 68 46.794
40 69 35.150
40 70 55.974
40 71 44.842
40 72 62.822
40 73 82.330
40 74 10.989
40 75 49.771
40 76 43.109
40 77 80.987
40 78 87.206
40 79 79.854
40 80 44.600
40 81 69.315
40 82 84.244
40 83 55.851
40 84 68.250
40 85 26.455
40 86 18.966
40 87 69.743
40 88 46.934
40 89 39.274
40 90 44.114
40 91 52.826
40 92 81.196
40 93 76.541
40 94 49.923
40 95 65.348
40 96 50.063
40 97 91.850
40 98 19.912
40 99 73.426
40 100 53.516
40 101 13.124
40 102 86.767
40 103 73.268
40 104 88.260
40 105 53.531
40 106 74.565
40 107 7.535
40 108 19.051
40 109 96.352
40 110 19.537
40 111 94.227
40 112 84.127
40 113 64.635
40 114 33.155
40 115 54.532
40 116 65.180
40 117 85.384
40 118 8.546
40 119 82.855
41 42 59.817
41 43 97.588
41 44 74.034
41 45 49.592
41 46 17.620
41 47 33.587
41 48 66.116
41 49 65.206
41 50 39.655
41 51 24.045
41 52 28.221
41 53 62.765
41 54 95.718
41 55 38.244
41 56 41.317
41 57 75.362
41 58 83.584
41 59 73.462
41 60 57.790
41 61 94.674
41 62 40.184
41 63 49.869
41 64 40.922
41 65 97.430
41 66 15.924
41 67 50.675
41 68 8.942
41 69 17.650
41 70 40.219
41 71 71.200
41 72 44.775
41 73 24.272
41 74 38.864
41 75 5.073
41 76 60.473
41 77 36.137
41 78 11.993
41 79 0.949
41 80 98.781
41 81 69.292
41 82 45.157
41 83 68.943
41 84 13.331
41 85 65.191
41 86 5.426
41 87 2.385
41 88 93.713
41 89 92.606
41 90 69.477
41 91 7.568
41 92 91.973
41 93 50.912
41 94 41.224
41 95 1.835
41 96 63.047
41 97 27.936
41 98 42.873
41 99 48.642
41 100 53.234
41 101 81.619
41 102 5.120
41 103 47.171
41 104 58.021
41 105 21.533
41 106 39.785
41 107 83.605
41 108 23.378
41 109 63.612
41 110 51.278
41 111 81.372
41 112 83.131
41 113 19.480
41 114 32.079
41 115 58.446
41 116 9.081
41 117 60.345
41 118 91.818
41 119 11.228
42 43 0.256
42 44 64.689
42 45 89.538
42 46 96.582
42 47 53.006
42 48 18.831
42 49 74.394
42 50 76.275
42 51 34.619
42 52 89.929
42 53 91.281
42 54 21.368
42 55 29.702
42 56 32.120
42 57 74.811
42 58 48.033
42 59 40.796
42 60 18.201
42 61 37.551
42 62 70.827
42 63 2.516
42 64 11.660
42 65 56.599
42 66 14.619
42 67 11.960
42 68 6.803
42 69 76.325
42 70 22.177
42 71 87.225
42 72 68.393
42 73 74.524
42 74 30.834
42 75 40.572
42 76 96.403
42 77 84.211
42 78 68.733
42 79 93.094
42 80 26.390
42 81 23.979
42 82 38.775
42 83 63.734
42 84 51.453
42 85 66.067
42 86 16.760
42 87 37.054
42 88 17.874
42 89 63.203
42 90 89.070
42 91 51.373
42 92 3.268
42 93 62.811
42 94 94.855
42 95 51.717
42 96 33.436
42 97 60.288
42 98 17.807
42 99 20.503
42 100 32.099
42 101 81.868
42 102 93.443
42 103 32.920
42 104 26.302
42 105 41.933
42 106 59.234
42 107 83.731
42 108 49.535
42 109 89.708
42 110 76.953
42 111 97.500
42 112 94.447
42 113 45.875
42 114 99.314
42 115 65.234
42 116 67.552
42 117 30.926
42 118 36.263
42 119 47.017
43 44 89.412
43 45 3.984
43 46 0.202
43 47 42.392
43 48 65.542
43 49 63.320
43 50 73.989
43 51 58.111
43 52 25.630
43 53 7.943
43 54 50.734
43 55 96.303
43 56 91.654
43 57 23.424
43 58 40.192
43 59 45.210
43 60 89.108
43 61 34.486
43 62 23.004
43 63 79.353
43 64 59.763
43 65 61.937
43 66 61.083
43 67 66.279
43 68 69.275
43 69 32.140
43 70 40.095
43 71 33.076
43 72 28.414
43 73 13.515
43 74 28.315
43 75 67.327
43 76 62.840
43 77 96.426
43 78 85.059
43 79 14.482
43 80 73.046
43 81 90.369
43 82 41.415
43 83 86.365
43 84 23.480
43 85 85.472
43 86 6.217
43 87 14.070
43 88 87.848
43 89 14.131
43 90 20.965
43 91 62.522
43 92 56.183
43 93 52.983
43 94 98.851
43 95 73.723
43 96 78.553
43 97 25.425
43 98 35.083
43 99 21.021
43 100 80.085
43 101 0.546
43 102 68.377
43 103 37.692
43 104 32.521
43 105 35.622
43 106 6.803
43 107 29.721
43 108 8.616
43 109 76.182
43 110 5.070
43 111 94.867
43 112 77.410
43 113 10.206
43 114 94.915
43 115 47.923
43 116 20.798
43 117 71.145
43 118 25.418
43 119 95.550
44 45 64.797
44 46 98.222
44 47 65.859
44 48 13.147
44 49 22.509
44 50 91.881
44 51 60.195
44 52 50.910
44 53 40.049
44 54 47.247
44 55 99.234
44 56 36.583
44 57 21.543
44 58 9.127
44 59 94.311
44 60 48.353
44 61 84.787
44 62 68.345
44 63 94.521
44 64 2.918
44 65 65.311
44 66 11.087
44 67 88.540
44 68 40.984
44 69 43.266
44 70 40.464
44 71 71.574
44 72 95.241
44 73 14.986
44 74 12.650
44 75 38.180
44 76 94.380
44 77 69.002
44 78 68.705
44 79 82.481
44 80 90.731
44 81 54.941
44 82 97.594
44 83 48.748
44 84 98.871
44 85 52.970
44 86 35.949
44 87 77.351
44 88 97.832
44 89 61.291
44 90 95.733
44 91 33.766
44 92 80.533
44 93 19.708
44 94 12.268
44 95 91.628
44 96 30.615
44 97 78.384
44 98 21.959
44 99 64.736
44 100 69.093
44 101 2.644
44 102 11.583
44 103 47.486
44 104 41.032
44 105 77.056
44 106 29.137
44 107 28.358
44 108 5.961
44 109 34.988
44 110 10.031
44 111 86.904
44 112 54.768
44 113 93.484
44 114 51.795
44 115 71.100
44 116 0.574
44 117 17.504
44 118 65.477
44 119 78.984
45 46 81.383
45 47 72.466
45 48 42.579
45 49 36.166
45 50 68.271
45 51 49.502
45 52 2.633
45 53 69.103
45 54 94.470
45 55 63.951
45 56 28.402
45 57 22.966
45 58 7.893
45 59 34.365
45 60 53.244
45 61 62.462
45 62 2.497
45 63 46.649
45 64 38.272
45 65 24.152
45 66 2.313
45 67 95.953
45 68 65.780
45 69 59.628
45 70 56.078
45 71 77.558
45 72 79.718
45 73 20.300
45 74 50.103
45 75 67.204
45 76 24.098
45 77 86.631
45 78 62.335
45 79 91.221
45 80 65.796
45 81 37.318
45 82 61.537
45 83 37.257
45 84 39.520
45 85 87.203
45 86 2.091
45 87 97.553
45 88 19.605
45 89 96.663
45 90 77.134
45 91 68.435
45 92 5.785
45 93 69.735
45 94 70.567
45 95 52.057
45 96 8.289
45 97 13.436
45 98 91.943
45 99 19.411
45 100 31.327
45 101 26.533
45 102 87.304
45 103 97.267
45 104 83.456
45 105 22.434
45 106 93.775
45 107 35.880
45 108 88.332
45 109 67.939
45 110 46.010
45 111 99.241
45 112 29.981
45 113 37.246
45 114 48.591
45 115 95.073
45 116 43.023
45 117 38.921
45 118 0.028
45 119 27.927
46 47 50.140
46 48 72.466
46 49 91.230
46 50 15.443
46 51 56.635
46 52 10.671
46 53 4.141
46 54 55.240
46 55 35.038
46 56 84.093
46 57 4.706
46 58 67.836
46 59 71.525
46 60 64.837
46 61 58.399
46 62 69.672
46 63 0.264
46 64 8.214
46 65 96.255
46 66 49.495
46 67 21.871
46 68 12.917
46 69 24.693
46 70 31.265
46 71 87.750
46 72 3.026
46 73 3.349
46 74 7.210
46 75 33.421
46 76 18.440
46 77 11.757
46 78 15.774
46 79 60.770
46 80 24.301
46 81 87.873
46 82 20.951
46 83 1.734
46 84 14.472
46 85 49.323
46 86 21.847
46 87 44.037
46 88 89.346
46 89 1.672
46 90 84.306
46 91 63.375
46 92 34.055
46 93 97.110
46 94 40.057
46 95 85.858
46 96 9.553
46 97 31.666
46 98 43.059
46 99 99.510
46 100 96.139
46 101 59.367
46 102 7.606
46 103 44.288
46 104 96.612
46 105 57.747
46 106 78.226
46 107 36.359
46 108 14.596
46 109 0.669
46 110 97.529
46 111 24.241
46 112 72.467
46 113 81.646
46 114 44.890
46 115 31.963
46 116 22.885
46 117 83.663
46 118 16.234
46 119 17.524
47 48 38.091
47 49 9.982
47 50 3.150
47 51 63.709
47 52 31.953
47 53 74.470
47 54 8.202
47 55 22.719
47 56 81.153
47 57 99.703
47 58 2.526
47 59 56.070
47 60 63.950
47 61 86.457
47 62 91.670
47 63 46.896
47 64 27.671
47 65 99.103
47 66 6.130
47 67 13.020
47 68 29.326
47 69 58.061
47 70 74.132
47 71 16.090
47 72 67.713
47 73 42.635
47 74 65.957
47 75 44.566
47 76 39.908
47 77 85.390
47 78 21.486
47 79 46.504
47 80 10.225
47 81 82.720
47 82 85.590
47 83 1.858
47 84 75.510
47 85 55.285
47 86 79.649
47 87 53.388
47 88 47.083
47 89 66.748
47 90 31.682
47 91 60.327
47 92 46.679
47 93 49.560
47 94 72.474
47 95 99.549
47 96 31.419
47 97 92.478
47 98 80.521
47 99 15.304
47 100 21.136
47 101 16.121
47 102 24.796
47 103 10.443
47 104 0.323
47 105 0.045
47 106 11.007
47 107 79.578
47 108 6.499
47 109 27.658
47 110 84.433
47 111 7.806
47 112 96.985
47 113 83.770
47 114 80.387
47 115 97.332
47 116 6.867
47 117 73.623
47 118 41.973
47 119 38.774
48 49 72.362
48 50 31.982
48 51 44.050
48 52 13.932
48 53 95.839
48 54 56.192
48 55 72.167
48 56 2.439
48 57 71.443
48 58 28.045
48 59 5.731
48 60 66.002
48 61 73.546
48 62 85.919
48 63 45.776
48 64 0.813
48 65 34.197
48 66 70.812
48 67 9.448
48 68 81.251
48 69 0.281
48 70 97.778
48 71 85.674
48 72 66.128
48 73 66.274
48 74 97.682
48 75 9.485
48 76 2.496
48 77 24.293
48 78 33.302
48 79 66.052
48 80 41.448
48 81 59.543
48 82 18.498
48 83 79.772
48 84 75.343
48 85 46.340
48 86 59.519
48 87 78.551
48 88 16.533
48 89 67.545
48 90 93.448
48 91 48.977
48 92 63.971
48 93 88.559
48 94 20.392
48 95 14.142
48 96 45.906
48 97 65.936
48 98 13.214
48 99 72.636
48 100 84.479
48 101 60.249
48 102 41.457
48 103 34.592
48 104 1.089
48 105 52.995
48 106 64.534
48 107 78.655
48 108 70.244
48 109 38.134
48 110 33.377
48 111 32.338
48 112 33.950
48 113 70.292
48 114 89.414
48 115 47.515
48 116 8.746
48 117 3.690
48 118 65.101
48 119 2.597
49 50 53.119
49 51 48.565
49 52 71.166
49 53 13.497
49 54 14.310
49 55 5.108
49 56 2.335
49 57 76.542
49 58 40.419
49 59 8.917
49 60 5.488
49 61 98.268
49 62 26.223
49 63 36.480
49 64 32.039
49 65 89.377
49 66 59.283
49 67 74.385
49 68 39.796
49 69 13.140
49 70 46.677
49 71 51.778
49 72 18.631
49 73 82.123
49 74 32.085
49 75 71.972
49 76 88.989
49 77 91.357
49 78 57.986
49 79 56.209
49 80 62.625
49 81 60.967
49 82 88.356
49 83 30.217
49 84 60.875
49 85 36.701
49 86 83.539
49 87 42.519
49 88 57.391
49 89 62.979
49 90 10.841
49 91 2.384
49 92 49.443
49 93 99.779
49 94 81.940
49 95 64.835
49 96 64.743
49 97 2.042
49 98 31.327
49 99 70.344
49 100 79.195
49 101 18.303
49 102 88.775
49 103 67.603
49 104 55.060
49 105 93.809
49 106 53.224
49 107 9.224
49 108 8.733
49 109 82.688
49 110 45.485
49 111 12.229
49 112 82.649
49 113 83.533
49 114 2.831
49 115 17.920
49 116 26.816
49 117 13.310
49 118 79.772
49 119 68.968
50 51 92.033
50 52 25.576
50 53 36.253
50 54 45.523
50 55 99.068
50 56 60.735
50 57 27.004
50 58 66.671
50 59 75.897
50 60 88.448
50 61 53.911
50 62 68.767
50 63 48.573
50 64 65.262
50 65 7.078
50 66 17.944
50 67 30.365
50 68 84.182
50 69 99.608
50 70 0.551
50 71 78.522
50 72 37.100
50 73 96.177
50 74 62.306
50 75 78.335
50 76 45.896
50 77 46.102
50 78 34.630
50 79 70.152
50 80 43.507
50 81 57.890
50 82 94.933
50 83 56.559
50 84 2.346
50 85 94.130
50 86 56.547
50 87 14.153
50 88 14.229
50 89 23.135
50 90 73.546
50 91 87.183
50 92 23.317
50 93 36.851
50 94 75.880
50 95 58.756
50 96 1.547
50 97 33.357
50 98 21.040
50 99 79.436
50 100 34.677
50 101 66.649
50 102 59.897
50 103 82.709
50 104 56.282
50 105 86.427
50 106 66.426
50 107 32.190
50 108 26.908
50 109 26.255
50 110 73.675
50 111 26.337
50 112 6.076
50 113 49.723
50 114 91.657
50 115 33.076
50 116 5.962
50 117 31.142
50 118 56.777
50 119 38.897
51 52 47.272
51 53 29.826
51 54 76.923
51 55 74.868
51 56 60.257
51 57 15.139
51 58 91.568
51 59 25.416
51 60 86.733
51 61 13.292
51 62 62.000
51 63 34.843
51 64 42.647
51 65 76.224
51 66 43.232
51 67 1.242
51 68 94.918
51 69 17.958
51 70 66.211
51 71 87.804
51 72 91.185
51 73 24.451
51 74 76.580
51 75 87.476
51 76 56.548
51 77 19.222
51 78 34.601
51 79 48.489
51 80 37.527
51 81 58.954
51 82 79.726
51 83 5.521
51 84 30.192
51 85 40.763
51 86 2.884
51 87 64.050
51 88 76.779
51 89 25.993
51 90 49.709
51 91 53.932
51 92 53.095
51 93 24.148
51 94 98.753
51 95 2.326
51 96 97.637
51 97 34.984
51 98 20.132
51 99 75.773
51 100 52.578
51 101 16.779
51 102 22.125
51 103 6.590
51 104 96.637
51 105 34.477
51 106 35.907
51 107 49.687
51 108 50.347
51 109 42.635
51 110 71.903
51 111 12.491
51 112 25.344
51 113 75.026
51 114 5.179
51 115 62.886
51 116 71.025
51 117 45.259
51 118 11.830
51 119 47.889
52 53 44.315
52 54 10.909
52 55 83.504
52 56 49.254
52 57 91.241
52 58 17.451
52 59 93.009
52 60 61.278
52 61 82.649
52 62 17.651
52 63 70.360
52 64 0.772
52 65 90.613
52 66 57.110
52 67 75.684
52 68 49.517
52 69 26.976
52 70 27.301
52 71 23.082
52 72 85.468
52 73 90.934
52 74 13.683
52 75 17.835
52 76 80.551
52 77 88.684
52 78 8.416
52 79 18.276
52 80 30.102
52 81 94.912
52 82 14.672
52 83 23.192
52 84 31.850
52 85 23.241
52 86 42.711
52 87 15.811
52 88 50.768
52 89 60.770
52 90 86.662
52 91 66.216
52 92 90.239
52 93 0.416
52 94 75.318
52 95 5.452
52 96 39.642
52 97 74.051
52 98 10.307
52 99 36.661
52 100 83.853
52 101 49.245
52 102 40.616
52 103 41.228
52 104 41.060
52 105 2.950
52 106 73.736
52 107 71.259
52 108 41.901
52 109 26.556
52 110 90.579
52 111 93.593
52 112 75.143
52 113 48.491
52 114 13.836
52 115 65.137
52 116 2.939
52 117 82.895
52 118 77.602
52 119 74.478
53 54 92.158
53 55 25.903
53 56 59.854
53 57 80.515
53 58 17.379
53 59 24.667
53 60 68.753
53 61 15.297
53 62 65.831
53 63 38.492
53 64 18.787
53 65 95.294
53 66 14.904
53 67 96.332
53 68 93.397
53 69 2.999
53 70 58.805
53 71 30.361
53 72 66.990
53 73 59.085
53 74 32.522
53 75 31.477
53 76 51.168
53 77 4.225
53 78 18.459
53 79 29.295
53 80 37.484
53 81 49.275
53 82 23.944
53 83 46.595
53 84 32.216
53 85 32.671
53 86 86.269
53 87 16.138
53 88 17.389
53 89 44.698
53 90 95.991
53 91 76.398
53 92 26.694
53 93 39.717
53 94 28.945
53 95 81.999
53 96 94.956
53 97 59.491
53 98 42.747
53 99 74.491
53 100 25.448
53 101 33.409
53 102 24.517
53 103 59.606
53 104 20.641
53 105 4.726
53 106 73.140
53 107 28.241
53 108 38.836
53 109 55.868
53 110 61.590
53 111 40.143
53 112 71.676
53 113 70.367
53 114 52.668
53 115 61.662
53 116 85.664
53 117 74.211
53 118 34.971
53 119 11.888
54 55 34.590
54 56 45.165
54 57 4.977
54 58 25.143
54 59 29.158
54 60 65.052
54 61 45.864
54 62 81.995
54 63 45.133
54 64 17.042
54 65 43.974
54 66 95.862
54 67 61.954
54 68 97.666
54 69 39.838
54 70 67.737
54 71 50.060
54 72 21.559
54 73 32.205
54 74 37.689
54 75 67.035
54 76 45.901
54 77 40.781
54 78 68.537
54 79 80.222
54 80 31.030
54 81 86.175
54 82 94.434
54 83 6.592
54 84 83.903
54 85 64.022
54 86 55.130
54 87 49.421
54 88 1.882
54 89 74.336
54 90 15.244
54 91 15.734
54 92 45.739
54 93 16.849
54 94 37.160
54 95 18.476
54 96 22.820
54 97 78.427
54 98 35.991
54 99 3.031
54 100 54.004
54 101 19.608
54 102 95.563
54 103 88.972
54 104 31.377
54 105 13.886
54 106 65.480
54 107 84.819
54 108 47.467
54 109 5.593
54 110 91.056
54 111 16.111
54 112 91.445
54 113 30.020
54 114 50.294
54 115 5.226
54 116 62.866
54 117 82.931
54 118 85.046
54 119 55.161
55 56 49.337
55 57 35.652
55 58 17.116
55 59 18.888
55 60 50.899
55 61 66.663
55 62 34.319
55 63 80.911
55 64 10.990
55 65 20.937
55 66 16.347
55 67 38.280
55 68 31.514
55 69 14.221
55 70 45.802
55 71 44.628
55 72 7.852
55 73 71.057
55 74 15.855
55 75 72.640
55 76 18.557
55 77 22.516
55 78 2.748
55 79 57.934
55 80 44.064
55 81 92.494
55 82 18.680
55 83 10.427
55 84 68.871
55 85 69.823
55 86 98.670
55 87 18.079
55 88 42.497
55 89 97.584
55 90 3.523
55 91 22.264
55 92 35.914
55 93 10.679
55 94 40.344
55 95 14.051
55 96 32.219
55 97 18.061
55 98 11.846
55 99 86.333
55 100 32.978
55 101 56.997
55 102 6.214
55 103 77.985
55 104 44.986
55 105 43.283
55 106 30.415
55 107 63.157
55 108 36.091
55 109 3.585
55 110 71.528
55 111 71.310
55 112 13.320
55 113 3.857
55 114 43.112
55 115 71.736
55 116 81.669
55 117 81.298
55 118 36.531
55 119 20.111
56 57 87.765
56 58 46.354
56 59 50.842
56 60 43.981
56 61 39.010
56 62 45.996
56 63 19.043
56 64 39.129
56 65 15.879
56 66 69.825
56 67 83.364
56 68 59.406
56 69 62.698
56 70 36.535
56 71 97.758
56 72 8.877
56 73 50.571
56 74 19.814
56 75 51.882
56 76 87.030
56 77 54.998
56 78 59.991
56 79 17.573
56 80 95.315
56 81 80.328
56 82 60.582
56 83 16.206
56 84 86.433
56 85 93.322
56 86 87.301
56 87 93.297
56 88 26.537
56 89 98.936
56 90 71.234
56 91 65.334
56 92 44.939
56 93 2.842
56 94 67.549
56 95 73.057
56 96 65.918
56 97 57.257
56 98 36.455
56 99 35.265
56 100 52.851
56 101 79.331
56 102 94.087
56 103 47.726
56 104 46.196
56 105 64.647
56 106 27.565
56 107 12.875
56 108 43.720
56 109 92.302
56 110 80.694
56 111 17.712
56 112 53.904
56 113 32.597
56 114 94.587
56 115 99.699
56 116 51.581
56 117 23.538
56 118 30.977
56 119 53.424
57 58 78.651
57 59 78.159
57 60 15.034
57 61 34.418
57 62 62.117
57 63 21.073
57 64 9.227
57 65 10.753
57 66 66.662
57 67 29.760
57 68 70.123
57 69 97.911
57 70 59.706
57 71 73.718
57 72 45.913
57 73 87.894
57 74 43.062
57 75 2.958
57 76 44.115
57 77 49.677
57 78 97.297
57 79 36.202
57 80 36.037
57 81 34.824
57 82 92.338
57 83 38.733
57 84 67.478
57 85 69.463
57 86 41.077
57 87 60.002
57 88 13.543
57 89 51.793
57 90 11.446
57 91 21.886
57 92 49.591
57 93 2.932
57 94 66.871
57 95 9.957
57 96 9.983
57 97 38.122
57 98 74.997
57 99 22.123
57 100 71.678
57 101 35.191
57 102 10.242
57 103 71.720
57 104 30.648
57 105 77.663
57 106 77.004
57 107 25.407
57 108 35.683
57 109 41.002
57 110 97.234
57 111 80.151
57 112 6.362
57 113 72.233
57 114 38.611
57 115 48.152
57 116 89.785
57 117 85.529
57 118 7.708
57 119 23.706
58 59 4.144
58 60 59.362
58 61 96.280
58 62 51.836
58 63 76.260
58 64 74.412
58 65 48.241
58 66 4.920
58 67 4.948
58 68 75.668
58 69 9.880
58 70 0.616
58 71 72.391
58 72 77.032
58 73 36.523
58 74 62.047
58 75 81.665
58 76 52.205
58 77 55.134
58 78 29.516
58 79 20.128
58 80 71.771
58 81 24.210
58 82 81.946
58 83 35.617
58 84 53.100
58 85 89.874
58 86 15.781
58 87 65.202
58 88 87.103
58 89 10.197
58 90 59.286
58 91 74.721
58 92 93.805
58 93 8.560
58 94 70.950
58 95 51.397
58 96 37.352
58 97 21.248
58 98 82.146
58 99 41.543
58 100 0.307
58 101 24.512
58 102 96.250
58 103 40.688
58 104 76.925
58 105 61.945
58 106 49.089
58 107 24.437
58 108 95.610
58 109 44.319
58 110 68.883
58 111 54.928
58 112 21.873
58 113 60.912
58 114 47.801
58 115 9.975
58 116 24.819
58 117 23.861
58 118 51.768
58 119 59.822
59 60 12.590
59 61 65.256
59 62 50.349
59 63 59.870
59 64 55.160
59 65 20.412
59 66 44.344
59 67 36.852
59 68 16.482
59 69 60.194
59 70 5.153
59 71 20.595
59 72 12.262
59 73 80.268
59 74 16.988
59 75 13.890
59 76 94.441
59 77 15.797
59 78 30.753
59 79 98.902
59 80 39.026
59 81 26.365
59 82 96.635
59 83 50.175
59 84 79.944
59 85 87.834
59 86 41.436
59 87 61.447
59 88 88.412
59 89 35.318
59 90 96.188
59 91 96.380
59 92 44.608
59 93 24.637
59 94 59.805
59 95 41.712
59 96 86.471
59 97 18.360
59 98 5.274
59 99 75.454
59 100 49.033
59 101 56.964
59 102 96.380
59 103 62.450
59 104 26.951
59 105 45.619
59 106 84.945
59 107 54.953
59 108 2.753
59 109 72.805
59 110 1.290
59 111 6.826
59 112 83.804
59 113 78.184
59 114 33.892
59 115 6.558
59 116 82.128
59 117 4.078
59 118 18.153
59 119 96.489
60 61 52.923
60 62 97.422
60 63 18.752
60 64 73.487
60 65 80.012
60 66 77.178
60 67 95.204
60 68 59.748
60 69 59.437
60 70 46.002
60 71 86.084
60 72 91.501
60 73 86.008
60 74 4.329
60 75 33.766
60 76 98.082
60 77 91.892
60 78 20.059
60 79 98.600
60 80 34.204
60 81 21.151
60 82 17.687
60 83 79.129
60 84 84.165
60 85 49.648
60 86 76.975
60 87 63.215
60 88 78.356
60 89 75.852
60 90 73.157
60 91 83.924
60 92 49.624
60 93 14.811
60 94 48.215
60 95 43.509
60 96 9.872
60 97 24.911
60 98 75.863
60 99 99.064
60 100 45.730
60 101 85.048
60 102 71.683
60 103 74.171
60 104 16.247
60 105 18.448
60 106 4.243
60 107 72.335
60 108 85.213
60 109 28.587
60 110 83.030
60 111 20.005
60 112 36.082
60 113 72.568
60 114 34.702
60 115 59.709
60 116 98.428
60 117 47.751
60 118 30.399
60 119 47.073
61 62 61.421
61 63 8.593
61 64 93.792
61 65 79.469
61 66 62.049
61 67 62.349
61 68 2.024
61 69 98.561
61 70 13.615
61 71 14.688
61 72 89.864
61 73 64.203
61 74 83.516
61 75 49.241
61 76 81.172
61 77 92.937
61 78 38.393
61 79 28.708
61 80 1.145
61 81 90.774
61 82 49.420
61 83 99.424
61 84 67.851
61 85 86.985
61 86 90.871
61 87 66.094
61 88 22.198
61 89 93.312
61 90 71.043
61 91 78.949
61 92 31.753
61 93 71.292
61 94 6.174
61 95 41.649
61 96 95.716
61 97 89.339
61 98 85.252
61 99 5.012
61 100 85.887
61 101 90.763
61 102 76.391
61 103 59.022
61 104 81.596
61 105 74.074
61 106 93.943
61 107 73.533
61 108 95.340
61 109 7.748
61 110 79.573
61 111 66.722
61 112 40.261
61 113 63.019
61 114 50.252
61 115 99.566
61 116 60.638
61 117 50.352
61 118 31.446
61 119 4.498
62 63 32.170
62 64 87.893
62 65 24.718
62 66 56.857
62 67 40.150
62 68 13.516
62 69 55.583
62 70 88.906
62 71 60.473
62 72 76.000
62 73 9.621
62 74 27.877
62 75 0.982
62 76 5.433
62 77 92.707
62 78 11.902
62 79 8.768
62 80 68.093
62 81 44.683
62 82 0.674
62 83 12.831
62 84 56.889
62 85 94.840
62 86 51.273
62 87 50.905
62 88 54.834
62 89 72.343
62 90 73.853
62 91 24.236
62 92 36.107
62 93 75.002
62 94 16.747
62 95 34.804
62 96 36.914
62 97 55.804
62 98 56.018
62 99 85.688
62 100 36.663
62 101 8.161
62 102 80.612
62 103 67.221
62 104 38.911
62 105 18.062
62 106 71.015
62 107 9.052
62 108 31.058
62 109 4.137
62 110 66.653
62 111 51.431
62 112 31.973
62 113 85.107
62 114 5.288
62 115 77.745
62 116 7.525
62 117 98.161
62 118 96.263
62 119 54.776
63 64 45.396
63 65 41.524
63 66 58.687
63 67 47.141
63 68 32.651
63 69 29.803
63 70 15.528
63 71 8.030
63 72 72.173
63 73 31.662
63 74 85.048
63 75 99.633
63 76 7.383
63 77 5.949
63 78 52.142
63 79 63.528
63 80 98.610
63 81 64.609
63 82 33.887
63 83 43.827
63 84 9.003
63 85 68.562
63 86 75.952
63 87 64.033
63 88 13.059
63 89 6.153
63 90 29.518
63 91 72.306
63 92 36.655
63 93 12.899
63 94 61.983
63 95 99.265
63 96 73.873
63 97 65.936
63 98 48.933
63 99 17.426
63 100 2.989
63 101 26.909
63 102 79.762
63 103 52.073
63 104 41.640
63 105 13.020
63 106 84.778
63 107 69.588
63 108 39.512
63 109 47.504
63 110 57.770
63 111 61.179
63 112 5.793
63 113 78.041
63 114 4.737
63 115 47.455
63 116 8.216
63 117 54.411
63 118 96.846
63 119 52.465
64 65 60.654
64 66 25.183
64 67 43.669
64 68 34.543
64 69 37.068
64 70 47.304
64 71 31.382
64 72 15.750
64 73 11.011
64 74 2.146
64 75 89.814
64 76 21.668
64 77 21.938
64 78 76.924
64 79 62.129
64 80 29.006
64 81 12.288
64 82 1.341
64 83 51.400
64 84 19.676
64 85 62.533
64 86 25.891
64 87 9.437
64 88 56.972
64 89 75.398
64 90 90.491
64 91 14.987
64 92 31.924
64 93 24.935
64 94 59.895
64 95 60.775
64 96 76.115
64 97 91.355
64 98 95.851
64 99 31.857
64 100 0.963
64 101 48.305
64 102 95.000
64 103 11.338
64 104 2.898
64 105 55.711
64 106 46.256
64 107 93.800
64 108 68.874
64 109 38.336
64 110 51.729
64 111 21.584
64 112 27.295
64 113 97.921
64 114 11.186
64 115 84.613
64 116 15.709
64 117 15.032
64 118 91.667
64 119 40.524
65 66 78.521
65 67 45.688
65 68 91.059
65 69 18.632
65 70 65.490
65 71 7.398
65 72 57.249
65 73 68.592
65 74 74.920
65 75 79.385
65 76 42.965
65 77 2.647
65 78 74.229
65 79 12.610
65 80 60.475
65 81 58.924
65 82 34.971
65 83 56.615
65 84 50.022
65 85 82.509
65 86 39.406
65 87 62.244
65 88 91.221
65 89 80.879
65 90 51.357
65 91 12.012
65 92 67.574
65 93 60.762
65 94 95.367
65 95 63.152
65 96 40.872
65 97 94.616
65 98 55.056
65 99 62.330
65 100 4.431
65 101 96.633
65 102 84.101
65 103 5.546
65 104 61.967
65 105 10.576
65 106 21.411
65 107 71.923
65 108 22.349
65 109 24.704
65 110 15.834
65 111 55.891
65 112 9.569
65 113 32.682
65 114 95.119
65 115 58.687
65 116 61.961
65 117 53.597
65 118 58.904
65 119 77.161
66 67 35.051
66 68 9.080
66 69 36.104
66 70 45.532
66 71 28.351
66 72 30.991
66 73 23.376
66 74 44.053
66 75 28.017
66 76 39.275
66 77 13.226
66 78 87.477
66 79 94.487
66 80 86.315
66 81 27.826
66 82 45.731
66 83 27.043
66 84 11.461
66 85 97.771
66 86 29.439
66 87 5.708
66 88 87.435
66 89 63.776
66 90 93.674
66 91 44.960
66 92 68.887
66 93 33.686
66 94 74.792
66 95 93.469
66 96 72.653
66 97 97.219
66 98 77.222
66 99 79.365
66 100 29.089
66 101 86.499
66 102 69.780
66 103 31.546
66 104 44.379
66 105 71.678
66 106 34.371
66 107 4.071
66 108 4.812
66 109 97.895
66 110 33.854
66 111 92.916
66 112 35.759
66 113 2.275
66 114 30.426
66 115 62.208
66 116 0.448
66 117 97.880
66 118 91.023
66 119 90.489
67 68 86.629
67 69 75.239
67 70 62.066
67 71 6.657
67 72 82.824
67 73 51.508
67 74 82.284
67 75 9.931
67 76 90.098
67 77 92.332
67 78 29.411
67 79 58.538
67 80 50.163
67 81 42.104
67 82 64.220
67 83 67.742
67 84 96.091
67 85 24.613
67 86 43.668
67 87 79.451
67 88 48.050
67 89 17.946
67 90 23.837
67 91 52.829
67 92 83.194
67 93 65.030
67 94 62.928
67 95 78.167
67 96 6.227
67 97 54.369
67 98 64.718
67 99 34.748
67 100 35.111
67 101 94.262
67 102 73.703
67 103 97.480
67 104 95.050
67 105 8.218
67 106 44.581
67 107 46.837
67 108 83.072
67 109 99.281
67 110 60.767
67 111 51.916
67 112 25.431
67 113 66.631
67 114 69.310
67 115 77.431
67 116 0.519
67 117 9.090
67 118 32.896
67 119 12.008
68 69 41.098
68 70 17.084
68 71 73.535
68 72 27.372
68 73 61.398
68 74 37.071
68 75 97.069
68 76 55.841
68 77 76.997
68 78 90.669
68 79 42.853
68 80 17.009
68 81 98.378
68 82 44.417
68 83 98.715
68 84 33.559
68 85 82.668
68 86 55.540
68 87 57.754
68 88 50.894
68 89 22.335
68 90 64.091
68 91 70.590
68 92 15.553
68 93 34.417
68 94 62.493
68 95 64.332
68 96 73.386
68 97 89.428
68 98 49.766
68 99 57.852
68 100 20.019
68 101 85.121
68 102 69.632
68 103 1.873
68 104 73.342
68 105 27.087
68 106 39.197
68 107 11.919
68 108 40.601
68 109 25.488
68 110 98.065
68 111 42.375
68 112 21.129
68 113 55.247
68 114 46.489
68 115 70.679
68 116 19.814
68 117 55.597
68 118 95.596
68 119 22.102
69 70 46.140
69 71 64.159
69 72 22.695
69 73 67.648
69 74 38.948
69 75 90.558
69 76 10.357
69 77 70.229
69 78 88.017
69 79 35.099
69 80 49.219
69 81 37.633
69 82 20.170
69 83 49.108
69 84 1.334
69 85 64.673
69 86 79.795
69 87 15.311
69 88 53.456
69 89 11.495
69 90 61.510
69 91 98.973
69 92 37.741
69 93 70.180
69 94 46.165
69 95 83.500
69 96 61.145
69 97 17.577
69 98 50.446
69 99 57.837
69 100 64.204
69 101 38.742
69 102 25.056
69 103 67.222
69 104 24.861
69 105 32.384
69 106 26.786
69 107 73.723
69 108 33.692
69 109 77.433
69 110 45.738
69 111 98.476
69 112 93.125
69 113 48.095
69 114 90.549
69 115 33.639
69 116 35.156
69 117 13.739
69 118 21.665
69 119 18.850
70 71 9.569
70 72 49.471
70 73 75.558
70 74 74.297
70 75 67.836
70 76 13.444
70 77 41.231
70 78 70.529
70 79 56.615
70 80 17.754
70 81 34.426
70 82 93.744
70 83 39.179
70 84 31.182
70 85 64.679
70 86 34.504
70 87 83.119
70 88 4.126
70 89 5.673
70 90 87.734
70 91 88.318
70 92 98.700
70 93 60.331
70 94 2.308
70 95 80.436
70 96 40.309
70 97 58.633
70 98 59.661
70 99 62.087
70 100 80.933
70 101 38.372
70 102 92.608
70 103 96.356
70 104 78.877
70 105 36.902
70 106 77.888
70 107 95.495
70 108 54.959
70 109 65.364
70 110 48.977
70 111 1.365
70 112 80.872
70 113 45.984
70 114 79.295
70 115 73.632
70 116 91.912
70 117 67.717
70 118 80.180
70 119 46.687
71 72 93.290
71 73 55.876
71 74 42.883
71 75 76.963
71 76 46.938
71 77 57.306
71 78 29.295
71 79 78.553
71 80 84.020
71 81 14.275
71 82 82.252
71 83 36.940
71 84 87.264
71 85 37.441
71 86 83.005
71 87 98.163
71 88 26.816
71 89 91.105
71 90 30.783
71 91 53.913
71 92 13.460
71 93 72.389
71 94 57.387
71 95 81.775
71 96 53.871
71 97 0.092
71 98 18.361
71 99 54.277
71 100 53.979
71 101 28.663
71 102 21.516
71 103 0.394
71 104 18.586
71 105 68.064
71 106 63.455
71 107 88.808
71 108 38.044
71 109 21.267
71 110 45.232
71 111 3.502
71 112 36.101
71 113 47.692
71 114 29.391
71 115 99.150
71 116 76.965
71 117 23.109
71 118 82.376
71 119 56.286
72 73 94.162
72 74 94.373
72 75 18.644
72 76 4.395
72 77 8.961
72 78 20.779
72 79 25.842
72 80 44.811
72 81 51.923
72 82 52.960
72 83 3.974
72 84 84.724
72 85 87.573
72 86 24.904
72 87 95.762
72 88 88.609
72 89 69.233
72 90 25.040
72 91 20.244
72 92 64.041
72 93 18.732
72 94 68.274
72 95 47.154
72 96 25.111
72 97 34.012
72 98 12.455
72 99 65.731
72 100 18.578
72 101 76.577
72 102 49.944
72 103 8.360
72 104 55.396
72 105 80.275
72 106 57.793
72 107 86.778
72 108 63.400
72 109 53.086
72 110 8.522
72 111 86.615
72 112 65.706
72 113 14.390
72 114 27.520
72 115 44.600
72 116 93.783
72 117 21.607
72 118 32.840
72 119 2.049
73 74 64.165
73 75 92.156
73 76 8.484
73 77 88.076
73 78 83.406
73 79 19.367
73 80 43.206
73 81 36.480
73 82 97.183
73 83 14.258
73 84 13.479
73 85 81.366
73 86 66.311
73 87 79.032
73 88 1.453
73 89 8.301
73 90 34.970
73 91 32.701
73 92 16.573
73 93 60.159
73 94 54.595
73 95 64.399
73 96 32.982
73 97 9.807
73 98 40.630
73 99 85.783
73 100 63.912
73 101 15.402
73 102 68.769
73 103 90.301
73 104 68.992
73 105 68.279
73 106 62.285
73 107 4.200
73 108 30.691
73 109 28.326
73 110 82.755
73 111 31.797
73 112 42.126
73 113 17.158
73 114 12.678
73 115 55.843
73 116 20.006
73 117 5.600
73 118 10.463
73 119 52.733
74 75 93.702
74 76 88.637
74 77 25.710
74 78 21.883
74 79 24.280
74 80 88.442
74 81 85.904
74 82 8.739
74 83 75.760
74 84 63.999
74 85 4.373
74 86 21.715
74 87 94.979
74 88 34.517
74 89 13.793
74 90 4.762
74 91 56.120
74 92 43.026
74 93 99.509
74 94 29.334
74 95 91.308
74 96 96.436
74 97 92.597
74 98 12.185
74 99 59.644
74 100 18.810
74 101 83.880
74 102 48.729
74 103 3.596
74 104 45.717
74 105 36.973
74 106 75.636
74 107 3.921
74 108 69.298
74 109 10.974
74 110 40.869
74 111 72.074
74 112 15.990
74 113 51.560
74 114 64.551
74 115 12.563
74 116 1.890
74 117 73.012
74 118 19.862
74 119 46.748
75 76 64.320
75 77 33.075
75 78 49.567
75 79 14.330
75 80 12.423
75 81 97.617
75 82 60.859
75 83 59.072
75 84 74.442
75 85 2.653
75 86 8.839
75 87 61.277
75 88 44.873
75 89 47.582
75 90 87.294
75 91 1.118
75 92 50.753
75 93 95.410
75 94 94.335
75 95 24.124
75 96 63.097
75 97 13.197
75 98 30.015
75 99 32.953
75 100 76.887
75 101 59.157
75 102 13.216
75 103 48.062
75 104 70.944
75 105 11.594
75 106 75.916
75 107 63.924
75 108 37.699
75 109 39.232
75 110 4.346
75 111 77.196
75 112 42.064
75 113 32.559
75 114 48.615
75 115 78.550
75 116 28.483
75 117 51.400
75 118 15.047
75 119 80.817
76 77 45.751
76 78 95.254
76 79 88.786
76 80 2.734
76 81 0.261
76 82 69.771
76 83 8.141
76 84 39.719
76 85 80.130
76 86 5.321
76 87 26.695
76 88 30.988
76 89 14.960
76 90 81.697
76 91 54.385
76 92 75.759
76 93 49.035
76 94 26.809
76 95 64.546
76 96 60.373
76 97 9.317
76 98 86.591
76 99 90.361
76 100 32.866
76 101 43.893
76 102 8.375
76 103 11.187
76 104 1.874
76 105 91.330
76 106 40.629
76 107 46.908
76 108 42.691
76 109 16.950
76 110 28.223
76 111 36.783
76 112 64.890
76 113 18.086
76 114 74.283
76 115 78.164
76 116 33.123
76 117 57.164
76 118 47.221
76 119 40.009
77 78 35.559
77 79 28.801
77 80 34.644
77 81 46.313
77 82 62.849
77 83 5.092
77 84 84.666
77 85 45.353
77 86 94.617
77 87 31.889
77 88 29.480
77 89 42.092
77 90 90.177
77 91 68.100
77 92 56.128
77 93 73.113
77 94 45.484
77 95 69.898
77 96 74.990
77 97 46.162
77 98 9.326
77 99 22.230
77 100 37.847
77 101 49.649
77 102 48.301
77 103 11.128
77 104 74.203
77 105 61.397
77 106 12.374
77 107 12.037
77 108 47.126
77 109 50.485
77 110 80.599
77 111 41.781
77 112 77.974
77 113 71.185
77 114 60.080
77 115 84.742
77 116 53.167
77 117 93.828
77 118 70.315
77 119 57.447
78 79 5.535
78 80 3.816
78 81 69.770
78 82 20.020
78 83 57.822
78 84 27.092
78 85 71.863
78 86 77.771
78 87 26.548
78 88 8.027
78 89 53.511
78 90 41.748
78 91 10.695
78 92 73.990
78 93 80.945
78 94 33.118
78 95 31.619
78 96 69.798
78 97 64.745
78 98 23.049
78 99 48.049
78 100 34.792
78 101 8.825
78 102 97.075
78 103 43.225
78 104 25.457
78 105 36.622
78 106 20.955
78 107 69.986
78 108 57.308
78 109 61.758
78 110 63.611
78 111 43.996
78 112 51.190
78 113 20.204
78 114 2.018
78 115 95.336
78 116 21.188
78 117 96.276
78 118 92.720
78 119 24.326
79 80 34.025
79 81 55.760
79 82 45.198
79 83 58.715
79 84 3.113
79 85 46.046
79 86 73.383
79 87 76.252
79 88 54.369
79 89 35.355
79 90 33.359
79 91 39.212
79 92 15.444
79 93 40.984
79 94 77.680
79 95 85.549
79 96 35.177
79 97 39.928
79 98 69.689
79 99 35.144
79 100 35.932
79 101 64.350
79 102 4.859
79 103 99.013
79 104 37.834
79 105 59.065
79 106 80.393
79 107 24.340
79 108 71.042
79 109 18.508
79 110 39.220
79 111 68.867
79 112 9.818
79 113 26.679
79 114 89.963
79 115 74.416
79 116 20.480
79 117 95.063
79 118 70.619
79 119 1.253
80 81 14.242
80 82 30.787
80 83 80.378
80 84 92.471
80 85 35.506
80 86 70.085
80 87 51.430
80 88 60.761
80 89 96.328
80 90 80.594
80 91 70.535
80 92 28.682
80 93 88.601
80 94 70.105
80 95 88.793
80 96 7.942
80 97 66.910
80 98 39.082
80 99 77.267
80 100 73.232
80 101 97.071
80 102 79.602
80 103 95.972
80 104 71.773
80 105 8.038
80 106 54.324
80 107 44.253
80 108 11.043
80 109 68.169
80 110 85.682
80 111 51.655
80 112 84.010
80 113 30.758
80 114 47.698
80 115 50.163
80 116 23.742
80 117 58.305
80 118 80.640
80 119 41.023
81 82 27.393
81 83 40.151
81 84 42.227
81 85 32.360
81 86 53.340
81 87 63.933
81 88 68.126
81 89 77.417
81 90 74.650
81 91 87.710
81 92 39.243
81 93 87.482
81 94 67.055
81 95 86.685
81 96 43.600
81 97 28.425
81 98 20.266
81 99 16.122
81 100 76.568
81 101 35.253
81 102 87.750
81 103 40.328
81 104 44.800
81 105 95.231
81 106 31.943
81 107 26.550
81 108 26.430
81 109 56.815
81 110 79.428
81 111 92.132
81 112 92.904
81 113 19.036
81 114 73.740
81 115 23.484
81 116 16.307
81 117 43.951
81 118 2.231
81 119 56.222
82 83 70.100
82 84 13.395
82 85 77.812
82 86 17.230
82 87 80.902
82 88 20.494
82 89 76.424
82 90 81.487
82 91 4.277
82 92 46.288
82 93 66.730
82 94 89.139
82 95 78.462
82 96 22.265
82 97 19.779
82 98 1.633
82 99 56.516
82 100 20.758
82 101 53.307
82 102 49.627
82 103 29.630
82 104 46.867
82 105 47.840
82 106 39.953
82 107 32.108
82 108 27.944
82 109 69.916
82 110 44.089
82 111 62.048
82 112 9.664
82 113 51.520
82 114 86.390
82 115 60.786
82 116 71.331
82 117 4.214
82 118 86.760
82 119 68.898
83 84 67.266
83 85 91.459
83 86 89.481
83 87 16.883
83 88 86.057
83 89 43.268
83 90 27.628
83 91 14.600
83 92 94.857
83 93 73.632
83 94 30.746
83 95 75.118
83 96 2.096
83 97 52.995
83 98 82.453
83 99 45.857
83 100 28.687
83 101 95.632
83 102 74.114
83 103 22.704
83 104 25.141
83 105 44.900
83 106 80.986
83 107 91.264
83 108 10.064
83 109 78.092
83 110 7.951
83 111 73.498
83 112 34.031
83 113 7.053
83 114 13.458
83 115 57.665
83 116 92.165
83 117 20.699
83 118 22.282
83 119 54.879
84 85 18.532
84 86 1.251
84 87 80.424
84 88 56.481
84 89 96.002
84 90 47.252
84 91 88.771
84 92 63.070
84 93 6.318
84 94 53.333
84 95 76.029
84 96 18.199
84 97 26.863
84 98 29.218
84 99 36.049
84 100 7.597
84 101 52.962
84 102 88.592
84 103 59.786
84 104 78.232
84 105 87.569
84 106 2.239
84 107 37.963
84 108 90.598
84 109 93.777
84 110 89.238
84 111 96.941
84 112 42.348
84 113 49.854
84 114 15.039
84 115 57.319
84 116 91.676
84 117 81.334
84 118 75.867
84 119 72.497
85 86 64.874
85 87 70.227
85 88 75.193
85 89 12.708
85 90 54.004
85 91 57.482
85 92 39.887
85 93 8.978
85 94 97.883
85 95 61.609
85 96 81.200
85 97 60.987
85 98 92.389
85 99 33.698
85 100 78.858
85 101 43.022
85 102 94.552
85 103 57.099
85 104 55.325
85 105 12.988
85 106 68.985
85 107 78.596
85 108 11.691
85 109 40.859
85 110 74.911
85 111 27.189
85 112 16.649
85 113 25.047
85 114 7.373
85 115 36.429
85 116 75.675
85 117 57.776
85 118 87.180
85 119 36.755
86 87 58.801
86 88 33.919
86 89 40.706
86 90 25.399
86 91 32.262
86 92 71.626
86 93 22.893
86 94 53.146
86 95 21.798
86 96 27.657
86 97 14.612
86 98 89.616
86 99 33.584
86 100 45.481
86 101 69.015
86 102 41.717
86 103 72.468
86 104 70.045
86 105 90.578
86 106 3.527
86 107 26.647
86 108 99.482
86 109 5.257
86 110 10.113
86 111 32.902
86 112 21.148
86 113 20.498
86 114 52.644
86 115 97.152
86 116 96.987
86 117 79.794
86 118 87.651
86 119 21.387
87 88 21.573
87 89 88.103
87 90 39.404
87 91 79.898
87 92 75.082
87 93 21.578
87 94 51.110
87 95 95.270
87 96 32.998
87 97 37.970
87 98 87.983
87 99 87.728
87 100 74.536
87 101 72.463
87 102 33.275
87 103 10.215
87 104 52.572
87 105 37.809
87 106 46.892
87 107 35.957
87 108 49.279
87 109 47.338
87 110 75.547
87 111 35.299
87 112 43.744
87 113 44.739
87 114 13.187
87 115 64.247
87 116 60.484
87 117 55.472
87 118 10.963
87 119 88.401
88 89 51.114
88 90 71.254
88 91 27.125
88 92 82.879
88 93 85.321
88 94 41.269
88 95 88.935
88 96 81.342
88 97 91.865
88 98 71.576
88 99 11.082
88 100 95.368
88 101 95.477
88 102 27.655
88 103 78.057
88 104 89.217
88 105 41.380
88 106 94.111
88 107 51.567
88 108 74.384
88 109 85.503
88 110 70.268
88 111 8.291
88 112 83.396
88 113 55.600
88 114 70.692
88 115 48.170
88 116 92.931
88 117 56.079
88 118 55.689
88 119 38.874
89 90 92.613
89 91 97.710
89 92 38.335
89 93 78.253
89 94 37.728
89 95 82.269
89 96 1.891
89 97 63.257
89 98 81.630
89 99 61.734
89 100 14.190
89 101 51.229
89 102 56.754
89 103 21.847
89 104 44.126
89 105 87.426
89 106 61.905
89 107 10.611
89 108 69.403
89 109 51.249
89 110 17.910
89 111 43.770
89 112 14.434
89 113 42.913
89 114 73.729
89 115 71.331
89 116 72.593
89 117 92.122
89 118 80.746
89 119 81.874
90 91 48.007
90 92 20.838
90 93 4.284
90 94 54.716
90 95 98.633
90 96 33.309
90 97 8.208
90 98 43.878
90 99 74.577
90 100 38.301
90 101 31.071
90 102 92.414
90 103 23.457
90 104 30.800
90 105 70.359
90 106 30.769
90 107 78.054
90 108 73.466
90 109 5.163
90 110 8.695
90 111 50.582
90 112 21.729
90 113 17.033
90 114 46.644
90 115 32.617
90 116 30.646
90 117 13.738
90 118 69.612
90 119 40.056
91 92 66.517
91 93 21.358
91 94 4.098
91 95 48.438
91 96 21.729
91 97 86.343
91 98 77.125
91 99 35.526
91 100 97.417
91 101 21.125
91 102 55.218
91 103 85.278
91 104 75.281
91 105 34.344
91 106 0.748
91 107 10.147
91 108 47.244
91 109 9.929
91 110 3.280
91 111 17.124
91 112 9.629
91 113 38.011
91 114 64.306
91 115 77.009
91 116 57.156
91 117 55.066
91 118 75.216
91 119 56.095
92 93 31.281
92 94 20.698
92 95 30.384
92 96 34.814
92 97 87.286
92 98 44.107
92 99 59.931
92 100 68.803
92 101 44.987
92 102 74.566
92 103 50.033
92 104 44.479
92 105 79.072
92 106 87.128
92 107 42.549
92 108 43.382
92 109 86.790
92 110 27.297
92 111 70.323
92 112 57.391
92 113 43.104
92 114 26.536
92 115 89.665
92 116 90.388
92 117 16.376
92 118 64.272
92 119 17.321
93 94 40.998
93 95 71.311
93 96 31.444
93 97 65.689
93 98 85.767
93 99 30.064
93 100 45.639
93 101 97.058
93 102 72.457
93 103 97.338
93 104 78.557
93 105 85.344
93 106 89.100
93 107 80.759
93 108 82.745
93 109 82.086
93 110 96.028
93 111 53.910
93 112 46.510
93 113 32.409
93 114 95.322
93 115 16.200
93 116 63.374
93 117 76.179
93 118 64.921
93 119 1.037
94 95 75.624
94 96 99.786
94 97 3.128
94 98 71.826
94 99 40.255
94 100 74.774
94 101 13.304
94 102 23.878
94 103 70.018
94 104 30.957
94 105 8.256
94 106 79.588
94 107 22.275
94 108 63.727
94 109 29.170
94 110 24.085
94 111 44.047
94 112 67.924
94 113 54.865
94 114 79.044
94 115 32.872
94 116 23.947
94 117 23.770
94 118 53.476
94 119 40.008
95 96 35.696
95 97 3.194
95 98 42.050
95 99 25.041
95 100 34.511
95 101 18.309
95 102 63.837
95 103 69.066
95 104 18.416
95 105 96.724
95 106 47.397
95 107 67.426
95 108 91.818
95 109 93.612
95 110 71.707
95 111 52.360
95 112 7.190
95 113 37.031
95 114 66.691
95 115 40.929
95 116 87.368
95 117 73.469
95 118 61.955
95 119 64.245
96 97 24.712
96 98 99.535
96 99 47.840
96 100 10.308
96 101 11.745
96 102 37.350
96 103 78.996
96 104 4.604
96 105 56.747
96 106 48.365
96 107 7.447
96 108 60.209
96 109 77.381
96 110 83.201
96 111 79.448
96 112 52.209
96 113 45.570
96 114 33.514
96 115 68.451
96 116 10.086
96 117 77.675
96 118 86.024
96 119 45.089
97 98 76.064
97 99 25.414
97 100 78.512
97 101 4.344
97 102 47.457
97 103 25.052
97 104 22.942
97 105 79.914
97 106 6.693
97 107 5.031
97 108 91.814
97 109 76.287
97 110 43.962
97 111 35.538
97 112 60.449
97 113 40.143
97 114 94.326
97 115 27.423
97 116 60.091
97 117 74.454
97 118 43.663
97 119 52.423
98 99 24.561
98 100 70.988
98 101 5.930
98 102 61.838
98 103 6.655
98 104 99.941
98 105 38.046
98 106 26.600
98 107 99.550
98 108 49.025
98 109 38.042
98 110 8.094
98 111 23.193
98 112 48.554
98 113 67.178
98 114 96.153
98 115 25.986
98 116 53.987
98 117 47.362
98 118 18.320
98 119 8.031
99 100 82.810
99 101 11.467
99 102 32.766
99 103 93.776
99 104 18.811
99 105 26.049
99 106 66.188
99 107 69.127
99 108 3.491
99 109 63.485
99 110 47.549
99 111 50.905
99 112 31.766
99 113 73.682
99 114 18.716
99 115 74.992
99 116 57.054
99 117 94.304
99 118 73.835
99 119 73.592
100 101 89.492
100 102 42.831
100 103 90.715
100 104 61.745
100 105 40.251
100 106 53.797
100 107 69.549
100 108 68.547
100 109 24.774
100 110 60.202
100 111 86.965
100 112 29.509
100 113 88.268
100 114 69.354
100 115 6.710
100 116 3.050
100 117 57.881
100 118 50.296
100 119 62.193
101 102 86.342
101 103 57.725
101 104 32.483
101 105 40.657
101 106 83.542
101 107 45.306
101 108 13.548
101 109 53.938
101 110 22.915
101 111 40.854
101 112 87.720
101 113 76.563
101 114 28.436
101 115 24.719
101 116 35.890
101 117 68.365
101 118 26.137
101 119 72.188
102 103 63.329
102 104 75.834
102 105 5.856
102 106 79.973
102 107 31.691
102 108 24.132
102 109 64.925
102 110 14.093
102 111 8.231
102 112 69.949
102 113 31.995
102 114 74.992
102 115 47.037
102 116 84.360
102 117 6.332
102 118 32.467
102 119 24.614
103 104 74.339
103 105 50.809
103 106 30.360
103 107 75.292
103 108 31.809
103 109 45.230
103 110 98.928
103 111 10.690
103 112 19.873
103 113 40.738
103 114 41.447
103 115 61.902
103 116 67.318
103 117 55.747
103 118 80.831
103 119 53.029
104 105 44.525
104 106 19.167
104 107 61.898
104 108 0.389
104 109 36.598
104 110 97.675
104 111 5.438
104 112 32.952
104 113 12.816
104 114 40.323
104 115 1.310
104 116 46.491
104 117 15.459
104 118 36.034
104 119 9.564
105 106 36.411
105 107 55.587
105 108 7.314
105 109 10.933
105 110 2.405
105 111 8.537
105 112 57.013
105 113 11.031
105 114 81.825
105 115 47.707
105 116 44.015
105 117 56.209
105 118 48.073
105 119 41.612
106 107 88.473
106 108 63.258
106 109 5.315
106 110 66.266
106 111 97.500
106 112 99.999
106 113 21.485
106 114 52.584
106 115 58.235
106 116 79.321
106 117 67.802
106 118 96.855
106 119 66.726
107 108 45.300
107 109 74.930
107 110 11.194
107 111 48.337
107 112 36.797
107 113 73.408
107 114 80.500
107 115 78.171
107 116 11.299
107 117 59.162
107 118 22.565
107 119 28.480
108 109 99.730
108 110 13.625
108 111 18.826
108 112 54.130
108 113 41.593
108 114 12.437
108 115 94.638
108 116 76.848
108 117 19.051
108 118 76.695
108 119 80.036
109 110 44.372
109 111 68.381
109 112 56.352
109 113 74.587
109 114 21.526
109 115 97.769
109 116 86.667
109 117 73.280
109 118 16.860
109 119 81.489
110 111 25.472
110 112 84.284
110 113 60.698
110 114 32.271
110 115 61.567
110 116 83.989
110 117 28.237
110 118 76.024
110 119 82.671
111 112 9.900
111 113 44.850
111 114 66.048
111 115 5.154
111 116 87.760
111 117 19.781
111 118 77.511
111 119 97.151
112 113 25.714
112 114 29.156
112 115 17.189
112 116 71.690
112 117 85.358
112 118 9.542
112 119 68.324
113 114 87.093
113 115 57.211
113 116 29.277
113 117 65.963
113 118 68.208
113 119 26.430
114 115 76.339
114 116 64.244
114 117 53.891
114 118 13.545
114 119 38.752
115 116 13.815
115 117 83.703
115 118 14.491
115 119 56.354
116 117 14.982
116 118 59.921
116 119 44.451
117 118 91.203
117 119 50.110
118 119 59.718
