30 5 ds 6 7 5 8 5 8 5 7 6 6 
0 1 58.455
0 2 27.501
0 3 72.456
0 4 58.607
0 5 3.909
0 6 39.031
0 7 44.604
0 8 73.490
0 9 87.015
0 10 61.486
0 11 25.756
0 12 79.521
0 13 56.016
0 14 92.223
0 15 47.468
0 16 79.494
0 17 32.771
0 18 55.329
0 19 76.682
0 20 71.187
0 21 19.492
0 22 12.333
0 23 78.032
0 24 68.096
0 25 51.428
0 26 59.230
0 27 6.293
0 28 49.407
0 29 97.901
1 2 29.113
1 3 37.258
1 4 3.869
1 5 7.877
1 6 23.704
1 7 15.716
1 8 75.291
1 9 68.287
1 10 4.205
1 11 97.778
1 12 13.560
1 13 93.380
1 14 82.155
1 15 91.411
1 16 84.415
1 17 91.616
1 18 64.331
1 19 53.878
1 20 93.645
1 21 62.967
1 22 22.278
1 23 87.632
1 24 36.932
1 25 63.951
1 26 76.626
1 27 87.312
1 28 95.284
1 29 40.327
2 3 9.172
2 4 29.590
2 5 57.779
2 6 68.118
2 7 41.510
2 8 64.949
2 9 68.317
2 10 62.441
2 11 48.066
2 12 65.848
2 13 61.121
2 14 10.633
2 15 3.479
2 16 9.288
2 17 70.936
2 18 61.241
2 19 99.532
2 20 23.450
2 21 78.168
2 22 53.656
2 23 5.225
2 24 7.840
2 25 76.681
2 26 4.553
2 27 85.091
2 28 44.316
2 29 32.503
3 4 76.733
3 5 35.449
3 6 52.397
3 7 35.396
3 8 43.584
3 9 46.098
3 10 6.394
3 11 32.077
3 12 28.098
3 13 45.780
3 14 24.216
3 15 69.785
3 16 39.223
3 17 43.787
3 18 58.112
3 19 71.993
3 20 50.298
3 21 37.183
3 22 66.110
3 23 14.216
3 24 64.432
3 25 13.388
3 26 19.630
3 27 67.228
3 28 89.901
3 29 41.243
4 5 7.482
4 6 27.397
4 7 4.971
4 8 10.176
4 9 29.405
4 10 59.441
4 11 26.064
4 12 46.719
4 13 33.312
4 14 35.593
4 15 5.740
4 16 10.379
4 17 39.598
4 18 66.987
4 19 77.718
4 20 46.760
4 21 13.107
4 22 87.988
4 23 35.001
4 24 54.803
4 25 88.825
4 26 72.305
4 27 74.135
4 28 7.175
4 29 30.833
5 6 30.867
5 7 63.738
5 8 48.081
5 9 5.776
5 10 65.795
5 11 98.652
5 12 81.133
5 13 81.849
5 14 32.232
5 15 82.426
5 16 51.442
5 17 22.218
5 18 90.342
5 19 40.303
5 20 20.712
5 21 27.855
5 22 13.518
5 23 2.479
5 24 31.871
5 25 98.886
5 26 55.619
5 27 13.143
5 28 60.655
5 29 25.866
6 7 70.020
6 8 14.630
6 9 55.568
6 10 92.796
6 11 16.313
6 12 28.009
6 13 74.753
6 14 72.230
6 15 86.699
6 16 1.522
6 17 38.595
6 18 19.480
6 19 33.414
6 20 26.502
6 21 30.221
6 22 27.716
6 23 80.991
6 24 26.769
6 25 92.588
6 26 88.668
6 27 62.706
6 28 11.945
6 29 90.476
7 8 14.667
7 9 29.266
7 10 47.753
7 11 28.442
7 12 16.926
7 13 39.603
7 14 37.082
7 15 41.698
7 16 2.252
7 17 58.577
7 18 24.422
7 19 5.846
7 20 45.773
7 21 54.471
7 22 33.296
7 23 43.566
7 24 20.825
7 25 10.337
7 26 21.357
7 27 41.571
7 28 18.782
7 29 37.573
8 9 91.090
8 10 29.563
8 11 71.405
8 12 7.567
8 13 25.371
8 14 14.387
8 15 96.197
8 16 97.779
8 17 26.624
8 18 7.237
8 19 21.294
8 20 82.358
8 21 25.914
8 22 29.514
8 23 10.558
8 24 84.186
8 25 94.042
8 26 33.808
8 27 1.856
8 28 45.181
8 29 30.529
9 10 30.490
9 11 91.881
9 12 64.783
9 13 28.390
9 14 67.519
9 15 49.458
9 16 2.692
9 17 12.654
9 18 71.343
9 19 15.871
9 20 41.303
9 21 28.854
9 22 20.109
9 23 55.602
9 24 55.667
9 25 14.006
9 26 86.968
9 27 53.722
9 28 44.408
9 29 17.119
10 11 60.811
10 12 17.259
10 13 33.715
10 14 48.839
10 15 24.595
10 16 26.989
10 17 78.331
10 18 30.580
10 19 47.258
10 20 3.413
10 21 48.404
10 22 82.317
10 23 24.230
10 24 96.064
10 25 9.148
10 26 35.205
10 27 83.692
10 28 78.849
10 29 71.437
11 12 80.291
11 13 60.975
11 14 35.769
11 15 15.775
11 16 67.785
11 17 31.864
11 18 51.175
11 19 69.531
11 20 52.728
11 21 87.108
11 22 76.577
11 23 47.882
11 24 42.357
11 25 25.014
11 26 32.125
11 27 52.629
11 28 38.062
11 29 36.813
12 13 14.982
12 14 59.816
12 15 80.560
12 16 60.324
12 17 29.126
12 18 17.085
12 19 0.746
12 20 81.457
12 21 21.529
12 22 14.709
12 23 50.682
12 24 70.241
12 25 8.169
12 26 90.475
12 27 39.241
12 28 48.296
12 29 0.028
13 14 77.896
13 15 25.180
13 16 98.047
13 17 93.987
13 18 9.657
13 19 26.748
13 20 40.511
13 21 76.450
13 22 43.787
13 23 91.416
13 24 28.073
13 25 98.562
13 26 88.734
13 27 31.904
13 28 21.456
13 29 21.047
14 15 65.327
14 16 75.401
14 17 45.955
14 18 93.975
14 19 58.560
14 20 91.749
14 21 51.010
14 22 32.183
14 23 80.202
14 24 63.289
14 25 29.315
14 26 70.604
14 27 84.418
14 28 34.202
14 29 86.933
15 16 35.416
15 17 52.908
15 18 30.398
15 19 94.249
15 20 46.714
15 21 93.522
15 22 72.317
15 23 89.095
15 24 76.328
15 25 76.845
15 26 12.531
15 27 48.034
15 28 20.414
15 29 68.984
16 17 17.596
16 18 89.499
16 19 10.636
16 20 5.561
16 21 79.340
16 22 23.429
16 23 80.035
16 24 91.880
16 25 84.615
16 26 15.960
16 27 20.077
16 28 7.302
16 29 94.525
17 18 94.961
17 19 13.922
17 20 38.051
17 21 84.224
17 22 82.348
17 23 7.613
17 24 61.985
17 25 72.613
17 26 2.596
17 27 85.663
17 28 61.305
17 29 27.602
18 19 83.280
18 20 50.438
18 21 44.767
18 22 67.094
18 23 33.174
18 24 65.762
18 25 19.620
18 26 88.416
18 27 56.150
18 28 14.329
18 29 65.320
19 20 49.677
19 21 35.009
19 22 35.797
19 23 26.032
19 24 95.360
19 25 98.395
19 26 57.849
19 27 56.968
19 28 65.429
19 29 66.038
20 21 6.039
20 22 30.816
20 23 52.342
20 24 52.874
20 25 79.902
20 26 34.832
20 27 73.567
20 28 0.910
20 29 12.585
21 22 66.611
21 23 8.568
21 24 99.267
21 25 89.186
21 26 67.103
21 27 8.663
21 28 47.412
21 29 84.998
22 23 13.145
22 24 25.810
22 25 14.374
22 26 99.033
22 27 28.610
22 28 22.034
22 29 47.614
23 24 0.480
23 25 63.169
23 26 15.113
23 27 89.203
23 28 76.160
23 29 30.798
24 25 88.079
24 26 64.126
24 27 65.583
24 28 96.272
24 29 40.199
25 26 15.745
25 27 96.856
25 28 47.280
25 29 85.326
26 27 76.866
26 28 91.495
26 29 92.194
27 28 9.851
27 29 81.331
28 29 89.102
