60 6 ss 10 10 10 10 10 10 10 10 10 10 10 10 
0 1 5.339
0 2 46.673
0 3 61.309
0 4 76.481
0 5 25.760
0 6 10.489
0 7 21.408
0 8 23.002
0 9 7.703
0 10 96.148
0 11 57.927
0 12 83.623
0 13 51.203
0 14 61.812
0 15 12.060
0 16 70.086
0 17 67.374
0 18 24.236
0 19 30.165
0 20 61.657
0 21 36.020
0 22 97.216
0 23 89.383
0 24 14.617
0 25 50.850
0 26 20.738
0 27 54.673
0 28 57.857
0 29 68.235
0 30 10.357
0 31 37.110
0 32 94.408
0 33 34.107
0 34 68.918
0 35 96.102
0 36 17.840
0 37 75.443
0 38 93.453
0 39 4.016
0 40 69.806
0 41 7.679
0 42 78.961
0 43 70.744
0 44 10.367
0 45 27.527
0 46 67.708
0 47 7.828
0 48 46.303
0 49 31.787
0 50 17.821
0 51 97.063
0 52 64.264
0 53 27.122
0 54 68.152
0 55 16.832
0 56 45.393
0 57 73.172
0 58 57.734
0 59 70.971
1 2 95.975
1 3 31.965
1 4 17.641
1 5 59.552
1 6 14.695
1 7 80.258
1 8 90.644
1 9 28.764
1 10 31.254
1 11 78.284
1 12 49.783
1 13 37.912
1 14 93.355
1 15 78.292
1 16 80.830
1 17 85.601
1 18 49.529
1 19 99.356
1 20 65.574
1 21 44.255
1 22 73.742
1 23 91.108
1 24 52.982
1 25 62.417
1 26 4.440
1 27 58.377
1 28 33.485
1 29 7.620
1 30 25.453
1 31 21.139
1 32 38.002
1 33 39.157
1 34 99.066
1 35 39.782
1 36 67.788
1 37 19.662
1 38 72.652
1 39 44.334
1 40 23.784
1 41 97.229
1 42 19.368
1 43 68.170
1 44 44.868
1 45 15.605
1 46 40.742
1 47 1.616
1 48 83.257
1 49 39.062
1 50 54.357
1 51 48.953
1 52 42.298
1 53 10.628
1 54 13.402
1 55 93.515
1 56 76.937
1 57 97.657
1 58 56.495
1 59 49.882
2 3 10.446
2 4 17.059
2 5 65.989
2 6 9.623
2 7 52.266
2 8 74.032
2 9 20.861
2 10 67.594
2 11 11.359
2 12 92.783
2 13 66.340
2 14 49.511
2 15 87.000
2 16 65.436
2 17 86.580
2 18 48.309
2 19 84.719
2 20 96.247
2 21 58.966
2 22 16.751
2 23 48.911
2 24 72.235
2 25 89.051
2 26 56.831
2 27 25.613
2 28 48.447
2 29 73.677
2 30 92.673
2 31 69.071
2 32 96.363
2 33 16.462
2 34 12.980
2 35 83.892
2 36 27.304
2 37 24.639
2 38 21.509
2 39 50.980
2 40 69.211
2 41 49.142
2 42 39.607
2 43 19.884
2 44 44.802
2 45 90.876
2 46 63.565
2 47 62.806
2 48 71.862
2 49 85.231
2 50 91.325
2 51 76.231
2 52 82.290
2 53 94.251
2 54 98.049
2 55 85.000
2 56 35.560
2 57 81.209
2 58 58.102
2 59 50.601
3 4 84.337
3 5 15.922
3 6 82.210
3 7 10.563
3 8 35.295
3 9 60.788
3 10 62.854
3 11 79.064
3 12 36.520
3 13 17.294
3 14 98.421
3 15 20.206
3 16 14.401
3 17 70.686
3 18 97.177
3 19 64.872
3 20 77.556
3 21 56.494
3 22 45.845
3 23 79.702
3 24 3.059
3 25 86.796
3 26 64.361
3 27 12.427
3 28 21.150
3 29 16.366
3 30 58.335
3 31 31.659
3 32 18.589
3 33 99.269
3 34 23.827
3 35 51.196
3 36 87.954
3 37 85.017
3 38 55.193
3 39 79.015
3 40 60.431
3 41 30.024
3 42 56.130
3 43 59.337
3 44 73.037
3 45 54.925
3 46 56.443
3 47 82.494
3 48 37.697
3 49 61.202
3 50 92.655
3 51 21.810
3 52 99.249
3 53 31.614
3 54 19.251
3 55 19.301
3 56 92.190
3 57 78.078
3 58 79.172
3 59 82.721
4 5 31.862
4 6 67.934
4 7 77.133
4 8 75.322
4 9 4.775
4 10 54.951
4 11 67.360
4 12 76.688
4 13 54.898
4 14 64.938
4 15 88.595
4 16 68.083
4 17 98.001
4 18 37.521
4 19 53.468
4 20 48.975
4 21 34.514
4 22 5.391
4 23 26.841
4 24 22.758
4 25 72.858
4 26 0.277
4 27 8.237
4 28 99.169
4 29 19.856
4 30 10.908
4 31 67.198
4 32 48.460
4 33 42.562
4 34 82.395
4 35 67.227
4 36 8.167
4 37 56.747
4 38 38.755
4 39 53.883
4 40 87.104
4 41 51.256
4 42 30.693
4 43 75.698
4 44 33.231
4 45 14.623
4 46 59.319
4 47 52.769
4 48 32.105
4 49 90.523
4 50 3.117
4 51 7.167
4 52 80.883
4 53 52.096
4 54 80.260
4 55 21.788
4 56 39.159
4 57 51.597
4 58 11.314
4 59 99.807
5 6 92.407
5 7 71.536
5 8 8.364
5 9 55.598
5 10 76.403
5 11 76.163
5 12 5.778
5 13 79.803
5 14 1.712
5 15 38.065
5 16 65.119
5 17 86.168
5 18 86.181
5 19 93.642
5 20 32.098
5 21 65.828
5 22 50.340
5 23 63.346
5 24 97.021
5 25 45.925
5 26 55.727
5 27 57.839
5 28 11.828
5 29 73.758
5 30 69.367
5 31 79.575
5 32 46.623
5 33 25.084
5 34 18.982
5 35 20.864
5 36 26.477
5 37 65.791
5 38 62.976
5 39 54.043
5 40 75.356
5 41 79.824
5 42 36.856
5 43 7.195
5 44 8.155
5 45 13.084
5 46 53.455
5 47 19.681
5 48 54.124
5 49 72.938
5 50 28.166
5 51 75.794
5 52 65.376
5 53 66.074
5 54 72.401
5 55 21.960
5 56 62.697
5 57 53.598
5 58 48.536
5 59 83.146
6 7 97.545
6 8 51.603
6 9 7.880
6 10 7.552
6 11 63.913
6 12 7.880
6 13 39.513
6 14 85.132
6 15 76.629
6 16 41.000
6 17 42.320
6 18 5.134
6 19 43.709
6 20 36.691
6 21 95.175
6 22 40.612
6 23 99.547
6 24 58.259
6 25 40.895
6 26 73.721
6 27 32.990
6 28 42.727
6 29 18.490
6 30 4.618
6 31 39.779
6 32 22.447
6 33 75.172
6 34 18.938
6 35 52.359
6 36 33.121
6 37 64.688
6 38 24.036
6 39 51.718
6 40 43.491
6 41 91.782
6 42 2.595
6 43 45.719
6 44 69.401
6 45 93.920
6 46 73.682
6 47 6.274
6 48 15.479
6 49 60.886
6 50 95.979
6 51 93.765
6 52 21.420
6 53 80.472
6 54 95.653
6 55 61.260
6 56 76.618
6 57 64.189
6 58 52.236
6 59 23.379
7 8 6.880
7 9 50.779
7 10 29.844
7 11 95.049
7 12 29.989
7 13 7.286
7 14 98.251
7 15 53.945
7 16 23.099
7 17 47.534
7 18 48.531
7 19 57.053
7 20 44.240
7 21 66.091
7 22 71.401
7 23 46.603
7 24 2.667
7 25 42.135
7 26 32.891
7 27 13.502
7 28 78.356
7 29 2.122
7 30 51.573
7 31 47.449
7 32 49.619
7 33 42.746
7 34 54.377
7 35 92.072
7 36 99.653
7 37 6.405
7 38 63.857
7 39 40.708
7 40 37.774
7 41 70.235
7 42 48.813
7 43 53.857
7 44 89.124
7 45 56.758
7 46 52.273
7 47 52.885
7 48 77.884
7 49 99.253
7 50 96.112
7 51 46.201
7 52 53.289
7 53 98.236
7 54 49.953
7 55 73.917
7 56 85.219
7 57 86.725
7 58 43.510
7 59 14.924
8 9 86.688
8 10 81.484
8 11 96.148
8 12 86.337
8 13 4.248
8 14 35.012
8 15 35.201
8 16 79.430
8 17 54.153
8 18 18.773
8 19 75.461
8 20 18.468
8 21 72.042
8 22 62.014
8 23 36.261
8 24 99.242
8 25 87.003
8 26 42.486
8 27 79.691
8 28 62.667
8 29 27.041
8 30 75.479
8 31 63.762
8 32 85.451
8 33 12.299
8 34 75.815
8 35 17.684
8 36 24.619
8 37 94.837
8 38 73.778
8 39 62.957
8 40 35.619
8 41 59.307
8 42 50.439
8 43 23.576
8 44 94.719
8 45 7.600
8 46 20.429
8 47 91.430
8 48 95.636
8 49 12.302
8 50 30.945
8 51 38.827
8 52 57.539
8 53 38.794
8 54 64.605
8 55 99.106
8 56 77.056
8 57 3.855
8 58 30.757
8 59 68.418
9 10 80.403
9 11 59.828
9 12 4.927
9 13 16.996
9 14 83.417
9 15 67.753
9 16 29.344
9 17 36.634
9 18 47.091
9 19 50.266
9 20 18.780
9 21 92.596
9 22 24.072
9 23 95.674
9 24 25.469
9 25 92.788
9 26 27.673
9 27 18.264
9 28 4.429
9 29 34.800
9 30 19.043
9 31 66.775
9 32 86.242
9 33 42.297
9 34 0.506
9 35 12.842
9 36 8.209
9 37 56.232
9 38 23.406
9 39 44.330
9 40 76.749
9 41 3.502
9 42 67.397
9 43 34.664
9 44 34.029
9 45 25.900
9 46 24.737
9 47 58.547
9 48 80.014
9 49 15.615
9 50 27.950
9 51 76.940
9 52 57.490
9 53 70.029
9 54 92.120
9 55 19.718
9 56 42.075
9 57 48.176
9 58 4.120
9 59 53.106
10 11 91.847
10 12 84.003
10 13 80.243
10 14 30.842
10 15 1.913
10 16 87.437
10 17 30.977
10 18 92.918
10 19 78.116
10 20 43.276
10 21 17.090
10 22 93.852
10 23 91.036
10 24 0.036
10 25 54.710
10 26 13.603
10 27 96.556
10 28 26.161
10 29 28.757
10 30 28.592
10 31 12.446
10 32 99.362
10 33 3.873
10 34 97.698
10 35 21.825
10 36 86.372
10 37 79.886
10 38 48.690
10 39 33.780
10 40 65.009
10 41 24.901
10 42 34.237
10 43 69.049
10 44 38.231
10 45 33.259
10 46 63.457
10 47 54.387
10 48 90.699
10 49 97.898
10 50 4.904
10 51 3.087
10 52 42.411
10 53 57.044
10 54 99.961
10 55 31.094
10 56 61.067
10 57 73.726
10 58 21.807
10 59 8.249
11 12 5.107
11 13 33.226
11 14 64.414
11 15 72.439
11 16 82.704
11 17 98.406
11 18 48.516
11 19 40.735
11 20 28.549
11 21 45.728
11 22 87.011
11 23 36.135
11 24 19.843
11 25 15.838
11 26 60.989
11 27 11.060
11 28 75.708
11 29 51.741
11 30 19.363
11 31 89.526
11 32 10.076
11 33 64.870
11 34 30.046
11 35 68.733
11 36 37.129
11 37 64.781
11 38 78.666
11 39 17.799
11 40 60.508
11 41 11.722
11 42 32.018
11 43 86.452
11 44 12.741
11 45 2.988
11 46 57.746
11 47 89.731
11 48 49.717
11 49 83.783
11 50 19.220
11 51 66.085
11 52 46.571
11 53 81.174
11 54 45.113
11 55 15.722
11 56 85.925
11 57 95.800
11 58 6.882
11 59 13.696
12 13 77.223
12 14 50.148
12 15 24.184
12 16 57.880
12 17 96.766
12 18 84.465
12 19 58.184
12 20 55.889
12 21 92.032
12 22 11.833
12 23 45.789
12 24 76.937
12 25 51.048
12 26 92.428
12 27 74.031
12 28 94.733
12 29 97.774
12 30 63.672
12 31 93.128
12 32 25.750
12 33 37.886
12 34 67.745
12 35 19.217
12 36 23.528
12 37 45.826
12 38 50.868
12 39 83.295
12 40 24.156
12 41 53.610
12 42 69.774
12 43 41.604
12 44 50.688
12 45 74.669
12 46 29.951
12 47 74.527
12 48 74.941
12 49 71.831
12 50 97.544
12 51 65.971
12 52 3.999
12 53 57.614
12 54 72.190
12 55 73.315
12 56 5.705
12 57 97.060
12 58 81.600
12 59 69.168
13 14 12.520
13 15 68.662
13 16 60.382
13 17 60.508
13 18 46.366
13 19 27.266
13 20 5.350
13 21 68.213
13 22 88.391
13 23 4.360
13 24 57.511
13 25 80.563
13 26 77.091
13 27 75.770
13 28 46.925
13 29 77.978
13 30 55.817
13 31 24.573
13 32 50.813
13 33 63.077
13 34 6.398
13 35 27.860
13 36 57.571
13 37 20.096
13 38 99.492
13 39 0.046
13 40 99.746
13 41 70.736
13 42 64.216
13 43 32.514
13 44 17.582
13 45 89.747
13 46 29.727
13 47 79.641
13 48 41.392
13 49 92.833
13 50 19.648
13 51 54.641
13 52 35.796
13 53 11.936
13 54 86.550
13 55 15.163
13 56 31.799
13 57 28.485
13 58 58.224
13 59 38.201
14 15 83.667
14 16 43.936
14 17 30.037
14 18 6.639
14 19 26.790
14 20 28.697
14 21 78.388
14 22 55.622
14 23 79.931
14 24 5.508
14 25 89.160
14 26 55.959
14 27 30.738
14 28 91.405
14 29 92.001
14 30 43.885
14 31 66.875
14 32 43.558
14 33 66.383
14 34 41.762
14 35 66.834
14 36 28.654
14 37 38.615
14 38 52.684
14 39 44.235
14 40 62.860
14 41 20.308
14 42 53.457
14 43 47.367
14 44 50.033
14 45 48.298
14 46 55.034
14 47 51.729
14 48 79.495
14 49 73.609
14 50 47.274
14 51 47.515
14 52 31.521
14 53 12.752
14 54 95.734
14 55 16.245
14 56 78.637
14 57 18.539
14 58 12.235
14 59 11.185
15 16 63.876
15 17 49.515
15 18 78.065
15 19 4.701
15 20 83.336
15 21 17.261
15 22 58.926
15 23 42.394
15 24 99.717
15 25 68.994
15 26 14.120
15 27 48.589
15 28 65.927
15 29 19.278
15 30 68.978
15 31 60.731
15 32 43.433
15 33 79.106
15 34 89.148
15 35 31.220
15 36 58.724
15 37 43.225
15 38 68.132
15 39 24.395
15 40 53.058
15 41 87.289
15 42 15.318
15 43 53.690
15 44 45.617
15 45 95.286
15 46 10.787
15 47 49.333
15 48 48.257
15 49 84.640
15 50 75.272
15 51 20.572
15 52 41.229
15 53 21.505
15 54 88.919
15 55 77.996
15 56 43.565
15 57 21.968
15 58 80.882
15 59 11.364
16 17 89.270
16 18 16.257
16 19 3.262
16 20 76.229
16 21 51.013
16 22 12.495
16 23 97.578
16 24 28.694
16 25 36.722
16 26 34.140
16 27 59.641
16 28 61.799
16 29 21.286
16 30 21.007
16 31 9.659
16 32 39.308
16 33 65.510
16 34 77.559
16 35 78.346
16 36 93.096
16 37 17.559
16 38 24.191
16 39 26.959
16 40 48.854
16 41 88.278
16 42 57.264
16 43 29.449
16 44 71.501
16 45 41.135
16 46 51.936
16 47 58.273
16 48 76.473
16 49 39.934
16 50 48.110
16 51 31.933
16 52 35.959
16 53 53.047
16 54 44.370
16 55 1.924
16 56 20.221
16 57 21.587
16 58 87.303
16 59 79.544
17 18 53.250
17 19 60.748
17 20 84.383
17 21 28.869
17 22 29.332
17 23 78.527
17 24 87.398
17 25 81.247
17 26 32.495
17 27 64.035
17 28 90.413
17 29 58.728
17 30 24.334
17 31 18.882
17 32 61.317
17 33 29.177
17 34 17.394
17 35 79.353
17 36 79.263
17 37 54.129
17 38 31.044
17 39 4.601
17 40 81.644
17 41 31.982
17 42 34.726
17 43 86.611
17 44 33.698
17 45 83.765
17 46 19.450
17 47 71.389
17 48 21.479
17 49 76.432
17 50 2.618
17 51 67.655
17 52 34.609
17 53 29.545
17 54 63.496
17 55 59.250
17 56 49.099
17 57 5.211
17 58 27.102
17 59 30.539
18 19 42.496
18 20 38.234
18 21 62.790
18 22 60.277
18 23 73.700
18 24 23.757
18 25 40.476
18 26 38.736
18 27 38.036
18 28 42.972
18 29 92.246
18 30 15.313
18 31 64.489
18 32 74.057
18 33 59.979
18 34 89.420
18 35 56.512
18 36 5.064
18 37 70.675
18 38 16.145
18 39 90.385
18 40 38.279
18 41 70.309
18 42 9.977
18 43 75.854
18 44 51.429
18 45 64.352
18 46 94.860
18 47 52.596
18 48 60.134
18 49 58.481
18 50 66.865
18 51 43.067
18 52 8.103
18 53 66.551
18 54 7.004
18 55 7.341
18 56 96.867
18 57 54.557
18 58 5.986
18 59 48.816
19 20 55.179
19 21 19.095
19 22 40.191
19 23 0.980
19 24 39.749
19 25 56.756
19 26 68.685
19 27 84.915
19 28 53.583
19 29 66.904
19 30 4.790
19 31 64.816
19 32 65.977
19 33 44.459
19 34 52.547
19 35 44.511
19 36 19.069
19 37 61.587
19 38 88.351
19 39 41.841
19 40 9.871
19 41 7.626
19 42 11.099
19 43 49.705
19 44 43.836
19 45 55.068
19 46 80.384
19 47 42.684
19 48 66.248
19 49 46.145
19 50 11.588
19 51 16.393
19 52 91.136
19 53 49.278
19 54 99.160
19 55 53.029
19 56 63.872
19 57 17.621
19 58 94.954
19 59 91.083
20 21 13.289
20 22 92.923
20 23 77.151
20 24 39.771
20 25 71.874
20 26 37.122
20 27 7.154
20 28 19.455
20 29 68.479
20 30 41.343
20 31 86.760
20 32 28.180
20 33 27.020
20 34 57.408
20 35 95.965
20 36 31.435
20 37 36.719
20 38 20.480
20 39 12.991
20 40 47.319
20 41 94.736
20 42 83.141
20 43 92.410
20 44 52.540
20 45 60.398
20 46 60.968
20 47 4.675
20 48 66.010
20 49 1.754
20 50 97.609
20 51 20.963
20 52 76.269
20 53 59.770
20 54 93.363
20 55 60.915
20 56 66.589
20 57 3.303
20 58 5.466
20 59 7.645
21 22 57.296
21 23 98.798
21 24 20.526
21 25 34.387
21 26 28.734
21 27 72.708
21 28 20.012
21 29 80.172
21 30 10.239
21 31 1.740
21 32 8.178
21 33 58.123
21 34 20.612
21 35 26.297
21 36 48.526
21 37 79.300
21 38 23.768
21 39 45.855
21 40 59.638
21 41 27.435
21 42 19.636
21 43 21.516
21 44 54.167
21 45 25.484
21 46 24.809
21 47 80.636
21 48 65.769
21 49 93.609
21 50 10.071
21 51 91.124
21 52 97.960
21 53 10.015
21 54 52.632
21 55 48.953
21 56 46.130
21 57 51.017
21 58 29.776
21 59 1.374
22 23 89.380
22 24 4.766
22 25 27.558
22 26 10.490
22 27 22.373
22 28 24.276
22 29 63.333
22 30 47.068
22 31 99.055
22 32 9.681
22 33 24.075
22 34 92.884
22 35 89.879
22 36 87.116
22 37 3.837
22 38 21.365
22 39 12.093
22 40 82.170
22 41 83.124
22 42 20.939
22 43 78.661
22 44 69.567
22 45 30.612
22 46 23.255
22 47 25.568
22 48 17.516
22 49 23.305
22 50 99.315
22 51 19.548
22 52 35.142
22 53 75.113
22 54 90.560
22 55 18.655
22 56 74.470
22 57 35.793
22 58 49.080
22 59 56.665
23 24 34.616
23 25 72.284
23 26 71.382
23 27 48.949
23 28 65.152
23 29 72.708
23 30 23.517
23 31 72.216
23 32 68.085
23 33 19.639
23 34 71.872
23 35 53.482
23 36 53.405
23 37 63.722
23 38 53.577
23 39 14.606
23 40 11.905
23 41 91.330
23 42 43.208
23 43 57.941
23 44 30.744
23 45 20.651
23 46 98.364
23 47 45.892
23 48 92.186
23 49 79.462
23 50 95.688
23 51 22.615
23 52 64.041
23 53 14.812
23 54 1.048
23 55 49.603
23 56 11.451
23 57 59.931
23 58 52.814
23 59 78.584
24 25 34.083
24 26 36.910
24 27 75.595
24 28 64.925
24 29 60.128
24 30 5.046
24 31 83.259
24 32 32.660
24 33 9.150
24 34 74.208
24 35 74.705
24 36 38.280
24 37 69.493
24 38 90.195
24 39 73.625
24 40 44.603
24 41 22.742
24 42 64.758
24 43 14.344
24 44 8.306
24 45 87.729
24 46 66.829
24 47 29.854
24 48 5.123
24 49 49.608
24 50 13.454
24 51 55.270
24 52 65.258
24 53 85.707
24 54 99.030
24 55 20.206
24 56 68.186
24 57 99.216
24 58 79.676
24 59 66.933
25 26 50.850
25 27 24.170
25 28 85.913
25 29 97.687
25 30 16.134
25 31 70.794
25 32 71.280
25 33 24.148
25 34 89.539
25 35 38.928
25 36 17.155
25 37 64.812
25 38 61.152
25 39 39.097
25 40 4.718
25 41 11.929
25 42 67.285
25 43 25.723
25 44 33.892
25 45 68.605
25 46 11.564
25 47 65.027
25 48 16.032
25 49 38.870
25 50 98.785
25 51 31.395
25 52 92.255
25 53 38.712
25 54 56.517
25 55 50.257
25 56 32.508
25 57 84.474
25 58 49.216
25 59 83.000
26 27 51.830
26 28 6.539
26 29 47.528
26 30 79.997
26 31 39.741
26 32 30.806
26 33 1.481
26 34 11.506
26 35 36.271
26 36 68.276
26 37 80.441
26 38 23.039
26 39 3.882
26 40 53.876
26 41 84.991
26 42 51.721
26 43 38.372
26 44 79.728
26 45 6.286
26 46 83.226
26 47 33.836
26 48 75.132
26 49 6.992
26 50 25.089
26 51 66.833
26 52 95.825
26 53 24.572
26 54 21.480
26 55 93.168
26 56 98.459
26 57 52.450
26 58 36.991
26 59 56.999
27 28 92.703
27 29 37.525
27 30 92.540
27 31 96.495
27 32 83.071
27 33 43.513
27 34 45.195
27 35 92.839
27 36 35.256
27 37 68.777
27 38 65.535
27 39 50.111
27 40 27.692
27 41 74.569
27 42 81.098
27 43 12.421
27 44 78.038
27 45 75.042
27 46 22.552
27 47 21.638
27 48 66.404
27 49 63.905
27 50 30.396
27 51 94.165
27 52 12.417
27 53 4.268
27 54 54.323
27 55 48.433
27 56 1.575
27 57 87.994
27 58 4.824
27 59 46.114
28 29 97.864
28 30 78.809
28 31 97.173
28 32 19.557
28 33 24.232
28 34 89.422
28 35 61.609
28 36 45.523
28 37 40.264
28 38 7.110
28 39 80.388
28 40 91.035
28 41 97.290
28 42 74.464
28 43 52.273
28 44 0.995
28 45 5.156
28 46 52.433
28 47 78.120
28 48 19.195
28 49 2.017
28 50 41.334
28 51 7.428
28 52 34.459
28 53 78.772
28 54 12.134
28 55 84.980
28 56 21.846
28 57 73.125
28 58 5.124
28 59 89.211
29 30 5.238
29 31 14.779
29 32 86.007
29 33 59.462
29 34 2.055
29 35 72.885
29 36 10.435
29 37 67.978
29 38 23.484
29 39 29.616
29 40 37.223
29 41 4.338
29 42 94.302
29 43 79.652
29 44 47.735
29 45 4.930
29 46 25.233
29 47 34.301
29 48 74.349
29 49 78.160
29 50 17.757
29 51 91.189
29 52 14.442
29 53 47.278
29 54 6.359
29 55 15.621
29 56 8.004
29 57 57.007
29 58 46.473
29 59 68.183
30 31 86.764
30 32 67.616
30 33 37.683
30 34 4.573
30 35 60.632
30 36 90.637
30 37 31.233
30 38 68.346
30 39 93.290
30 40 4.124
30 41 8.507
30 42 94.969
30 43 32.923
30 44 22.155
30 45 32.832
30 46 46.484
30 47 6.375
30 48 83.245
30 49 70.840
30 50 0.073
30 51 55.407
30 52 65.362
30 53 51.564
30 54 20.935
30 55 92.309
30 56 31.488
30 57 81.574
30 58 60.180
30 59 78.710
31 32 58.916
31 33 62.657
31 34 31.757
31 35 86.303
31 36 7.981
31 37 64.888
31 38 39.016
31 39 81.018
31 40 41.441
31 41 92.454
31 42 41.061
31 43 83.300
31 44 14.429
31 45 42.130
31 46 71.854
31 47 96.238
31 48 16.740
31 49 95.078
31 50 50.884
31 51 60.624
31 52 64.105
31 53 1.461
31 54 53.234
31 55 91.398
31 56 3.231
31 57 14.353
31 58 38.983
31 59 73.497
32 33 16.525
32 34 4.506
32 35 77.181
32 36 46.771
32 37 86.769
32 38 40.767
32 39 37.946
32 40 89.413
32 41 9.445
32 42 52.301
32 43 67.812
32 44 17.269
32 45 20.972
32 46 98.208
32 47 8.014
32 48 52.420
32 49 44.813
32 50 57.776
32 51 63.214
32 52 78.601
32 53 44.219
32 54 20.268
32 55 78.996
32 56 93.290
32 57 10.332
32 58 97.063
32 59 40.499
33 34 86.723
33 35 7.427
33 36 0.867
33 37 61.677
33 38 26.621
33 39 43.254
33 40 36.878
33 41 94.911
33 42 4.083
33 43 31.782
33 44 28.961
33 45 54.104
33 46 0.864
33 47 68.067
33 48 60.253
33 49 10.882
33 50 71.196
33 51 40.540
33 52 42.112
33 53 93.138
33 54 92.315
33 55 64.703
33 56 37.877
33 57 87.938
33 58 27.046
33 59 34.045
34 35 58.672
34 36 26.670
34 37 59.060
34 38 48.905
34 39 17.313
34 40 9.320
34 41 6.837
34 42 2.115
34 43 73.348
34 44 6.891
34 45 95.912
34 46 71.407
34 47 27.365
34 48 66.243
34 49 70.614
34 50 92.920
34 51 25.929
34 52 29.996
34 53 56.341
34 54 67.553
34 55 19.842
34 56 75.653
34 57 41.261
34 58 82.505
34 59 77.915
35 36 72.725
35 37 32.425
35 38 14.006
35 39 96.007
35 40 54.394
35 41 55.398
35 42 14.094
35 43 56.845
35 44 1.128
35 45 8.819
35 46 74.185
35 47 89.959
35 48 37.668
35 49 55.693
35 50 1.315
35 51 53.053
35 52 51.939
35 53 31.783
35 54 39.060
35 55 6.222
35 56 54.677
35 57 78.095
35 58 14.492
35 59 78.655
36 37 11.962
36 38 59.259
36 39 94.973
36 40 33.808
36 41 99.338
36 42 12.514
36 43 94.131
36 44 23.503
36 45 45.838
36 46 83.029
36 47 75.084
36 48 84.010
36 49 58.969
36 50 40.465
36 51 60.760
36 52 67.886
36 53 47.617
36 54 38.967
36 55 76.133
36 56 24.203
36 57 88.821
36 58 78.178
36 59 15.249
37 38 36.748
37 39 16.485
37 40 46.400
37 41 47.104
37 42 4.913
37 43 45.369
37 44 78.708
37 45 48.754
37 46 5.170
37 47 82.073
37 48 42.581
37 49 81.486
37 50 2.413
37 51 16.226
37 52 71.540
37 53 6.433
37 54 89.900
37 55 29.720
37 56 3.316
37 57 69.724
37 58 24.126
37 59 9.599
38 39 43.227
38 40 74.058
38 41 86.694
38 42 1.075
38 43 65.735
38 44 93.537
38 45 49.087
38 46 91.148
38 47 87.558
38 48 81.684
38 49 38.218
38 50 70.450
38 51 94.241
38 52 68.715
38 53 0.739
38 54 81.169
38 55 78.781
38 56 43.502
38 57 42.300
38 58 22.297
38 59 55.634
39 40 68.065
39 41 74.322
39 42 49.963
39 43 46.397
39 44 78.021
39 45 35.277
39 46 80.201
39 47 94.449
39 48 81.112
39 49 66.125
39 50 74.307
39 51 55.032
39 52 77.715
39 53 10.216
39 54 62.786
39 55 24.501
39 56 92.233
39 57 76.867
39 58 42.895
39 59 17.917
40 41 22.286
40 42 54.769
40 43 66.930
40 44 77.669
40 45 83.832
40 46 86.468
40 47 23.657
40 48 97.478
40 49 54.672
40 50 18.429
40 51 3.654
40 52 75.926
40 53 96.215
40 54 22.477
40 55 30.840
40 56 71.557
40 57 63.952
40 58 43.950
40 59 37.113
41 42 17.632
41 43 0.805
41 44 69.431
41 45 54.739
41 46 68.783
41 47 44.275
41 48 22.705
41 49 2.047
41 50 94.105
41 51 68.329
41 52 91.395
41 53 41.969
41 54 1.603
41 55 23.964
41 56 58.729
41 57 0.095
41 58 77.496
41 59 38.623
42 43 64.964
42 44 39.177
42 45 50.491
42 46 83.937
42 47 51.243
42 48 0.377
42 49 45.961
42 50 23.699
42 51 44.984
42 52 38.078
42 53 77.851
42 54 9.575
42 55 30.389
42 56 94.700
42 57 37.174
42 58 0.704
42 59 10.255
43 44 84.695
43 45 75.133
43 46 45.190
43 47 5.973
43 48 82.819
43 49 46.169
43 50 76.424
43 51 61.495
43 52 40.724
43 53 71.663
43 54 45.219
43 55 13.959
43 56 88.111
43 57 8.546
43 58 29.966
43 59 68.816
44 45 9.873
44 46 58.728
44 47 41.304
44 48 70.493
44 49 29.073
44 50 35.056
44 51 65.261
44 52 90.982
44 53 67.110
44 54 7.406
44 55 69.379
44 56 68.219
44 57 97.022
44 58 88.561
44 59 30.027
45 46 13.720
45 47 53.671
45 48 83.672
45 49 25.922
45 50 74.647
45 51 15.395
45 52 19.409
45 53 82.834
45 54 79.345
45 55 25.746
45 56 89.290
45 57 47.491
45 58 17.350
45 59 81.041
46 47 0.230
46 48 14.912
46 49 4.965
46 50 69.721
46 51 82.012
46 52 32.713
46 53 65.743
46 54 12.886
46 55 26.158
46 56 58.345
46 57 11.529
46 58 21.870
46 59 53.589
47 48 50.842
47 49 44.223
47 50 58.372
47 51 71.515
47 52 37.281
47 53 10.992
47 54 55.385
47 55 69.123
47 56 6.038
47 57 36.417
47 58 33.057
47 59 18.957
48 49 43.814
48 50 23.853
48 51 22.638
48 52 96.261
48 53 51.506
48 54 65.329
48 55 93.758
48 56 2.102
48 57 45.168
48 58 24.335
48 59 65.570
49 50 77.764
49 51 72.635
49 52 59.126
49 53 70.651
49 54 27.659
49 55 53.823
49 56 35.480
49 57 32.078
49 58 25.948
49 59 83.277
50 51 37.348
50 52 8.685
50 53 68.068
50 54 17.237
50 55 21.412
50 56 61.320
50 57 42.531
50 58 4.312
50 59 77.296
51 52 93.736
51 53 40.672
51 54 8.782
51 55 49.037
51 56 25.807
51 57 92.380
51 58 18.627
51 59 45.364
52 53 63.859
52 54 14.434
52 55 26.559
52 56 16.461
52 57 43.170
52 58 84.699
52 59 21.667
53 54 3.097
53 55 31.059
53 56 10.214
53 57 31.711
53 58 70.363
53 59 95.521
54 55 40.153
54 56 11.680
54 57 22.712
54 58 63.945
54 59 85.621
55 56 82.896
55 57 59.616
55 58 19.258
55 59 47.454
56 57 88.814
56 58 71.871
56 59 6.673
57 58 20.458
57 59 48.537
58 59 97.406
