12 4 ss 3 3 3 3 3 3 3 3 
0 1 57.251
0 2 57.958
0 3 60.921
0 4 47.731
0 5 27.254
0 6 81.251
0 7 99.042
0 8 51.723
0 9 53.155
0 10 11.192
0 11 68.184
1 2 19.121
1 3 96.482
1 4 71.892
1 5 88.751
1 6 82.668
1 7 63.942
1 8 69.380
1 9 14.573
1 10 50.158
1 11 79.959
2 3 80.535
2 4 51.094
2 5 48.979
2 6 11.457
2 7 69.975
2 8 89.801
2 9 34.055
2 10 52.583
2 11 38.038
3 4 95.134
3 5 86.586
3 6 78.715
3 7 27.300
3 8 83.377
3 9 19.350
3 10 8.902
3 11 92.501
4 5 14.345
4 6 95.863
4 7 73.780
4 8 69.358
4 9 76.177
4 10 65.289
4 11 72.056
5 6 61.381
5 7 81.123
5 8 12.766
5 9 12.789
5 10 0.672
5 11 5.958
6 7 25.693
6 8 83.015
6 9 28.594
6 10 4.484
6 11 80.513
7 8 50.642
7 9 85.295
7 10 91.564
7 11 61.676
8 9 11.098
8 10 93.222
8 11 48.224
9 10 34.698
9 11 12.864
10 11 69.131
