10 2 ds 5 6 4 5 
0 1 80.829
0 2 82.340
0 3 68.760
0 4 86.085
0 5 76.211
0 6 59.315
0 7 9.814
0 8 74.946
0 9 51.382
1 2 5.820
1 3 2.733
1 4 7.855
1 5 73.737
1 6 91.696
1 7 25.001
1 8 57.233
1 9 71.658
2 3 90.991
2 4 45.603
2 5 77.440
2 6 56.529
2 7 18.088
2 8 20.194
2 9 92.555
3 4 69.983
3 5 3.116
3 6 96.016
3 7 77.265
3 8 77.398
3 9 34.451
4 5 76.944
4 6 64.953
4 7 44.397
4 8 96.949
4 9 41.305
5 6 7.015
5 7 26.939
5 8 38.592
5 9 75.539
6 7 50.490
6 8 77.578
6 9 5.346
7 8 85.305
7 9 97.293
8 9 20.535
