60 6 ss 10 10 10 10 10 10 10 10 10 10 10 10 
0 1 88.630
0 2 44.552
0 3 40.016
0 4 92.010
0 5 36.437
0 6 27.647
0 7 74.301
0 8 47.001
0 9 19.129
0 10 46.411
0 11 14.524
0 12 2.329
0 13 5.361
0 14 63.104
0 15 11.818
0 16 21.389
0 17 30.024
0 18 57.502
0 19 13.756
0 20 55.184
0 21 77.833
0 22 88.311
0 23 89.804
0 24 83.659
0 25 3.338
0 26 55.963
0 27 69.702
0 28 38.895
0 29 17.164
0 30 52.393
0 31 50.415
0 32 32.903
0 33 20.711
0 34 39.695
0 35 93.756
0 36 45.657
0 37 77.092
0 38 34.067
0 39 6.440
0 40 90.034
0 41 64.817
0 42 84.033
0 43 67.073
0 44 59.525
0 45 72.512
0 46 22.652
0 47 40.467
0 48 81.807
0 49 57.930
0 50 42.291
0 51 98.649
0 52 46.742
0 53 12.555
0 54 87.471
0 55 50.108
0 56 50.838
0 57 44.309
0 58 86.455
0 59 64.025
1 2 1.938
1 3 15.177
1 4 45.397
1 5 64.655
1 6 57.611
1 7 48.018
1 8 10.281
1 9 62.504
1 10 28.707
1 11 47.380
1 12 61.317
1 13 83.579
1 14 65.504
1 15 62.842
1 16 42.064
1 17 55.769
1 18 58.083
1 19 60.223
1 20 41.282
1 21 12.240
1 22 24.839
1 23 55.923
1 24 39.355
1 25 75.795
1 26 33.424
1 27 12.750
1 28 3.098
1 29 95.222
1 30 96.988
1 31 91.762
1 32 62.874
1 33 14.946
1 34 15.229
1 35 3.977
1 36 34.135
1 37 72.663
1 38 84.528
1 39 8.236
1 40 51.902
1 41 36.140
1 42 84.399
1 43 57.093
1 44 71.111
1 45 9.988
1 46 58.477
1 47 1.261
1 48 48.404
1 49 65.991
1 50 47.450
1 51 24.998
1 52 61.625
1 53 76.421
1 54 98.623
1 55 99.738
1 56 42.157
1 57 58.797
1 58 72.208
1 59 11.324
2 3 92.195
2 4 72.672
2 5 87.965
2 6 37.438
2 7 34.145
2 8 44.273
2 9 7.495
2 10 26.084
2 11 92.577
2 12 33.202
2 13 27.262
2 14 53.456
2 15 40.487
2 16 96.933
2 17 65.312
2 18 20.090
2 19 51.118
2 20 53.428
2 21 60.740
2 22 77.867
2 23 84.163
2 24 89.986
2 25 69.057
2 26 67.272
2 27 0.923
2 28 17.292
2 29 28.943
2 30 84.247
2 31 46.812
2 32 21.658
2 33 96.266
2 34 89.046
2 35 61.595
2 36 25.557
2 37 89.752
2 38 15.679
2 39 77.846
2 40 26.821
2 41 69.421
2 42 39.872
2 43 46.301
2 44 50.241
2 45 73.598
2 46 15.889
2 47 83.177
2 48 11.821
2 49 73.316
2 50 98.136
2 51 68.959
2 52 65.561
2 53 63.870
2 54 22.166
2 55 40.791
2 56 75.395
2 57 2.514
2 58 31.506
2 59 11.283
3 4 30.799
3 5 18.541
3 6 1.686
3 7 15.457
3 8 3.574
3 9 67.397
3 10 30.893
3 11 34.463
3 12 25.457
3 13 74.032
3 14 37.896
3 15 69.831
3 16 51.447
3 17 12.339
3 18 32.167
3 19 45.253
3 20 62.116
3 21 97.316
3 22 98.596
3 23 94.206
3 24 49.700
3 25 24.505
3 26 69.756
3 27 51.221
3 28 27.363
3 29 77.291
3 30 42.347
3 31 2.205
3 32 98.798
3 33 36.800
3 34 31.290
3 35 64.926
3 36 26.208
3 37 71.434
3 38 44.870
3 39 64.643
3 40 38.712
3 41 53.476
3 42 7.399
3 43 41.802
3 44 30.346
3 45 48.744
3 46 52.050
3 47 78.864
3 48 7.083
3 49 51.922
3 50 55.843
3 51 61.498
3 52 55.689
3 53 95.001
3 54 91.206
3 55 95.782
3 56 23.708
3 57 39.144
3 58 24.080
3 59 87.451
4 5 19.533
4 6 71.352
4 7 97.257
4 8 51.921
4 9 64.241
4 10 66.455
4 11 99.434
4 12 64.449
4 13 52.767
4 14 42.233
4 15 35.423
4 16 78.702
4 17 11.001
4 18 30.894
4 19 81.001
4 20 38.958
4 21 67.498
4 22 13.657
4 23 27.116
4 24 86.244
4 25 93.774
4 26 16.875
4 27 92.425
4 28 11.974
4 29 5.508
4 30 47.868
4 31 10.642
4 32 43.959
4 33 58.508
4 34 56.607
4 35 79.690
4 36 59.166
4 37 17.902
4 38 45.385
4 39 93.369
4 40 5.183
4 41 26.775
4 42 12.771
4 43 63.072
4 44 78.070
4 45 51.365
4 46 10.459
4 47 76.995
4 48 48.133
4 49 33.911
4 50 11.995
4 51 37.388
4 52 47.119
4 53 41.404
4 54 40.936
4 55 62.560
4 56 30.440
4 57 58.712
4 58 82.625
4 59 39.678
5 6 6.246
5 7 37.969
5 8 8.570
5 9 66.840
5 10 79.524
5 11 82.577
5 12 75.322
5 13 28.468
5 14 93.853
5 15 13.843
5 16 20.776
5 17 6.762
5 18 66.086
5 19 40.991
5 20 69.983
5 21 43.756
5 22 99.890
5 23 31.193
5 24 79.854
5 25 33.491
5 26 32.979
5 27 55.246
5 28 97.523
5 29 41.850
5 30 19.824
5 31 66.675
5 32 80.704
5 33 22.814
5 34 76.711
5 35 57.271
5 36 30.014
5 37 24.213
5 38 19.262
5 39 20.474
5 40 13.023
5 41 53.473
5 42 3.870
5 43 45.488
5 44 17.709
5 45 4.447
5 46 43.979
5 47 59.684
5 48 59.028
5 49 30.085
5 50 9.715
5 51 34.556
5 52 76.462
5 53 82.552
5 54 35.140
5 55 71.405
5 56 2.707
5 57 32.285
5 58 51.205
5 59 86.921
6 7 54.061
6 8 20.620
6 9 34.465
6 10 25.956
6 11 91.612
6 12 96.742
6 13 11.743
6 14 39.042
6 15 28.988
6 16 39.080
6 17 89.102
6 18 75.592
6 19 17.213
6 20 63.678
6 21 79.880
6 22 60.197
6 23 20.122
6 24 77.652
6 25 90.986
6 26 39.116
6 27 4.830
6 28 44.539
6 29 89.262
6 30 6.744
6 31 10.903
6 32 90.143
6 33 10.442
6 34 47.775
6 35 29.160
6 36 92.453
6 37 92.078
6 38 59.752
6 39 16.471
6 40 67.231
6 41 8.790
6 42 52.835
6 43 96.403
6 44 82.120
6 45 63.273
6 46 58.869
6 47 47.291
6 48 6.368
6 49 39.738
6 50 20.218
6 51 59.020
6 52 30.771
6 53 57.800
6 54 70.326
6 55 47.792
6 56 72.955
6 57 74.304
6 58 62.602
6 59 54.125
7 8 16.840
7 9 68.166
7 10 51.976
7 11 13.521
7 12 21.923
7 13 9.054
7 14 84.361
7 15 81.534
7 16 77.984
7 17 54.545
7 18 3.242
7 19 15.337
7 20 73.854
7 21 42.408
7 22 39.755
7 23 62.483
7 24 95.101
7 25 44.720
7 26 12.883
7 27 84.156
7 28 64.799
7 29 28.783
7 30 29.738
7 31 45.032
7 32 93.975
7 33 26.123
7 34 42.453
7 35 34.769
7 36 13.918
7 37 45.348
7 38 87.790
7 39 47.170
7 40 21.200
7 41 77.235
7 42 8.353
7 43 32.240
7 44 78.095
7 45 31.133
7 46 30.163
7 47 53.637
7 48 76.015
7 49 10.614
7 50 50.361
7 51 29.407
7 52 87.653
7 53 83.292
7 54 70.922
7 55 7.481
7 56 4.696
7 57 24.814
7 58 99.538
7 59 28.994
8 9 82.330
8 10 20.250
8 11 27.181
8 12 62.359
8 13 89.141
8 14 87.465
8 15 83.390
8 16 48.859
8 17 91.641
8 18 46.525
8 19 64.922
8 20 86.608
8 21 86.294
8 22 96.777
8 23 31.191
8 24 93.884
8 25 28.767
8 26 78.984
8 27 60.783
8 28 35.086
8 29 0.044
8 30 93.730
8 31 67.336
8 32 63.035
8 33 92.127
8 34 19.285
8 35 80.214
8 36 29.820
8 37 92.240
8 38 22.223
8 39 5.645
8 40 45.090
8 41 93.749
8 42 82.298
8 43 97.387
8 44 15.455
8 45 64.472
8 46 59.445
8 47 82.475
8 48 81.569
8 49 58.611
8 50 15.239
8 51 7.242
8 52 80.534
8 53 67.236
8 54 63.728
8 55 91.556
8 56 0.368
8 57 64.056
8 58 67.312
8 59 5.086
9 10 60.623
9 11 18.156
9 12 12.155
9 13 8.436
9 14 48.618
9 15 13.462
9 16 94.602
9 17 34.097
9 18 64.282
9 19 35.868
9 20 25.185
9 21 17.411
9 22 78.290
9 23 63.273
9 24 9.994
9 25 26.161
9 26 87.926
9 27 21.242
9 28 0.565
9 29 78.851
9 30 63.051
9 31 47.549
9 32 12.892
9 33 86.411
9 34 10.560
9 35 42.550
9 36 3.784
9 37 99.802
9 38 49.891
9 39 69.177
9 40 58.483
9 41 96.860
9 42 84.427
9 43 6.247
9 44 87.348
9 45 95.753
9 46 74.041
9 47 51.878
9 48 51.333
9 49 39.526
9 50 62.575
9 51 19.986
9 52 36.134
9 53 56.468
9 54 90.693
9 55 72.142
9 56 73.064
9 57 64.439
9 58 29.355
9 59 79.523
10 11 61.085
10 12 53.757
10 13 2.035
10 14 15.258
10 15 78.890
10 16 52.912
10 17 24.879
10 18 36.143
10 19 88.525
10 20 54.100
10 21 83.128
10 22 24.549
10 23 22.771
10 24 51.476
10 25 79.436
10 26 26.245
10 27 17.344
10 28 23.992
10 29 35.121
10 30 37.972
10 31 95.950
10 32 76.865
10 33 98.897
10 34 69.745
10 35 41.329
10 36 40.913
10 37 19.345
10 38 31.223
10 39 88.643
10 40 17.442
10 41 67.114
10 42 68.907
10 43 58.906
10 44 47.810
10 45 50.780
10 46 11.471
10 47 9.644
10 48 81.462
10 49 56.338
10 50 64.277
10 51 17.547
10 52 13.981
10 53 54.418
10 54 30.884
10 55 23.613
10 56 67.548
10 57 61.660
10 58 29.335
10 59 65.129
11 12 90.253
11 13 13.041
11 14 14.074
11 15 90.808
11 16 57.789
11 17 0.506
11 18 10.512
11 19 5.488
11 20 71.341
11 21 59.929
11 22 18.604
11 23 19.037
11 24 58.843
11 25 43.180
11 26 44.224
11 27 80.449
11 28 3.289
11 29 95.009
11 30 72.697
11 31 62.581
11 32 41.425
11 33 65.497
11 34 7.544
11 35 25.593
11 36 98.864
11 37 27.959
11 38 59.293
11 39 27.868
11 40 53.593
11 41 39.499
11 42 84.176
11 43 72.026
11 44 48.816
11 45 76.798
11 46 40.586
11 47 70.651
11 48 8.200
11 49 3.284
11 50 52.346
11 51 91.407
11 52 41.882
11 53 75.455
11 54 42.191
11 55 94.468
11 56 69.918
11 57 75.953
11 58 26.270
11 59 6.529
12 13 31.424
12 14 68.851
12 15 41.071
12 16 85.138
12 17 92.217
12 18 8.700
12 19 7.836
12 20 14.677
12 21 11.595
12 22 98.998
12 23 26.379
12 24 41.064
12 25 79.693
12 26 88.057
12 27 30.131
12 28 96.065
12 29 90.930
12 30 10.643
12 31 27.336
12 32 84.114
12 33 76.135
12 34 32.304
12 35 99.466
12 36 4.601
12 37 76.233
12 38 29.954
12 39 27.307
12 40 60.836
12 41 3.718
12 42 47.073
12 43 67.529
12 44 63.241
12 45 4.676
12 46 94.786
12 47 8.200
12 48 68.773
12 49 3.721
12 50 31.142
12 51 90.319
12 52 11.215
12 53 86.983
12 54 40.022
12 55 94.334
12 56 67.657
12 57 54.152
12 58 48.462
12 59 55.485
13 14 75.372
13 15 49.593
13 16 66.519
13 17 89.921
13 18 60.229
13 19 64.673
13 20 7.397
13 21 84.727
13 22 62.921
13 23 88.695
13 24 47.168
13 25 29.289
13 26 52.466
13 27 74.217
13 28 13.233
13 29 42.893
13 30 97.832
13 31 74.028
13 32 48.585
13 33 84.010
13 34 27.968
13 35 1.694
13 36 84.932
13 37 10.405
13 38 48.155
13 39 65.333
13 40 71.950
13 41 96.041
13 42 96.283
13 43 25.159
13 44 52.178
13 45 0.667
13 46 16.538
13 47 29.342
13 48 41.506
13 49 31.059
13 50 99.927
13 51 89.850
13 52 73.718
13 53 29.093
13 54 91.193
13 55 70.210
13 56 94.239
13 57 71.089
13 58 89.867
13 59 70.482
14 15 43.000
14 16 65.386
14 17 79.584
14 18 11.266
14 19 49.246
14 20 90.595
14 21 4.229
14 22 38.178
14 23 72.160
14 24 25.725
14 25 72.104
14 26 90.980
14 27 60.323
14 28 85.167
14 29 10.011
14 30 7.445
14 31 70.328
14 32 86.476
14 33 8.005
14 34 61.033
14 35 80.262
14 36 46.935
14 37 92.543
14 38 63.569
14 39 57.310
14 40 26.105
14 41 40.840
14 42 99.394
14 43 90.406
14 44 5.865
14 45 2.483
14 46 95.826
14 47 78.629
14 48 26.888
14 49 25.693
14 50 76.265
14 51 73.946
14 52 81.067
14 53 95.096
14 54 86.911
14 55 12.967
14 56 93.102
14 57 75.461
14 58 35.827
14 59 36.498
15 16 11.263
15 17 21.599
15 18 33.948
15 19 88.003
15 20 67.303
15 21 58.443
15 22 81.632
15 23 2.463
15 24 58.545
15 25 57.319
15 26 1.504
15 27 45.675
15 28 51.359
15 29 34.514
15 30 78.570
15 31 40.692
15 32 4.584
15 33 76.448
15 34 31.974
15 35 22.877
15 36 63.854
15 37 52.146
15 38 9.275
15 39 97.972
15 40 83.398
15 41 8.140
15 42 63.735
15 43 38.607
15 44 90.523
15 45 53.539
15 46 47.881
15 47 43.837
15 48 19.860
15 49 33.746
15 50 32.468
15 51 3.582
15 52 9.352
15 53 60.125
15 54 38.995
15 55 55.244
15 56 68.051
15 57 9.910
15 58 56.020
15 59 93.338
16 17 96.979
16 18 35.725
16 19 94.809
16 20 94.597
16 21 68.617
16 22 27.339
16 23 28.218
16 24 50.825
16 25 48.041
16 26 49.602
16 27 48.206
16 28 59.667
16 29 69.271
16 30 39.974
16 31 72.011
16 32 9.516
16 33 64.113
16 34 86.700
16 35 24.782
16 36 8.901
16 37 77.571
16 38 24.346
16 39 27.330
16 40 53.049
16 41 93.862
16 42 77.314
16 43 21.656
16 44 90.644
16 45 40.121
16 46 53.884
16 47 74.073
16 48 52.413
16 49 31.082
16 50 43.468
16 51 5.959
16 52 29.789
16 53 67.341
16 54 97.934
16 55 15.581
16 56 46.689
16 57 2.230
16 58 84.267
16 59 70.911
17 18 50.375
17 19 47.930
17 20 80.250
17 21 73.021
17 22 58.377
17 23 0.105
17 24 47.481
17 25 12.347
17 26 37.639
17 27 22.182
17 28 56.745
17 29 66.044
17 30 59.309
17 31 45.332
17 32 59.632
17 33 13.610
17 34 68.043
17 35 8.282
17 36 97.231
17 37 80.127
17 38 28.169
17 39 82.261
17 40 11.854
17 41 51.686
17 42 60.795
17 43 0.729
17 44 80.957
17 45 45.975
17 46 65.641
17 47 40.943
17 48 23.778
17 49 62.476
17 50 29.374
17 51 85.021
17 52 40.669
17 53 81.387
17 54 58.190
17 55 21.816
17 56 32.723
17 57 28.098
17 58 36.578
17 59 37.756
18 19 14.990
18 20 70.965
18 21 6.503
18 22 84.744
18 23 80.449
18 24 74.102
18 25 81.605
18 26 6.266
18 27 93.863
18 28 84.062
18 29 59.600
18 30 49.050
18 31 94.738
18 32 89.503
18 33 72.693
18 34 86.954
18 35 66.843
18 36 56.361
18 37 20.621
18 38 36.174
18 39 88.079
18 40 7.500
18 41 63.826
18 42 46.448
18 43 8.981
18 44 85.475
18 45 15.331
18 46 11.616
18 47 20.703
18 48 9.799
18 49 59.021
18 50 54.726
18 51 64.086
18 52 15.951
18 53 39.326
18 54 7.783
18 55 0.253
18 56 42.409
18 57 12.722
18 58 24.357
18 59 10.118
19 20 14.084
19 21 24.985
19 22 34.400
19 23 15.349
19 24 55.809
19 25 79.805
19 26 74.986
19 27 16.482
19 28 57.912
19 29 94.157
19 30 8.107
19 31 25.300
19 32 7.382
19 33 93.710
19 34 67.212
19 35 27.990
19 36 92.808
19 37 87.625
19 38 57.905
19 39 53.257
19 40 88.994
19 41 76.229
19 42 74.995
19 43 35.252
19 44 28.028
19 45 87.342
19 46 88.061
19 47 55.036
19 48 67.624
19 49 7.452
19 50 90.739
19 51 16.268
19 52 74.635
19 53 72.460
19 54 5.149
19 55 60.914
19 56 51.926
19 57 9.384
19 58 82.187
19 59 58.981
20 21 50.170
20 22 75.179
20 23 40.838
20 24 12.637
20 25 22.608
20 26 21.772
20 27 45.267
20 28 99.558
20 29 0.476
20 30 27.412
20 31 27.080
20 32 42.914
20 33 89.538
20 34 73.623
20 35 22.033
20 36 36.167
20 37 14.045
20 38 14.301
20 39 5.339
20 40 69.666
20 41 63.446
20 42 78.959
20 43 77.843
20 44 3.016
20 45 29.304
20 46 75.584
20 47 76.501
20 48 2.295
20 49 55.128
20 50 10.310
20 51 56.908
20 52 14.410
20 53 60.207
20 54 20.837
20 55 23.100
20 56 82.229
20 57 40.034
20 58 28.460
20 59 60.360
21 22 13.609
21 23 90.544
21 24 49.610
21 25 60.515
21 26 5.024
21 27 51.136
21 28 71.964
21 29 15.976
21 30 86.235
21 31 12.337
21 32 92.458
21 33 98.752
21 34 96.275
21 35 87.960
21 36 34.961
21 37 33.699
21 38 23.008
21 39 8.737
21 40 13.902
21 41 21.489
21 42 38.612
21 43 54.682
21 44 86.780
21 45 66.093
21 46 41.564
21 47 6.786
21 48 43.317
21 49 13.985
21 50 72.039
21 51 65.172
21 52 11.868
21 53 17.886
21 54 2.133
21 55 50.465
21 56 24.782
21 57 96.526
21 58 14.884
21 59 77.875
22 23 73.555
22 24 73.722
22 25 76.828
22 26 69.385
22 27 1.883
22 28 45.030
22 29 77.627
22 30 48.424
22 31 30.166
22 32 38.275
22 33 57.329
22 34 43.545
22 35 78.513
22 36 5.457
22 37 66.874
22 38 12.880
22 39 56.997
22 40 7.868
22 41 10.711
22 42 89.521
22 43 21.657
22 44 33.664
22 45 1.733
22 46 39.475
22 47 52.678
22 48 17.729
22 49 18.190
22 50 18.488
22 51 97.206
22 52 17.349
22 53 89.871
22 54 11.761
22 55 33.425
22 56 34.027
22 57 56.548
22 58 41.475
22 59 54.786
23 24 61.719
23 25 35.507
23 26 31.058
23 27 43.713
23 28 84.834
23 29 7.014
23 30 22.219
23 31 2.638
23 32 45.527
23 33 76.606
23 34 51.076
23 35 36.864
23 36 49.146
23 37 1.349
23 38 3.034
23 39 38.563
23 40 79.115
23 41 73.556
23 42 82.620
23 43 4.099
23 44 48.114
23 45 39.912
23 46 54.070
23 47 27.938
23 48 21.111
23 49 96.569
23 50 31.253
23 51 55.525
23 52 7.608
23 53 41.476
23 54 21.359
23 55 44.824
23 56 35.406
23 57 84.092
23 58 55.820
23 59 81.616
24 25 86.275
24 26 9.546
24 27 74.034
24 28 17.184
24 29 95.072
24 30 69.481
24 31 60.718
24 32 48.677
24 33 88.220
24 34 24.956
24 35 76.122
24 36 42.226
24 37 64.841
24 38 98.213
24 39 59.798
24 40 6.811
24 41 4.453
24 42 99.512
24 43 33.285
24 44 62.878
24 45 18.801
24 46 82.895
24 47 74.800
24 48 13.915
24 49 52.234
24 50 50.431
24 51 89.915
24 52 21.426
24 53 74.942
24 54 68.335
24 55 56.203
24 56 4.207
24 57 6.484
24 58 80.364
24 59 76.964
25 26 31.314
25 27 53.193
25 28 3.946
25 29 39.389
25 30 54.810
25 31 42.364
25 32 72.751
25 33 35.911
25 34 33.140
25 35 88.595
25 36 45.750
25 37 73.996
25 38 28.904
25 39 33.192
25 40 37.280
25 41 69.234
25 42 25.840
25 43 56.247
25 44 35.234
25 45 89.373
25 46 98.959
25 47 72.831
25 48 65.216
25 49 92.807
25 50 89.103
25 51 89.662
25 52 27.342
25 53 84.010
25 54 78.571
25 55 16.682
25 56 79.365
25 57 90.591
25 58 38.008
25 59 99.185
26 27 64.854
26 28 51.834
26 29 16.415
26 30 60.425
26 31 88.441
26 32 97.017
26 33 75.914
26 34 22.101
26 35 21.429
26 36 83.281
26 37 30.823
26 38 0.661
26 39 80.595
26 40 57.454
26 41 36.615
26 42 61.082
26 43 60.564
26 44 4.005
26 45 88.517
26 46 46.573
26 47 15.879
26 48 42.145
26 49 31.770
26 50 92.610
26 51 82.752
26 52 39.143
26 53 55.995
26 54 76.768
26 55 2.407
26 56 14.012
26 57 44.634
26 58 52.015
26 59 58.090
27 28 16.004
27 29 77.105
27 30 60.430
27 31 65.977
27 32 75.711
27 33 36.094
27 34 26.778
27 35 66.607
27 36 43.088
27 37 55.304
27 38 86.920
27 39 47.923
27 40 46.334
27 41 54.038
27 42 14.724
27 43 93.583
27 44 28.321
27 45 44.131
27 46 72.983
27 47 90.966
27 48 43.148
27 49 62.056
27 50 28.761
27 51 52.113
27 52 24.391
27 53 74.403
27 54 41.674
27 55 97.817
27 56 68.755
27 57 28.512
27 58 54.793
27 59 30.200
28 29 14.083
28 30 71.653
28 31 92.173
28 32 72.309
28 33 29.071
28 34 41.976
28 35 94.463
28 36 84.621
28 37 73.504
28 38 42.322
28 39 4.607
28 40 77.824
28 41 32.516
28 42 44.056
28 43 49.344
28 44 28.843
28 45 76.076
28 46 32.224
28 47 49.030
28 48 72.771
28 49 45.798
28 50 95.626
28 51 28.244
28 52 87.265
28 53 25.210
28 54 85.802
28 55 92.707
28 56 7.890
28 57 6.683
28 58 17.481
28 59 84.245
29 30 13.023
29 31 28.531
29 32 59.677
29 33 24.823
29 34 95.142
29 35 19.150
29 36 71.421
29 37 13.132
29 38 91.657
29 39 51.551
29 40 69.025
29 41 42.784
29 42 82.956
29 43 81.314
29 44 72.793
29 45 69.839
29 46 77.877
29 47 13.688
29 48 70.286
29 49 69.228
29 50 97.593
29 51 21.506
29 52 50.495
29 53 84.563
29 54 37.715
29 55 14.512
29 56 8.721
29 57 93.896
29 58 35.395
29 59 42.909
30 31 95.467
30 32 85.183
30 33 93.317
30 34 3.112
30 35 84.335
30 36 59.511
30 37 15.682
30 38 2.132
30 39 63.676
30 40 57.624
30 41 92.638
30 42 28.477
30 43 14.682
30 44 35.788
30 45 29.076
30 46 72.116
30 47 24.617
30 48 0.806
30 49 51.325
30 50 33.779
30 51 98.065
30 52 50.729
30 53 40.990
30 54 64.769
30 55 71.344
30 56 57.822
30 57 39.019
30 58 82.448
30 59 5.652
31 32 73.347
31 33 35.079
31 34 13.704
31 35 33.047
31 36 29.981
31 37 7.387
31 38 28.933
31 39 56.017
31 40 66.939
31 41 6.401
31 42 42.492
31 43 56.186
31 44 5.362
31 45 82.099
31 46 72.033
31 47 50.621
31 48 57.076
31 49 39.047
31 50 68.802
31 51 45.205
31 52 58.514
31 53 66.066
31 54 53.701
31 55 73.763
31 56 83.429
31 57 28.029
31 58 19.831
31 59 78.837
32 33 2.946
32 34 26.160
32 35 91.195
32 36 85.495
32 37 29.581
32 38 30.173
32 39 59.406
32 40 43.017
32 41 3.047
32 42 60.717
32 43 55.479
32 44 61.032
32 45 49.967
32 46 53.780
32 47 52.159
32 48 46.414
32 49 77.080
32 50 70.064
32 51 33.766
32 52 55.171
32 53 38.074
32 54 21.840
32 55 15.149
32 56 9.614
32 57 47.878
32 58 77.346
32 59 39.080
33 34 95.223
33 35 5.057
33 36 68.548
33 37 32.344
33 38 43.939
33 39 22.905
33 40 71.925
33 41 54.738
33 42 30.994
33 43 62.890
33 44 53.890
33 45 32.334
33 46 60.956
33 47 10.295
33 48 72.600
33 49 26.648
33 50 95.307
33 51 31.218
33 52 6.070
33 53 54.672
33 54 78.655
33 55 2.538
33 56 32.928
33 57 41.299
33 58 53.604
33 59 12.024
34 35 26.541
34 36 55.242
34 37 15.339
34 38 84.429
34 39 35.908
34 40 52.343
34 41 46.124
34 42 1.276
34 43 17.402
34 44 26.028
34 45 87.229
34 46 46.934
34 47 50.286
34 48 43.658
34 49 51.182
34 50 31.679
34 51 15.937
34 52 29.693
34 53 50.796
34 54 13.617
34 55 45.760
34 56 41.784
34 57 23.069
34 58 65.672
34 59 46.046
35 36 74.346
35 37 55.851
35 38 11.254
35 39 89.336
35 40 15.618
35 41 83.076
35 42 82.831
35 43 21.349
35 44 78.885
35 45 0.388
35 46 41.288
35 47 70.119
35 48 26.262
35 49 67.168
35 50 30.784
35 51 59.719
35 52 4.328
35 53 3.218
35 54 33.760
35 55 24.780
35 56 14.919
35 57 58.823
35 58 33.815
35 59 94.010
36 37 51.489
36 38 35.387
36 39 90.357
36 40 60.987
36 41 41.716
36 42 60.544
36 43 78.267
36 44 88.755
36 45 50.424
36 46 76.412
36 47 48.219
36 48 1.060
36 49 13.356
36 50 82.566
36 51 18.913
36 52 97.587
36 53 92.013
36 54 86.345
36 55 21.141
36 56 93.100
36 57 62.481
36 58 52.276
36 59 75.407
37 38 21.156
37 39 77.079
37 40 9.668
37 41 99.821
37 42 61.883
37 43 66.647
37 44 72.851
37 45 12.977
37 46 50.305
37 47 83.435
37 48 52.061
37 49 17.783
37 50 96.767
37 51 19.790
37 52 84.645
37 53 26.492
37 54 4.276
37 55 76.245
37 56 96.030
37 57 14.622
37 58 98.878
37 59 94.081
38 39 7.823
38 40 72.047
38 41 98.700
38 42 12.096
38 43 46.433
38 44 53.205
38 45 34.854
38 46 55.056
38 47 69.776
38 48 15.198
38 49 3.151
38 50 12.163
38 51 21.904
38 52 72.489
38 53 69.396
38 54 17.921
38 55 45.812
38 56 90.001
38 57 73.019
38 58 4.865
38 59 33.202
39 40 82.560
39 41 73.904
39 42 57.906
39 43 66.664
39 44 87.988
39 45 65.470
39 46 63.401
39 47 14.494
39 48 33.574
39 49 33.455
39 50 12.578
39 51 71.303
39 52 21.214
39 53 74.262
39 54 88.558
39 55 98.587
39 56 15.211
39 57 99.397
39 58 38.989
39 59 8.597
40 41 28.534
40 42 43.180
40 43 12.170
40 44 52.134
40 45 68.294
40 46 59.817
40 47 13.553
40 48 16.307
40 49 19.230
40 50 42.856
40 51 21.641
40 52 11.811
40 53 15.221
40 54 25.155
40 55 87.550
40 56 30.964
40 57 73.145
40 58 20.738
40 59 30.896
41 42 87.508
41 43 40.831
41 44 51.219
41 45 36.137
41 46 7.111
41 47 41.454
41 48 58.980
41 49 48.178
41 50 23.516
41 51 80.365
41 52 46.884
41 53 63.763
41 54 49.458
41 55 17.217
41 56 0.005
41 57 16.059
41 58 33.762
41 59 96.148
42 43 38.726
42 44 53.880
42 45 86.431
42 46 69.858
42 47 24.525
42 48 24.065
42 49 52.071
42 50 49.644
42 51 89.857
42 52 75.835
42 53 38.668
42 54 62.699
42 55 91.771
42 56 19.306
42 57 63.506
42 58 0.515
42 59 95.243
43 44 86.834
43 45 60.943
43 46 97.705
43 47 76.696
43 48 65.508
43 49 7.770
43 50 89.330
43 51 0.741
43 52 91.876
43 53 61.061
43 54 56.569
43 55 63.932
43 56 25.817
43 57 70.708
43 58 85.562
43 59 18.157
44 45 49.543
44 46 24.217
44 47 32.283
44 48 83.252
44 49 69.789
44 50 4.916
44 51 7.518
44 52 33.557
44 53 36.531
44 54 96.355
44 55 70.331
44 56 96.303
44 57 29.944
44 58 45.473
44 59 45.835
45 46 31.121
45 47 8.820
45 48 5.028
45 49 63.658
45 50 69.392
45 51 58.278
45 52 11.806
45 53 47.194
45 54 79.791
45 55 22.379
45 56 21.282
45 57 70.528
45 58 92.067
45 59 58.118
46 47 11.721
46 48 39.876
46 49 54.983
46 50 1.274
46 51 91.074
46 52 49.447
46 53 26.278
46 54 91.724
46 55 88.595
46 56 7.822
46 57 92.637
46 58 66.100
46 59 89.746
47 48 30.264
47 49 95.872
47 50 89.013
47 51 77.753
47 52 44.815
47 53 97.850
47 54 60.607
47 55 78.068
47 56 65.599
47 57 51.196
47 58 7.807
47 59 63.057
48 49 45.443
48 50 55.385
48 51 39.407
48 52 63.363
48 53 31.749
48 54 68.564
48 55 20.986
48 56 49.700
48 57 14.477
48 58 14.294
48 59 4.681
49 50 94.233
49 51 73.194
49 52 69.365
49 53 30.952
49 54 94.239
49 55 1.294
49 56 43.947
49 57 4.738
49 58 42.401
49 59 9.857
50 51 68.565
50 52 36.773
50 53 57.875
50 54 91.010
50 55 83.705
50 56 32.347
50 57 50.181
50 58 51.260
50 59 87.381
51 52 4.416
51 53 73.997
51 54 8.936
51 55 33.529
51 56 85.720
51 57 47.102
51 58 86.700
51 59 89.884
52 53 15.455
52 54 46.005
52 55 20.022
52 56 57.773
52 57 80.036
52 58 64.185
52 59 45.606
53 54 28.301
53 55 94.634
53 56 16.430
53 57 29.906
53 58 99.434
53 59 22.400
54 55 99.404
54 56 47.211
54 57 6.777
54 58 41.694
54 59 73.362
55 56 19.235
55 57 27.122
55 58 88.124
55 59 12.841
56 57 83.666
56 58 98.373
56 59 17.835
57 58 85.204
57 59 67.875
58 59 62.016
