60 6 ss 10 10 10 10 10 10 10 10 10 10 10 10 
0 1 72.133
0 2 16.814
0 3 72.282
0 4 42.869
0 5 90.881
0 6 82.049
0 7 32.616
0 8 58.490
0 9 22.673
0 10 77.103
0 11 46.067
0 12 31.326
0 13 1.617
0 14 23.690
0 15 18.267
0 16 3.231
0 17 45.448
0 18 90.369
0 19 70.525
0 20 68.634
0 21 38.559
0 22 2.915
0 23 89.153
0 24 70.507
0 25 76.207
0 26 9.110
0 27 76.115
0 28 35.424
0 29 3.053
0 30 29.741
0 31 54.326
0 32 21.961
0 33 79.664
0 34 28.882
0 35 64.191
0 36 53.237
0 37 1.727
0 38 53.425
0 39 11.939
0 40 66.625
0 41 78.447
0 42 24.353
0 43 94.833
0 44 41.492
0 45 48.996
0 46 10.372
0 47 33.521
0 48 59.274
0 49 78.843
0 50 78.312
0 51 87.594
0 52 9.286
0 53 31.398
0 54 94.096
0 55 16.840
0 56 78.360
0 57 54.692
0 58 43.074
0 59 77.742
1 2 52.755
1 3 57.609
1 4 49.197
1 5 12.428
1 6 16.716
1 7 75.737
1 8 98.752
1 9 95.593
1 10 53.673
1 11 42.969
1 12 16.280
1 13 53.849
1 14 43.236
1 15 91.767
1 16 97.827
1 17 61.480
1 18 0.019
1 19 2.325
1 20 79.797
1 21 46.785
1 22 18.743
1 23 8.883
1 24 10.491
1 25 13.975
1 26 74.189
1 27 50.048
1 28 95.749
1 29 97.022
1 30 74.233
1 31 19.212
1 32 10.200
1 33 13.910
1 34 79.578
1 35 31.028
1 36 1.206
1 37 82.407
1 38 84.710
1 39 70.394
1 40 63.901
1 41 91.791
1 42 1.220
1 43 31.488
1 44 32.600
1 45 98.864
1 46 96.814
1 47 86.179
1 48 16.373
1 49 31.182
1 50 21.197
1 51 43.441
1 52 4.736
1 53 35.541
1 54 93.436
1 55 74.453
1 56 83.156
1 57 5.637
1 58 34.520
1 59 81.620
2 3 27.491
2 4 59.165
2 5 3.533
2 6 84.029
2 7 91.494
2 8 11.747
2 9 36.177
2 10 76.706
2 11 62.129
2 12 12.686
2 13 90.347
2 14 96.519
2 15 33.773
2 16 65.902
2 17 75.063
2 18 93.690
2 19 44.209
2 20 58.291
2 21 76.216
2 22 64.635
2 23 22.886
2 24 57.323
2 25 95.489
2 26 49.181
2 27 25.029
2 28 19.857
2 29 87.202
2 30 33.225
2 31 63.987
2 32 74.960
2 33 11.970
2 34 26.506
2 35 8.556
2 36 4.933
2 37 25.722
2 38 4.386
2 39 82.089
2 40 50.819
2 41 88.000
2 42 12.423
2 43 85.797
2 44 11.312
2 45 4.390
2 46 32.984
2 47 69.951
2 48 87.314
2 49 14.519
2 50 4.273
2 51 93.573
2 52 48.299
2 53 99.282
2 54 63.893
2 55 45.721
2 56 61.204
2 57 8.765
2 58 61.396
2 59 49.637
3 4 27.720
3 5 5.809
3 6 47.303
3 7 34.767
3 8 21.701
3 9 79.229
3 10 99.652
3 11 41.090
3 12 4.773
3 13 5.419
3 14 93.403
3 15 15.174
3 16 25.336
3 17 27.401
3 18 52.860
3 19 68.063
3 20 73.793
3 21 76.323
3 22 52.789
3 23 91.339
3 24 75.142
3 25 82.023
3 26 49.998
3 27 69.598
3 28 49.009
3 29 6.443
3 30 33.908
3 31 85.131
3 32 56.746
3 33 86.542
3 34 81.977
3 35 83.691
3 36 85.366
3 37 91.799
3 38 93.870
3 39 59.060
3 40 88.948
3 41 85.473
3 42 56.826
3 43 18.458
3 44 19.498
3 45 28.523
3 46 63.967
3 47 10.918
3 48 31.361
3 49 80.371
3 50 67.117
3 51 36.354
3 52 35.928
3 53 31.716
3 54 96.210
3 55 4.329
3 56 16.684
3 57 51.118
3 58 18.457
3 59 78.430
4 5 88.571
4 6 39.340
4 7 42.224
4 8 24.682
4 9 0.202
4 10 63.225
4 11 92.867
4 12 80.550
4 13 32.614
4 14 84.359
4 15 0.831
4 16 74.885
4 17 44.076
4 18 6.859
4 19 45.888
4 20 58.539
4 21 46.866
4 22 43.319
4 23 95.632
4 24 50.395
4 25 79.013
4 26 38.285
4 27 61.238
4 28 64.217
4 29 51.639
4 30 94.587
4 31 68.941
4 32 57.984
4 33 10.881
4 34 19.441
4 35 11.845
4 36 39.259
4 37 52.246
4 38 44.434
4 39 3.377
4 40 67.687
4 41 64.861
4 42 76.340
4 43 1.085
4 44 18.840
4 45 63.197
4 46 4.180
4 47 7.457
4 48 12.392
4 49 84.704
4 50 22.003
4 51 83.058
4 52 62.032
4 53 93.165
4 54 26.596
4 55 26.510
4 56 74.511
4 57 29.677
4 58 14.632
4 59 85.723
5 6 10.876
5 7 95.803
5 8 34.766
5 9 65.242
5 10 24.211
5 11 36.771
5 12 46.714
5 13 85.726
5 14 5.115
5 15 16.493
5 16 1.618
5 17 33.280
5 18 98.628
5 19 40.756
5 20 85.776
5 21 8.746
5 22 4.517
5 23 90.095
5 24 63.322
5 25 50.032
5 26 36.538
5 27 69.654
5 28 12.479
5 29 54.189
5 30 95.752
5 31 69.792
5 32 74.757
5 33 70.168
5 34 7.930
5 35 58.211
5 36 26.761
5 37 68.054
5 38 85.777
5 39 92.085
5 40 40.258
5 41 16.079
5 42 2.938
5 43 46.949
5 44 17.732
5 45 12.806
5 46 8.675
5 47 8.044
5 48 77.835
5 49 28.625
5 50 69.581
5 51 59.372
5 52 18.025
5 53 8.078
5 54 97.908
5 55 35.865
5 56 0.077
5 57 72.492
5 58 14.764
5 59 74.907
6 7 88.299
6 8 41.032
6 9 0.934
6 10 14.836
6 11 19.937
6 12 57.518
6 13 7.998
6 14 40.151
6 15 2.613
6 16 70.211
6 17 38.143
6 18 65.768
6 19 14.608
6 20 62.275
6 21 52.288
6 22 86.020
6 23 30.348
6 24 71.701
6 25 33.057
6 26 87.992
6 27 5.688
6 28 71.271
6 29 11.645
6 30 43.350
6 31 35.413
6 32 1.443
6 33 65.768
6 34 47.976
6 35 38.831
6 36 62.077
6 37 9.670
6 38 74.558
6 39 38.407
6 40 72.510
6 41 26.533
6 42 39.663
6 43 71.109
6 44 3.717
6 45 38.670
6 46 63.922
6 47 12.463
6 48 71.193
6 49 71.522
6 50 21.588
6 51 99.261
6 52 52.645
6 53 43.754
6 54 34.060
6 55 8.466
6 56 60.707
6 57 7.628
6 58 60.870
6 59 87.051
7 8 57.645
7 9 71.363
7 10 81.196
7 11 30.346
7 12 46.356
7 13 58.328
7 14 39.138
7 15 74.929
7 16 9.971
7 17 96.689
7 18 46.778
7 19 6.161
7 20 0.984
7 21 87.525
7 22 0.495
7 23 80.204
7 24 0.059
7 25 69.438
7 26 68.040
7 27 25.657
7 28 74.537
7 29 83.342
7 30 46.564
7 31 20.927
7 32 67.150
7 33 42.380
7 34 75.073
7 35 40.025
7 36 36.568
7 37 28.798
7 38 8.733
7 39 21.688
7 40 53.132
7 41 72.153
7 42 26.990
7 43 44.547
7 44 25.505
7 45 11.346
7 46 52.636
7 47 84.538
7 48 96.944
7 49 6.766
7 50 4.766
7 51 89.829
7 52 3.524
7 53 48.206
7 54 94.990
7 55 33.221
7 56 30.870
7 57 99.251
7 58 3.323
7 59 92.350
8 9 40.837
8 10 29.455
8 11 37.830
8 12 63.944
8 13 65.038
8 14 11.930
8 15 90.443
8 16 39.991
8 17 78.248
8 18 5.825
8 19 50.241
8 20 60.863
8 21 71.471
8 22 0.731
8 23 25.089
8 24 13.287
8 25 41.772
8 26 73.160
8 27 52.661
8 28 59.509
8 29 4.006
8 30 94.030
8 31 52.708
8 32 68.072
8 33 8.178
8 34 30.496
8 35 83.831
8 36 66.342
8 37 15.400
8 38 5.448
8 39 20.094
8 40 50.245
8 41 45.265
8 42 13.695
8 43 55.467
8 44 67.643
8 45 57.984
8 46 45.068
8 47 77.396
8 48 38.343
8 49 75.698
8 50 31.613
8 51 24.741
8 52 85.953
8 53 79.150
8 54 18.537
8 55 59.837
8 56 34.635
8 57 38.248
8 58 56.735
8 59 39.643
9 10 67.242
9 11 48.039
9 12 28.475
9 13 66.734
9 14 50.433
9 15 45.245
9 16 47.235
9 17 37.300
9 18 7.041
9 19 74.723
9 20 17.676
9 21 80.395
9 22 56.331
9 23 60.088
9 24 2.422
9 25 0.336
9 26 48.709
9 27 8.242
9 28 18.535
9 29 92.458
9 30 93.060
9 31 43.628
9 32 78.517
9 33 1.350
9 34 12.060
9 35 24.800
9 36 98.161
9 37 30.271
9 38 63.685
9 39 43.257
9 40 16.716
9 41 90.583
9 42 35.548
9 43 42.451
9 44 13.630
9 45 0.877
9 46 52.827
9 47 23.538
9 48 60.489
9 49 6.866
9 50 40.205
9 51 23.625
9 52 16.824
9 53 95.185
9 54 43.620
9 55 62.192
9 56 64.078
9 57 16.911
9 58 48.544
9 59 51.787
10 11 73.319
10 12 19.905
10 13 28.113
10 14 60.273
10 15 19.140
10 16 13.033
10 17 16.630
10 18 93.588
10 19 84.768
10 20 49.828
10 21 31.803
10 22 40.373
10 23 51.480
10 24 24.383
10 25 62.513
10 26 82.819
10 27 29.238
10 28 18.026
10 29 98.027
10 30 31.658
10 31 64.849
10 32 21.764
10 33 99.239
10 34 87.505
10 35 58.941
10 36 86.555
10 37 2.890
10 38 65.595
10 39 33.738
10 40 21.106
10 41 5.634
10 42 46.455
10 43 19.836
10 44 65.229
10 45 96.451
10 46 31.169
10 47 72.133
10 48 15.689
10 49 93.059
10 50 86.615
10 51 82.526
10 52 71.051
10 53 90.859
10 54 63.442
10 55 30.183
10 56 92.181
10 57 51.360
10 58 57.529
10 59 98.932
11 12 45.885
11 13 41.154
11 14 64.264
11 15 95.729
11 16 10.578
11 17 82.186
11 18 44.264
11 19 24.169
11 20 74.930
11 21 89.415
11 22 78.973
11 23 2.654
11 24 53.115
11 25 52.907
11 26 45.095
11 27 68.105
11 28 73.587
11 29 67.989
11 30 77.914
11 31 73.000
11 32 72.233
11 33 29.313
11 34 25.307
11 35 66.029
11 36 35.300
11 37 82.471
11 38 16.600
11 39 44.815
11 40 92.681
11 41 70.315
11 42 83.425
11 43 82.909
11 44 57.932
11 45 20.165
11 46 73.340
11 47 62.671
11 48 47.823
11 49 92.835
11 50 91.203
11 51 90.662
11 52 91.277
11 53 54.713
11 54 88.176
11 55 32.813
11 56 55.236
11 57 40.100
11 58 93.707
11 59 82.921
12 13 73.265
12 14 42.599
12 15 51.945
12 16 69.896
12 17 61.676
12 18 11.535
12 19 80.814
12 20 16.726
12 21 47.453
12 22 32.238
12 23 19.289
12 24 87.249
12 25 12.486
12 26 37.468
12 27 66.451
12 28 95.608
12 29 79.373
12 30 31.342
12 31 44.464
12 32 7.644
12 33 25.526
12 34 6.839
12 35 36.915
12 36 33.517
12 37 14.315
12 38 3.275
12 39 63.749
12 40 96.488
12 41 74.708
12 42 81.121
12 43 54.591
12 44 64.034
12 45 44.130
12 46 88.092
12 47 73.302
12 48 44.427
12 49 13.208
12 50 52.662
12 51 28.398
12 52 84.341
12 53 75.619
12 54 68.980
12 55 76.286
12 56 51.291
12 57 91.428
12 58 30.635
12 59 87.297
13 14 48.385
13 15 18.100
13 16 29.777
13 17 98.084
13 18 88.342
13 19 49.810
13 20 62.822
13 21 18.183
13 22 48.698
13 23 32.718
13 24 74.310
13 25 93.449
13 26 40.780
13 27 91.543
13 28 26.414
13 29 54.489
13 30 51.325
13 31 11.088
13 32 3.216
13 33 94.402
13 34 57.453
13 35 65.279
13 36 46.039
13 37 26.834
13 38 73.307
13 39 75.840
13 40 68.978
13 41 72.710
13 42 59.730
13 43 12.905
13 44 22.226
13 45 12.045
13 46 17.185
13 47 20.648
13 48 54.864
13 49 15.777
13 50 86.491
13 51 62.474
13 52 78.502
13 53 41.872
13 54 1.959
13 55 32.324
13 56 48.481
13 57 39.768
13 58 77.181
13 59 71.354
14 15 60.318
14 16 57.730
14 17 54.976
14 18 62.543
14 19 5.633
14 20 88.806
14 21 19.889
14 22 49.683
14 23 44.029
14 24 22.800
14 25 54.186
14 26 41.801
14 27 25.211
14 28 94.054
14 29 16.393
14 30 19.206
14 31 39.104
14 32 27.809
14 33 35.225
14 34 53.155
14 35 80.787
14 36 91.528
14 37 41.143
14 38 87.578
14 39 91.793
14 40 51.822
14 41 2.774
14 42 8.341
14 43 79.642
14 44 22.450
14 45 96.115
14 46 43.192
14 47 23.436
14 48 64.376
14 49 10.653
14 50 93.853
14 51 44.918
14 52 64.987
14 53 88.501
14 54 0.639
14 55 61.630
14 56 80.274
14 57 0.095
14 58 79.538
14 59 41.595
15 16 71.195
15 17 83.191
15 18 51.850
15 19 47.450
15 20 3.382
15 21 10.664
15 22 7.312
15 23 92.004
15 24 7.995
15 25 6.981
15 26 3.020
15 27 26.927
15 28 20.748
15 29 3.263
15 30 2.558
15 31 51.579
15 32 26.011
15 33 6.492
15 34 2.375
15 35 59.992
15 36 33.365
15 37 59.679
15 38 75.785
15 39 40.539
15 40 5.104
15 41 86.715
15 42 88.873
15 43 5.085
15 44 34.928
15 45 48.133
15 46 7.140
15 47 52.219
15 48 50.418
15 49 82.173
15 50 16.913
15 51 62.625
15 52 74.884
15 53 69.282
15 54 31.328
15 55 83.742
15 56 37.778
15 57 37.621
15 58 37.124
15 59 85.563
16 17 67.127
16 18 22.113
16 19 65.545
16 20 59.746
16 21 32.261
16 22 0.261
16 23 38.320
16 24 90.202
16 25 30.656
16 26 54.208
16 27 47.977
16 28 44.850
16 29 28.769
16 30 50.409
16 31 80.700
16 32 25.497
16 33 73.522
16 34 85.810
16 35 79.462
16 36 65.585
16 37 88.436
16 38 22.574
16 39 75.362
16 40 84.035
16 41 56.399
16 42 22.152
16 43 85.882
16 44 87.480
16 45 69.693
16 46 93.907
16 47 90.216
16 48 62.901
16 49 97.100
16 50 93.508
16 51 43.866
16 52 18.004
16 53 77.820
16 54 41.960
16 55 87.377
16 56 7.629
16 57 2.373
16 58 87.405
16 59 37.389
17 18 31.078
17 19 81.815
17 20 98.720
17 21 22.106
17 22 97.442
17 23 38.299
17 24 62.466
17 25 37.829
17 26 33.849
17 27 72.406
17 28 52.870
17 29 58.387
17 30 54.995
17 31 75.627
17 32 58.321
17 33 25.081
17 34 21.438
17 35 60.034
17 36 77.217
17 37 81.212
17 38 88.797
17 39 71.361
17 40 41.052
17 41 92.284
17 42 90.359
17 43 36.638
17 44 83.262
17 45 10.660
17 46 1.551
17 47 72.950
17 48 48.615
17 49 1.764
17 50 6.310
17 51 50.068
17 52 29.843
17 53 47.830
17 54 22.584
17 55 56.380
17 56 25.701
17 57 84.743
17 58 47.053
17 59 64.952
18 19 37.823
18 20 7.732
18 21 47.588
18 22 34.523
18 23 62.482
18 24 2.417
18 25 66.069
18 26 8.850
18 27 87.763
18 28 19.196
18 29 93.874
18 30 97.056
18 31 76.699
18 32 10.967
18 33 47.701
18 34 27.518
18 35 2.532
18 36 96.877
18 37 4.325
18 38 68.276
18 39 3.547
18 40 98.085
18 41 49.483
18 42 98.116
18 43 41.830
18 44 15.445
18 45 58.282
18 46 94.156
18 47 82.802
18 48 83.591
18 49 52.368
18 50 74.184
18 51 60.538
18 52 41.031
18 53 72.534
18 54 94.946
18 55 57.650
18 56 1.728
18 57 64.542
18 58 61.210
18 59 7.888
19 20 0.003
19 21 0.635
19 22 44.672
19 23 24.674
19 24 7.697
19 25 49.542
19 26 46.630
19 27 69.376
19 28 90.167
19 29 63.748
19 30 63.840
19 31 99.444
19 32 76.028
19 33 74.373
19 34 33.078
19 35 78.393
19 36 64.445
19 37 71.213
19 38 36.686
19 39 87.164
19 40 83.350
19 41 98.332
19 42 48.716
19 43 49.508
19 44 42.133
19 45 14.048
19 46 89.300
19 47 72.839
19 48 93.146
19 49 48.234
19 50 33.476
19 51 10.373
19 52 27.801
19 53 39.580
19 54 89.938
19 55 70.401
19 56 85.075
19 57 50.754
19 58 25.038
19 59 34.190
20 21 42.927
20 22 40.421
20 23 57.872
20 24 95.260
20 25 96.427
20 26 17.581
20 27 93.374
20 28 99.705
20 29 0.319
20 30 15.978
20 31 92.091
20 32 49.723
20 33 68.297
20 34 4.087
20 35 97.686
20 36 30.670
20 37 76.440
20 38 89.706
20 39 56.179
20 40 35.739
20 41 14.064
20 42 87.218
20 43 64.568
20 44 91.732
20 45 61.674
20 46 90.314
20 47 80.713
20 48 34.430
20 49 52.730
20 50 33.309
20 51 11.210
20 52 42.711
20 53 93.645
20 54 30.111
20 55 69.493
20 56 16.837
20 57 74.720
20 58 51.522
20 59 62.493
21 22 78.198
21 23 3.640
21 24 38.715
21 25 20.945
21 26 75.372
21 27 32.715
21 28 53.616
21 29 35.777
21 30 4.450
21 31 31.237
21 32 35.310
21 33 1.014
21 34 90.389
21 35 75.087
21 36 65.748
21 37 92.237
21 38 30.517
21 39 87.203
21 40 47.666
21 41 28.886
21 42 71.358
21 43 64.524
21 44 63.012
21 45 78.546
21 46 75.571
21 47 69.735
21 48 11.119
21 49 61.854
21 50 37.080
21 51 49.417
21 52 22.413
21 53 7.764
21 54 19.367
21 55 64.142
21 56 5.719
21 57 90.673
21 58 24.397
21 59 80.599
22 23 14.984
22 24 53.235
22 25 47.820
22 26 81.025
22 27 14.747
22 28 81.716
22 29 39.853
22 30 90.991
22 31 82.753
22 32 54.334
22 33 70.616
22 34 13.047
22 35 12.796
22 36 27.268
22 37 93.763
22 38 80.761
22 39 71.247
22 40 57.894
22 41 12.842
22 42 15.367
22 43 16.635
22 44 90.286
22 45 81.133
22 46 75.550
22 47 13.263
22 48 44.128
22 49 7.569
22 50 39.806
22 51 57.049
22 52 54.946
22 53 98.895
22 54 50.362
22 55 84.576
22 56 10.888
22 57 41.345
22 58 77.849
22 59 54.856
23 24 19.319
23 25 13.897
23 26 36.678
23 27 77.318
23 28 15.079
23 29 29.554
23 30 92.529
23 31 9.314
23 32 91.487
23 33 21.120
23 34 55.393
23 35 61.710
23 36 95.069
23 37 23.594
23 38 44.297
23 39 32.110
23 40 75.439
23 41 56.554
23 42 43.133
23 43 31.861
23 44 22.902
23 45 76.824
23 46 40.940
23 47 85.141
23 48 58.073
23 49 54.205
23 50 64.546
23 51 56.334
23 52 60.167
23 53 21.234
23 54 66.636
23 55 5.288
23 56 33.628
23 57 61.667
23 58 28.137
23 59 79.180
24 25 16.330
24 26 31.796
24 27 70.213
24 28 24.391
24 29 26.882
24 30 53.736
24 31 48.227
24 32 42.146
24 33 33.372
24 34 80.439
24 35 17.704
24 36 17.615
24 37 1.431
24 38 8.492
24 39 20.616
24 40 23.760
24 41 45.552
24 42 6.615
24 43 39.262
24 44 38.427
24 45 64.395
24 46 35.329
24 47 4.525
24 48 15.994
24 49 88.126
24 50 56.392
24 51 25.522
24 52 23.374
24 53 3.859
24 54 69.359
24 55 28.397
24 56 84.211
24 57 53.854
24 58 67.045
24 59 53.489
25 26 74.871
25 27 20.397
25 28 71.668
25 29 62.133
25 30 81.095
25 31 21.114
25 32 99.087
25 33 47.017
25 34 55.203
25 35 38.991
25 36 99.863
25 37 23.348
25 38 10.273
25 39 2.463
25 40 42.692
25 41 1.980
25 42 49.943
25 43 12.684
25 44 38.364
25 45 10.216
25 46 60.329
25 47 87.460
25 48 50.470
25 49 31.190
25 50 83.981
25 51 54.288
25 52 2.900
25 53 78.486
25 54 54.907
25 55 78.595
25 56 73.547
25 57 9.155
25 58 98.384
25 59 57.478
26 27 58.654
26 28 5.248
26 29 89.620
26 30 44.129
26 31 2.894
26 32 21.750
26 33 21.276
26 34 93.602
26 35 16.522
26 36 7.027
26 37 51.454
26 38 36.705
26 39 42.868
26 40 50.875
26 41 90.945
26 42 95.534
26 43 96.921
26 44 4.782
26 45 41.382
26 46 51.525
26 47 68.915
26 48 49.192
26 49 14.384
26 50 64.893
26 51 75.621
26 52 53.390
26 53 45.879
26 54 22.944
26 55 46.384
26 56 84.998
26 57 69.465
26 58 63.965
26 59 51.038
27 28 78.188
27 29 28.053
27 30 83.299
27 31 12.411
27 32 62.333
27 33 83.944
27 34 78.648
27 35 97.444
27 36 86.161
27 37 34.090
27 38 32.808
27 39 47.825
27 40 46.387
27 41 49.520
27 42 63.755
27 43 93.554
27 44 44.340
27 45 35.707
27 46 94.357
27 47 91.024
27 48 49.293
27 49 54.124
27 50 7.000
27 51 40.935
27 52 43.004
27 53 54.337
27 54 52.009
27 55 70.784
27 56 56.377
27 57 40.658
27 58 72.988
27 59 11.693
28 29 86.251
28 30 37.732
28 31 97.070
28 32 59.941
28 33 97.944
28 34 25.393
28 35 13.556
28 36 89.899
28 37 77.525
28 38 84.688
28 39 30.527
28 40 76.909
28 41 96.690
28 42 34.202
28 43 55.770
28 44 96.189
28 45 92.670
28 46 38.607
28 47 95.693
28 48 86.991
28 49 45.795
28 50 39.869
28 51 3.924
28 52 10.009
28 53 58.095
28 54 95.583
28 55 39.885
28 56 80.416
28 57 97.804
28 58 8.639
28 59 16.861
29 30 28.949
29 31 76.625
29 32 97.735
29 33 28.975
29 34 29.083
29 35 69.343
29 36 89.243
29 37 46.944
29 38 29.623
29 39 68.618
29 40 7.466
29 41 63.613
29 42 48.937
29 43 91.778
29 44 2.583
29 45 52.007
29 46 19.543
29 47 20.922
29 48 83.373
29 49 70.989
29 50 19.959
29 51 62.870
29 52 15.284
29 53 16.620
29 54 94.445
29 55 61.258
29 56 3.496
29 57 70.923
29 58 40.692
29 59 79.526
30 31 5.320
30 32 43.977
30 33 40.520
30 34 0.597
30 35 6.623
30 36 40.149
30 37 19.286
30 38 56.700
30 39 52.918
30 40 4.761
30 41 46.000
30 42 11.118
30 43 47.337
30 44 23.583
30 45 27.992
30 46 62.548
30 47 14.928
30 48 54.297
30 49 11.555
30 50 32.320
30 51 85.520
30 52 66.441
30 53 73.071
30 54 24.896
30 55 65.889
30 56 54.320
30 57 73.951
30 58 22.869
30 59 56.021
31 32 65.998
31 33 57.068
31 34 89.109
31 35 13.971
31 36 60.700
31 37 82.425
31 38 0.755
31 39 89.177
31 40 66.851
31 41 35.402
31 42 32.430
31 43 25.001
31 44 63.437
31 45 92.232
31 46 39.340
31 47 77.899
31 48 48.489
31 49 94.228
31 50 64.879
31 51 12.786
31 52 90.264
31 53 64.809
31 54 11.871
31 55 12.028
31 56 79.003
31 57 1.522
31 58 71.784
31 59 78.926
32 33 10.184
32 34 89.019
32 35 2.047
32 36 25.658
32 37 33.780
32 38 8.345
32 39 78.017
32 40 10.327
32 41 98.264
32 42 62.920
32 43 23.203
32 44 28.134
32 45 2.987
32 46 2.231
32 47 39.024
32 48 67.605
32 49 48.021
32 50 0.520
32 51 13.694
32 52 14.425
32 53 36.686
32 54 39.668
32 55 88.717
32 56 22.606
32 57 42.723
32 58 52.963
32 59 1.073
33 34 75.578
33 35 1.408
33 36 9.609
33 37 99.314
33 38 28.218
33 39 21.941
33 40 58.602
33 41 52.609
33 42 54.948
33 43 47.005
33 44 4.969
33 45 33.198
33 46 28.702
33 47 4.665
33 48 61.420
33 49 54.759
33 50 20.929
33 51 7.622
33 52 4.076
33 53 91.884
33 54 43.733
33 55 55.331
33 56 62.237
33 57 89.144
33 58 51.851
33 59 85.607
34 35 89.008
34 36 92.156
34 37 84.350
34 38 4.074
34 39 92.169
34 40 97.620
34 41 53.791
34 42 92.186
34 43 52.778
34 44 24.464
34 45 84.036
34 46 57.533
34 47 22.786
34 48 54.026
34 49 56.967
34 50 43.740
34 51 72.334
34 52 73.661
34 53 53.107
34 54 61.554
34 55 52.424
34 56 85.170
34 57 61.430
34 58 37.505
34 59 49.295
35 36 7.150
35 37 89.638
35 38 2.098
35 39 33.103
35 40 8.658
35 41 27.760
35 42 55.525
35 43 45.412
35 44 60.517
35 45 5.103
35 46 55.694
35 47 27.506
35 48 80.111
35 49 33.469
35 50 70.686
35 51 64.683
35 52 75.744
35 53 47.959
35 54 25.762
35 55 10.471
35 56 67.380
35 57 40.807
35 58 53.660
35 59 59.079
36 37 72.062
36 38 33.358
36 39 26.134
36 40 54.444
36 41 94.314
36 42 46.678
36 43 4.588
36 44 59.846
36 45 54.534
36 46 12.193
36 47 98.106
36 48 63.363
36 49 21.673
36 50 10.375
36 51 58.328
36 52 61.322
36 53 90.435
36 54 37.690
36 55 72.336
36 56 44.401
36 57 57.756
36 58 79.827
36 59 37.091
37 38 9.229
37 39 8.529
37 40 12.743
37 41 11.934
37 42 32.040
37 43 16.325
37 44 62.068
37 45 49.308
37 46 70.393
37 47 1.285
37 48 26.191
37 49 98.056
37 50 3.929
37 51 64.408
37 52 8.626
37 53 58.544
37 54 85.844
37 55 35.153
37 56 11.248
37 57 44.342
37 58 52.963
37 59 27.547
38 39 11.548
38 40 71.286
38 41 34.248
38 42 98.940
38 43 84.287
38 44 51.520
38 45 5.055
38 46 45.081
38 47 30.739
38 48 17.442
38 49 57.625
38 50 45.387
38 51 47.176
38 52 38.501
38 53 97.043
38 54 93.040
38 55 98.347
38 56 22.373
38 57 26.312
38 58 6.024
38 59 61.376
39 40 11.307
39 41 54.190
39 42 17.217
39 43 70.876
39 44 94.286
39 45 45.108
39 46 84.363
39 47 26.999
39 48 56.137
39 49 31.721
39 50 44.018
39 51 24.743
39 52 75.823
39 53 27.576
39 54 57.533
39 55 25.037
39 56 67.927
39 57 9.871
39 58 61.640
39 59 15.969
40 41 33.658
40 42 90.439
40 43 41.415
40 44 5.949
40 45 50.711
40 46 56.866
40 47 89.185
40 48 49.725
40 49 84.955
40 50 45.022
40 51 99.362
40 52 32.830
40 53 51.112
40 54 99.327
40 55 76.259
40 56 30.416
40 57 84.490
40 58 87.713
40 59 99.585
41 42 12.347
41 43 11.311
41 44 64.511
41 45 0.660
41 46 88.028
41 47 21.281
41 48 16.370
41 49 51.279
41 50 71.660
41 51 52.798
41 52 83.877
41 53 56.718
41 54 1.415
41 55 98.549
41 56 24.642
41 57 74.570
41 58 64.515
41 59 27.244
42 43 72.409
42 44 51.862
42 45 64.254
42 46 95.835
42 47 51.160
42 48 84.360
42 49 14.730
42 50 95.824
42 51 23.154
42 52 54.011
42 53 64.362
42 54 37.110
42 55 85.542
42 56 93.142
42 57 30.262
42 58 23.321
42 59 81.429
43 44 57.342
43 45 72.064
43 46 13.699
43 47 58.164
43 48 62.877
43 49 46.067
43 50 98.323
43 51 88.156
43 52 59.038
43 53 58.343
43 54 35.844
43 55 65.663
43 56 61.000
43 57 78.952
43 58 15.865
43 59 6.764
44 45 64.571
44 46 88.450
44 47 11.746
44 48 9.114
44 49 0.633
44 50 2.626
44 51 83.822
44 52 73.127
44 53 64.121
44 54 61.692
44 55 77.901
44 56 46.834
44 57 70.091
44 58 76.147
44 59 39.400
45 46 32.979
45 47 47.683
45 48 93.091
45 49 29.572
45 50 88.773
45 51 81.753
45 52 83.975
45 53 87.040
45 54 56.266
45 55 51.470
45 56 57.630
45 57 25.204
45 58 84.441
45 59 95.375
46 47 70.829
46 48 94.064
46 49 42.885
46 50 53.165
46 51 42.775
46 52 63.641
46 53 81.322
46 54 95.932
46 55 79.555
46 56 5.399
46 57 59.265
46 58 58.608
46 59 79.987
47 48 57.938
47 49 55.736
47 50 31.051
47 51 25.203
47 52 63.706
47 53 70.240
47 54 47.509
47 55 50.916
47 56 54.627
47 57 43.086
47 58 38.132
47 59 63.520
48 49 46.227
48 50 55.671
48 51 70.739
48 52 88.996
48 53 72.246
48 54 19.470
48 55 16.224
48 56 37.069
48 57 54.702
48 58 26.273
48 59 16.807
49 50 22.130
49 51 57.963
49 52 11.577
49 53 22.731
49 54 7.155
49 55 19.666
49 56 78.082
49 57 90.077
49 58 27.170
49 59 86.132
50 51 36.855
50 52 0.040
50 53 4.788
50 54 5.463
50 55 50.047
50 56 68.311
50 57 91.905
50 58 47.592
50 59 0.874
51 52 62.129
51 53 58.869
51 54 27.295
51 55 74.165
51 56 32.127
51 57 5.250
51 58 3.559
51 59 3.857
52 53 96.261
52 54 84.808
52 55 16.654
52 56 32.641
52 57 83.931
52 58 21.340
52 59 2.917
53 54 33.325
53 55 59.805
53 56 41.774
53 57 96.439
53 58 61.507
53 59 98.917
54 55 68.241
54 56 86.755
54 57 44.809
54 58 77.303
54 59 91.784
55 56 52.109
55 57 65.164
55 58 75.703
55 59 96.967
56 57 28.963
56 58 57.582
56 59 67.826
57 58 18.833
57 59 10.190
58 59 31.294
