12 4 ss 3 3 3 3 3 3 3 3 
0 1 0.755
0 2 82.563
0 3 6.671
0 4 40.977
0 5 51.641
0 6 86.611
0 7 92.854
0 8 46.178
0 9 93.064
0 10 60.949
0 11 69.930
1 2 34.698
1 3 18.303
1 4 48.762
1 5 3.146
1 6 81.982
1 7 36.237
1 8 93.686
1 9 91.068
1 10 76.383
1 11 55.875
2 3 65.819
2 4 86.025
2 5 59.265
2 6 63.306
2 7 58.334
2 8 52.974
2 9 35.630
2 10 29.658
2 11 60.707
3 4 13.053
3 5 91.213
3 6 64.195
3 7 90.846
3 8 76.411
3 9 23.582
3 10 92.743
3 11 60.326
4 5 67.816
4 6 31.988
4 7 98.424
4 8 54.410
4 9 88.099
4 10 13.535
4 11 8.987
5 6 31.720
5 7 34.670
5 8 81.702
5 9 53.068
5 10 87.180
5 11 25.142
6 7 57.330
6 8 36.277
6 9 76.230
6 10 29.507
6 11 81.898
7 8 7.282
7 9 68.354
7 10 18.403
7 11 68.230
8 9 93.903
8 10 83.599
8 11 77.624
9 10 34.752
9 11 89.729
10 11 67.033
