120 10 ds 8 13 10 14 9 16 12 16 8 14 9 15 8 16 10 13 11 16 12 15 
0 1 3.876
0 2 54.033
0 3 46.071
0 4 49.810
0 5 5.714
0 6 26.098
0 7 77.198
0 8 46.036
0 9 84.844
0 10 82.670
0 11 52.768
0 12 10.088
0 13 11.933
0 14 97.599
0 15 43.072
0 16 57.587
0 17 92.533
0 18 90.650
0 19 46.280
0 20 41.220
0 21 15.740
0 22 90.770
0 23 34.126
0 24 99.258
0 25 9.294
0 26 67.216
0 27 50.934
0 28 46.681
0 29 27.647
0 30 28.142
0 31 0.560
0 32 79.452
0 33 82.049
0 34 0.807
0 35 33.680
0 36 84.846
0 37 19.857
0 38 62.715
0 39 91.289
0 40 63.746
0 41 74.000
0 42 88.832
0 43 69.377
0 44 74.400
0 45 32.998
0 46 16.416
0 47 44.429
0 48 1.408
0 49 26.869
0 50 6.078
0 51 39.766
0 52 38.542
0 53 84.981
0 54 95.346
0 55 18.668
0 56 49.499
0 57 98.117
0 58 99.315
0 59 61.809
0 60 36.818
0 61 8.946
0 62 11.892
0 63 23.756
0 64 5.893
0 65 62.605
0 66 0.687
0 67 66.108
0 68 58.415
0 69 72.242
0 70 68.788
0 71 33.287
0 72 87.545
0 73 93.135
0 74 77.456
0 75 71.116
0 76 75.732
0 77 53.400
0 78 85.190
0 79 87.994
0 80 15.334
0 81 59.332
0 82 60.685
0 83 23.818
0 84 82.069
0 85 79.041
0 86 69.858
0 87 22.763
0 88 91.798
0 89 9.332
0 90 20.437
0 91 2.616
0 92 62.257
0 93 47.689
0 94 71.519
0 95 75.552
0 96 83.113
0 97 23.697
0 98 80.067
0 99 3.096
0 100 70.050
0 101 92.428
0 102 61.480
0 103 61.437
0 104 41.615
0 105 56.053
0 106 87.181
0 107 52.393
0 108 11.125
0 109 59.360
0 110 28.583
0 111 19.972
0 112 30.223
0 113 99.862
0 114 83.853
0 115 22.857
0 116 55.494
0 117 3.822
0 118 91.569
0 119 69.079
1 2 35.060
1 3 45.815
1 4 43.657
1 5 40.713
1 6 28.182
1 7 31.307
1 8 58.934
1 9 23.666
1 10 77.634
1 11 19.277
1 12 68.117
1 13 10.433
1 14 51.979
1 15 35.048
1 16 91.358
1 17 62.172
1 18 62.870
1 19 12.246
1 20 60.134
1 21 0.512
1 22 41.098
1 23 7.221
1 24 46.778
1 25 49.248
1 26 24.359
1 27 49.280
1 28 16.971
1 29 61.354
1 30 69.582
1 31 25.707
1 32 13.186
1 33 47.776
1 34 53.121
1 35 51.843
1 36 10.391
1 37 70.971
1 38 63.266
1 39 43.379
1 40 59.236
1 41 78.429
1 42 21.227
1 43 90.522
1 44 46.498
1 45 29.205
1 46 89.138
1 47 31.869
1 48 57.730
1 49 9.970
1 50 36.603
1 51 39.568
1 52 22.883
1 53 46.160
1 54 40.919
1 55 56.749
1 56 62.060
1 57 88.503
1 58 90.350
1 59 73.223
1 60 25.644
1 61 95.566
1 62 44.698
1 63 86.105
1 64 40.698
1 65 38.870
1 66 82.893
1 67 68.266
1 68 33.852
1 69 28.764
1 70 33.439
1 71 59.433
1 72 99.794
1 73 96.401
1 74 40.306
1 75 2.257
1 76 24.059
1 77 70.025
1 78 64.197
1 79 68.833
1 80 48.972
1 81 52.224
1 82 57.131
1 83 61.911
1 84 92.400
1 85 38.892
1 86 76.873
1 87 29.433
1 88 90.400
1 89 20.329
1 90 27.015
1 91 1.064
1 92 36.896
1 93 70.273
1 94 18.321
1 95 41.007
1 96 36.204
1 97 59.593
1 98 47.505
1 99 12.685
1 100 67.509
1 101 27.955
1 102 80.657
1 103 67.745
1 104 84.325
1 105 8.981
1 106 10.322
1 107 4.385
1 108 36.553
1 109 32.274
1 110 27.577
1 111 88.117
1 112 7.865
1 113 19.099
1 114 13.435
1 115 91.878
1 116 7.015
1 117 47.626
1 118 7.532
1 119 91.786
2 3 38.034
2 4 88.335
2 5 56.285
2 6 49.839
2 7 1.381
2 8 0.518
2 9 77.568
2 10 25.535
2 11 45.748
2 12 36.761
2 13 4.457
2 14 84.626
2 15 98.540
2 16 23.884
2 17 86.675
2 18 15.142
2 19 51.981
2 20 76.021
2 21 35.159
2 22 18.310
2 23 71.337
2 24 48.343
2 25 92.469
2 26 15.175
2 27 21.924
2 28 58.400
2 29 99.813
2 30 98.464
2 31 82.371
2 32 86.125
2 33 10.025
2 34 63.648
2 35 23.048
2 36 13.270
2 37 65.094
2 38 73.176
2 39 80.591
2 40 78.346
2 41 16.709
2 42 43.492
2 43 52.148
2 44 4.131
2 45 18.751
2 46 95.720
2 47 66.294
2 48 1.360
2 49 61.815
2 50 77.800
2 51 61.428
2 52 64.441
2 53 51.527
2 54 48.362
2 55 17.086
2 56 52.865
2 57 54.853
2 58 10.797
2 59 38.728
2 60 95.430
2 61 51.515
2 62 99.728
2 63 92.384
2 64 63.488
2 65 31.306
2 66 51.484
2 67 21.960
2 68 34.127
2 69 72.278
2 70 35.216
2 71 59.056
2 72 4.540
2 73 19.689
2 74 81.914
2 75 52.831
2 76 24.772
2 77 61.049
2 78 24.874
2 79 5.745
2 80 87.646
2 81 58.731
2 82 57.048
2 83 99.928
2 84 51.839
2 85 58.357
2 86 18.225
2 87 38.491
2 88 76.956
2 89 38.519
2 90 48.153
2 91 6.258
2 92 17.861
2 93 5.396
2 94 80.469
2 95 75.201
2 96 59.639
2 97 64.427
2 98 6.687
2 99 41.299
2 100 74.265
2 101 20.463
2 102 9.542
2 103 81.559
2 104 45.360
2 105 67.649
2 106 50.620
2 107 62.662
2 108 38.422
2 109 30.807
2 110 98.449
2 111 15.949
2 112 90.448
2 113 11.186
2 114 0.167
2 115 17.424
2 116 55.109
2 117 71.196
2 118 32.362
2 119 75.976
3 4 67.456
3 5 65.088
3 6 14.849
3 7 38.224
3 8 85.589
3 9 85.552
3 10 34.904
3 11 64.153
3 12 25.814
3 13 49.802
3 14 8.874
3 15 14.189
3 16 32.514
3 17 92.965
3 18 3.104
3 19 15.339
3 20 14.282
3 21 71.443
3 22 46.764
3 23 41.779
3 24 33.853
3 25 4.426
3 26 95.436
3 27 53.503
3 28 60.904
3 29 97.817
3 30 46.190
3 31 85.618
3 32 84.050
3 33 1.601
3 34 62.440
3 35 70.399
3 36 31.163
3 37 49.026
3 38 39.973
3 39 4.399
3 40 65.604
3 41 13.972
3 42 34.342
3 43 43.716
3 44 10.050
3 45 1.482
3 46 74.196
3 47 21.932
3 48 99.294
3 49 55.680
3 50 5.142
3 51 37.298
3 52 78.737
3 53 29.157
3 54 44.383
3 55 48.424
3 56 46.236
3 57 8.394
3 58 77.630
3 59 51.000
3 60 81.571
3 61 30.906
3 62 96.705
3 63 82.056
3 64 19.980
3 65 61.535
3 66 58.758
3 67 12.758
3 68 4.072
3 69 17.671
3 70 46.150
3 71 45.951
3 72 91.848
3 73 46.181
3 74 19.858
3 75 30.464
3 76 7.671
3 77 58.422
3 78 88.628
3 79 40.588
3 80 97.727
3 81 23.984
3 82 61.119
3 83 46.211
3 84 91.847
3 85 8.632
3 86 8.951
3 87 16.773
3 88 79.503
3 89 17.430
3 90 44.807
3 91 60.486
3 92 79.414
3 93 70.147
3 94 11.654
3 95 99.209
3 96 19.352
3 97 92.758
3 98 86.670
3 99 18.902
3 100 45.618
3 101 56.246
3 102 26.591
3 103 15.774
3 104 50.083
3 105 31.879
3 106 19.975
3 107 79.031
3 108 36.780
3 109 60.750
3 110 66.278
3 111 12.559
3 112 49.749
3 113 54.624
3 114 71.638
3 115 99.928
3 116 49.164
3 117 54.980
3 118 36.929
3 119 59.772
4 5 53.710
4 6 77.631
4 7 14.903
4 8 21.920
4 9 63.795
4 10 61.419
4 11 30.135
4 12 78.555
4 13 42.363
4 14 21.224
4 15 88.012
4 16 29.238
4 17 57.907
4 18 77.882
4 19 47.142
4 20 43.822
4 21 87.751
4 22 0.593
4 23 93.331
4 24 13.063
4 25 38.745
4 26 51.037
4 27 32.683
4 28 43.170
4 29 67.225
4 30 62.610
4 31 16.373
4 32 77.585
4 33 70.411
4 34 23.105
4 35 20.312
4 36 96.965
4 37 77.399
4 38 54.613
4 39 29.182
4 40 56.628
4 41 89.461
4 42 0.555
4 43 16.200
4 44 69.660
4 45 6.574
4 46 36.479
4 47 67.528
4 48 33.433
4 49 29.960
4 50 18.636
4 51 73.340
4 52 27.438
4 53 48.837
4 54 72.318
4 55 96.365
4 56 81.179
4 57 3.688
4 58 0.569
4 59 33.114
4 60 22.250
4 61 68.059
4 62 63.117
4 63 2.995
4 64 66.811
4 65 6.215
4 66 35.224
4 67 36.188
4 68 7.329
4 69 44.967
4 70 6.659
4 71 82.419
4 72 85.759
4 73 44.530
4 74 22.108
4 75 29.661
4 76 14.263
4 77 65.514
4 78 96.047
4 79 4.296
4 80 20.127
4 81 6.948
4 82 57.513
4 83 22.456
4 84 46.691
4 85 33.735
4 86 93.160
4 87 75.981
4 88 37.926
4 89 20.973
4 90 60.613
4 91 65.872
4 92 70.716
4 93 17.312
4 94 38.373
4 95 41.095
4 96 75.932
4 97 69.851
4 98 63.382
4 99 61.278
4 100 7.105
4 101 59.021
4 102 82.862
4 103 78.074
4 104 73.746
4 105 63.484
4 106 13.127
4 107 21.885
4 108 55.354
4 109 12.300
4 110 54.832
4 111 88.152
4 112 51.637
4 113 84.432
4 114 61.482
4 115 40.553
4 116 4.701
4 117 84.111
4 118 95.983
4 119 87.235
5 6 49.736
5 7 54.694
5 8 38.687
5 9 40.591
5 10 12.153
5 11 93.312
5 12 29.554
5 13 41.113
5 14 71.182
5 15 93.977
5 16 36.978
5 17 11.498
5 18 52.628
5 19 77.748
5 20 46.269
5 21 8.465
5 22 96.761
5 23 65.152
5 24 51.918
5 25 56.600
5 26 71.260
5 27 8.251
5 28 19.510
5 29 81.119
5 30 63.663
5 31 27.601
5 32 55.498
5 33 4.535
5 34 92.977
5 35 92.762
5 36 86.054
5 37 36.005
5 38 25.885
5 39 44.163
5 40 99.831
5 41 61.541
5 42 69.400
5 43 78.768
5 44 53.683
5 45 38.259
5 46 38.906
5 47 12.371
5 48 75.279
5 49 6.501
5 50 68.162
5 51 87.274
5 52 22.025
5 53 59.946
5 54 36.172
5 55 15.700
5 56 71.822
5 57 55.690
5 58 34.725
5 59 36.496
5 60 27.923
5 61 3.830
5 62 89.998
5 63 15.510
5 64 17.521
5 65 49.193
5 66 81.748
5 67 38.484
5 68 51.684
5 69 46.664
5 70 74.446
5 71 29.399
5 72 92.877
5 73 35.924
5 74 86.125
5 75 76.884
5 76 45.521
5 77 41.444
5 78 72.770
5 79 66.674
5 80 44.941
5 81 59.231
5 82 98.733
5 83 99.031
5 84 70.520
5 85 43.083
5 86 96.998
5 87 16.624
5 88 49.979
5 89 70.003
5 90 96.990
5 91 80.591
5 92 53.473
5 93 46.954
5 94 12.233
5 95 10.318
5 96 98.535
5 97 19.262
5 98 35.291
5 99 45.935
5 100 99.878
5 101 54.764
5 102 83.250
5 103 1.619
5 104 1.717
5 105 7.180
5 106 73.416
5 107 52.471
5 108 24.461
5 109 7.205
5 110 85.967
5 111 38.124
5 112 42.532
5 113 90.476
5 114 87.957
5 115 72.117
5 116 85.534
5 117 47.829
5 118 51.370
5 119 17.731
6 7 21.100
6 8 75.144
6 9 96.880
6 10 28.131
6 11 34.520
6 12 7.623
6 13 34.465
6 14 51.526
6 15 67.568
6 16 46.469
6 17 52.270
6 18 70.495
6 19 16.973
6 20 24.705
6 21 25.842
6 22 78.718
6 23 21.572
6 24 13.283
6 25 81.354
6 26 98.063
6 27 86.425
6 28 38.625
6 29 48.425
6 30 4.296
6 31 2.046
6 32 68.415
6 33 80.873
6 34 60.661
6 35 17.375
6 36 23.701
6 37 6.986
6 38 55.130
6 39 16.234
6 40 92.282
6 41 94.881
6 42 99.364
6 43 28.770
6 44 50.858
6 45 83.003
6 46 75.218
6 47 81.712
6 48 51.584
6 49 31.059
6 50 8.132
6 51 54.289
6 52 92.413
6 53 92.437
6 54 5.768
6 55 60.264
6 56 70.045
6 57 95.601
6 58 25.025
6 59 20.757
6 60 9.268
6 61 49.012
6 62 20.839
6 63 27.426
6 64 73.171
6 65 51.777
6 66 86.185
6 67 21.031
6 68 84.954
6 69 0.568
6 70 14.224
6 71 26.542
6 72 33.948
6 73 32.228
6 74 0.803
6 75 92.679
6 76 95.994
6 77 31.076
6 78 58.295
6 79 81.141
6 80 71.470
6 81 60.084
6 82 30.264
6 83 38.768
6 84 33.016
6 85 45.878
6 86 80.499
6 87 64.483
6 88 79.417
6 89 58.982
6 90 79.672
6 91 52.118
6 92 12.096
6 93 82.743
6 94 28.217
6 95 50.083
6 96 86.360
6 97 57.055
6 98 34.969
6 99 29.313
6 100 40.758
6 101 16.319
6 102 17.693
6 103 92.062
6 104 74.836
6 105 14.978
6 106 3.843
6 107 85.837
6 108 28.104
6 109 48.540
6 110 87.717
6 111 9.133
6 112 11.135
6 113 33.147
6 114 43.623
6 115 8.623
6 116 53.520
6 117 2.591
6 118 3.787
6 119 71.058
7 8 62.785
7 9 18.063
7 10 84.379
7 11 7.380
7 12 33.401
7 13 62.991
7 14 83.445
7 15 11.415
7 16 5.646
7 17 13.011
7 18 80.415
7 19 50.996
7 20 50.371
7 21 29.379
7 22 38.484
7 23 15.482
7 24 47.603
7 25 23.103
7 26 48.369
7 27 0.371
7 28 34.429
7 29 76.584
7 30 54.737
7 31 57.085
7 32 20.784
7 33 89.762
7 34 75.120
7 35 73.979
7 36 10.482
7 37 38.547
7 38 55.148
7 39 83.227
7 40 19.278
7 41 94.735
7 42 3.696
7 43 7.521
7 44 51.728
7 45 58.689
7 46 16.827
7 47 70.326
7 48 84.285
7 49 98.701
7 50 30.405
7 51 93.967
7 52 3.322
7 53 74.285
7 54 37.802
7 55 0.906
7 56 63.671
7 57 44.561
7 58 71.372
7 59 15.334
7 60 65.800
7 61 27.437
7 62 74.146
7 63 34.540
7 64 97.866
7 65 80.487
7 66 81.702
7 67 2.519
7 68 52.692
7 69 20.213
7 70 93.221
7 71 71.904
7 72 9.063
7 73 82.799
7 74 35.459
7 75 84.519
7 76 61.801
7 77 56.540
7 78 13.697
7 79 35.749
7 80 95.683
7 81 83.766
7 82 99.670
7 83 13.367
7 84 24.578
7 85 38.426
7 86 28.092
7 87 17.626
7 88 59.030
7 89 34.388
7 90 60.563
7 91 76.104
7 92 23.064
7 93 9.078
7 94 28.505
7 95 64.197
7 96 14.127
7 97 57.254
7 98 85.225
7 99 30.130
7 100 88.841
7 101 60.512
7 102 81.258
7 103 1.952
7 104 61.650
7 105 69.544
7 106 26.906
7 107 23.249
7 108 23.449
7 109 48.224
7 110 21.153
7 111 24.159
7 112 22.940
7 113 81.264
7 114 7.153
7 115 84.738
7 116 4.726
7 117 80.500
7 118 61.036
7 119 88.892
8 9 65.034
8 10 98.773
8 11 32.984
8 12 98.774
8 13 68.515
8 14 74.939
8 15 37.385
8 16 1.941
8 17 67.663
8 18 88.702
8 19 32.307
8 20 96.546
8 21 80.203
8 22 99.781
8 23 37.615
8 24 83.449
8 25 9.188
8 26 82.331
8 27 15.789
8 28 28.374
8 29 35.532
8 30 42.603
8 31 79.799
8 32 42.099
8 33 73.408
8 34 25.500
8 35 98.368
8 36 2.166
8 37 55.144
8 38 73.970
8 39 40.533
8 40 5.680
8 41 4.203
8 42 4.143
8 43 38.624
8 44 99.550
8 45 62.311
8 46 98.614
8 47 51.608
8 48 81.852
8 49 59.965
8 50 0.511
8 51 79.200
8 52 5.991
8 53 58.309
8 54 11.726
8 55 11.233
8 56 47.961
8 57 44.770
8 58 60.172
8 59 96.486
8 60 16.239
8 61 34.867
8 62 2.930
8 63 80.484
8 64 93.697
8 65 18.234
8 66 74.858
8 67 92.767
8 68 1.427
8 69 88.182
8 70 75.524
8 71 60.692
8 72 65.461
8 73 11.027
8 74 11.244
8 75 89.031
8 76 49.144
8 77 23.908
8 78 73.567
8 79 72.480
8 80 86.234
8 81 97.978
8 82 40.731
8 83 1.646
8 84 12.826
8 85 67.619
8 86 34.381
8 87 82.135
8 88 49.809
8 89 5.732
8 90 50.319
8 91 11.116
8 92 31.772
8 93 20.153
8 94 9.055
8 95 46.034
8 96 13.185
8 97 56.917
8 98 39.638
8 99 56.102
8 100 8.128
8 101 22.333
8 102 18.531
8 103 68.820
8 104 35.973
8 105 77.764
8 106 34.224
8 107 10.924
8 108 52.169
8 109 18.480
8 110 37.837
8 111 96.036
8 112 40.627
8 113 21.142
8 114 70.115
8 115 29.748
8 116 32.194
8 117 33.204
8 118 26.061
8 119 86.909
9 10 92.338
9 11 81.954
9 12 29.837
9 13 65.654
9 14 90.370
9 15 0.898
9 16 44.633
9 17 37.997
9 18 22.418
9 19 6.856
9 20 34.881
9 21 97.787
9 22 10.856
9 23 12.413
9 24 31.494
9 25 53.408
9 26 43.989
9 27 25.241
9 28 24.717
9 29 24.807
9 30 51.534
9 31 68.349
9 32 23.745
9 33 82.273
9 34 33.831
9 35 53.451
9 36 77.452
9 37 7.825
9 38 75.661
9 39 53.417
9 40 46.326
9 41 69.196
9 42 79.191
9 43 49.161
9 44 52.195
9 45 71.038
9 46 44.800
9 47 71.341
9 48 9.329
9 49 88.380
9 50 13.394
9 51 17.902
9 52 58.206
9 53 93.266
9 54 59.321
9 55 4.734
9 56 81.515
9 57 57.121
9 58 89.085
9 59 98.656
9 60 80.918
9 61 48.586
9 62 57.835
9 63 89.406
9 64 32.605
9 65 49.388
9 66 62.926
9 67 80.499
9 68 19.899
9 69 79.282
9 70 11.865
9 71 17.572
9 72 61.931
9 73 55.182
9 74 90.573
9 75 27.223
9 76 18.840
9 77 9.290
9 78 77.091
9 79 9.385
9 80 56.030
9 81 56.384
9 82 55.778
9 83 11.905
9 84 92.640
9 85 31.369
9 86 87.498
9 87 17.278
9 88 42.745
9 89 14.786
9 90 82.414
9 91 88.377
9 92 81.673
9 93 26.176
9 94 3.757
9 95 52.544
9 96 34.423
9 97 93.022
9 98 3.286
9 99 51.535
9 100 88.311
9 101 96.469
9 102 52.157
9 103 48.617
9 104 77.786
9 105 54.084
9 106 84.524
9 107 63.457
9 108 75.785
9 109 24.625
9 110 15.427
9 111 0.516
9 112 53.043
9 113 10.146
9 114 29.413
9 115 47.273
9 116 34.450
9 117 86.682
9 118 61.775
9 119 44.879
10 11 89.842
10 12 16.382
10 13 10.471
10 14 75.745
10 15 45.556
10 16 81.118
10 17 23.460
10 18 70.074
10 19 92.615
10 20 30.492
10 21 3.605
10 22 6.509
10 23 97.576
10 24 55.547
10 25 61.246
10 26 70.813
10 27 92.915
10 28 83.636
10 29 23.185
10 30 40.927
10 31 35.187
10 32 39.563
10 33 76.046
10 34 86.731
10 35 71.313
10 36 33.473
10 37 81.846
10 38 8.512
10 39 45.977
10 40 16.907
10 41 54.095
10 42 89.392
10 43 16.432
10 44 95.022
10 45 23.863
10 46 3.872
10 47 14.955
10 48 95.192
10 49 56.980
10 50 7.162
10 51 13.702
10 52 70.033
10 53 5.915
10 54 28.124
10 55 1.944
10 56 56.350
10 57 92.847
10 58 2.405
10 59 81.409
10 60 20.582
10 61 24.075
10 62 11.745
10 63 21.932
10 64 96.045
10 65 30.130
10 66 40.465
10 67 96.621
10 68 57.587
10 69 10.847
10 70 20.787
10 71 33.464
10 72 85.226
10 73 40.104
10 74 14.874
10 75 78.564
10 76 39.951
10 77 51.082
10 78 73.444
10 79 65.149
10 80 12.029
10 81 79.618
10 82 18.244
10 83 22.028
10 84 5.035
10 85 90.600
10 86 18.891
10 87 35.361
10 88 87.247
10 89 50.321
10 90 73.303
10 91 98.387
10 92 76.161
10 93 36.350
10 94 55.370
10 95 45.216
10 96 21.549
10 97 95.700
10 98 63.517
10 99 66.796
10 100 17.856
10 101 71.924
10 102 89.464
10 103 49.893
10 104 7.662
10 105 22.289
10 106 27.756
10 107 63.164
10 108 34.525
10 109 37.271
10 110 63.521
10 111 38.394
10 112 65.727
10 113 56.342
10 114 8.460
10 115 59.460
10 116 33.280
10 117 46.425
10 118 3.174
10 119 76.801
11 12 35.009
11 13 72.320
11 14 67.755
11 15 10.949
11 16 96.596
11 17 42.082
11 18 61.914
11 19 95.124
11 20 20.194
11 21 54.514
11 22 10.972
11 23 33.921
11 24 35.536
11 25 10.848
11 26 64.669
11 27 22.813
11 28 25.447
11 29 78.132
11 30 82.020
11 31 81.496
11 32 19.207
11 33 7.995
11 34 77.339
11 35 3.004
11 36 34.460
11 37 21.174
11 38 20.075
11 39 10.097
11 40 1.183
11 41 65.547
11 42 54.244
11 43 40.597
11 44 19.668
11 45 43.438
11 46 92.023
11 47 54.137
11 48 88.584
11 49 82.523
11 50 40.437
11 51 64.220
11 52 88.863
11 53 93.960
11 54 40.132
11 55 51.537
11 56 24.511
11 57 21.170
11 58 30.833
11 59 7.174
11 60 2.382
11 61 33.244
11 62 9.378
11 63 87.619
11 64 79.548
11 65 58.012
11 66 13.108
11 67 37.433
11 68 19.096
11 69 81.587
11 70 43.906
11 71 49.977
11 72 73.029
11 73 63.540
11 74 46.330
11 75 91.775
11 76 54.384
11 77 29.844
11 78 67.059
11 79 11.889
11 80 69.780
11 81 9.376
11 82 52.250
11 83 94.119
11 84 58.312
11 85 73.947
11 86 84.437
11 87 86.856
11 88 23.026
11 89 26.741
11 90 21.242
11 91 63.159
11 92 47.200
11 93 59.519
11 94 74.441
11 95 21.840
11 96 59.181
11 97 65.038
11 98 59.816
11 99 39.356
11 100 46.806
11 101 47.903
11 102 55.750
11 103 21.785
11 104 25.211
11 105 24.410
11 106 31.666
11 107 86.381
11 108 30.306
11 109 39.939
11 110 46.179
11 111 22.998
11 112 44.291
11 113 61.066
11 114 69.215
11 115 47.075
11 116 59.282
11 117 18.804
11 118 52.394
11 119 57.964
12 13 50.431
12 14 89.229
12 15 57.595
12 16 59.015
12 17 60.931
12 18 98.271
12 19 54.902
12 20 79.175
12 21 97.807
12 22 28.522
12 23 18.026
12 24 59.753
12 25 99.682
12 26 87.683
12 27 77.806
12 28 34.559
12 29 65.469
12 30 70.620
12 31 42.549
12 32 36.822
12 33 26.434
12 34 9.990
12 35 57.745
12 36 12.067
12 37 3.159
12 38 64.006
12 39 57.050
12 40 2.565
12 41 13.615
12 42 34.173
12 43 51.502
12 44 96.027
12 45 88.916
12 46 40.644
12 47 14.546
12 48 98.886
12 49 9.264
12 50 8.385
12 51 46.707
12 52 2.806
12 53 94.183
12 54 33.411
12 55 45.682
12 56 61.989
12 57 68.345
12 58 5.122
12 59 65.103
12 60 88.396
12 61 77.126
12 62 58.105
12 63 18.383
12 64 2.188
12 65 44.488
12 66 14.781
12 67 72.833
12 68 45.469
12 69 49.854
12 70 58.871
12 71 83.622
12 72 78.864
12 73 50.367
12 74 48.904
12 75 37.178
12 76 32.501
12 77 90.248
12 78 40.853
12 79 9.261
12 80 75.645
12 81 19.911
12 82 39.455
12 83 94.231
12 84 2.535
12 85 94.111
12 86 38.923
12 87 28.904
12 88 5.898
12 89 30.561
12 90 45.447
12 91 16.927
12 92 24.163
12 93 88.330
12 94 96.294
12 95 57.731
12 96 3.592
12 97 68.764
12 98 3.257
12 99 97.911
12 100 12.301
12 101 50.756
12 102 51.863
12 103 52.256
12 104 79.633
12 105 46.919
12 106 81.948
12 107 86.681
12 108 11.338
12 109 7.513
12 110 60.100
12 111 15.966
12 112 48.725
12 113 4.971
12 114 29.935
12 115 45.457
12 116 98.243
12 117 3.427
12 118 92.313
12 119 77.793
13 14 56.862
13 15 54.856
13 16 24.308
13 17 13.243
13 18 98.199
13 19 66.290
13 20 93.126
13 21 95.369
13 22 64.496
13 23 51.002
13 24 59.164
13 25 92.520
13 26 30.342
13 27 10.652
13 28 90.985
13 29 60.030
13 30 65.498
13 31 95.093
13 32 34.253
13 33 98.040
13 34 26.192
13 35 51.853
13 36 86.527
13 37 5.500
13 38 46.954
13 39 8.291
13 40 30.278
13 41 32.150
13 42 88.348
13 43 25.986
13 44 67.648
13 45 47.230
13 46 19.897
13 47 29.125
13 48 82.174
13 49 76.124
13 50 82.025
13 51 36.513
13 52 25.077
13 53 4.335
13 54 76.048
13 55 20.247
13 56 86.700
13 57 11.943
13 58 77.012
13 59 73.216
13 60 67.306
13 61 81.077
13 62 50.634
13 63 92.263
13 64 5.658
13 65 13.979
13 66 82.628
13 67 74.202
13 68 58.694
13 69 9.860
13 70 96.380
13 71 77.831
13 72 51.084
13 73 75.031
13 74 43.260
13 75 26.655
13 76 29.570
13 77 82.678
13 78 98.733
13 79 14.251
13 80 63.728
13 81 56.176
13 82 87.051
13 83 27.046
13 84 32.170
13 85 22.979
13 86 87.411
13 87 17.716
13 88 21.154
13 89 74.884
13 90 45.326
13 91 46.503
13 92 41.236
13 93 74.889
13 94 24.347
13 95 57.469
13 96 36.787
13 97 70.842
13 98 85.327
13 99 72.028
13 100 23.096
13 101 11.761
13 102 73.114
13 103 63.027
13 104 36.245
13 105 13.955
13 106 23.838
13 107 19.297
13 108 22.069
13 109 90.980
13 110 79.895
13 111 22.711
13 112 22.260
13 113 43.964
13 114 14.281
13 115 37.712
13 116 38.002
13 117 7.012
13 118 21.095
13 119 56.656
14 15 64.553
14 16 56.143
14 17 24.853
14 18 53.432
14 19 93.789
14 20 19.614
14 21 97.652
14 22 72.533
14 23 75.946
14 24 72.520
14 25 50.294
14 26 21.067
14 27 16.686
14 28 59.178
14 29 81.151
14 30 37.155
14 31 61.084
14 32 63.087
14 33 24.850
14 34 79.762
14 35 82.254
14 36 36.164
14 37 41.787
14 38 22.196
14 39 49.063
14 40 6.436
14 41 29.022
14 42 34.347
14 43 94.759
14 44 6.564
14 45 13.291
14 46 7.210
14 47 46.306
14 48 4.292
14 49 7.673
14 50 7.280
14 51 2.857
14 52 70.356
14 53 74.861
14 54 48.168
14 55 71.012
14 56 89.376
14 57 42.066
14 58 32.067
14 59 74.389
14 60 4.902
14 61 55.209
14 62 44.692
14 63 55.507
14 64 91.076
14 65 43.427
14 66 83.875
14 67 79.118
14 68 60.239
14 69 88.773
14 70 64.220
14 71 27.826
14 72 48.352
14 73 60.592
14 74 68.042
14 75 53.240
14 76 68.226
14 77 79.203
14 78 6.281
14 79 8.851
14 80 84.351
14 81 19.331
14 82 12.168
14 83 44.481
14 84 42.482
14 85 50.162
14 86 15.092
14 87 86.336
14 88 82.171
14 89 35.916
14 90 32.519
14 91 61.628
14 92 71.090
14 93 88.558
14 94 73.681
14 95 52.144
14 96 26.231
14 97 72.520
14 98 70.423
14 99 77.313
14 100 29.001
14 101 10.259
14 102 37.737
14 103 14.031
14 104 98.706
14 105 27.024
14 106 19.375
14 107 57.871
14 108 62.106
14 109 3.376
14 110 92.395
14 111 18.296
14 112 45.465
14 113 74.800
14 114 88.546
14 115 19.113
14 116 19.915
14 117 29.198
14 118 40.146
14 119 44.629
15 16 50.991
15 17 5.063
15 18 73.402
15 19 31.841
15 20 38.814
15 21 85.855
15 22 53.095
15 23 59.492
15 24 86.701
15 25 19.360
15 26 29.145
15 27 25.915
15 28 2.829
15 29 64.774
15 30 47.750
15 31 39.344
15 32 22.154
15 33 84.774
15 34 67.659
15 35 66.728
15 36 33.878
15 37 55.033
15 38 65.561
15 39 0.063
15 40 13.576
15 41 59.433
15 42 23.686
15 43 2.896
15 44 88.441
15 45 75.657
15 46 67.400
15 47 93.862
15 48 9.169
15 49 32.880
15 50 60.917
15 51 8.997
15 52 62.613
15 53 40.971
15 54 75.199
15 55 60.061
15 56 35.642
15 57 48.912
15 58 13.716
15 59 72.195
15 60 32.488
15 61 89.057
15 62 18.927
15 63 41.014
15 64 55.440
15 65 3.431
15 66 85.170
15 67 96.557
15 68 81.835
15 69 28.404
15 70 72.139
15 71 99.536
15 72 9.103
15 73 34.920
15 74 47.169
15 75 23.923
15 76 94.006
15 77 82.846
15 78 84.273
15 79 99.158
15 80 82.215
15 81 50.096
15 82 13.228
15 83 95.123
15 84 10.044
15 85 39.829
15 86 42.913
15 87 33.520
15 88 61.402
15 89 52.332
15 90 79.744
15 91 0.389
15 92 79.931
15 93 32.130
15 94 24.213
15 95 16.262
15 96 68.822
15 97 65.418
15 98 56.392
15 99 92.792
15 100 58.935
15 101 8.061
15 102 14.702
15 103 67.706
15 104 89.615
15 105 70.249
15 106 31.371
15 107 63.516
15 108 26.018
15 109 70.276
15 110 12.642
15 111 59.688
15 112 31.741
15 113 97.008
15 114 42.198
15 115 2.815
15 116 26.233
15 117 88.231
15 118 42.176
15 119 4.840
16 17 82.691
16 18 40.427
16 19 47.748
16 20 95.470
16 21 64.096
16 22 14.390
16 23 38.446
16 24 1.681
16 25 52.497
16 26 90.705
16 27 22.252
16 28 24.575
16 29 99.858
16 30 59.246
16 31 86.897
16 32 71.810
16 33 17.508
16 34 97.659
16 35 16.955
16 36 82.488
16 37 25.647
16 38 5.248
16 39 24.956
16 40 50.563
16 41 4.385
16 42 10.685
16 43 60.129
16 44 12.764
16 45 23.423
16 46 64.693
16 47 39.310
16 48 17.439
16 49 78.761
16 50 62.110
16 51 91.153
16 52 31.910
16 53 31.712
16 54 11.684
16 55 16.967
16 56 77.628
16 57 28.024
16 58 86.515
16 59 49.361
16 60 4.774
16 61 73.052
16 62 43.206
16 63 33.309
16 64 30.981
16 65 52.680
16 66 93.601
16 67 63.355
16 68 72.416
16 69 19.128
16 70 49.427
16 71 85.350
16 72 89.735
16 73 5.737
16 74 37.177
16 75 11.498
16 76 56.274
16 77 95.530
16 78 98.276
16 79 3.382
16 80 31.324
16 81 44.576
16 82 47.855
16 83 49.277
16 84 87.459
16 85 53.094
16 86 64.393
16 87 99.233
16 88 97.617
16 89 84.757
16 90 22.027
16 91 24.249
16 92 35.006
16 93 57.784
16 94 57.523
16 95 34.328
16 96 76.890
16 97 70.209
16 98 84.689
16 99 24.268
16 100 31.911
16 101 76.060
16 102 30.430
16 103 15.760
16 104 29.881
16 105 99.266
16 106 68.720
16 107 29.699
16 108 22.778
16 109 57.688
16 110 71.417
16 111 53.566
16 112 46.241
16 113 70.993
16 114 78.160
16 115 65.318
16 116 81.907
16 117 42.950
16 118 11.516
16 119 37.433
17 18 42.716
17 19 41.262
17 20 28.086
17 21 72.607
17 22 75.654
17 23 46.196
17 24 1.449
17 25 16.007
17 26 39.390
17 27 3.025
17 28 78.664
17 29 48.141
17 30 67.888
17 31 92.707
17 32 38.409
17 33 87.032
17 34 75.307
17 35 30.246
17 36 5.948
17 37 18.778
17 38 92.362
17 39 10.805
17 40 47.764
17 41 31.512
17 42 49.813
17 43 49.937
17 44 76.996
17 45 49.343
17 46 40.857
17 47 6.175
17 48 49.750
17 49 50.102
17 50 0.942
17 51 31.750
17 52 21.911
17 53 3.521
17 54 40.887
17 55 70.348
17 56 66.235
17 57 84.928
17 58 57.164
17 59 9.589
17 60 20.347
17 61 3.659
17 62 21.830
17 63 0.299
17 64 47.626
17 65 35.039
17 66 23.838
17 67 74.681
17 68 45.090
17 69 60.173
17 70 93.284
17 71 31.110
17 72 25.005
17 73 98.701
17 74 90.692
17 75 4.574
17 76 30.271
17 77 66.276
17 78 84.495
17 79 8.659
17 80 17.572
17 81 0.730
17 82 71.653
17 83 17.500
17 84 56.800
17 85 78.714
17 86 18.680
17 87 54.276
17 88 50.465
17 89 88.065
17 90 13.365
17 91 66.567
17 92 72.595
17 93 30.232
17 94 21.067
17 95 98.332
17 96 63.042
17 97 1.793
17 98 33.714
17 99 13.229
17 100 90.189
17 101 44.451
17 102 84.490
17 103 84.705
17 104 12.702
17 105 58.815
17 106 76.695
17 107 44.489
17 108 29.284
17 109 48.887
17 110 41.358
17 111 73.080
17 112 4.321
17 113 1.378
17 114 94.943
17 115 23.283
17 116 96.838
17 117 6.784
17 118 15.831
17 119 91.036
18 19 0.387
18 20 97.649
18 21 96.264
18 22 86.508
18 23 22.262
18 24 13.486
18 25 55.037
18 26 12.869
18 27 91.897
18 28 1.558
18 29 15.484
18 30 30.132
18 31 90.301
18 32 28.048
18 33 63.138
18 34 67.116
18 35 35.122
18 36 5.097
18 37 97.956
18 38 45.862
18 39 39.182
18 40 35.781
18 41 87.103
18 42 99.712
18 43 84.282
18 44 41.291
18 45 6.039
18 46 98.791
18 47 16.605
18 48 62.438
18 49 27.986
18 50 44.761
18 51 75.243
18 52 21.026
18 53 84.892
18 54 60.515
18 55 11.153
18 56 85.750
18 57 76.559
18 58 79.844
18 59 40.290
18 60 11.963
18 61 48.900
18 62 37.138
18 63 1.704
18 64 15.005
18 65 97.115
18 66 67.844
18 67 59.069
18 68 92.716
18 69 75.066
18 70 56.641
18 71 92.418
18 72 34.381
18 73 8.280
18 74 12.222
18 75 75.766
18 76 40.511
18 77 14.692
18 78 5.061
18 79 25.880
18 80 30.735
18 81 34.653
18 82 77.709
18 83 37.608
18 84 35.526
18 85 59.687
18 86 25.929
18 87 91.982
18 88 51.543
18 89 28.102
18 90 53.357
18 91 34.764
18 92 90.118
18 93 24.813
18 94 22.429
18 95 75.106
18 96 63.708
18 97 82.554
18 98 59.916
18 99 46.717
18 100 36.128
18 101 32.220
18 102 26.724
18 103 7.205
18 104 8.926
18 105 91.097
18 106 28.471
18 107 25.191
18 108 28.492
18 109 9.576
18 110 25.900
18 111 19.351
18 112 76.325
18 113 19.225
18 114 2.312
18 115 68.713
18 116 48.325
18 117 38.136
18 118 58.994
18 119 9.329
19 20 38.066
19 21 93.058
19 22 38.980
19 23 68.885
19 24 13.722
19 25 12.064
19 26 24.545
19 27 67.851
19 28 18.626
19 29 26.362
19 30 14.434
19 31 33.440
19 32 31.442
19 33 95.359
19 34 63.125
19 35 30.978
19 36 93.449
19 37 35.192
19 38 56.314
19 39 16.167
19 40 47.709
19 41 87.677
19 42 4.312
19 43 51.320
19 44 37.681
19 45 13.996
19 46 58.231
19 47 8.784
19 48 81.305
19 49 35.421
19 50 92.543
19 51 5.596
19 52 70.686
19 53 72.005
19 54 52.053
19 55 74.828
19 56 47.181
19 57 49.386
19 58 31.311
19 59 81.127
19 60 67.051
19 61 53.729
19 62 40.128
19 63 30.647
19 64 3.782
19 65 15.317
19 66 10.162
19 67 8.848
19 68 29.772
19 69 92.402
19 70 14.404
19 71 3.578
19 72 82.277
19 73 8.692
19 74 3.927
19 75 35.413
19 76 46.343
19 77 70.186
19 78 14.403
19 79 22.371
19 80 80.920
19 81 50.064
19 82 58.667
19 83 51.967
19 84 73.425
19 85 83.981
19 86 0.991
19 87 19.953
19 88 32.720
19 89 62.289
19 90 3.764
19 91 22.172
19 92 20.830
19 93 40.656
19 94 47.905
19 95 53.612
19 96 79.648
19 97 15.965
19 98 54.620
19 99 77.059
19 100 30.493
19 101 30.534
19 102 77.989
19 103 72.661
19 104 11.560
19 105 74.422
19 106 95.418
19 107 69.282
19 108 71.155
19 109 52.954
19 110 96.092
19 111 88.678
19 112 53.061
19 113 74.572
19 114 56.393
19 115 4.361
19 116 94.452
19 117 92.752
19 118 95.577
19 119 28.395
20 21 6.497
20 22 4.961
20 23 25.074
20 24 91.483
20 25 23.112
20 26 71.469
20 27 40.401
20 28 74.306
20 29 84.285
20 30 67.355
20 31 55.936
20 32 81.446
20 33 66.972
20 34 22.132
20 35 49.717
20 36 23.090
20 37 88.785
20 38 33.166
20 39 67.936
20 40 84.317
20 41 87.503
20 42 61.425
20 43 36.944
20 44 16.902
20 45 22.915
20 46 31.077
20 47 44.363
20 48 84.391
20 49 56.566
20 50 58.084
20 51 80.270
20 52 27.638
20 53 39.711
20 54 27.162
20 55 74.477
20 56 95.019
20 57 80.079
20 58 21.342
20 59 26.533
20 60 99.230
20 61 64.039
20 62 83.863
20 63 1.373
20 64 20.891
20 65 82.320
20 66 58.248
20 67 55.432
20 68 78.057
20 69 44.656
20 70 9.116
20 71 65.531
20 72 20.352
20 73 71.553
20 74 73.701
20 75 56.033
20 76 86.557
20 77 19.831
20 78 31.986
20 79 58.502
20 80 85.324
20 81 32.690
20 82 12.008
20 83 92.502
20 84 20.104
20 85 4.725
20 86 66.116
20 87 26.195
20 88 81.412
20 89 17.690
20 90 63.813
20 91 61.044
20 92 72.246
20 93 33.728
20 94 47.338
20 95 86.193
20 96 15.780
20 97 29.391
20 98 87.212
20 99 64.978
20 100 18.356
20 101 15.968
20 102 56.752
20 103 48.578
20 104 25.369
20 105 19.487
20 106 16.888
20 107 59.913
20 108 12.809
20 109 87.184
20 110 65.623
20 111 54.702
20 112 3.032
20 113 46.353
20 114 60.094
20 115 45.979
20 116 79.730
20 117 66.170
20 118 63.406
20 119 73.363
21 22 4.173
21 23 63.414
21 24 3.309
21 25 9.063
21 26 2.409
21 27 48.999
21 28 55.241
21 29 18.833
21 30 1.463
21 31 33.765
21 32 78.400
21 33 37.998
21 34 41.464
21 35 99.220
21 36 40.236
21 37 80.205
21 38 80.208
21 39 91.747
21 40 62.111
21 41 69.670
21 42 36.813
21 43 17.234
21 44 6.876
21 45 76.493
21 46 91.952
21 47 97.184
21 48 7.717
21 49 38.982
21 50 73.551
21 51 97.063
21 52 6.871
21 53 76.956
21 54 8.898
21 55 52.972
21 56 32.660
21 57 35.647
21 58 16.802
21 59 3.694
21 60 93.793
21 61 51.085
21 62 46.706
21 63 81.739
21 64 11.004
21 65 94.738
21 66 45.622
21 67 29.225
21 68 37.806
21 69 37.716
21 70 48.273
21 71 82.268
21 72 44.536
21 73 72.972
21 74 41.035
21 75 10.996
21 76 52.835
21 77 47.720
21 78 46.047
21 79 11.396
21 80 11.329
21 81 87.669
21 82 8.285
21 83 19.920
21 84 97.498
21 85 39.715
21 86 45.476
21 87 62.073
21 88 15.620
21 89 20.337
21 90 38.363
21 91 52.213
21 92 36.120
21 93 33.266
21 94 97.153
21 95 33.315
21 96 87.804
21 97 11.842
21 98 38.917
21 99 82.729
21 100 71.172
21 101 49.019
21 102 50.239
21 103 12.720
21 104 8.387
21 105 1.121
21 106 89.594
21 107 63.097
21 108 83.446
21 109 90.218
21 110 4.754
21 111 17.277
21 112 54.728
21 113 84.375
21 114 1.911
21 115 72.868
21 116 41.318
21 117 5.070
21 118 5.296
21 119 63.156
22 23 94.391
22 24 96.706
22 25 88.721
22 26 56.877
22 27 65.396
22 28 94.400
22 29 43.778
22 30 60.190
22 31 73.932
22 32 43.159
22 33 73.368
22 34 7.020
22 35 59.908
22 36 54.050
22 37 63.761
22 38 51.742
22 39 76.968
22 40 31.102
22 41 93.588
22 42 71.642
22 43 47.147
22 44 66.491
22 45 83.950
22 46 45.677
22 47 50.326
22 48 80.910
22 49 80.254
22 50 0.759
22 51 66.299
22 52 81.071
22 53 83.452
22 54 7.123
22 55 22.133
22 56 16.914
22 57 16.026
22 58 60.293
22 59 22.986
22 60 47.387
22 61 16.348
22 62 8.739
22 63 60.649
22 64 65.541
22 65 4.001
22 66 73.542
22 67 0.851
22 68 91.201
22 69 48.176
22 70 59.185
22 71 47.682
22 72 12.633
22 73 1.427
22 74 73.079
22 75 71.518
22 76 47.382
22 77 31.904
22 78 55.497
22 79 65.422
22 80 96.867
22 81 98.566
22 82 71.284
22 83 64.242
22 84 89.308
22 85 65.955
22 86 30.081
22 87 20.496
22 88 41.252
22 89 47.783
22 90 82.713
22 91 81.593
22 92 19.185
22 93 1.873
22 94 88.010
22 95 54.107
22 96 49.641
22 97 72.939
22 98 56.510
22 99 72.491
22 100 8.743
22 101 94.217
22 102 55.346
22 103 12.050
22 104 20.218
22 105 14.167
22 106 2.059
22 107 98.923
22 108 4.756
22 109 10.236
22 110 84.176
22 111 73.465
22 112 52.914
22 113 88.108
22 114 16.085
22 115 57.676
22 116 38.840
22 117 41.933
22 118 85.079
22 119 62.127
23 24 52.700
23 25 68.680
23 26 44.403
23 27 43.405
23 28 5.981
23 29 88.071
23 30 82.707
23 31 89.123
23 32 55.720
23 33 18.476
23 34 36.522
23 35 64.366
23 36 1.253
23 37 98.713
23 38 15.210
23 39 0.730
23 40 30.199
23 41 25.840
23 42 76.300
23 43 47.154
23 44 29.168
23 45 99.871
23 46 23.182
23 47 30.333
23 48 29.100
23 49 27.731
23 50 96.868
23 51 91.749
23 52 25.119
23 53 40.845
23 54 98.846
23 55 78.200
23 56 96.473
23 57 23.427
23 58 13.001
23 59 63.231
23 60 53.371
23 61 31.817
23 62 91.181
23 63 67.949
23 64 54.442
23 65 9.166
23 66 29.171
23 67 31.462
23 68 71.043
23 69 64.301
23 70 87.687
23 71 53.538
23 72 22.801
23 73 88.787
23 74 6.453
23 75 95.079
23 76 72.545
23 77 32.002
23 78 18.496
23 79 75.594
23 80 48.156
23 81 40.460
23 82 96.518
23 83 51.128
23 84 53.919
23 85 94.683
23 86 53.531
23 87 90.928
23 88 44.571
23 89 44.580
23 90 75.885
23 91 96.656
23 92 61.531
23 93 52.607
23 94 88.418
23 95 24.039
23 96 72.678
23 97 2.901
23 98 38.661
23 99 73.598
23 100 14.578
23 101 24.131
23 102 39.849
23 103 14.465
23 104 9.191
23 105 3.989
23 106 30.962
23 107 93.282
23 108 15.860
23 109 44.039
23 110 96.105
23 111 58.780
23 112 83.795
23 113 15.075
23 114 35.211
23 115 1.888
23 116 90.259
23 117 25.182
23 118 93.440
23 119 71.086
24 25 85.337
24 26 5.378
24 27 37.531
24 28 73.178
24 29 15.398
24 30 51.010
24 31 14.026
24 32 10.819
24 33 64.306
24 34 30.994
24 35 36.419
24 36 39.829
24 37 33.912
24 38 91.575
24 39 26.168
24 40 51.701
24 41 83.522
24 42 36.403
24 43 75.928
24 44 99.712
24 45 61.806
24 46 60.575
24 47 12.486
24 48 90.654
24 49 94.009
24 50 52.693
24 51 11.528
24 52 58.412
24 53 32.329
24 54 56.024
24 55 56.772
24 56 20.531
24 57 37.998
24 58 97.575
24 59 41.881
24 60 94.354
24 61 39.840
24 62 52.127
24 63 85.224
24 64 15.459
24 65 6.011
24 66 7.262
24 67 64.709
24 68 57.839
24 69 73.104
24 70 34.930
24 71 82.757
24 72 2.648
24 73 99.984
24 74 55.286
24 75 39.974
24 76 40.323
24 77 52.472
24 78 99.336
24 79 30.098
24 80 19.482
24 81 79.376
24 82 38.349
24 83 68.568
24 84 75.279
24 85 10.416
24 86 50.051
24 87 32.363
24 88 79.719
24 89 92.223
24 90 34.270
24 91 19.705
24 92 56.948
24 93 79.839
24 94 74.049
24 95 34.833
24 96 97.638
24 97 18.088
24 98 62.105
24 99 65.241
24 100 88.329
24 101 79.649
24 102 77.128
24 103 46.608
24 104 43.948
24 105 74.862
24 106 99.536
24 107 4.107
24 108 94.723
24 109 12.023
24 110 2.140
24 111 17.867
24 112 32.303
24 113 66.357
24 114 37.583
24 115 85.059
24 116 64.166
24 117 10.831
24 118 71.463
24 119 41.419
25 26 60.229
25 27 72.670
25 28 77.739
25 29 60.962
25 30 1.072
25 31 5.660
25 32 21.312
25 33 74.258
25 34 53.318
25 35 10.240
25 36 1.593
25 37 32.793
25 38 4.420
25 39 90.905
25 40 20.444
25 41 99.827
25 42 86.495
25 43 13.577
25 44 68.017
25 45 66.581
25 46 6.814
25 47 14.371
25 48 90.855
25 49 76.678
25 50 81.193
25 51 15.598
25 52 18.012
25 53 91.477
25 54 35.736
25 55 24.833
25 56 73.033
25 57 44.255
25 58 2.276
25 59 28.540
25 60 92.270
25 61 12.167
25 62 83.331
25 63 43.029
25 64 3.355
25 65 81.483
25 66 3.512
25 67 52.380
25 68 91.543
25 69 93.815
25 70 96.045
25 71 45.515
25 72 96.200
25 73 38.874
25 74 95.456
25 75 62.743
25 76 34.897
25 77 2.759
25 78 20.441
25 79 75.850
25 80 48.357
25 81 89.859
25 82 34.543
25 83 55.230
25 84 95.925
25 85 11.153
25 86 66.536
25 87 22.555
25 88 8.311
25 89 72.038
25 90 57.236
25 91 48.123
25 92 21.991
25 93 98.750
25 94 74.970
25 95 28.311
25 96 77.979
25 97 14.054
25 98 8.052
25 99 70.432
25 100 66.604
25 101 10.047
25 102 99.338
25 103 19.835
25 104 39.474
25 105 68.803
25 106 35.296
25 107 87.219
25 108 89.975
25 109 49.982
25 110 40.033
25 111 72.898
25 112 24.484
25 113 98.673
25 114 53.321
25 115 39.170
25 116 7.853
25 117 26.391
25 118 90.892
25 119 51.932
26 27 68.830
26 28 83.518
26 29 95.164
26 30 98.355
26 31 93.706
26 32 72.424
26 33 85.013
26 34 88.683
26 35 19.799
26 36 47.071
26 37 4.361
26 38 67.131
26 39 64.339
26 40 7.135
26 41 51.038
26 42 89.358
26 43 88.807
26 44 22.499
26 45 39.789
26 46 72.152
26 47 4.016
26 48 17.425
26 49 16.249
26 50 84.727
26 51 66.994
26 52 2.804
26 53 92.345
26 54 30.423
26 55 7.158
26 56 69.577
26 57 17.801
26 58 62.625
26 59 46.316
26 60 46.773
26 61 37.312
26 62 89.363
26 63 44.722
26 64 83.545
26 65 8.416
26 66 47.312
26 67 13.707
26 68 36.175
26 69 71.221
26 70 67.827
26 71 84.306
26 72 28.236
26 73 67.876
26 74 15.143
26 75 10.909
26 76 4.914
26 77 7.045
26 78 50.038
26 79 19.080
26 80 20.965
26 81 56.624
26 82 61.002
26 83 77.525
26 84 85.846
26 85 26.552
26 86 9.380
26 87 85.615
26 88 39.296
26 89 72.826
26 90 54.946
26 91 19.889
26 92 45.942
26 93 13.651
26 94 64.019
26 95 75.689
26 96 78.475
26 97 99.203
26 98 53.529
26 99 73.324
26 100 5.535
26 101 17.542
26 102 91.280
26 103 72.139
26 104 12.639
26 105 50.972
26 106 55.238
26 107 50.368
26 108 62.311
26 109 19.526
26 110 52.763
26 111 63.858
26 112 43.040
26 113 61.209
26 114 14.513
26 115 92.549
26 116 65.790
26 117 2.270
26 118 7.123
26 119 19.991
27 28 41.445
27 29 64.993
27 30 53.784
27 31 68.280
27 32 12.968
27 33 45.388
27 34 12.490
27 35 28.422
27 36 21.947
27 37 68.616
27 38 38.004
27 39 84.460
27 40 60.838
27 41 96.133
27 42 45.466
27 43 28.633
27 44 99.377
27 45 15.230
27 46 1.106
27 47 4.353
27 48 76.495
27 49 89.064
27 50 88.661
27 51 94.003
27 52 17.520
27 53 83.223
27 54 38.855
27 55 89.327
27 56 70.516
27 57 13.483
27 58 63.721
27 59 43.627
27 60 55.343
27 61 78.684
27 62 7.533
27 63 7.027
27 64 84.330
27 65 52.487
27 66 11.788
27 67 88.741
27 68 44.429
27 69 8.258
27 70 92.925
27 71 73.571
27 72 27.277
27 73 42.471
27 74 48.374
27 75 43.824
27 76 55.835
27 77 43.732
27 78 39.053
27 79 22.327
27 80 84.058
27 81 26.886
27 82 44.563
27 83 57.459
27 84 39.562
27 85 14.689
27 86 51.103
27 87 16.872
27 88 38.278
27 89 3.101
27 90 11.534
27 91 43.023
27 92 24.847
27 93 90.531
27 94 12.016
27 95 50.691
27 96 82.790
27 97 86.190
27 98 90.324
27 99 14.299
27 100 14.485
27 101 38.235
27 102 77.172
27 103 1.214
27 104 12.539
27 105 38.472
27 106 73.809
27 107 56.071
27 108 31.370
27 109 67.135
27 110 36.649
27 111 30.749
27 112 20.613
27 113 38.628
27 114 12.844
27 115 84.796
27 116 0.476
27 117 97.083
27 118 59.486
27 119 51.901
28 29 43.192
28 30 89.235
28 31 83.513
28 32 79.420
28 33 74.465
28 34 11.310
28 35 59.410
28 36 0.057
28 37 24.123
28 38 86.533
28 39 17.453
28 40 87.417
28 41 36.138
28 42 80.306
28 43 46.491
28 44 80.506
28 45 94.793
28 46 1.255
28 47 22.194
28 48 36.139
28 49 35.920
28 50 68.059
28 51 54.161
28 52 82.782
28 53 90.032
28 54 44.355
28 55 43.479
28 56 4.542
28 57 47.591
28 58 56.982
28 59 56.063
28 60 79.794
28 61 45.727
28 62 16.461
28 63 46.501
28 64 35.377
28 65 50.471
28 66 52.839
28 67 12.175
28 68 54.343
28 69 48.859
28 70 64.868
28 71 18.030
28 72 92.912
28 73 71.238
28 74 56.022
28 75 8.674
28 76 20.580
28 77 35.678
28 78 96.919
28 79 16.368
28 80 96.280
28 81 43.618
28 82 10.490
28 83 80.972
28 84 33.002
28 85 58.690
28 86 23.586
28 87 21.091
28 88 83.514
28 89 69.116
28 90 66.699
28 91 34.399
28 92 0.553
28 93 68.189
28 94 32.091
28 95 59.534
28 96 86.359
28 97 87.011
28 98 19.866
28 99 1.976
28 100 48.410
28 101 79.023
28 102 11.382
28 103 11.960
28 104 20.933
28 105 86.819
28 106 9.875
28 107 3.731
28 108 95.043
28 109 18.292
28 110 79.308
28 111 22.386
28 112 24.315
28 113 21.409
28 114 94.167
28 115 97.010
28 116 37.105
28 117 74.694
28 118 85.307
28 119 67.002
29 30 92.148
29 31 4.002
29 32 29.937
29 33 32.243
29 34 59.753
29 35 95.216
29 36 87.442
29 37 57.138
29 38 97.316
29 39 97.228
29 40 26.971
29 41 53.610
29 42 14.964
29 43 99.870
29 44 27.615
29 45 78.744
29 46 94.789
29 47 27.465
29 48 57.438
29 49 9.066
29 50 35.431
29 51 10.181
29 52 53.781
29 53 95.325
29 54 42.719
29 55 82.657
29 56 33.981
29 57 59.174
29 58 76.610
29 59 12.131
29 60 62.993
29 61 66.285
29 62 94.838
29 63 76.808
29 64 92.430
29 65 99.201
29 66 4.506
29 67 99.260
29 68 64.109
29 69 57.638
29 70 44.264
29 71 89.363
29 72 40.457
29 73 33.934
29 74 71.767
29 75 66.624
29 76 83.985
29 77 47.039
29 78 23.787
29 79 12.675
29 80 58.514
29 81 69.656
29 82 49.669
29 83 51.326
29 84 65.984
29 85 50.079
29 86 92.699
29 87 65.763
29 88 64.370
29 89 12.758
29 90 8.571
29 91 40.299
29 92 34.630
29 93 19.811
29 94 65.258
29 95 57.563
29 96 77.584
29 97 89.413
29 98 64.413
29 99 91.076
29 100 25.229
29 101 96.449
29 102 60.872
29 103 7.879
29 104 45.243
29 105 25.786
29 106 33.839
29 107 36.218
29 108 2.298
29 109 9.197
29 110 81.058
29 111 59.224
29 112 15.278
29 113 53.223
29 114 65.525
29 115 67.130
29 116 15.615
29 117 57.162
29 118 43.275
29 119 37.775
30 31 68.709
30 32 27.880
30 33 40.282
30 34 17.949
30 35 67.730
30 36 21.307
30 37 26.703
30 38 46.629
30 39 47.128
30 40 79.229
30 41 57.525
30 42 95.214
30 43 91.756
30 44 84.385
30 45 10.037
30 46 99.566
30 47 36.760
30 48 26.917
30 49 50.674
30 50 24.030
30 51 63.278
30 52 60.827
30 53 6.390
30 54 28.526
30 55 95.421
30 56 30.413
30 57 99.069
30 58 6.411
30 59 95.198
30 60 63.511
30 61 25.370
30 62 23.006
30 63 33.709
30 64 60.902
30 65 28.982
30 66 12.521
30 67 89.354
30 68 59.399
30 69 17.417
30 70 84.565
30 71 86.754
30 72 9.882
30 73 21.296
30 74 50.505
30 75 43.725
30 76 90.956
30 77 80.473
30 78 4.659
30 79 37.848
30 80 73.912
30 81 68.437
30 82 85.623
30 83 39.078
30 84 65.338
30 85 34.065
30 86 99.001
30 87 80.298
30 88 79.969
30 89 48.131
30 90 4.386
30 91 53.851
30 92 38.284
30 93 90.883
30 94 56.642
30 95 28.811
30 96 40.863
30 97 6.566
30 98 44.386
30 99 81.130
30 100 44.668
30 101 80.925
30 102 86.988
30 103 16.762
30 104 55.169
30 105 68.543
30 106 35.548
30 107 46.528
30 108 52.666
30 109 8.287
30 110 72.950
30 111 40.646
30 112 91.117
30 113 17.177
30 114 23.483
30 115 50.805
30 116 43.493
30 117 45.684
30 118 63.433
30 119 38.066
31 32 18.907
31 33 10.753
31 34 70.658
31 35 86.052
31 36 43.659
31 37 96.776
31 38 63.358
31 39 10.578
31 40 80.900
31 41 29.290
31 42 56.079
31 43 99.272
31 44 61.697
31 45 81.364
31 46 4.441
31 47 27.708
31 48 14.123
31 49 68.401
31 50 19.201
31 51 2.176
31 52 6.320
31 53 23.564
31 54 4.902
31 55 73.489
31 56 64.565
31 57 23.033
31 58 18.757
31 59 51.037
31 60 87.962
31 61 48.006
31 62 51.335
31 63 21.838
31 64 57.696
31 65 28.654
31 66 2.210
31 67 45.417
31 68 30.642
31 69 14.153
31 70 60.932
31 71 52.091
31 72 14.673
31 73 52.477
31 74 6.542
31 75 19.603
31 76 46.127
31 77 43.818
31 78 7.252
31 79 41.042
31 80 28.689
31 81 52.283
31 82 36.067
31 83 25.577
31 84 47.322
31 85 21.951
31 86 17.759
31 87 92.804
31 88 40.903
31 89 45.439
31 90 87.989
31 91 31.344
31 92 2.866
31 93 75.773
31 94 76.317
31 95 92.818
31 96 80.427
31 97 55.679
31 98 21.389
31 99 83.460
31 100 59.859
31 101 62.347
31 102 88.856
31 103 97.343
31 104 57.796
31 105 30.226
31 106 90.359
31 107 7.570
31 108 86.701
31 109 19.650
31 110 95.399
31 111 94.760
31 112 26.400
31 113 44.833
31 114 86.985
31 115 45.796
31 116 12.974
31 117 61.235
31 118 36.664
31 119 0.001
32 33 51.317
32 34 39.336
32 35 64.865
32 36 54.805
32 37 68.335
32 38 19.547
32 39 8.442
32 40 68.450
32 41 49.995
32 42 51.262
32 43 38.895
32 44 13.368
32 45 47.363
32 46 67.995
32 47 61.951
32 48 40.637
32 49 94.257
32 50 40.116
32 51 81.999
32 52 13.264
32 53 52.321
32 54 76.830
32 55 33.373
32 56 54.043
32 57 88.056
32 58 19.888
32 59 64.513
32 60 32.335
32 61 90.778
32 62 82.926
32 63 10.769
32 64 83.370
32 65 60.455
32 66 42.371
32 67 6.942
32 68 13.531
32 69 30.054
32 70 78.542
32 71 71.593
32 72 95.565
32 73 38.272
32 74 98.878
32 75 41.771
32 76 98.770
32 77 35.432
32 78 49.128
32 79 48.979
32 80 30.973
32 81 87.848
32 82 32.919
32 83 5.046
32 84 91.444
32 85 44.094
32 86 15.270
32 87 10.040
32 88 46.905
32 89 40.394
32 90 81.428
32 91 3.423
32 92 46.393
32 93 51.738
32 94 58.843
32 95 54.352
32 96 84.974
32 97 40.357
32 98 87.112
32 99 27.394
32 100 11.182
32 101 13.817
32 102 38.453
32 103 65.837
32 104 48.520
32 105 81.280
32 106 49.505
32 107 6.388
32 108 67.506
32 109 88.370
32 110 24.245
32 111 76.257
32 112 1.452
32 113 18.589
32 114 7.300
32 115 26.445
32 116 46.552
32 117 72.388
32 118 7.156
32 119 23.509
33 34 24.835
33 35 73.768
33 36 69.541
33 37 56.184
33 38 17.141
33 39 8.659
33 40 62.689
33 41 12.923
33 42 92.547
33 43 69.379
33 44 38.252
33 45 51.747
33 46 70.487
33 47 65.074
33 48 74.290
33 49 14.787
33 50 52.347
33 51 59.373
33 52 90.079
33 53 36.435
33 54 50.396
33 55 13.310
33 56 46.402
33 57 56.273
33 58 23.663
33 59 44.152
33 60 9.529
33 61 75.738
33 62 2.735
33 63 58.875
33 64 62.282
33 65 90.987
33 66 48.441
33 67 84.823
33 68 91.375
33 69 93.455
33 70 42.991
33 71 99.451
33 72 66.640
33 73 54.346
33 74 56.383
33 75 56.118
33 76 54.813
33 77 99.617
33 78 65.764
33 79 13.487
33 80 78.209
33 81 37.966
33 82 30.895
33 83 2.408
33 84 36.949
33 85 25.911
33 86 45.010
33 87 6.011
33 88 62.289
33 89 41.292
33 90 87.080
33 91 86.290
33 92 58.185
33 93 89.301
33 94 98.861
33 95 63.592
33 96 18.375
33 97 83.652
33 98 98.099
33 99 44.173
33 100 77.094
33 101 29.567
33 102 17.863
33 103 95.424
33 104 62.923
33 105 84.946
33 106 31.235
33 107 88.339
33 108 77.358
33 109 91.450
33 110 80.440
33 111 62.476
33 112 12.346
33 113 48.167
33 114 79.975
33 115 19.923
33 116 54.336
33 117 47.105
33 118 4.436
33 119 21.661
34 35 96.315
34 36 1.977
34 37 3.457
34 38 42.263
34 39 93.864
34 40 79.582
34 41 8.545
34 42 36.981
34 43 56.436
34 44 86.509
34 45 9.594
34 46 89.073
34 47 60.842
34 48 73.018
34 49 82.458
34 50 34.594
34 51 10.398
34 52 90.625
34 53 43.208
34 54 6.900
34 55 40.195
34 56 80.257
34 57 89.569
34 58 3.772
34 59 86.648
34 60 73.824
34 61 65.506
34 62 56.311
34 63 97.791
34 64 63.592
34 65 51.055
34 66 70.680
34 67 59.687
34 68 31.000
34 69 36.224
34 70 21.259
34 71 53.889
34 72 29.343
34 73 85.161
34 74 96.948
34 75 41.065
34 76 83.255
34 77 34.764
34 78 41.098
34 79 86.691
34 80 1.957
34 81 0.524
34 82 79.982
34 83 6.142
34 84 2.975
34 85 81.652
34 86 4.680
34 87 8.584
34 88 8.357
34 89 67.352
34 90 56.967
34 91 61.702
34 92 6.365
34 93 46.657
34 94 70.997
34 95 82.650
34 96 68.218
34 97 15.301
34 98 39.514
34 99 84.497
34 100 71.650
34 101 54.877
34 102 5.826
34 103 72.011
34 104 10.892
34 105 31.868
34 106 30.910
34 107 85.798
34 108 66.144
34 109 27.145
34 110 48.819
34 111 39.604
34 112 64.672
34 113 60.130
34 114 2.914
34 115 82.031
34 116 90.392
34 117 16.061
34 118 50.500
34 119 40.948
35 36 89.111
35 37 19.659
35 38 34.066
35 39 76.574
35 40 72.585
35 41 23.995
35 42 43.614
35 43 77.492
35 44 46.089
35 45 99.442
35 46 36.445
35 47 82.800
35 48 71.456
35 49 14.378
35 50 38.292
35 51 3.122
35 52 30.329
35 53 96.625
35 54 22.847
35 55 43.435
35 56 70.849
35 57 52.619
35 58 55.475
35 59 1.391
35 60 5.082
35 61 99.930
35 62 91.324
35 63 26.318
35 64 74.186
35 65 37.962
35 66 38.053
35 67 76.073
35 68 13.664
35 69 41.545
35 70 29.036
35 71 1.633
35 72 32.002
35 73 12.625
35 74 4.178
35 75 22.597
35 76 62.556
35 77 66.338
35 78 62.382
35 79 30.695
35 80 60.790
35 81 59.545
35 82 32.196
35 83 72.958
35 84 96.777
35 85 92.213
35 86 5.352
35 87 21.374
35 88 36.327
35 89 25.054
35 90 91.652
35 91 31.665
35 92 13.223
35 93 60.437
35 94 83.051
35 95 30.221
35 96 69.698
35 97 27.813
35 98 59.829
35 99 45.321
35 100 82.679
35 101 99.771
35 102 32.358
35 103 16.389
35 104 99.224
35 105 40.339
35 106 88.266
35 107 73.399
35 108 76.209
35 109 53.221
35 110 6.672
35 111 77.412
35 112 56.490
35 113 54.449
35 114 8.711
35 115 52.807
35 116 16.625
35 117 41.253
35 118 36.683
35 119 21.944
36 37 89.678
36 38 66.950
36 39 92.959
36 40 73.798
36 41 0.733
36 42 60.291
36 43 24.144
36 44 59.502
36 45 52.413
36 46 46.896
36 47 6.039
36 48 9.834
36 49 63.079
36 50 40.323
36 51 70.580
36 52 12.322
36 53 91.313
36 54 70.757
36 55 17.187
36 56 68.950
36 57 76.863
36 58 10.456
36 59 67.891
36 60 79.391
36 61 90.465
36 62 36.808
36 63 58.068
36 64 59.218
36 65 12.764
36 66 46.227
36 67 2.811
36 68 7.736
36 69 56.014
36 70 95.084
36 71 42.702
36 72 85.882
36 73 1.349
36 74 97.526
36 75 52.160
36 76 51.047
36 77 49.070
36 78 54.215
36 79 88.544
36 80 22.744
36 81 69.783
36 82 20.934
36 83 70.860
36 84 20.716
36 85 0.144
36 86 51.475
36 87 3.162
36 88 25.369
36 89 48.543
36 90 65.316
36 91 99.651
36 92 59.361
36 93 63.314
36 94 97.382
36 95 25.986
36 96 78.705
36 97 68.827
36 98 84.497
36 99 44.474
36 100 91.933
36 101 93.317
36 102 31.156
36 103 39.562
36 104 96.682
36 105 96.385
36 106 75.846
36 107 4.467
36 108 34.453
36 109 53.778
36 110 48.383
36 111 89.777
36 112 16.376
36 113 72.448
36 114 68.600
36 115 50.528
36 116 65.488
36 117 89.773
36 118 87.206
36 119 79.500
37 38 54.306
37 39 57.476
37 40 10.750
37 41 81.399
37 42 90.430
37 43 22.935
37 44 84.366
37 45 25.096
37 46 17.457
37 47 98.425
37 48 28.324
37 49 9.226
37 50 53.646
37 51 52.307
37 52 37.429
37 53 90.267
37 54 86.595
37 55 65.227
37 56 55.887
37 57 51.540
37 58 78.604
37 59 69.131
37 60 34.526
37 61 36.671
37 62 14.458
37 63 27.200
37 64 62.101
37 65 31.626
37 66 41.025
37 67 18.798
37 68 37.926
37 69 55.769
37 70 6.394
37 71 65.081
37 72 19.152
37 73 14.219
37 74 5.157
37 75 68.143
37 76 32.785
37 77 71.364
37 78 76.042
37 79 39.389
37 80 89.887
37 81 28.490
37 82 78.243
37 83 61.300
37 84 77.378
37 85 27.272
37 86 93.606
37 87 60.820
37 88 31.492
37 89 55.270
37 90 63.260
37 91 72.316
37 92 16.169
37 93 99.584
37 94 69.325
37 95 33.380
37 96 39.522
37 97 80.467
37 98 15.011
37 99 87.722
37 100 42.021
37 101 97.978
37 102 39.711
37 103 65.950
37 104 81.129
37 105 41.629
37 106 29.644
37 107 77.277
37 108 18.891
37 109 45.522
37 110 49.118
37 111 73.002
37 112 91.306
37 113 19.604
37 114 22.683
37 115 36.077
37 116 1.334
37 117 51.432
37 118 44.246
37 119 10.155
38 39 30.978
38 40 52.256
38 41 75.632
38 42 6.230
38 43 12.137
38 44 16.226
38 45 24.132
38 46 15.278
38 47 30.770
38 48 72.181
38 49 56.260
38 50 11.317
38 51 64.425
38 52 33.749
38 53 13.230
38 54 50.844
38 55 69.275
38 56 95.386
38 57 42.611
38 58 61.822
38 59 39.554
38 60 79.491
38 61 50.135
38 62 68.246
38 63 59.656
38 64 12.877
38 65 5.845
38 66 14.743
38 67 57.125
38 68 99.679
38 69 9.548
38 70 39.759
38 71 43.406
38 72 62.111
38 73 31.969
38 74 95.594
38 75 98.445
38 76 40.584
38 77 0.055
38 78 28.872
38 79 15.095
38 80 80.267
38 81 87.551
38 82 15.989
38 83 69.774
38 84 82.493
38 85 5.284
38 86 94.677
38 87 26.937
38 88 66.286
38 89 59.480
38 90 45.012
38 91 16.660
38 92 67.803
38 93 61.045
38 94 51.031
38 95 46.992
38 96 3.638
38 97 23.865
38 98 17.592
38 99 25.725
38 100 37.698
38 101 86.007
38 102 26.180
38 103 69.850
38 104 20.763
38 105 24.139
38 106 88.065
38 107 75.196
38 108 16.848
38 109 8.498
38 110 93.567
38 111 3.610
38 112 91.145
38 113 63.458
38 114 62.136
38 115 20.540
38 116 10.587
38 117 57.016
38 118 69.506
38 119 81.984
39 40 99.962
39 41 41.458
39 42 65.452
39 43 26.501
39 44 4.035
39 45 7.011
39 46 98.440
39 47 75.364
39 48 29.284
39 49 90.462
39 50 31.971
39 51 81.895
39 52 77.603
39 53 1.532
39 54 71.480
39 55 99.669
39 56 38.753
39 57 91.209
39 58 20.346
39 59 58.473
39 60 78.334
39 61 88.307
39 62 48.934
39 63 46.809
39 64 43.704
39 65 73.182
39 66 91.517
39 67 0.185
39 68 11.549
39 69 40.842
39 70 82.519
39 71 85.579
39 72 17.687
39 73 29.619
39 74 5.727
39 75 54.174
39 76 42.229
39 77 56.109
39 78 57.964
39 79 6.839
39 80 71.336
39 81 2.276
39 82 22.141
39 83 79.831
39 84 20.609
39 85 46.406
39 86 3.719
39 87 11.773
39 88 84.537
39 89 16.028
39 90 9.305
39 91 97.234
39 92 71.415
39 93 67.968
39 94 36.445
39 95 67.086
39 96 93.857
39 97 68.382
39 98 99.614
39 99 61.298
39 100 11.213
39 101 53.904
39 102 39.020
39 103 75.949
39 104 62.176
39 105 3.985
39 106 46.015
39 107 72.973
39 108 83.318
39 109 44.040
39 110 91.744
39 111 38.522
39 112 82.484
39 113 29.196
39 114 64.143
39 115 63.805
39 116 24.715
39 117 29.245
39 118 2.447
39 119 0.895
40 41 92.786
40 42 46.811
40 43 68.087
40 44 15.208
40 45 4.444
40 46 52.821
40 47 6.214
40 48 16.260
40 49 4.088
40 50 16.010
40 51 32.991
40 52 98.746
40 53 97.909
40 54 36.527
40 55 30.425
40 56 67.149
40 57 68.385
40 58 67.608
40 59 42.703
40 60 48.784
40 61 86.555
40 62 23.832
40 63 45.803
40 64 22.570
40 65 38.643
40 66 29.693
40 67 5.659
40 68 3.812
40 69 97.372
40 70 57.950
40 71 49.188
40 72 28.859
40 73 97.691
40 74 43.719
40 75 47.223
40 76 77.788
40 77 21.677
40 78 37.262
40 79 48.736
40 80 58.086
40 81 58.003
40 82 76.139
40 83 11.663
40 84 47.814
40 85 77.631
40 86 15.680
40 87 47.243
40 88 62.841
40 89 59.311
40 90 55.652
40 91 31.996
40 92 69.481
40 93 5.934
40 94 40.553
40 95 44.289
40 96 11.219
40 97 16.001
40 98 91.152
40 99 50.876
40 100 56.212
40 101 13.164
40 102 45.670
40 103 2.932
40 104 0.851
40 105 91.257
40 106 50.442
40 107 0.747
40 108 83.925
40 109 2.206
40 110 41.954
40 111 51.623
40 112 75.781
40 113 99.884
40 114 4.800
40 115 76.457
40 116 7.349
40 117 54.222
40 118 73.429
40 119 17.065
41 42 95.052
41 43 66.793
41 44 69.478
41 45 58.537
41 46 99.318
41 47 51.621
41 48 31.013
41 49 8.713
41 50 26.798
41 51 93.070
41 52 95.206
41 53 70.351
41 54 49.379
41 55 56.483
41 56 41.752
41 57 0.624
41 58 66.687
41 59 6.608
41 60 90.779
41 61 77.310
41 62 83.026
41 63 83.876
41 64 76.033
41 65 81.343
41 66 4.541
41 67 99.237
41 68 81.809
41 69 61.373
41 70 87.909
41 71 34.540
41 72 40.394
41 73 67.557
41 74 87.955
41 75 77.317
41 76 35.721
41 77 29.013
41 78 58.326
41 79 76.377
41 80 48.474
41 81 2.187
41 82 56.749
41 83 77.738
41 84 8.064
41 85 35.870
41 86 94.340
41 87 89.203
41 88 87.704
41 89 82.646
41 90 47.086
41 91 26.289
41 92 90.222
41 93 36.291
41 94 16.844
41 95 12.218
41 96 24.312
41 97 89.960
41 98 89.062
41 99 40.343
41 100 63.603
41 101 90.952
41 102 84.905
41 103 58.643
41 104 14.209
41 105 14.445
41 106 46.629
41 107 2.810
41 108 90.376
41 109 90.771
41 110 26.705
41 111 86.982
41 112 12.353
41 113 98.658
41 114 73.650
41 115 59.316
41 116 95.846
41 117 80.316
41 118 20.424
41 119 43.357
42 43 98.151
42 44 43.312
42 45 84.932
42 46 15.563
42 47 22.539
42 48 88.911
42 49 86.376
42 50 14.371
42 51 59.492
42 52 46.868
42 53 66.056
42 54 36.810
42 55 61.069
42 56 2.635
42 57 76.744
42 58 54.960
42 59 2.978
42 60 74.503
42 61 70.835
42 62 76.446
42 63 87.877
42 64 35.435
42 65 74.221
42 66 80.665
42 67 82.936
42 68 77.155
42 69 80.230
42 70 85.596
42 71 64.916
42 72 82.532
42 73 35.903
42 74 38.811
42 75 66.789
42 76 6.355
42 77 21.554
42 78 80.713
42 79 81.354
42 80 64.346
42 81 43.755
42 82 98.009
42 83 79.368
42 84 95.535
42 85 71.776
42 86 71.121
42 87 42.378
42 88 94.129
42 89 47.976
42 90 20.465
42 91 93.731
42 92 3.541
42 93 93.782
42 94 73.445
42 95 35.183
42 96 27.513
42 97 14.599
42 98 6.528
42 99 61.078
42 100 41.019
42 101 79.393
42 102 64.893
42 103 27.211
42 104 77.178
42 105 13.641
42 106 25.945
42 107 97.346
42 108 25.411
42 109 97.985
42 110 52.346
42 111 76.729
42 112 0.841
42 113 9.146
42 114 75.267
42 115 69.034
42 116 35.238
42 117 74.531
42 118 59.190
42 119 60.818
43 44 95.767
43 45 37.438
43 46 25.857
43 47 45.879
43 48 59.397
43 49 45.899
43 50 56.872
43 51 50.857
43 52 58.015
43 53 84.918
43 54 51.968
43 55 12.915
43 56 62.146
43 57 69.234
43 58 93.104
43 59 90.575
43 60 89.604
43 61 1.734
43 62 53.322
43 63 59.533
43 64 9.512
43 65 81.240
43 66 93.687
43 67 56.747
43 68 61.824
43 69 12.641
43 70 11.665
43 71 88.093
43 72 27.800
43 73 32.206
43 74 39.907
43 75 7.621
43 76 67.877
43 77 11.396
43 78 45.736
43 79 9.678
43 80 89.918
43 81 43.603
43 82 48.443
43 83 49.147
43 84 23.063
43 85 50.006
43 86 54.110
43 87 19.568
43 88 50.222
43 89 63.060
43 90 5.752
43 91 74.089
43 92 95.703
43 93 59.156
43 94 60.367
43 95 70.011
43 96 73.574
43 97 15.579
43 98 33.889
43 99 54.093
43 100 77.016
43 101 61.151
43 102 0.035
43 103 82.861
43 104 29.331
43 105 74.786
43 106 89.693
43 107 89.801
43 108 23.140
43 109 61.693
43 110 13.772
43 111 69.677
43 112 45.958
43 113 3.066
43 114 24.318
43 115 49.072
43 116 27.509
43 117 31.832
43 118 36.228
43 119 51.851
44 45 46.965
44 46 34.410
44 47 55.042
44 48 48.407
44 49 6.785
44 50 16.405
44 51 95.045
44 52 98.336
44 53 13.881
44 54 98.783
44 55 26.325
44 56 57.640
44 57 8.549
44 58 30.305
44 59 59.449
44 60 23.576
44 61 46.966
44 62 11.868
44 63 62.048
44 64 32.983
44 65 73.954
44 66 28.894
44 67 2.890
44 68 13.184
44 69 19.358
44 70 78.992
44 71 35.909
44 72 8.500
44 73 13.541
44 74 63.906
44 75 69.170
44 76 69.978
44 77 45.360
44 78 87.073
44 79 11.908
44 80 1.083
44 81 79.430
44 82 61.147
44 83 56.531
44 84 97.928
44 85 8.578
44 86 83.418
44 87 31.893
44 88 9.024
44 89 42.076
44 90 81.339
44 91 59.141
44 92 66.606
44 93 20.601
44 94 65.189
44 95 52.104
44 96 9.237
44 97 4.800
44 98 50.426
44 99 30.439
44 100 23.715
44 101 5.937
44 102 28.378
44 103 55.678
44 104 83.233
44 105 14.304
44 106 70.666
44 107 57.788
44 108 48.270
44 109 33.901
44 110 50.109
44 111 93.067
44 112 26.908
44 113 50.359
44 114 48.857
44 115 62.893
44 116 62.016
44 117 43.158
44 118 3.106
44 119 27.318
45 46 24.230
45 47 2.884
45 48 2.996
45 49 67.435
45 50 41.653
45 51 29.634
45 52 26.137
45 53 86.173
45 54 89.904
45 55 69.604
45 56 33.725
45 57 88.371
45 58 99.457
45 59 93.483
45 60 99.288
45 61 47.935
45 62 11.087
45 63 32.508
45 64 71.881
45 65 52.360
45 66 24.864
45 67 65.824
45 68 97.869
45 69 13.065
45 70 43.238
45 71 96.293
45 72 38.470
45 73 43.762
45 74 4.606
45 75 60.948
45 76 23.796
45 77 38.449
45 78 40.178
45 79 97.009
45 80 78.415
45 81 25.670
45 82 63.962
45 83 24.701
45 84 38.279
45 85 36.301
45 86 23.439
45 87 14.097
45 88 54.384
45 89 98.415
45 90 96.720
45 91 74.736
45 92 44.625
45 93 64.645
45 94 20.976
45 95 44.042
45 96 12.037
45 97 85.016
45 98 76.416
45 99 53.349
45 100 95.011
45 101 61.334
45 102 30.327
45 103 18.817
45 104 53.020
45 105 58.009
45 106 66.432
45 107 38.601
45 108 20.034
45 109 98.563
45 110 86.296
45 111 77.348
45 112 77.031
45 113 47.125
45 114 71.529
45 115 84.417
45 116 4.872
45 117 59.818
45 118 38.231
45 119 23.186
46 47 79.291
46 48 92.255
46 49 98.401
46 50 85.382
46 51 60.892
46 52 66.222
46 53 66.992
46 54 26.591
46 55 14.738
46 56 31.167
46 57 17.811
46 58 86.920
46 59 66.524
46 60 4.239
46 61 96.663
46 62 54.246
46 63 65.287
46 64 36.423
46 65 45.913
46 66 86.581
46 67 76.227
46 68 31.665
46 69 81.109
46 70 34.776
46 71 71.466
46 72 40.947
46 73 87.306
46 74 97.112
46 75 21.389
46 76 63.885
46 77 70.444
46 78 93.308
46 79 14.779
46 80 16.703
46 81 7.432
46 82 67.036
46 83 51.973
46 84 67.336
46 85 87.488
46 86 13.245
46 87 62.099
46 88 95.928
46 89 26.870
46 90 79.438
46 91 92.746
46 92 12.129
46 93 69.292
46 94 8.483
46 95 8.441
46 96 49.385
46 97 55.111
46 98 74.653
46 99 12.923
46 100 60.787
46 101 53.820
46 102 14.252
46 103 79.423
46 104 61.077
46 105 6.407
46 106 67.568
46 107 33.038
46 108 95.052
46 109 16.845
46 110 29.800
46 111 79.766
46 112 63.878
46 113 65.246
46 114 55.234
46 115 17.891
46 116 7.709
46 117 89.160
46 118 71.114
46 119 99.138
47 48 25.544
47 49 94.054
47 50 35.502
47 51 29.381
47 52 11.388
47 53 9.158
47 54 16.889
47 55 11.687
47 56 99.545
47 57 0.691
47 58 82.370
47 59 38.068
47 60 41.291
47 61 90.889
47 62 55.939
47 63 30.585
47 64 80.170
47 65 8.320
47 66 48.761
47 67 17.277
47 68 53.801
47 69 12.637
47 70 69.259
47 71 3.904
47 72 26.378
47 73 95.226
47 74 92.421
47 75 68.586
47 76 47.916
47 77 56.130
47 78 4.940
47 79 63.172
47 80 43.817
47 81 97.176
47 82 45.649
47 83 52.523
47 84 61.486
47 85 51.432
47 86 29.140
47 87 60.909
47 88 39.494
47 89 89.873
47 90 74.565
47 91 23.286
47 92 19.170
47 93 7.618
47 94 61.315
47 95 58.503
47 96 88.530
47 97 94.107
47 98 98.599
47 99 91.337
47 100 34.102
47 101 34.289
47 102 26.909
47 103 50.721
47 104 77.460
47 105 71.169
47 106 65.936
47 107 62.683
47 108 90.191
47 109 84.025
47 110 85.714
47 111 38.213
47 112 13.529
47 113 1.104
47 114 5.591
47 115 28.672
47 116 57.030
47 117 70.842
47 118 19.094
47 119 84.316
48 49 14.446
48 50 61.392
48 51 1.832
48 52 5.142
48 53 14.345
48 54 44.732
48 55 84.283
48 56 17.498
48 57 18.027
48 58 48.619
48 59 61.656
48 60 44.743
48 61 87.962
48 62 27.371
48 63 68.958
48 64 65.766
48 65 76.211
48 66 10.738
48 67 71.005
48 68 71.255
48 69 24.222
48 70 39.063
48 71 4.284
48 72 34.361
48 73 22.873
48 74 82.470
48 75 60.450
48 76 9.754
48 77 54.815
48 78 72.007
48 79 19.654
48 80 63.081
48 81 29.909
48 82 41.454
48 83 26.024
48 84 11.416
48 85 28.971
48 86 89.962
48 87 47.292
48 88 24.548
48 89 91.030
48 90 27.697
48 91 75.914
48 92 96.828
48 93 14.976
48 94 59.386
48 95 9.967
48 96 49.752
48 97 97.729
48 98 93.921
48 99 98.724
48 100 66.603
48 101 97.954
48 102 42.132
48 103 49.974
48 104 92.199
48 105 96.873
48 106 79.376
48 107 74.002
48 108 53.142
48 109 25.874
48 110 4.769
48 111 82.628
48 112 66.995
48 113 44.363
48 114 24.694
48 115 70.731
48 116 12.368
48 117 80.735
48 118 24.623
48 119 82.442
49 50 26.189
49 51 94.326
49 52 70.380
49 53 4.500
49 54 79.260
49 55 76.878
49 56 97.600
49 57 35.210
49 58 56.704
49 59 88.296
49 60 6.490
49 61 49.054
49 62 36.017
49 63 13.390
49 64 77.874
49 65 14.190
49 66 12.186
49 67 33.814
49 68 66.100
49 69 22.912
49 70 66.676
49 71 32.529
49 72 4.527
49 73 63.598
49 74 15.102
49 75 86.933
49 76 80.132
49 77 96.776
49 78 97.011
49 79 61.155
49 80 95.204
49 81 97.602
49 82 90.404
49 83 78.053
49 84 36.114
49 85 92.427
49 86 43.554
49 87 37.092
49 88 11.874
49 89 48.040
49 90 17.100
49 91 45.550
49 92 8.452
49 93 68.802
49 94 20.550
49 95 47.391
49 96 28.765
49 97 19.042
49 98 9.056
49 99 66.664
49 100 52.808
49 101 15.971
49 102 78.679
49 103 30.442
49 104 57.564
49 105 31.778
49 106 61.352
49 107 0.070
49 108 82.132
49 109 2.701
49 110 74.380
49 111 18.886
49 112 9.940
49 113 67.523
49 114 23.522
49 115 79.618
49 116 66.957
49 117 48.326
49 118 93.598
49 119 25.280
50 51 2.497
50 52 42.251
50 53 86.019
50 54 23.671
50 55 27.514
50 56 14.615
50 57 78.785
50 58 97.478
50 59 34.199
50 60 70.951
50 61 91.207
50 62 49.504
50 63 10.254
50 64 38.338
50 65 32.980
50 66 95.667
50 67 91.383
50 68 4.881
50 69 5.237
50 70 7.221
50 71 66.355
50 72 50.253
50 73 99.799
50 74 68.015
50 75 60.404
50 76 49.949
50 77 12.111
50 78 72.630
50 79 74.790
50 80 51.192
50 81 43.167
50 82 26.897
50 83 53.020
50 84 99.438
50 85 16.281
50 86 63.544
50 87 77.534
50 88 40.963
50 89 75.607
50 90 52.632
50 91 74.570
50 92 39.262
50 93 65.098
50 94 68.951
50 95 19.493
50 96 20.776
50 97 8.933
50 98 76.696
50 99 90.038
50 100 8.978
50 101 27.442
50 102 5.509
50 103 10.720
50 104 14.877
50 105 26.156
50 106 21.366
50 107 68.080
50 108 26.733
50 109 89.870
50 110 40.822
50 111 53.517
50 112 82.115
50 113 98.447
50 114 97.741
50 115 8.084
50 116 11.366
50 117 56.597
50 118 47.947
50 119 1.981
51 52 13.135
51 53 95.971
51 54 89.094
51 55 80.351
51 56 59.863
51 57 64.644
51 58 80.584
51 59 46.583
51 60 33.890
51 61 66.435
51 62 71.517
51 63 34.467
51 64 63.367
51 65 50.489
51 66 83.405
51 67 41.359
51 68 61.197
51 69 80.166
51 70 48.799
51 71 55.952
51 72 69.948
51 73 29.529
51 74 76.976
51 75 16.278
51 76 81.025
51 77 65.552
51 78 3.499
51 79 76.255
51 80 27.330
51 81 74.708
51 82 81.718
51 83 42.389
51 84 45.218
51 85 83.671
51 86 91.167
51 87 66.180
51 88 63.792
51 89 5.611
51 90 70.372
51 91 42.298
51 92 7.366
51 93 15.947
51 94 29.660
51 95 67.822
51 96 90.432
51 97 24.376
51 98 63.410
51 99 63.575
51 100 43.513
51 101 63.645
51 102 60.510
51 103 45.082
51 104 33.002
51 105 59.738
51 106 6.851
51 107 57.655
51 108 28.424
51 109 83.043
51 110 84.306
51 111 57.854
51 112 26.518
51 113 5.534
51 114 96.933
51 115 31.819
51 116 63.093
51 117 5.110
51 118 97.017
51 119 89.940
52 53 30.855
52 54 65.008
52 55 41.095
52 56 66.829
52 57 74.209
52 58 13.512
52 59 79.247
52 60 85.801
52 61 50.507
52 62 37.230
52 63 69.722
52 64 17.800
52 65 31.283
52 66 79.776
52 67 15.334
52 68 76.195
52 69 66.750
52 70 6.963
52 71 38.108
52 72 40.878
52 73 52.130
52 74 79.452
52 75 44.286
52 76 97.791
52 77 15.378
52 78 24.316
52 79 83.085
52 80 13.312
52 81 92.418
52 82 38.073
52 83 69.473
52 84 36.841
52 85 68.235
52 86 85.484
52 87 23.775
52 88 39.495
52 89 39.982
52 90 80.776
52 91 79.046
52 92 51.984
52 93 1.740
52 94 50.942
52 95 20.919
52 96 60.548
52 97 59.613
52 98 84.384
52 99 54.044
52 100 56.257
52 101 60.609
52 102 62.385
52 103 34.236
52 104 10.029
52 105 59.010
52 106 55.794
52 107 66.114
52 108 63.396
52 109 49.974
52 110 44.761
52 111 42.256
52 112 83.346
52 113 71.619
52 114 85.489
52 115 91.826
52 116 28.503
52 117 14.109
52 118 4.721
52 119 14.100
53 54 13.447
53 55 77.045
53 56 50.007
53 57 95.522
53 58 38.160
53 59 84.956
53 60 61.822
53 61 47.634
53 62 70.376
53 63 4.747
53 64 62.200
53 65 57.652
53 66 30.061
53 67 8.669
53 68 73.788
53 69 13.477
53 70 27.257
53 71 91.724
53 72 93.095
53 73 50.555
53 74 47.251
53 75 83.357
53 76 42.187
53 77 69.296
53 78 60.295
53 79 89.879
53 80 14.208
53 81 88.634
53 82 57.037
53 83 66.260
53 84 9.831
53 85 33.848
53 86 75.379
53 87 43.788
53 88 34.116
53 89 4.883
53 90 89.661
53 91 33.522
53 92 86.234
53 93 35.224
53 94 78.841
53 95 84.552
53 96 28.132
53 97 30.711
53 98 76.807
53 99 0.807
53 100 62.457
53 101 72.752
53 102 34.976
53 103 10.456
53 104 84.904
53 105 81.025
53 106 95.022
53 107 37.925
53 108 1.669
53 109 56.994
53 110 77.887
53 111 50.123
53 112 18.767
53 113 71.521
53 114 44.127
53 115 35.689
53 116 16.746
53 117 17.314
53 118 70.231
53 119 28.877
54 55 21.673
54 56 20.136
54 57 15.695
54 58 8.206
54 59 71.245
54 60 91.457
54 61 26.452
54 62 84.010
54 63 53.537
54 64 9.613
54 65 31.684
54 66 38.804
54 67 65.072
54 68 36.588
54 69 43.079
54 70 99.661
54 71 94.818
54 72 13.134
54 73 58.293
54 74 2.784
54 75 91.179
54 76 26.258
54 77 3.657
54 78 57.011
54 79 10.158
54 80 9.975
54 81 25.113
54 82 25.230
54 83 74.618
54 84 22.738
54 85 50.898
54 86 20.488
54 87 96.929
54 88 43.136
54 89 4.677
54 90 57.045
54 91 30.272
54 92 39.176
54 93 43.636
54 94 5.703
54 95 17.489
54 96 95.895
54 97 32.454
54 98 77.450
54 99 0.603
54 100 31.042
54 101 41.142
54 102 99.796
54 103 38.997
54 104 89.242
54 105 72.393
54 106 56.115
54 107 59.735
54 108 81.292
54 109 82.406
54 110 29.919
54 111 29.602
54 112 27.152
54 113 58.073
54 114 33.162
54 115 95.208
54 116 68.727
54 117 52.939
54 118 0.544
54 119 84.835
55 56 41.635
55 57 64.562
55 58 0.205
55 59 3.720
55 60 33.985
55 61 56.685
55 62 45.302
55 63 83.046
55 64 14.533
55 65 91.031
55 66 90.666
55 67 62.203
55 68 82.628
55 69 35.631
55 70 64.060
55 71 93.690
55 72 78.009
55 73 59.233
55 74 12.537
55 75 60.544
55 76 89.765
55 77 4.661
55 78 40.937
55 79 87.315
55 80 20.677
55 81 57.904
55 82 81.825
55 83 7.285
55 84 95.682
55 85 94.278
55 86 63.958
55 87 21.064
55 88 51.334
55 89 88.175
55 90 39.847
55 91 44.632
55 92 6.918
55 93 18.722
55 94 92.059
55 95 98.523
55 96 97.248
55 97 90.065
55 98 62.611
55 99 34.106
55 100 42.242
55 101 12.107
55 102 40.137
55 103 27.745
55 104 38.942
55 105 55.137
55 106 95.467
55 107 99.147
55 108 87.994
55 109 0.128
55 110 77.848
55 111 26.279
55 112 8.441
55 113 55.405
55 114 71.228
55 115 36.019
55 116 52.226
55 117 99.918
55 118 62.864
55 119 47.026
56 57 2.937
56 58 43.546
56 59 94.986
56 60 29.332
56 61 32.116
56 62 65.649
56 63 54.289
56 64 23.762
56 65 90.806
56 66 4.522
56 67 3.802
56 68 33.515
56 69 34.089
56 70 22.440
56 71 76.927
56 72 60.139
56 73 11.949
56 74 63.672
56 75 34.486
56 76 6.560
56 77 11.116
56 78 56.148
56 79 32.123
56 80 11.009
56 81 99.408
56 82 81.356
56 83 57.667
56 84 7.374
56 85 6.627
56 86 51.644
56 87 75.866
56 88 29.889
56 89 74.197
56 90 89.238
56 91 61.359
56 92 93.070
56 93 19.505
56 94 97.115
56 95 9.864
56 96 81.397
56 97 90.315
56 98 48.272
56 99 92.217
56 100 77.505
56 101 29.607
56 102 97.007
56 103 56.289
56 104 42.489
56 105 31.892
56 106 33.483
56 107 87.702
56 108 37.425
56 109 48.265
56 110 61.161
56 111 11.905
56 112 41.328
56 113 89.409
56 114 75.607
56 115 57.338
56 116 77.506
56 117 83.226
56 118 62.730
56 119 2.264
57 58 7.601
57 59 66.967
57 60 14.683
57 61 96.287
57 62 90.662
57 63 32.472
57 64 82.462
57 65 81.696
57 66 33.128
57 67 97.531
57 68 45.662
57 69 39.421
57 70 74.911
57 71 46.395
57 72 81.907
57 73 49.780
57 74 66.578
57 75 68.131
57 76 61.121
57 77 89.114
57 78 93.149
57 79 22.748
57 80 73.154
57 81 80.000
57 82 91.132
57 83 81.948
57 84 21.152
57 85 74.948
57 86 87.153
57 87 23.859
57 88 77.649
57 89 81.301
57 90 58.908
57 91 9.255
57 92 5.512
57 93 28.536
57 94 82.142
57 95 30.538
57 96 91.688
57 97 38.231
57 98 80.989
57 99 4.155
57 100 28.105
57 101 81.666
57 102 43.224
57 103 72.136
57 104 1.162
57 105 0.387
57 106 96.868
57 107 89.082
57 108 18.880
57 109 20.972
57 110 70.052
57 111 97.218
57 112 13.127
57 113 16.864
57 114 72.159
57 115 33.999
57 116 3.218
57 117 57.328
57 118 41.034
57 119 74.289
58 59 96.776
58 60 36.399
58 61 98.372
58 62 82.271
58 63 33.889
58 64 93.183
58 65 43.403
58 66 37.033
58 67 51.405
58 68 18.932
58 69 93.617
58 70 0.136
58 71 55.660
58 72 96.017
58 73 50.487
58 74 13.525
58 75 43.928
58 76 29.275
58 77 28.027
58 78 51.763
58 79 7.625
58 80 11.144
58 81 32.509
58 82 3.854
58 83 83.541
58 84 8.591
58 85 22.761
58 86 26.811
58 87 93.339
58 88 72.050
58 89 12.241
58 90 95.625
58 91 26.098
58 92 44.396
58 93 96.393
58 94 72.479
58 95 73.838
58 96 91.478
58 97 1.839
58 98 31.777
58 99 25.793
58 100 84.772
58 101 57.522
58 102 6.971
58 103 63.612
58 104 41.456
58 105 82.189
58 106 70.194
58 107 76.700
58 108 67.516
58 109 67.442
58 110 16.346
58 111 34.625
58 112 55.478
58 113 11.095
58 114 99.535
58 115 11.782
58 116 59.903
58 117 21.675
58 118 61.703
58 119 58.448
59 60 11.036
59 61 71.632
59 62 0.752
59 63 51.921
59 64 29.784
59 65 24.225
59 66 48.649
59 67 41.581
59 68 75.706
59 69 96.992
59 70 68.752
59 71 22.557
59 72 93.718
59 73 53.357
59 74 36.004
59 75 34.056
59 76 24.998
59 77 33.160
59 78 33.639
59 79 80.519
59 80 12.833
59 81 42.741
59 82 85.710
59 83 16.388
59 84 65.164
59 85 25.733
59 86 46.014
59 87 18.616
59 88 32.135
59 89 26.787
59 90 80.872
59 91 94.951
59 92 19.173
59 93 42.231
59 94 15.758
59 95 40.573
59 96 83.952
59 97 24.002
59 98 63.904
59 99 60.868
59 100 59.053
59 101 66.199
59 102 18.777
59 103 23.886
59 104 1.222
59 105 57.187
59 106 71.731
59 107 92.482
59 108 92.807
59 109 24.462
59 110 11.143
59 111 13.181
59 112 11.336
59 113 34.315
59 114 69.989
59 115 6.487
59 116 39.100
59 117 33.833
59 118 15.096
59 119 11.645
60 61 6.228
60 62 38.908
60 63 13.186
60 64 87.811
60 65 47.929
60 66 78.616
60 67 66.354
60 68 63.117
60 69 9.416
60 70 3.751
60 71 82.776
60 72 53.307
60 73 50.469
60 74 55.232
60 75 37.187
60 76 42.409
60 77 85.708
60 78 66.758
60 79 80.097
60 80 29.349
60 81 46.306
60 82 45.291
60 83 74.704
60 84 96.441
60 85 64.261
60 86 32.833
60 87 76.123
60 88 48.398
60 89 61.252
60 90 3.440
60 91 18.814
60 92 3.764
60 93 70.712
60 94 90.537
60 95 44.991
60 96 94.633
60 97 33.962
60 98 71.319
60 99 89.306
60 100 45.055
60 101 89.065
60 102 57.413
60 103 33.253
60 104 53.699
60 105 14.529
60 106 53.945
60 107 56.506
60 108 2.153
60 109 99.061
60 110 52.768
60 111 41.797
60 112 46.675
60 113 83.290
60 114 19.862
60 115 34.960
60 116 28.223
60 117 59.708
60 118 21.764
60 119 22.410
61 62 53.330
61 63 23.019
61 64 11.378
61 65 64.603
61 66 56.620
61 67 34.698
61 68 59.637
61 69 15.910
61 70 54.743
61 71 2.733
61 72 76.216
61 73 68.857
61 74 41.034
61 75 80.396
61 76 9.866
61 77 83.830
61 78 50.367
61 79 56.298
61 80 56.917
61 81 4.124
61 82 44.499
61 83 42.116
61 84 35.134
61 85 10.581
61 86 29.615
61 87 64.044
61 88 99.312
61 89 40.116
61 90 19.826
61 91 29.379
61 92 84.898
61 93 78.056
61 94 3.055
61 95 70.598
61 96 66.394
61 97 35.476
61 98 49.066
61 99 65.866
61 100 8.399
61 101 39.641
61 102 23.271
61 103 97.126
61 104 68.926
61 105 98.153
61 106 34.555
61 107 34.751
61 108 86.940
61 109 45.563
61 110 50.490
61 111 31.192
61 112 49.100
61 113 44.973
61 114 59.137
61 115 65.144
61 116 84.266
61 117 96.547
61 118 43.045
61 119 2.450
62 63 78.588
62 64 99.868
62 65 58.128
62 66 30.318
62 67 38.863
62 68 27.727
62 69 77.742
62 70 77.344
62 71 57.303
62 72 95.202
62 73 70.621
62 74 53.451
62 75 47.016
62 76 49.761
62 77 30.232
62 78 31.052
62 79 24.200
62 80 65.671
62 81 62.679
62 82 41.558
62 83 10.440
62 84 99.114
62 85 70.437
62 86 79.847
62 87 16.458
62 88 49.202
62 89 40.027
62 90 93.341
62 91 47.330
62 92 74.451
62 93 53.141
62 94 82.104
62 95 38.348
62 96 34.329
62 97 92.800
62 98 51.647
62 99 90.644
62 100 61.098
62 101 8.790
62 102 41.135
62 103 26.132
62 104 18.480
62 105 39.925
62 106 96.235
62 107 22.448
62 108 70.527
62 109 64.610
62 110 68.069
62 111 20.323
62 112 66.643
62 113 65.733
62 114 97.569
62 115 18.163
62 116 46.809
62 117 51.094
62 118 87.975
62 119 81.618
63 64 84.852
63 65 66.356
63 66 77.320
63 67 99.525
63 68 17.000
63 69 73.964
63 70 97.429
63 71 11.848
63 72 47.956
63 73 48.505
63 74 46.304
63 75 20.105
63 76 87.406
63 77 56.658
63 78 6.735
63 79 66.266
63 80 46.114
63 81 48.199
63 82 15.530
63 83 32.197
63 84 12.674
63 85 83.438
63 86 24.994
63 87 68.500
63 88 39.483
63 89 62.021
63 90 1.094
63 91 8.919
63 92 89.682
63 93 98.200
63 94 71.232
63 95 64.508
63 96 35.536
63 97 8.490
63 98 68.594
63 99 20.347
63 100 53.158
63 101 39.042
63 102 19.787
63 103 76.843
63 104 28.476
63 105 62.111
63 106 87.784
63 107 87.508
63 108 74.996
63 109 13.696
63 110 13.157
63 111 45.590
63 112 65.191
63 113 27.696
63 114 93.172
63 115 63.072
63 116 94.217
63 117 45.884
63 118 0.513
63 119 67.258
64 65 27.211
64 66 47.527
64 67 71.246
64 68 12.552
64 69 29.530
64 70 47.677
64 71 85.080
64 72 68.006
64 73 43.108
64 74 58.937
64 75 20.065
64 76 94.859
64 77 51.443
64 78 97.949
64 79 88.594
64 80 72.480
64 81 70.809
64 82 44.895
64 83 51.877
64 84 66.031
64 85 15.879
64 86 31.982
64 87 66.028
64 88 54.635
64 89 14.254
64 90 45.166
64 91 34.504
64 92 54.959
64 93 86.255
64 94 72.326
64 95 28.798
64 96 81.836
64 97 63.879
64 98 20.623
64 99 92.175
64 100 84.954
64 101 95.964
64 102 55.964
64 103 59.650
64 104 88.584
64 105 75.345
64 106 88.300
64 107 11.516
64 108 39.965
64 109 28.231
64 110 37.890
64 111 27.432
64 112 41.189
64 113 25.997
64 114 69.752
64 115 23.401
64 116 99.288
64 117 15.277
64 118 76.149
64 119 34.950
65 66 79.725
65 67 13.482
65 68 20.305
65 69 56.370
65 70 89.594
65 71 83.765
65 72 28.440
65 73 58.120
65 74 48.581
65 75 86.000
65 76 31.776
65 77 82.307
65 78 28.092
65 79 98.456
65 80 15.347
65 81 59.606
65 82 51.950
65 83 18.620
65 84 26.235
65 85 0.097
65 86 55.673
65 87 81.054
65 88 30.283
65 89 85.161
65 90 95.581
65 91 75.128
65 92 83.399
65 93 27.949
65 94 83.851
65 95 6.177
65 96 1.219
65 97 75.864
65 98 1.115
65 99 19.861
65 100 69.220
65 101 0.097
65 102 4.328
65 103 1.409
65 104 34.281
65 105 54.460
65 106 4.341
65 107 68.970
65 108 58.257
65 109 88.582
65 110 35.021
65 111 3.392
65 112 94.293
65 113 69.008
65 114 73.696
65 115 95.577
65 116 67.411
65 117 95.813
65 118 1.371
65 119 46.903
66 67 2.340
66 68 2.038
66 69 10.343
66 70 28.262
66 71 43.586
66 72 88.620
66 73 76.766
66 74 88.879
66 75 55.435
66 76 78.414
66 77 16.143
66 78 7.361
66 79 72.878
66 80 69.490
66 81 30.900
66 82 94.333
66 83 98.362
66 84 30.123
66 85 40.864
66 86 88.495
66 87 3.846
66 88 5.692
66 89 59.907
66 90 36.126
66 91 2.778
66 92 1.174
66 93 44.941
66 94 7.808
66 95 2.460
66 96 62.011
66 97 97.091
66 98 85.528
66 99 33.647
66 100 0.821
66 101 39.130
66 102 48.359
66 103 81.299
66 104 7.760
66 105 28.073
66 106 95.548
66 107 8.093
66 108 38.309
66 109 87.370
66 110 72.116
66 111 70.569
66 112 93.812
66 113 59.204
66 114 3.966
66 115 76.741
66 116 97.354
66 117 84.186
66 118 7.016
66 119 23.538
67 68 20.324
67 69 13.048
67 70 8.024
67 71 82.625
67 72 33.546
67 73 42.973
67 74 3.530
67 75 73.944
67 76 40.872
67 77 49.783
67 78 87.738
67 79 77.751
67 80 2.890
67 81 56.460
67 82 0.199
67 83 87.971
67 84 73.701
67 85 38.330
67 86 79.768
67 87 2.375
67 88 54.687
67 89 15.723
67 90 62.595
67 91 78.362
67 92 15.782
67 93 26.062
67 94 28.822
67 95 57.098
67 96 46.946
67 97 99.033
67 98 85.138
67 99 73.254
67 100 80.389
67 101 80.889
67 102 68.522
67 103 22.833
67 104 67.549
67 105 66.897
67 106 70.257
67 107 57.302
67 108 3.896
67 109 4.580
67 110 8.702
67 111 8.737
67 112 69.360
67 113 24.612
67 114 24.316
67 115 27.686
67 116 92.498
67 117 41.126
67 118 31.087
67 119 33.177
68 69 52.480
68 70 38.647
68 71 34.777
68 72 32.560
68 73 4.555
68 74 28.989
68 75 20.301
68 76 67.819
68 77 51.859
68 78 18.207
68 79 18.052
68 80 84.544
68 81 89.269
68 82 71.043
68 83 82.170
68 84 99.907
68 85 13.460
68 86 98.280
68 87 52.481
68 88 66.815
68 89 27.392
68 90 21.072
68 91 26.252
68 92 92.814
68 93 67.188
68 94 85.514
68 95 35.915
68 96 74.386
68 97 44.667
68 98 10.606
68 99 14.571
68 100 49.947
68 101 29.774
68 102 53.241
68 103 32.333
68 104 58.156
68 105 93.714
68 106 64.965
68 107 3.491
68 108 12.080
68 109 95.829
68 110 96.989
68 111 96.962
68 112 64.295
68 113 25.051
68 114 82.315
68 115 30.688
68 116 43.193
68 117 0.266
68 118 86.793
68 119 94.343
69 70 86.556
69 71 92.965
69 72 74.574
69 73 24.180
69 74 84.894
69 75 60.292
69 76 77.644
69 77 48.806
69 78 74.082
69 79 66.926
69 80 93.985
69 81 35.356
69 82 84.513
69 83 30.174
69 84 64.407
69 85 91.796
69 86 62.296
69 87 44.260
69 88 94.205
69 89 22.964
69 90 26.927
69 91 26.985
69 92 92.527
69 93 95.512
69 94 19.440
69 95 84.767
69 96 99.715
69 97 40.014
69 98 25.208
69 99 10.532
69 100 60.854
69 101 7.312
69 102 26.353
69 103 13.005
69 104 82.393
69 105 0.543
69 106 50.177
69 107 25.663
69 108 77.921
69 109 24.323
69 110 32.055
69 111 58.929
69 112 69.074
69 113 28.197
69 114 3.917
69 115 40.167
69 116 57.995
69 117 72.737
69 118 52.730
69 119 32.594
70 71 28.929
70 72 13.584
70 73 67.356
70 74 36.458
70 75 68.234
70 76 81.211
70 77 6.664
70 78 53.629
70 79 14.481
70 80 32.357
70 81 76.977
70 82 40.259
70 83 63.279
70 84 62.857
70 85 2.744
70 86 81.177
70 87 55.101
70 88 0.959
70 89 10.729
70 90 94.478
70 91 68.601
70 92 45.255
70 93 25.069
70 94 15.009
70 95 26.794
70 96 72.016
70 97 88.243
70 98 11.487
70 99 98.944
70 100 12.945
70 101 81.271
70 102 63.515
70 103 47.128
70 104 96.303
70 105 15.402
70 106 61.997
70 107 23.182
70 108 51.856
70 109 7.109
70 110 99.273
70 111 69.099
70 112 3.244
70 113 28.356
70 114 83.751
70 115 11.920
70 116 10.129
70 117 44.933
70 118 47.906
70 119 72.803
71 72 76.911
71 73 17.069
71 74 18.212
71 75 29.170
71 76 14.768
71 77 38.574
71 78 80.912
71 79 78.701
71 80 29.460
71 81 33.457
71 82 8.474
71 83 54.432
71 84 8.599
71 85 12.252
71 86 8.197
71 87 31.337
71 88 98.960
71 89 14.211
71 90 16.583
71 91 46.496
71 92 96.965
71 93 26.083
71 94 90.992
71 95 27.321
71 96 23.575
71 97 73.372
71 98 43.479
71 99 85.312
71 100 18.630
71 101 25.747
71 102 20.866
71 103 86.407
71 104 69.049
71 105 44.746
71 106 59.753
71 107 53.240
71 108 80.333
71 109 28.912
71 110 35.537
71 111 89.497
71 112 11.445
71 113 79.230
71 114 80.443
71 115 42.013
71 116 19.444
71 117 15.986
71 118 67.186
71 119 32.404
72 73 2.087
72 74 27.131
72 75 42.041
72 76 96.747
72 77 84.193
72 78 17.769
72 79 43.976
72 80 69.185
72 81 66.671
72 82 60.552
72 83 64.940
72 84 33.320
72 85 45.893
72 86 17.595
72 87 90.470
72 88 43.892
72 89 15.488
72 90 15.925
72 91 9.516
72 92 90.443
72 93 82.650
72 94 10.530
72 95 97.676
72 96 34.560
72 97 66.710
72 98 61.776
72 99 59.043
72 100 2.770
72 101 98.971
72 102 87.217
72 103 58.387
72 104 58.259
72 105 9.708
72 106 21.791
72 107 87.651
72 108 6.352
72 109 70.767
72 110 34.927
72 111 88.551
72 112 11.034
72 113 60.327
72 114 8.254
72 115 96.525
72 116 12.777
72 117 30.158
72 118 73.423
72 119 80.360
73 74 41.580
73 75 85.107
73 76 45.966
73 77 26.552
73 78 13.325
73 79 29.576
73 80 68.182
73 81 57.750
73 82 82.456
73 83 96.368
73 84 91.683
73 85 80.620
73 86 99.453
73 87 49.587
73 88 88.581
73 89 30.046
73 90 87.682
73 91 45.137
73 92 79.178
73 93 13.766
73 94 10.961
73 95 39.906
73 96 3.605
73 97 64.419
73 98 50.537
73 99 63.861
73 100 45.003
73 101 74.379
73 102 48.137
73 103 8.044
73 104 32.672
73 105 22.887
73 106 0.404
73 107 35.857
73 108 15.011
73 109 4.667
73 110 9.241
73 111 95.049
73 112 94.136
73 113 34.547
73 114 2.461
73 115 93.453
73 116 56.742
73 117 33.585
73 118 39.627
73 119 2.792
74 75 19.064
74 76 98.745
74 77 9.075
74 78 71.781
74 79 27.730
74 80 20.422
74 81 3.857
74 82 62.248
74 83 22.845
74 84 39.890
74 85 36.709
74 86 70.164
74 87 74.817
74 88 32.266
74 89 17.113
74 90 57.228
74 91 52.235
74 92 59.610
74 93 67.178
74 94 98.053
74 95 64.558
74 96 63.532
74 97 97.251
74 98 43.015
74 99 50.384
74 100 56.964
74 101 97.081
74 102 7.477
74 103 49.783
74 104 30.771
74 105 23.815
74 106 24.360
74 107 7.455
74 108 12.390
74 109 84.232
74 110 38.943
74 111 2.405
74 112 0.953
74 113 15.350
74 114 82.278
74 115 89.390
74 116 56.128
74 117 64.926
74 118 32.753
74 119 67.544
75 76 36.432
75 77 61.324
75 78 64.121
75 79 62.414
75 80 66.778
75 81 40.866
75 82 82.682
75 83 19.050
75 84 64.795
75 85 70.011
75 86 76.353
75 87 55.846
75 88 70.739
75 89 59.570
75 90 33.976
75 91 21.506
75 92 6.801
75 93 18.643
75 94 44.507
75 95 30.808
75 96 38.195
75 97 37.104
75 98 52.618
75 99 28.775
75 100 20.602
75 101 17.167
75 102 29.750
75 103 47.391
75 104 96.384
75 105 96.950
75 106 17.822
75 107 74.193
75 108 45.467
75 109 21.938
75 110 16.541
75 111 47.877
75 112 5.818
75 113 23.851
75 114 14.700
75 115 32.455
75 116 53.199
75 117 60.672
75 118 10.801
75 119 98.581
76 77 70.195
76 78 56.452
76 79 29.062
76 80 58.310
76 81 40.450
76 82 54.984
76 83 13.073
76 84 57.894
76 85 75.674
76 86 67.575
76 87 71.296
76 88 32.100
76 89 20.136
76 90 51.853
76 91 56.117
76 92 63.112
76 93 80.236
76 94 5.946
76 95 81.289
76 96 67.263
76 97 95.171
76 98 0.320
76 99 21.394
76 100 53.614
76 101 98.825
76 102 98.206
76 103 91.333
76 104 59.847
76 105 22.691
76 106 34.769
76 107 73.880
76 108 72.987
76 109 54.975
76 110 35.037
76 111 48.975
76 112 85.129
76 113 2.007
76 114 51.104
76 115 79.694
76 116 17.663
76 117 94.625
76 118 90.226
76 119 26.765
77 78 71.412
77 79 44.462
77 80 87.162
77 81 95.953
77 82 24.642
77 83 82.828
77 84 46.502
77 85 70.852
77 86 6.080
77 87 8.414
77 88 43.674
77 89 47.341
77 90 15.896
77 91 29.053
77 92 26.965
77 93 65.378
77 94 53.988
77 95 7.536
77 96 7.122
77 97 28.825
77 98 42.017
77 99 11.784
77 100 55.945
77 101 14.631
77 102 93.263
77 103 25.640
77 104 60.806
77 105 98.982
77 106 92.695
77 107 98.126
77 108 98.107
77 109 69.909
77 110 98.600
77 111 96.233
77 112 95.450
77 113 53.382
77 114 66.596
77 115 79.108
77 116 49.647
77 117 53.037
77 118 27.126
77 119 30.002
78 79 55.685
78 80 92.484
78 81 18.230
78 82 66.396
78 83 80.388
78 84 53.506
78 85 86.911
78 86 98.431
78 87 83.725
78 88 23.504
78 89 24.380
78 90 21.121
78 91 50.621
78 92 1.178
78 93 93.207
78 94 6.758
78 95 46.571
78 96 60.695
78 97 37.665
78 98 10.515
78 99 51.507
78 100 41.508
78 101 42.487
78 102 14.468
78 103 58.074
78 104 13.499
78 105 19.828
78 106 13.063
78 107 42.872
78 108 65.246
78 109 59.369
78 110 86.539
78 111 32.171
78 112 77.034
78 113 72.320
78 114 17.884
78 115 87.233
78 116 69.559
78 117 96.503
78 118 83.621
78 119 28.644
79 80 64.349
79 81 6.748
79 82 89.024
79 83 3.858
79 84 52.540
79 85 92.489
79 86 24.375
79 87 77.710
79 88 44.916
79 89 22.791
79 90 90.382
79 91 91.721
79 92 68.043
79 93 17.917
79 94 78.163
79 95 94.781
79 96 78.803
79 97 86.134
79 98 91.964
79 99 95.152
79 100 92.815
79 101 64.601
79 102 71.289
79 103 21.718
79 104 60.992
79 105 24.016
79 106 3.167
79 107 11.027
79 108 82.854
79 109 58.085
79 110 15.005
79 111 55.909
79 112 15.280
79 113 80.966
79 114 3.803
79 115 61.315
79 116 20.971
79 117 98.496
79 118 88.473
79 119 53.502
80 81 2.230
80 82 2.299
80 83 68.559
80 84 79.825
80 85 82.492
80 86 59.834
80 87 34.903
80 88 18.110
80 89 30.616
80 90 37.958
80 91 5.597
80 92 86.961
80 93 71.057
80 94 2.765
80 95 54.043
80 96 11.334
80 97 86.819
80 98 84.281
80 99 55.003
80 100 51.333
80 101 1.482
80 102 80.993
80 103 99.257
80 104 46.412
80 105 21.628
80 106 6.258
80 107 17.783
80 108 62.036
80 109 31.610
80 110 46.308
80 111 12.367
80 112 51.339
80 113 58.898
80 114 7.874
80 115 11.105
80 116 60.437
80 117 70.132
80 118 82.365
80 119 54.477
81 82 12.777
81 83 15.513
81 84 43.104
81 85 70.507
81 86 5.292
81 87 12.319
81 88 22.287
81 89 15.978
81 90 37.085
81 91 47.119
81 92 85.140
81 93 44.750
81 94 70.020
81 95 80.609
81 96 30.165
81 97 13.936
81 98 89.796
81 99 59.067
81 100 96.433
81 101 54.036
81 102 95.970
81 103 72.023
81 104 51.534
81 105 10.063
81 106 99.875
81 107 47.032
81 108 67.123
81 109 7.296
81 110 50.495
81 111 39.345
81 112 62.902
81 113 7.491
81 114 40.079
81 115 56.745
81 116 14.439
81 117 99.233
81 118 63.680
81 119 58.028
82 83 75.413
82 84 9.525
82 85 19.747
82 86 77.308
82 87 60.642
82 88 32.848
82 89 42.536
82 90 55.777
82 91 72.718
82 92 48.597
82 93 51.357
82 94 7.535
82 95 32.092
82 96 38.127
82 97 86.492
82 98 6.761
82 99 88.137
82 100 18.629
82 101 77.168
82 102 59.774
82 103 47.026
82 104 82.611
82 105 53.021
82 106 17.409
82 107 51.182
82 108 68.982
82 109 67.281
82 110 90.668
82 111 84.601
82 112 94.547
82 113 47.220
82 114 55.745
82 115 58.534
82 116 43.226
82 117 25.444
82 118 73.295
82 119 52.813
83 84 44.316
83 85 34.171
83 86 1.206
83 87 49.532
83 88 70.910
83 89 63.930
83 90 50.159
83 91 97.838
83 92 54.846
83 93 97.921
83 94 16.908
83 95 91.271
83 96 45.551
83 97 33.821
83 98 31.468
83 99 22.396
83 100 36.726
83 101 95.894
83 102 71.309
83 103 3.374
83 104 47.027
83 105 22.015
83 106 28.165
83 107 5.707
83 108 68.694
83 109 82.585
83 110 61.215
83 111 77.525
83 112 91.603
83 113 51.297
83 114 34.155
83 115 42.619
83 116 69.230
83 117 1.333
83 118 13.091
83 119 71.833
84 85 17.768
84 86 44.792
84 87 97.185
84 88 44.477
84 89 29.951
84 90 68.039
84 91 64.632
84 92 85.112
84 93 41.101
84 94 41.133
84 95 42.837
84 96 69.336
84 97 6.496
84 98 95.617
84 99 53.530
84 100 41.156
84 101 36.362
84 102 71.674
84 103 41.075
84 104 74.058
84 105 87.625
84 106 33.046
84 107 65.416
84 108 38.071
84 109 30.019
84 110 36.068
84 111 29.804
84 112 5.914
84 113 88.221
84 114 17.813
84 115 17.910
84 116 42.771
84 117 11.401
84 118 37.550
84 119 34.901
85 86 76.233
85 87 36.900
85 88 65.611
85 89 82.735
85 90 35.690
85 91 95.699
85 92 64.239
85 93 51.162
85 94 83.696
85 95 53.946
85 96 46.087
85 97 72.861
85 98 35.798
85 99 96.994
85 100 27.804
85 101 73.616
85 102 79.848
85 103 40.244
85 104 18.492
85 105 46.613
85 106 61.003
85 107 94.541
85 108 95.802
85 109 93.678
85 110 94.408
85 111 22.956
85 112 26.057
85 113 5.715
85 114 4.009
85 115 0.494
85 116 79.038
85 117 99.564
85 118 62.948
85 119 28.598
86 87 72.908
86 88 89.206
86 89 28.720
86 90 62.275
86 91 60.257
86 92 45.451
86 93 24.531
86 94 79.258
86 95 32.365
86 96 90.196
86 97 17.248
86 98 57.810
86 99 75.501
86 100 78.814
86 101 81.871
86 102 32.639
86 103 60.453
86 104 47.405
86 105 22.628
86 106 66.805
86 107 84.474
86 108 40.406
86 109 41.614
86 110 11.631
86 111 13.435
86 112 88.440
86 113 7.299
86 114 26.293
86 115 91.214
86 116 76.324
86 117 77.293
86 118 94.126
86 119 93.219
87 88 26.769
87 89 72.434
87 90 3.636
87 91 1.429
87 92 26.622
87 93 82.554
87 94 58.763
87 95 69.447
87 96 39.336
87 97 8.209
87 98 45.196
87 99 27.806
87 100 79.926
87 101 7.226
87 102 7.321
87 103 52.112
87 104 76.781
87 105 20.064
87 106 83.876
87 107 79.632
87 108 8.487
87 109 93.812
87 110 9.457
87 111 13.509
87 112 83.202
87 113 11.065
87 114 13.724
87 115 98.048
87 116 23.150
87 117 56.973
87 118 40.487
87 119 83.378
88 89 27.437
88 90 25.417
88 91 64.822
88 92 23.270
88 93 12.675
88 94 73.598
88 95 7.925
88 96 66.031
88 97 72.786
88 98 83.223
88 99 36.647
88 100 5.096
88 101 56.866
88 102 76.027
88 103 87.467
88 104 53.330
88 105 37.163
88 106 61.568
88 107 73.114
88 108 93.043
88 109 27.965
88 110 66.001
88 111 14.148
88 112 32.306
88 113 20.597
88 114 1.989
88 115 87.505
88 116 67.425
88 117 19.760
88 118 91.935
88 119 99.340
89 90 11.279
89 91 2.059
89 92 49.431
89 93 70.478
89 94 97.710
89 95 68.868
89 96 57.071
89 97 69.330
89 98 13.288
89 99 32.559
89 100 52.754
89 101 39.380
89 102 39.482
89 103 57.634
89 104 51.106
89 105 46.154
89 106 10.665
89 107 76.466
89 108 81.868
89 109 12.038
89 110 6.336
89 111 13.105
89 112 22.861
89 113 16.411
89 114 99.583
89 115 78.003
89 116 41.586
89 117 13.256
89 118 78.031
89 119 41.540
90 91 36.576
90 92 58.739
90 93 38.398
90 94 54.873
90 95 87.256
90 96 47.212
90 97 31.240
90 98 62.893
90 99 79.412
90 100 25.676
90 101 98.630
90 102 45.975
90 103 72.268
90 104 93.949
90 105 4.204
90 106 34.736
90 107 12.725
90 108 0.597
90 109 2.391
90 110 65.141
90 111 82.502
90 112 13.185
90 113 31.648
90 114 80.071
90 115 84.705
90 116 75.432
90 117 45.100
90 118 37.882
90 119 37.795
91 92 63.618
91 93 11.256
91 94 58.475
91 95 46.948
91 96 19.872
91 97 27.311
91 98 23.059
91 99 65.516
91 100 70.958
91 101 88.053
91 102 45.051
91 103 42.549
91 104 37.763
91 105 44.483
91 106 46.462
91 107 76.318
91 108 2.858
91 109 68.021
91 110 6.617
91 111 58.279
91 112 31.392
91 113 8.517
91 114 98.230
91 115 97.139
91 116 33.978
91 117 97.268
91 118 89.597
91 119 58.440
92 93 19.367
92 94 99.890
92 95 71.080
92 96 41.551
92 97 9.362
92 98 68.079
92 99 59.073
92 100 42.967
92 101 78.798
92 102 74.214
92 103 41.284
92 104 22.514
92 105 39.343
92 106 38.193
92 107 53.431
92 108 97.357
92 109 7.473
92 110 72.051
92 111 19.359
92 112 37.622
92 113 84.173
92 114 74.611
92 115 44.079
92 116 27.006
92 117 26.747
92 118 5.805
92 119 22.416
93 94 81.922
93 95 11.588
93 96 58.280
93 97 14.669
93 98 93.523
93 99 70.828
93 100 22.524
93 101 45.128
93 102 68.378
93 103 35.503
93 104 10.973
93 105 99.291
93 106 95.617
93 107 33.188
93 108 66.443
93 109 31.258
93 110 61.062
93 111 69.047
93 112 30.698
93 113 44.083
93 114 62.113
93 115 65.770
93 116 90.093
93 117 72.713
93 118 51.148
93 119 50.136
94 95 46.962
94 96 81.714
94 97 49.689
94 98 51.727
94 99 87.794
94 100 88.073
94 101 30.791
94 102 22.794
94 103 32.210
94 104 33.194
94 105 62.916
94 106 97.373
94 107 50.385
94 108 57.542
94 109 44.959
94 110 82.413
94 111 30.791
94 112 76.459
94 113 39.162
94 114 14.060
94 115 64.993
94 116 16.282
94 117 26.313
94 118 18.166
94 119 91.743
95 96 46.191
95 97 65.954
95 98 85.678
95 99 8.683
95 100 33.085
95 101 43.197
95 102 10.780
95 103 16.765
95 104 54.324
95 105 23.371
95 106 42.489
95 107 9.815
95 108 26.317
95 109 15.822
95 110 68.853
95 111 59.669
95 112 45.680
95 113 69.046
95 114 86.992
95 115 75.937
95 116 94.123
95 117 80.730
95 118 11.936
95 119 38.664
96 97 28.209
96 98 8.346
96 99 42.519
96 100 12.038
96 101 60.801
96 102 8.598
96 103 33.579
96 104 47.786
96 105 42.257
96 106 17.334
96 107 20.276
96 108 77.990
96 109 66.343
96 110 5.480
96 111 2.539
96 112 78.817
96 113 58.351
96 114 11.056
96 115 25.522
96 116 59.014
96 117 51.058
96 118 52.555
96 119 85.355
97 98 89.999
97 99 17.914
97 100 74.759
97 101 48.598
97 102 47.993
97 103 12.260
97 104 64.452
97 105 98.502
97 106 82.896
97 107 56.398
97 108 0.609
97 109 11.495
97 110 63.448
97 111 34.952
97 112 71.249
97 113 23.308
97 114 73.712
97 115 73.269
97 116 97.483
97 117 65.682
97 118 52.038
97 119 23.471
98 99 54.207
98 100 41.863
98 101 70.403
98 102 38.300
98 103 66.415
98 104 61.882
98 105 49.370
98 106 86.049
98 107 90.326
98 108 77.094
98 109 91.914
98 110 48.630
98 111 59.279
98 112 37.514
98 113 97.983
98 114 49.232
98 115 85.800
98 116 45.235
98 117 90.859
98 118 76.037
98 119 63.286
99 100 92.483
99 101 46.315
99 102 4.116
99 103 3.439
99 104 53.882
99 105 65.978
99 106 68.880
99 107 78.860
99 108 49.045
99 109 77.483
99 110 11.366
99 111 14.162
99 112 3.832
99 113 75.702
99 114 98.167
99 115 83.500
99 116 16.434
99 117 41.711
99 118 16.938
99 119 27.602
100 101 77.924
100 102 89.150
100 103 62.193
100 104 99.168
100 105 5.960
100 106 91.228
100 107 55.502
100 108 81.940
100 109 25.073
100 110 35.884
100 111 89.212
100 112 5.817
100 113 67.276
100 114 41.464
100 115 43.471
100 116 98.011
100 117 72.699
100 118 40.757
100 119 2.583
101 102 68.613
101 103 41.530
101 104 7.378
101 105 88.636
101 106 27.790
101 107 25.768
101 108 55.174
101 109 37.862
101 110 71.443
101 111 52.089
101 112 88.742
101 113 68.319
101 114 52.310
101 115 35.631
101 116 21.104
101 117 26.271
101 118 74.274
101 119 78.544
102 103 3.207
102 104 53.025
102 105 9.116
102 106 46.876
102 107 29.160
102 108 84.014
102 109 36.955
102 110 84.711
102 111 90.978
102 112 77.539
102 113 54.310
102 114 55.393
102 115 57.083
102 116 71.888
102 117 77.036
102 118 96.310
102 119 39.944
103 104 86.407
103 105 89.277
103 106 35.849
103 107 99.958
103 108 14.637
103 109 54.170
103 110 49.039
103 111 5.057
103 112 5.779
103 113 7.169
103 114 21.787
103 115 28.482
103 116 94.508
103 117 98.698
103 118 52.747
103 119 20.825
104 105 18.547
104 106 39.229
104 107 46.544
104 108 36.625
104 109 58.463
104 110 26.974
104 111 42.399
104 112 30.719
104 113 44.739
104 114 6.015
104 115 78.195
104 116 64.997
104 117 3.497
104 118 11.023
104 119 11.547
105 106 82.339
105 107 54.119
105 108 3.633
105 109 6.722
105 110 11.267
105 111 29.512
105 112 95.102
105 113 49.002
105 114 62.161
105 115 62.957
105 116 80.027
105 117 66.619
105 118 63.944
105 119 74.206
106 107 76.745
106 108 24.416
106 109 68.686
106 110 91.904
106 111 81.416
106 112 3.124
106 113 20.862
106 114 69.435
106 115 94.871
106 116 93.472
106 117 47.841
106 118 86.937
106 119 73.970
107 108 15.293
107 109 78.685
107 110 83.480
107 111 92.529
107 112 18.391
107 113 39.430
107 114 30.328
107 115 70.774
107 116 34.117
107 117 4.778
107 118 38.698
107 119 46.866
108 109 24.455
108 110 8.489
108 111 93.586
108 112 19.184
108 113 18.872
108 114 27.745
108 115 18.998
108 116 83.884
108 117 38.246
108 118 60.361
108 119 9.322
109 110 28.641
109 111 79.930
109 112 7.994
109 113 6.585
109 114 20.578
109 115 78.312
109 116 63.316
109 117 63.998
109 118 44.020
109 119 61.203
110 111 74.634
110 112 12.448
110 113 2.026
110 114 93.960
110 115 27.558
110 116 38.508
110 117 94.602
110 118 40.458
110 119 40.032
111 112 90.028
111 113 26.000
111 114 72.875
111 115 14.429
111 116 48.549
111 117 73.734
111 118 30.671
111 119 28.381
112 113 46.521
112 114 72.702
112 115 63.275
112 116 74.655
112 117 61.721
112 118 29.266
112 119 90.652
113 114 79.579
113 115 91.276
113 116 82.169
113 117 81.297
113 118 39.449
113 119 93.335
114 115 69.837
114 116 78.125
114 117 14.764
114 118 85.736
114 119 46.957
115 116 99.329
115 117 13.311
115 118 7.851
115 119 17.089
116 117 3.480
116 118 74.827
116 119 84.377
117 118 12.663
117 119 35.973
118 119 42.335
