10 2 ss 5 5 5 5 
0 1 4.455
0 2 24.301
0 3 66.928
0 4 82.779
0 5 71.421
0 6 32.590
0 7 28.682
0 8 18.166
0 9 31.441
1 2 96.663
1 3 72.389
1 4 67.300
1 5 15.753
1 6 83.375
1 7 16.023
1 8 48.711
1 9 53.547
2 3 18.057
2 4 18.198
2 5 16.846
2 6 83.335
2 7 56.651
2 8 38.536
2 9 99.449
3 4 83.383
3 5 56.411
3 6 69.699
3 7 49.361
3 8 36.617
3 9 8.350
4 5 33.522
4 6 84.129
4 7 18.933
4 8 65.818
4 9 58.721
5 6 72.086
5 7 1.532
5 8 27.905
5 9 60.943
6 7 11.900
6 8 87.658
6 9 13.796
7 8 27.203
7 9 44.148
8 9 62.037
