120 10 ds 12 14 10 12 10 15 10 14 9 16 8 14 11 15 10 14 8 15 10 15 
0 1 85.962
0 2 84.392
0 3 13.730
0 4 99.475
0 5 30.282
0 6 91.349
0 7 8.932
0 8 23.312
0 9 35.082
0 10 99.488
0 11 41.958
0 12 61.267
0 13 76.585
0 14 23.979
0 15 59.719
0 16 61.735
0 17 15.111
0 18 27.718
0 19 49.563
0 20 88.516
0 21 38.614
0 22 43.423
0 23 25.107
0 24 83.821
0 25 45.208
0 26 41.009
0 27 23.743
0 28 42.040
0 29 6.749
0 30 87.646
0 31 42.289
0 32 31.219
0 33 62.638
0 34 46.494
0 35 33.435
0 36 49.270
0 37 3.266
0 38 86.746
0 39 34.970
0 40 30.195
0 41 15.920
0 42 32.393
0 43 6.205
0 44 21.921
0 45 82.449
0 46 60.054
0 47 1.564
0 48 41.828
0 49 37.627
0 50 67.221
0 51 20.042
0 52 78.657
0 53 19.920
0 54 71.456
0 55 30.988
0 56 50.197
0 57 72.211
0 58 68.344
0 59 91.684
0 60 44.998
0 61 79.069
0 62 71.429
0 63 40.186
0 64 73.337
0 65 59.264
0 66 80.882
0 67 68.134
0 68 27.755
0 69 67.482
0 70 79.324
0 71 52.537
0 72 6.711
0 73 97.587
0 74 32.995
0 75 52.983
0 76 86.240
0 77 21.258
0 78 84.400
0 79 61.272
0 80 33.981
0 81 40.477
0 82 58.552
0 83 24.209
0 84 47.532
0 85 80.101
0 86 69.138
0 87 47.047
0 88 64.828
0 89 97.598
0 90 3.204
0 91 25.067
0 92 38.051
0 93 41.082
0 94 83.332
0 95 43.817
0 96 84.603
0 97 43.854
0 98 54.886
0 99 34.726
0 100 28.718
0 101 3.960
0 102 22.489
0 103 72.146
0 104 25.559
0 105 60.629
0 106 64.741
0 107 50.286
0 108 15.957
0 109 45.951
0 110 89.049
0 111 84.095
0 112 94.442
0 113 59.811
0 114 49.510
0 115 36.825
0 116 85.812
0 117 88.835
0 118 39.934
0 119 88.830
1 2 16.198
1 3 65.962
1 4 91.374
1 5 27.102
1 6 33.440
1 7 46.303
1 8 48.952
1 9 53.090
1 10 78.566
1 11 57.045
1 12 76.294
1 13 77.573
1 14 35.243
1 15 64.412
1 16 37.562
1 17 95.649
1 18 87.321
1 19 89.098
1 20 36.835
1 21 12.345
1 22 95.913
1 23 93.063
1 24 52.523
1 25 19.932
1 26 66.937
1 27 55.232
1 28 90.516
1 29 11.721
1 30 17.652
1 31 51.377
1 32 93.942
1 33 53.899
1 34 66.425
1 35 54.354
1 36 89.683
1 37 26.971
1 38 63.828
1 39 74.861
1 40 22.224
1 41 91.359
1 42 55.127
1 43 70.008
1 44 23.924
1 45 27.972
1 46 14.336
1 47 57.266
1 48 97.467
1 49 53.842
1 50 18.213
1 51 84.714
1 52 41.056
1 53 15.350
1 54 34.936
1 55 25.015
1 56 29.782
1 57 17.181
1 58 86.668
1 59 80.205
1 60 77.676
1 61 53.777
1 62 7.818
1 63 7.089
1 64 44.086
1 65 71.930
1 66 61.513
1 67 98.952
1 68 15.314
1 69 8.055
1 70 95.678
1 71 88.285
1 72 87.866
1 73 11.774
1 74 17.044
1 75 67.357
1 76 3.186
1 77 88.630
1 78 36.559
1 79 58.705
1 80 35.427
1 81 69.056
1 82 92.842
1 83 6.022
1 84 13.574
1 85 38.177
1 86 91.721
1 87 97.391
1 88 67.159
1 89 41.580
1 90 9.325
1 91 77.470
1 92 20.846
1 93 15.894
1 94 93.819
1 95 52.980
1 96 27.311
1 97 79.811
1 98 66.608
1 99 46.712
1 100 20.129
1 101 61.152
1 102 67.636
1 103 9.290
1 104 88.814
1 105 28.627
1 106 11.437
1 107 55.059
1 108 26.651
1 109 43.133
1 110 20.651
1 111 48.698
1 112 78.654
1 113 42.760
1 114 81.956
1 115 32.558
1 116 21.768
1 117 28.104
1 118 25.709
1 119 51.230
2 3 42.307
2 4 20.061
2 5 65.082
2 6 99.450
2 7 36.702
2 8 20.964
2 9 43.037
2 10 92.240
2 11 50.767
2 12 21.738
2 13 26.250
2 14 32.035
2 15 89.978
2 16 62.703
2 17 53.905
2 18 26.560
2 19 78.671
2 20 73.699
2 21 96.288
2 22 93.345
2 23 19.613
2 24 90.422
2 25 3.166
2 26 72.035
2 27 7.038
2 28 68.154
2 29 25.200
2 30 54.003
2 31 76.040
2 32 91.539
2 33 72.962
2 34 30.310
2 35 29.136
2 36 9.594
2 37 37.607
2 38 53.661
2 39 66.801
2 40 8.844
2 41 34.852
2 42 7.771
2 43 63.008
2 44 74.316
2 45 49.627
2 46 78.424
2 47 69.019
2 48 78.014
2 49 52.629
2 50 24.535
2 51 99.143
2 52 77.611
2 53 31.949
2 54 54.621
2 55 50.664
2 56 4.264
2 57 33.093
2 58 24.368
2 59 36.840
2 60 67.769
2 61 28.870
2 62 84.345
2 63 66.634
2 64 9.742
2 65 47.046
2 66 23.429
2 67 87.758
2 68 91.034
2 69 68.062
2 70 73.125
2 71 20.655
2 72 8.329
2 73 67.772
2 74 60.728
2 75 50.176
2 76 96.653
2 77 20.833
2 78 25.144
2 79 9.033
2 80 89.476
2 81 99.266
2 82 38.196
2 83 82.480
2 84 76.167
2 85 97.646
2 86 6.375
2 87 87.249
2 88 17.725
2 89 91.492
2 90 63.239
2 91 29.386
2 92 56.067
2 93 88.669
2 94 1.042
2 95 25.447
2 96 79.543
2 97 64.911
2 98 31.695
2 99 79.426
2 100 87.972
2 101 84.111
2 102 11.776
2 103 43.791
2 104 34.125
2 105 91.564
2 106 14.052
2 107 57.202
2 108 5.461
2 109 34.115
2 110 78.883
2 111 43.742
2 112 49.794
2 113 4.974
2 114 32.848
2 115 78.923
2 116 41.704
2 117 32.978
2 118 19.091
2 119 76.243
3 4 32.644
3 5 36.121
3 6 44.120
3 7 24.754
3 8 27.033
3 9 37.455
3 10 9.178
3 11 12.854
3 12 79.072
3 13 97.764
3 14 60.809
3 15 6.476
3 16 10.580
3 17 53.917
3 18 64.873
3 19 10.820
3 20 8.821
3 21 64.383
3 22 81.004
3 23 33.986
3 24 75.150
3 25 54.132
3 26 90.413
3 27 88.124
3 28 60.200
3 29 19.984
3 30 8.908
3 31 9.139
3 32 39.442
3 33 4.426
3 34 99.155
3 35 49.512
3 36 54.104
3 37 71.060
3 38 81.444
3 39 0.468
3 40 66.777
3 41 18.000
3 42 30.626
3 43 29.517
3 44 58.475
3 45 46.954
3 46 38.351
3 47 77.268
3 48 24.459
3 49 65.154
3 50 14.409
3 51 43.502
3 52 9.861
3 53 34.896
3 54 98.699
3 55 6.597
3 56 62.929
3 57 1.209
3 58 56.248
3 59 62.731
3 60 73.686
3 61 21.979
3 62 31.691
3 63 41.668
3 64 8.827
3 65 96.857
3 66 46.770
3 67 54.477
3 68 49.902
3 69 41.348
3 70 34.646
3 71 55.189
3 72 91.131
3 73 80.742
3 74 18.208
3 75 53.204
3 76 55.641
3 77 44.848
3 78 56.063
3 79 96.130
3 80 44.490
3 81 29.006
3 82 99.523
3 83 53.816
3 84 41.517
3 85 49.417
3 86 26.648
3 87 73.462
3 88 58.902
3 89 61.586
3 90 45.306
3 91 43.002
3 92 23.218
3 93 29.480
3 94 86.189
3 95 95.360
3 96 69.881
3 97 30.023
3 98 38.862
3 99 9.687
3 100 35.029
3 101 52.607
3 102 19.191
3 103 17.407
3 104 8.246
3 105 6.541
3 106 94.853
3 107 0.607
3 108 36.923
3 109 80.710
3 110 37.138
3 111 78.295
3 112 53.674
3 113 9.171
3 114 11.907
3 115 12.021
3 116 31.864
3 117 84.034
3 118 70.283
3 119 26.555
4 5 61.166
4 6 22.678
4 7 50.569
4 8 33.585
4 9 74.966
4 10 40.215
4 11 56.863
4 12 66.817
4 13 54.551
4 14 0.070
4 15 36.992
4 16 85.382
4 17 81.137
4 18 15.670
4 19 42.616
4 20 79.130
4 21 6.188
4 22 54.430
4 23 17.759
4 24 14.156
4 25 62.860
4 26 51.580
4 27 28.500
4 28 89.846
4 29 46.988
4 30 75.867
4 31 16.218
4 32 39.728
4 33 54.750
4 34 1.734
4 35 29.501
4 36 97.592
4 37 75.907
4 38 33.326
4 39 65.741
4 40 67.646
4 41 6.521
4 42 94.505
4 43 32.426
4 44 82.837
4 45 63.054
4 46 46.038
4 47 20.268
4 48 9.058
4 49 51.011
4 50 16.214
4 51 65.561
4 52 54.578
4 53 65.541
4 54 34.369
4 55 67.553
4 56 73.836
4 57 78.900
4 58 38.153
4 59 18.095
4 60 12.656
4 61 0.228
4 62 84.835
4 63 95.490
4 64 27.960
4 65 76.767
4 66 34.538
4 67 72.194
4 68 29.221
4 69 42.503
4 70 89.049
4 71 86.912
4 72 31.193
4 73 10.119
4 74 63.640
4 75 35.626
4 76 77.854
4 77 45.227
4 78 41.369
4 79 43.249
4 80 96.036
4 81 58.047
4 82 9.384
4 83 87.804
4 84 63.874
4 85 96.997
4 86 5.001
4 87 62.450
4 88 34.004
4 89 31.126
4 90 5.660
4 91 77.170
4 92 34.330
4 93 63.858
4 94 81.341
4 95 21.539
4 96 80.226
4 97 29.229
4 98 90.626
4 99 32.787
4 100 71.212
4 101 83.614
4 102 42.302
4 103 39.213
4 104 12.388
4 105 20.867
4 106 63.259
4 107 78.033
4 108 96.379
4 109 6.873
4 110 10.407
4 111 18.863
4 112 5.026
4 113 50.718
4 114 39.427
4 115 59.298
4 116 41.734
4 117 3.960
4 118 96.407
4 119 97.417
5 6 85.206
5 7 6.972
5 8 29.743
5 9 27.565
5 10 63.144
5 11 81.856
5 12 29.185
5 13 50.379
5 14 80.582
5 15 5.140
5 16 86.468
5 17 35.770
5 18 1.649
5 19 80.286
5 20 37.727
5 21 28.482
5 22 75.862
5 23 69.960
5 24 91.729
5 25 39.824
5 26 20.442
5 27 41.109
5 28 69.905
5 29 26.312
5 30 18.695
5 31 22.053
5 32 84.318
5 33 16.206
5 34 71.159
5 35 70.142
5 36 57.853
5 37 8.325
5 38 40.991
5 39 0.953
5 40 47.336
5 41 33.993
5 42 67.992
5 43 35.565
5 44 64.699
5 45 42.629
5 46 86.698
5 47 81.170
5 48 3.949
5 49 44.236
5 50 73.125
5 51 72.045
5 52 72.409
5 53 17.920
5 54 62.038
5 55 62.910
5 56 93.521
5 57 74.570
5 58 22.031
5 59 84.714
5 60 95.527
5 61 43.983
5 62 49.234
5 63 44.104
5 64 25.387
5 65 41.936
5 66 42.129
5 67 72.158
5 68 30.554
5 69 61.120
5 70 49.730
5 71 5.380
5 72 32.545
5 73 21.325
5 74 43.320
5 75 12.539
5 76 75.752
5 77 8.921
5 78 47.925
5 79 64.623
5 80 72.505
5 81 33.417
5 82 83.927
5 83 81.995
5 84 81.126
5 85 29.753
5 86 11.439
5 87 82.763
5 88 47.593
5 89 39.017
5 90 40.538
5 91 99.476
5 92 13.351
5 93 7.359
5 94 68.924
5 95 27.424
5 96 41.954
5 97 53.175
5 98 35.289
5 99 17.128
5 100 45.419
5 101 65.973
5 102 31.432
5 103 26.090
5 104 97.524
5 105 16.879
5 106 99.074
5 107 0.387
5 108 5.760
5 109 80.317
5 110 48.364
5 111 65.417
5 112 76.243
5 113 89.213
5 114 74.232
5 115 66.920
5 116 46.608
5 117 71.890
5 118 14.012
5 119 18.324
6 7 80.767
6 8 47.873
6 9 85.198
6 10 78.542
6 11 16.376
6 12 91.930
6 13 65.700
6 14 5.534
6 15 30.950
6 16 10.924
6 17 30.645
6 18 5.270
6 19 45.810
6 20 16.448
6 21 39.557
6 22 23.165
6 23 18.357
6 24 17.702
6 25 75.637
6 26 5.628
6 27 82.682
6 28 3.713
6 29 74.929
6 30 93.047
6 31 86.079
6 32 31.737
6 33 47.299
6 34 92.374
6 35 34.788
6 36 89.587
6 37 83.438
6 38 17.382
6 39 6.109
6 40 53.596
6 41 62.528
6 42 77.763
6 43 6.024
6 44 21.101
6 45 23.719
6 46 44.401
6 47 51.554
6 48 56.537
6 49 41.255
6 50 17.501
6 51 35.295
6 52 53.656
6 53 47.838
6 54 76.654
6 55 85.936
6 56 82.857
6 57 83.773
6 58 97.532
6 59 73.027
6 60 62.249
6 61 10.413
6 62 78.568
6 63 16.859
6 64 63.841
6 65 15.656
6 66 32.786
6 67 55.056
6 68 42.103
6 69 56.454
6 70 64.928
6 71 86.305
6 72 51.176
6 73 28.773
6 74 72.040
6 75 58.644
6 76 99.103
6 77 28.930
6 78 76.908
6 79 94.815
6 80 72.750
6 81 71.916
6 82 28.035
6 83 50.399
6 84 55.420
6 85 62.094
6 86 77.296
6 87 81.837
6 88 50.707
6 89 69.566
6 90 76.972
6 91 60.859
6 92 20.725
6 93 51.558
6 94 21.558
6 95 9.494
6 96 44.655
6 97 72.295
6 98 96.552
6 99 45.514
6 100 4.364
6 101 17.164
6 102 86.381
6 103 22.043
6 104 7.918
6 105 67.344
6 106 36.678
6 107 17.016
6 108 68.903
6 109 99.634
6 110 62.325
6 111 78.284
6 112 69.721
6 113 2.864
6 114 41.977
6 115 58.363
6 116 50.433
6 117 57.045
6 118 42.245
6 119 79.203
7 8 81.199
7 9 4.365
7 10 70.269
7 11 51.801
7 12 96.006
7 13 52.118
7 14 62.100
7 15 38.085
7 16 88.124
7 17 86.864
7 18 76.138
7 19 83.228
7 20 93.619
7 21 46.360
7 22 75.810
7 23 65.390
7 24 18.235
7 25 91.260
7 26 53.729
7 27 6.855
7 28 95.117
7 29 42.055
7 30 70.786
7 31 65.646
7 32 96.064
7 33 98.454
7 34 57.925
7 35 79.894
7 36 57.416
7 37 38.133
7 38 55.791
7 39 68.622
7 40 23.152
7 41 99.722
7 42 48.041
7 43 2.036
7 44 52.431
7 45 90.928
7 46 77.746
7 47 42.052
7 48 86.539
7 49 26.853
7 50 23.172
7 51 19.484
7 52 21.103
7 53 95.837
7 54 49.155
7 55 58.172
7 56 83.424
7 57 70.591
7 58 43.337
7 59 78.314
7 60 71.914
7 61 30.904
7 62 92.758
7 63 11.341
7 64 74.884
7 65 40.863
7 66 55.564
7 67 36.921
7 68 49.284
7 69 28.335
7 70 35.081
7 71 9.004
7 72 6.542
7 73 47.333
7 74 69.050
7 75 72.314
7 76 22.230
7 77 64.967
7 78 5.496
7 79 83.267
7 80 59.076
7 81 3.794
7 82 48.547
7 83 40.041
7 84 68.698
7 85 87.708
7 86 22.452
7 87 95.355
7 88 16.457
7 89 84.899
7 90 20.094
7 91 72.491
7 92 55.934
7 93 14.947
7 94 73.515
7 95 30.202
7 96 64.810
7 97 88.772
7 98 8.266
7 99 25.345
7 100 42.299
7 101 79.978
7 102 20.846
7 103 3.460
7 104 59.783
7 105 83.985
7 106 49.051
7 107 6.954
7 108 50.928
7 109 7.430
7 110 88.766
7 111 28.178
7 112 25.329
7 113 44.444
7 114 47.513
7 115 50.386
7 116 90.591
7 117 38.721
7 118 15.055
7 119 13.417
8 9 71.765
8 10 0.678
8 11 74.380
8 12 12.927
8 13 24.189
8 14 47.570
8 15 72.611
8 16 92.075
8 17 46.033
8 18 61.064
8 19 20.688
8 20 12.800
8 21 10.237
8 22 11.562
8 23 93.117
8 24 0.185
8 25 52.018
8 26 81.491
8 27 54.637
8 28 37.850
8 29 67.755
8 30 30.786
8 31 49.365
8 32 54.940
8 33 3.844
8 34 86.981
8 35 49.781
8 36 85.983
8 37 39.933
8 38 9.576
8 39 77.858
8 40 3.734
8 41 0.022
8 42 73.794
8 43 78.713
8 44 22.118
8 45 56.982
8 46 42.348
8 47 48.351
8 48 41.456
8 49 31.341
8 50 45.511
8 51 91.367
8 52 61.400
8 53 23.543
8 54 69.567
8 55 11.956
8 56 18.330
8 57 60.398
8 58 61.632
8 59 22.089
8 60 13.471
8 61 81.062
8 62 94.855
8 63 84.465
8 64 85.545
8 65 35.659
8 66 2.196
8 67 94.616
8 68 47.537
8 69 20.504
8 70 79.243
8 71 46.517
8 72 50.957
8 73 27.931
8 74 76.932
8 75 19.100
8 76 63.011
8 77 45.812
8 78 53.607
8 79 67.266
8 80 42.116
8 81 2.153
8 82 32.467
8 83 0.320
8 84 75.497
8 85 13.494
8 86 15.279
8 87 83.171
8 88 98.888
8 89 62.374
8 90 36.104
8 91 1.223
8 92 52.870
8 93 98.725
8 94 99.864
8 95 88.573
8 96 42.949
8 97 32.832
8 98 39.682
8 99 30.935
8 100 61.235
8 101 63.368
8 102 44.274
8 103 19.675
8 104 96.389
8 105 63.009
8 106 52.033
8 107 51.378
8 108 5.513
8 109 26.286
8 110 81.995
8 111 38.584
8 112 46.727
8 113 69.554
8 114 73.562
8 115 21.640
8 116 74.432
8 117 61.357
8 118 36.598
8 119 49.044
9 10 80.569
9 11 52.976
9 12 71.454
9 13 24.239
9 14 24.684
9 15 73.558
9 16 4.521
9 17 0.507
9 18 33.201
9 19 51.984
9 20 99.024
9 21 42.408
9 22 64.011
9 23 28.535
9 24 43.124
9 25 62.183
9 26 26.366
9 27 23.371
9 28 87.734
9 29 82.568
9 30 17.993
9 31 36.027
9 32 5.045
9 33 73.705
9 34 91.498
9 35 60.330
9 36 65.389
9 37 61.097
9 38 90.293
9 39 12.551
9 40 84.860
9 41 4.050
9 42 0.678
9 43 87.102
9 44 79.023
9 45 99.564
9 46 51.140
9 47 73.722
9 48 69.077
9 49 75.364
9 50 52.573
9 51 92.829
9 52 25.996
9 53 97.552
9 54 13.795
9 55 31.623
9 56 5.464
9 57 33.321
9 58 85.632
9 59 92.518
9 60 21.815
9 61 77.220
9 62 83.786
9 63 97.588
9 64 32.744
9 65 70.668
9 66 15.797
9 67 28.007
9 68 58.198
9 69 18.730
9 70 90.665
9 71 15.807
9 72 36.653
9 73 35.582
9 74 20.996
9 75 46.801
9 76 29.888
9 77 30.705
9 78 37.057
9 79 78.137
9 80 23.395
9 81 81.497
9 82 19.689
9 83 21.707
9 84 33.748
9 85 24.831
9 86 24.765
9 87 95.517
9 88 26.500
9 89 40.026
9 90 15.726
9 91 99.121
9 92 68.636
9 93 88.759
9 94 42.697
9 95 26.358
9 96 88.097
9 97 23.632
9 98 6.785
9 99 88.878
9 100 89.585
9 101 76.451
9 102 26.385
9 103 87.327
9 104 80.629
9 105 89.674
9 106 78.660
9 107 33.560
9 108 94.801
9 109 60.096
9 110 23.852
9 111 96.891
9 112 60.016
9 113 22.485
9 114 32.653
9 115 20.128
9 116 48.998
9 117 12.750
9 118 27.605
9 119 27.026
10 11 66.288
10 12 15.108
10 13 18.351
10 14 21.802
10 15 71.579
10 16 15.835
10 17 57.506
10 18 63.475
10 19 12.696
10 20 57.340
10 21 69.042
10 22 83.048
10 23 43.188
10 24 10.636
10 25 4.297
10 26 99.946
10 27 29.325
10 28 61.721
10 29 62.039
10 30 85.587
10 31 9.135
10 32 37.940
10 33 68.544
10 34 16.649
10 35 52.222
10 36 84.108
10 37 51.179
10 38 58.299
10 39 83.223
10 40 34.960
10 41 54.759
10 42 18.549
10 43 74.049
10 44 20.478
10 45 43.762
10 46 18.927
10 47 80.491
10 48 83.673
10 49 5.469
10 50 33.734
10 51 97.283
10 52 86.599
10 53 19.197
10 54 60.462
10 55 32.375
10 56 29.730
10 57 85.004
10 58 97.290
10 59 55.979
10 60 12.203
10 61 11.614
10 62 20.098
10 63 62.821
10 64 16.066
10 65 47.753
10 66 71.066
10 67 97.109
10 68 6.315
10 69 3.717
10 70 93.661
10 71 28.854
10 72 0.346
10 73 50.679
10 74 74.731
10 75 37.489
10 76 75.368
10 77 4.137
10 78 83.385
10 79 54.123
10 80 50.412
10 81 94.827
10 82 28.501
10 83 37.320
10 84 0.748
10 85 5.556
10 86 91.942
10 87 8.934
10 88 36.839
10 89 5.625
10 90 32.936
10 91 56.343
10 92 7.409
10 93 45.857
10 94 0.602
10 95 15.292
10 96 66.766
10 97 86.713
10 98 36.192
10 99 83.646
10 100 80.203
10 101 19.586
10 102 94.426
10 103 80.463
10 104 28.134
10 105 7.085
10 106 64.123
10 107 57.114
10 108 9.553
10 109 11.962
10 110 22.374
10 111 87.575
10 112 38.463
10 113 6.303
10 114 13.618
10 115 13.553
10 116 73.132
10 117 52.731
10 118 5.223
10 119 96.769
11 12 17.328
11 13 27.545
11 14 34.577
11 15 35.503
11 16 85.159
11 17 12.112
11 18 29.185
11 19 35.423
11 20 26.654
11 21 13.267
11 22 50.890
11 23 85.747
11 24 69.984
11 25 86.101
11 26 88.112
11 27 80.956
11 28 47.982
11 29 23.219
11 30 95.844
11 31 45.543
11 32 41.577
11 33 43.405
11 34 62.189
11 35 64.732
11 36 90.851
11 37 59.612
11 38 62.317
11 39 97.580
11 40 95.575
11 41 31.272
11 42 45.989
11 43 50.587
11 44 51.424
11 45 9.173
11 46 93.175
11 47 19.694
11 48 45.524
11 49 62.469
11 50 63.795
11 51 66.473
11 52 65.502
11 53 36.875
11 54 62.240
11 55 80.336
11 56 59.963
11 57 30.701
11 58 35.077
11 59 92.764
11 60 25.080
11 61 91.093
11 62 21.242
11 63 51.830
11 64 81.972
11 65 26.701
11 66 78.005
11 67 35.712
11 68 52.563
11 69 4.962
11 70 13.129
11 71 82.417
11 72 37.852
11 73 52.290
11 74 63.905
11 75 39.592
11 76 51.806
11 77 3.691
11 78 77.125
11 79 93.116
11 80 66.553
11 81 54.648
11 82 60.530
11 83 16.027
11 84 80.099
11 85 52.619
11 86 95.949
11 87 90.411
11 88 26.504
11 89 28.080
11 90 27.053
11 91 94.037
11 92 10.248
11 93 5.750
11 94 60.552
11 95 10.776
11 96 61.482
11 97 55.525
11 98 48.663
11 99 19.303
11 100 76.896
11 101 39.558
11 102 52.792
11 103 38.061
11 104 32.164
11 105 87.092
11 106 23.656
11 107 56.175
11 108 26.209
11 109 81.813
11 110 71.417
11 111 59.751
11 112 44.992
11 113 77.875
11 114 40.920
11 115 70.935
11 116 13.089
11 117 70.205
11 118 51.766
11 119 53.113
12 13 35.009
12 14 32.312
12 15 10.684
12 16 99.831
12 17 15.035
12 18 0.513
12 19 54.556
12 20 17.248
12 21 84.287
12 22 27.372
12 23 36.452
12 24 30.404
12 25 56.805
12 26 49.107
12 27 24.165
12 28 92.064
12 29 82.606
12 30 11.806
12 31 40.979
12 32 49.607
12 33 65.018
12 34 79.536
12 35 41.792
12 36 30.180
12 37 62.010
12 38 3.760
12 39 84.213
12 40 37.256
12 41 96.824
12 42 67.966
12 43 23.888
12 44 12.792
12 45 61.888
12 46 33.987
12 47 36.061
12 48 8.304
12 49 11.812
12 50 7.239
12 51 41.244
12 52 25.495
12 53 6.224
12 54 6.939
12 55 91.900
12 56 32.469
12 57 81.252
12 58 74.321
12 59 59.136
12 60 35.090
12 61 99.645
12 62 77.012
12 63 43.700
12 64 84.730
12 65 53.866
12 66 70.894
12 67 23.904
12 68 33.398
12 69 73.917
12 70 62.182
12 71 44.660
12 72 5.201
12 73 22.213
12 74 71.868
12 75 46.371
12 76 39.073
12 77 41.531
12 78 42.331
12 79 30.253
12 80 71.903
12 81 58.874
12 82 41.579
12 83 57.476
12 84 73.462
12 85 38.010
12 86 14.502
12 87 83.555
12 88 14.947
12 89 16.552
12 90 2.422
12 91 36.533
12 92 51.491
12 93 59.588
12 94 2.367
12 95 57.767
12 96 25.645
12 97 11.235
12 98 65.712
12 99 37.482
12 100 53.630
12 101 27.892
12 102 42.158
12 103 93.802
12 104 39.068
12 105 32.562
12 106 59.515
12 107 63.540
12 108 69.922
12 109 38.281
12 110 92.342
12 111 95.847
12 112 93.559
12 113 50.536
12 114 13.222
12 115 65.638
12 116 32.109
12 117 73.465
12 118 39.294
12 119 52.771
13 14 95.724
13 15 12.718
13 16 83.643
13 17 65.033
13 18 74.865
13 19 89.057
13 20 96.240
13 21 18.289
13 22 44.409
13 23 51.048
13 24 32.362
13 25 25.487
13 26 92.151
13 27 2.703
13 28 17.731
13 29 87.753
13 30 92.190
13 31 42.432
13 32 89.147
13 33 25.402
13 34 79.713
13 35 43.409
13 36 76.916
13 37 34.481
13 38 47.877
13 39 92.233
13 40 61.159
13 41 5.306
13 42 79.729
13 43 42.733
13 44 77.886
13 45 93.493
13 46 48.564
13 47 34.817
13 48 72.735
13 49 91.072
13 50 68.628
13 51 74.463
13 52 0.338
13 53 5.567
13 54 54.723
13 55 70.273
13 56 45.513
13 57 18.274
13 58 54.099
13 59 74.427
13 60 98.844
13 61 59.486
13 62 46.872
13 63 81.477
13 64 53.651
13 65 8.053
13 66 72.295
13 67 97.082
13 68 3.976
13 69 95.380
13 70 27.326
13 71 0.613
13 72 13.928
13 73 69.904
13 74 1.258
13 75 90.509
13 76 97.562
13 77 57.043
13 78 55.551
13 79 19.306
13 80 95.472
13 81 31.758
13 82 31.577
13 83 96.476
13 84 59.332
13 85 6.133
13 86 70.624
13 87 61.515
13 88 58.889
13 89 22.750
13 90 60.290
13 91 7.180
13 92 7.220
13 93 36.119
13 94 79.336
13 95 63.300
13 96 59.561
13 97 59.087
13 98 99.055
13 99 35.339
13 100 78.602
13 101 48.889
13 102 13.434
13 103 28.637
13 104 74.875
13 105 8.366
13 106 12.599
13 107 79.257
13 108 24.705
13 109 81.905
13 110 84.528
13 111 55.392
13 112 40.149
13 113 32.776
13 114 28.460
13 115 89.497
13 116 15.490
13 117 98.782
13 118 90.175
13 119 50.617
14 15 3.020
14 16 36.540
14 17 84.040
14 18 68.830
14 19 77.243
14 20 81.196
14 21 49.659
14 22 79.295
14 23 31.063
14 24 68.010
14 25 1.992
14 26 62.066
14 27 10.156
14 28 85.012
14 29 72.974
14 30 15.679
14 31 32.405
14 32 51.793
14 33 9.934
14 34 17.433
14 35 58.167
14 36 48.509
14 37 91.542
14 38 91.368
14 39 74.093
14 40 51.304
14 41 45.538
14 42 26.135
14 43 28.305
14 44 65.607
14 45 4.161
14 46 59.256
14 47 7.998
14 48 87.139
14 49 12.977
14 50 71.729
14 51 81.831
14 52 61.979
14 53 16.717
14 54 17.495
14 55 38.999
14 56 61.648
14 57 81.773
14 58 45.961
14 59 44.419
14 60 36.943
14 61 79.162
14 62 62.621
14 63 95.233
14 64 65.116
14 65 44.040
14 66 12.713
14 67 7.656
14 68 59.016
14 69 48.283
14 70 65.971
14 71 85.161
14 72 63.920
14 73 71.155
14 74 26.677
14 75 19.124
14 76 28.037
14 77 29.775
14 78 92.542
14 79 51.228
14 80 96.078
14 81 35.858
14 82 38.429
14 83 83.323
14 84 41.728
14 85 78.125
14 86 6.423
14 87 54.869
14 88 24.559
14 89 90.809
14 90 42.516
14 91 20.709
14 92 29.604
14 93 57.842
14 94 31.950
14 95 52.644
14 96 23.756
14 97 19.608
14 98 50.207
14 99 57.108
14 100 42.107
14 101 94.527
14 102 64.722
14 103 48.249
14 104 99.511
14 105 1.303
14 106 93.557
14 107 40.774
14 108 7.872
14 109 69.311
14 110 51.616
14 111 30.185
14 112 68.082
14 113 54.385
14 114 92.408
14 115 9.352
14 116 96.988
14 117 35.179
14 118 83.936
14 119 29.838
15 16 44.438
15 17 51.314
15 18 40.980
15 19 54.022
15 20 53.178
15 21 58.683
15 22 72.857
15 23 59.742
15 24 15.282
15 25 19.558
15 26 95.691
15 27 53.073
15 28 82.763
15 29 15.575
15 30 1.278
15 31 16.792
15 32 97.187
15 33 70.187
15 34 70.837
15 35 72.195
15 36 13.314
15 37 93.859
15 38 71.245
15 39 60.168
15 40 5.231
15 41 20.025
15 42 73.792
15 43 53.725
15 44 59.873
15 45 82.797
15 46 91.078
15 47 98.738
15 48 82.533
15 49 98.379
15 50 36.342
15 51 42.149
15 52 61.648
15 53 51.367
15 54 71.337
15 55 47.706
15 56 66.074
15 57 54.356
15 58 23.821
15 59 18.088
15 60 77.053
15 61 44.697
15 62 23.776
15 63 39.268
15 64 89.186
15 65 5.796
15 66 28.672
15 67 38.066
15 68 50.007
15 69 51.991
15 70 82.422
15 71 97.049
15 72 46.118
15 73 95.823
15 74 80.075
15 75 2.304
15 76 85.353
15 77 24.461
15 78 90.919
15 79 9.071
15 80 69.055
15 81 48.029
15 82 26.293
15 83 97.813
15 84 96.327
15 85 46.780
15 86 25.281
15 87 59.043
15 88 92.981
15 89 36.328
15 90 71.363
15 91 89.057
15 92 11.919
15 93 90.572
15 94 46.185
15 95 0.706
15 96 8.790
15 97 10.464
15 98 72.787
15 99 53.437
15 100 57.068
15 101 3.455
15 102 99.963
15 103 85.033
15 104 30.014
15 105 43.216
15 106 31.848
15 107 83.883
15 108 43.539
15 109 12.157
15 110 12.412
15 111 75.017
15 112 23.582
15 113 90.298
15 114 33.208
15 115 5.798
15 116 34.396
15 117 43.205
15 118 44.578
15 119 7.844
16 17 79.983
16 18 78.980
16 19 15.410
16 20 80.633
16 21 69.959
16 22 89.729
16 23 4.651
16 24 89.186
16 25 23.230
16 26 66.439
16 27 78.947
16 28 93.353
16 29 68.127
16 30 77.869
16 31 35.105
16 32 29.409
16 33 86.022
16 34 33.857
16 35 63.515
16 36 46.066
16 37 36.964
16 38 11.319
16 39 19.233
16 40 56.432
16 41 0.476
16 42 7.292
16 43 51.113
16 44 5.070
16 45 62.440
16 46 97.515
16 47 76.213
16 48 65.034
16 49 79.847
16 50 21.314
16 51 76.609
16 52 73.593
16 53 59.217
16 54 83.992
16 55 38.845
16 56 87.344
16 57 91.601
16 58 66.448
16 59 52.432
16 60 87.489
16 61 97.357
16 62 58.407
16 63 33.103
16 64 94.304
16 65 47.241
16 66 86.425
16 67 39.019
16 68 56.151
16 69 42.874
16 70 90.767
16 71 3.634
16 72 62.858
16 73 59.290
16 74 16.253
16 75 17.659
16 76 95.917
16 77 74.982
16 78 21.360
16 79 54.361
16 80 68.631
16 81 40.795
16 82 77.140
16 83 47.379
16 84 28.222
16 85 67.961
16 86 22.914
16 87 98.312
16 88 88.875
16 89 47.765
16 90 69.268
16 91 12.508
16 92 39.773
16 93 50.514
16 94 90.493
16 95 35.828
16 96 25.438
16 97 89.926
16 98 28.442
16 99 92.563
16 100 27.001
16 101 80.512
16 102 37.651
16 103 5.288
16 104 82.520
16 105 60.177
16 106 37.628
16 107 11.096
16 108 72.067
16 109 98.017
16 110 2.362
16 111 75.487
16 112 58.994
16 113 58.154
16 114 9.397
16 115 45.139
16 116 22.686
16 117 44.477
16 118 91.227
16 119 73.814
17 18 40.039
17 19 8.270
17 20 80.285
17 21 1.901
17 22 73.020
17 23 60.967
17 24 15.494
17 25 69.365
17 26 97.876
17 27 97.646
17 28 83.093
17 29 94.336
17 30 67.929
17 31 3.397
17 32 97.394
17 33 55.138
17 34 36.338
17 35 84.305
17 36 88.139
17 37 72.243
17 38 77.826
17 39 37.549
17 40 50.305
17 41 98.446
17 42 39.082
17 43 51.025
17 44 29.470
17 45 90.527
17 46 16.413
17 47 1.844
17 48 61.277
17 49 53.685
17 50 6.164
17 51 5.254
17 52 57.067
17 53 21.268
17 54 98.556
17 55 50.738
17 56 29.410
17 57 56.609
17 58 88.782
17 59 50.448
17 60 81.040
17 61 41.230
17 62 60.576
17 63 16.620
17 64 38.627
17 65 44.243
17 66 56.925
17 67 79.259
17 68 98.840
17 69 51.463
17 70 90.201
17 71 53.126
17 72 68.327
17 73 69.575
17 74 59.706
17 75 63.940
17 76 21.501
17 77 10.623
17 78 38.474
17 79 47.730
17 80 70.468
17 81 5.173
17 82 63.149
17 83 44.356
17 84 39.927
17 85 88.671
17 86 10.853
17 87 16.533
17 88 66.565
17 89 54.866
17 90 75.177
17 91 39.011
17 92 97.237
17 93 72.570
17 94 59.787
17 95 19.118
17 96 43.136
17 97 17.627
17 98 92.591
17 99 29.462
17 100 58.193
17 101 80.636
17 102 26.032
17 103 56.372
17 104 49.110
17 105 72.794
17 106 29.783
17 107 93.520
17 108 91.711
17 109 67.173
17 110 0.961
17 111 39.167
17 112 23.705
17 113 80.789
17 114 13.968
17 115 87.630
17 116 7.489
17 117 24.050
17 118 7.150
17 119 40.783
18 19 8.297
18 20 18.448
18 21 56.688
18 22 3.815
18 23 12.749
18 24 10.830
18 25 19.494
18 26 70.967
18 27 20.804
18 28 93.126
18 29 36.350
18 30 51.574
18 31 80.128
18 32 70.128
18 33 74.119
18 34 34.529
18 35 96.074
18 36 4.707
18 37 51.588
18 38 40.137
18 39 42.714
18 40 9.811
18 41 37.363
18 42 62.344
18 43 20.830
18 44 49.657
18 45 30.177
18 46 61.450
18 47 57.257
18 48 58.692
18 49 32.091
18 50 27.670
18 51 16.655
18 52 86.269
18 53 3.302
18 54 99.291
18 55 1.569
18 56 27.357
18 57 43.591
18 58 85.663
18 59 49.547
18 60 5.236
18 61 79.924
18 62 14.911
18 63 97.114
18 64 30.769
18 65 52.351
18 66 98.985
18 67 69.566
18 68 74.691
18 69 81.011
18 70 84.576
18 71 72.833
18 72 54.282
18 73 65.950
18 74 37.388
18 75 9.072
18 76 53.857
18 77 18.411
18 78 89.422
18 79 11.180
18 80 69.711
18 81 47.344
18 82 64.173
18 83 93.082
18 84 94.448
18 85 28.126
18 86 82.990
18 87 42.428
18 88 33.099
18 89 61.815
18 90 47.410
18 91 40.261
18 92 73.962
18 93 92.743
18 94 86.848
18 95 78.221
18 96 20.822
18 97 89.839
18 98 58.813
18 99 58.052
18 100 30.003
18 101 12.810
18 102 89.692
18 103 0.416
18 104 85.662
18 105 78.147
18 106 48.148
18 107 60.478
18 108 89.778
18 109 11.897
18 110 50.297
18 111 46.218
18 112 39.512
18 113 26.240
18 114 6.093
18 115 62.115
18 116 13.902
18 117 85.131
18 118 29.737
18 119 55.622
19 20 94.320
19 21 30.625
19 22 53.403
19 23 26.759
19 24 98.662
19 25 25.952
19 26 3.237
19 27 72.190
19 28 17.954
19 29 34.037
19 30 19.304
19 31 74.309
19 32 5.872
19 33 90.863
19 34 27.071
19 35 13.156
19 36 86.587
19 37 51.915
19 38 96.986
19 39 74.364
19 40 14.462
19 41 86.951
19 42 60.876
19 43 49.907
19 44 40.270
19 45 73.394
19 46 89.096
19 47 80.070
19 48 12.945
19 49 91.917
19 50 70.794
19 51 64.820
19 52 73.328
19 53 59.081
19 54 81.113
19 55 80.718
19 56 76.898
19 57 41.413
19 58 63.809
19 59 75.496
19 60 16.216
19 61 82.879
19 62 5.506
19 63 76.617
19 64 0.596
19 65 43.425
19 66 28.691
19 67 42.404
19 68 90.467
19 69 90.132
19 70 84.557
19 71 4.750
19 72 76.952
19 73 4.483
19 74 83.925
19 75 0.931
19 76 43.400
19 77 69.338
19 78 64.744
19 79 68.736
19 80 44.888
19 81 77.457
19 82 58.021
19 83 83.881
19 84 94.196
19 85 59.720
19 86 80.574
19 87 51.613
19 88 48.282
19 89 65.713
19 90 52.589
19 91 25.420
19 92 48.005
19 93 41.903
19 94 10.754
19 95 14.947
19 96 75.645
19 97 43.380
19 98 63.582
19 99 62.484
19 100 59.716
19 101 83.968
19 102 14.593
19 103 12.803
19 104 74.642
19 105 76.503
19 106 61.082
19 107 74.681
19 108 54.031
19 109 40.149
19 110 61.530
19 111 74.067
19 112 60.631
19 113 54.858
19 114 53.034
19 115 28.677
19 116 33.483
19 117 24.441
19 118 91.667
19 119 31.664
20 21 63.326
20 22 69.163
20 23 83.308
20 24 18.108
20 25 31.048
20 26 6.382
20 27 70.209
20 28 2.159
20 29 80.753
20 30 93.493
20 31 39.487
20 32 15.015
20 33 88.972
20 34 1.266
20 35 23.695
20 36 44.282
20 37 34.622
20 38 57.626
20 39 70.769
20 40 73.826
20 41 70.476
20 42 52.076
20 43 70.917
20 44 49.873
20 45 46.268
20 46 19.109
20 47 41.365
20 48 53.900
20 49 35.960
20 50 25.378
20 51 86.406
20 52 45.776
20 53 77.286
20 54 69.803
20 55 69.805
20 56 51.643
20 57 40.366
20 58 68.449
20 59 59.392
20 60 10.184
20 61 4.019
20 62 36.670
20 63 29.520
20 64 58.221
20 65 33.319
20 66 99.920
20 67 36.111
20 68 31.973
20 69 20.026
20 70 61.571
20 71 11.100
20 72 83.880
20 73 68.708
20 74 31.173
20 75 58.367
20 76 66.510
20 77 85.677
20 78 69.843
20 79 71.625
20 80 14.887
20 81 55.330
20 82 40.780
20 83 36.221
20 84 66.479
20 85 69.011
20 86 62.409
20 87 21.448
20 88 94.109
20 89 5.249
20 90 49.234
20 91 17.718
20 92 91.226
20 93 47.004
20 94 91.204
20 95 23.826
20 96 41.253
20 97 61.509
20 98 66.258
20 99 43.526
20 100 23.136
20 101 61.382
20 102 2.669
20 103 7.794
20 104 53.765
20 105 11.830
20 106 7.925
20 107 99.382
20 108 44.572
20 109 48.125
20 110 59.081
20 111 19.661
20 112 54.431
20 113 19.951
20 114 5.892
20 115 4.245
20 116 53.873
20 117 84.793
20 118 72.493
20 119 63.534
21 22 76.660
21 23 31.233
21 24 55.985
21 25 97.034
21 26 23.944
21 27 24.827
21 28 11.036
21 29 6.244
21 30 3.501
21 31 34.188
21 32 78.412
21 33 9.843
21 34 31.944
21 35 12.957
21 36 62.365
21 37 47.082
21 38 1.381
21 39 84.551
21 40 86.876
21 41 40.536
21 42 13.584
21 43 0.861
21 44 63.994
21 45 77.718
21 46 14.599
21 47 23.561
21 48 88.835
21 49 62.601
21 50 20.564
21 51 7.213
21 52 35.308
21 53 82.706
21 54 11.582
21 55 47.067
21 56 64.200
21 57 35.150
21 58 84.651
21 59 91.266
21 60 71.004
21 61 55.966
21 62 98.913
21 63 7.114
21 64 94.707
21 65 0.972
21 66 16.924
21 67 34.106
21 68 80.722
21 69 33.622
21 70 44.167
21 71 52.653
21 72 41.260
21 73 85.512
21 74 95.692
21 75 46.713
21 76 84.652
21 77 68.598
21 78 73.550
21 79 40.997
21 80 91.481
21 81 34.682
21 82 21.609
21 83 48.986
21 84 99.856
21 85 97.362
21 86 35.362
21 87 76.686
21 88 24.757
21 89 54.379
21 90 43.498
21 91 88.853
21 92 77.100
21 93 74.195
21 94 45.311
21 95 59.385
21 96 67.034
21 97 39.613
21 98 83.398
21 99 95.619
21 100 72.928
21 101 73.402
21 102 54.675
21 103 47.470
21 104 32.630
21 105 6.135
21 106 14.354
21 107 86.690
21 108 66.780
21 109 84.823
21 110 7.346
21 111 68.920
21 112 75.332
21 113 62.441
21 114 69.458
21 115 71.814
21 116 57.884
21 117 53.061
21 118 76.755
21 119 36.188
22 23 96.040
22 24 85.068
22 25 85.673
22 26 23.970
22 27 1.720
22 28 35.809
22 29 98.706
22 30 46.658
22 31 79.228
22 32 85.043
22 33 10.928
22 34 11.069
22 35 70.795
22 36 81.658
22 37 41.131
22 38 75.356
22 39 55.486
22 40 78.407
22 41 28.032
22 42 7.577
22 43 49.513
22 44 52.790
22 45 76.778
22 46 91.538
22 47 12.404
22 48 98.673
22 49 73.894
22 50 30.228
22 51 97.896
22 52 42.940
22 53 49.851
22 54 55.803
22 55 1.071
22 56 14.134
22 57 57.587
22 58 66.952
22 59 43.925
22 60 66.017
22 61 52.618
22 62 79.370
22 63 10.452
22 64 37.898
22 65 5.754
22 66 93.159
22 67 89.266
22 68 15.776
22 69 53.003
22 70 52.161
22 71 6.903
22 72 43.547
22 73 88.885
22 74 94.530
22 75 38.147
22 76 21.935
22 77 39.172
22 78 71.327
22 79 61.100
22 80 24.303
22 81 6.973
22 82 40.442
22 83 84.150
22 84 53.116
22 85 72.136
22 86 26.868
22 87 9.638
22 88 58.603
22 89 38.067
22 90 77.181
22 91 14.686
22 92 42.021
22 93 62.386
22 94 25.966
22 95 23.571
22 96 69.961
22 97 78.234
22 98 35.073
22 99 17.918
22 100 33.211
22 101 11.565
22 102 62.699
22 103 81.162
22 104 94.018
22 105 26.457
22 106 68.679
22 107 1.895
22 108 78.893
22 109 85.211
22 110 64.755
22 111 67.093
22 112 90.667
22 113 92.969
22 114 74.193
22 115 60.668
22 116 33.105
22 117 7.567
22 118 73.797
22 119 45.421
23 24 64.139
23 25 34.548
23 26 53.182
23 27 47.146
23 28 19.679
23 29 94.492
23 30 41.119
23 31 78.535
23 32 78.945
23 33 45.291
23 34 16.818
23 35 37.467
23 36 74.389
23 37 65.470
23 38 45.228
23 39 89.378
23 40 84.571
23 41 56.371
23 42 49.724
23 43 96.641
23 44 86.658
23 45 0.753
23 46 63.003
23 47 89.202
23 48 86.804
23 49 23.311
23 50 77.596
23 51 80.235
23 52 91.224
23 53 34.632
23 54 51.055
23 55 18.126
23 56 28.584
23 57 4.264
23 58 7.727
23 59 31.867
23 60 85.160
23 61 0.871
23 62 18.949
23 63 70.754
23 64 68.280
23 65 57.848
23 66 36.575
23 67 61.269
23 68 70.624
23 69 71.309
23 70 0.916
23 71 4.128
23 72 68.273
23 73 14.021
23 74 43.528
23 75 12.690
23 76 48.740
23 77 53.642
23 78 57.690
23 79 50.274
23 80 31.732
23 81 96.528
23 82 14.987
23 83 58.406
23 84 15.008
23 85 39.416
23 86 65.131
23 87 80.609
23 88 50.491
23 89 0.440
23 90 67.924
23 91 77.089
23 92 31.608
23 93 18.232
23 94 71.254
23 95 94.478
23 96 51.900
23 97 53.275
23 98 67.048
23 99 1.827
23 100 77.021
23 101 99.180
23 102 28.315
23 103 29.081
23 104 57.546
23 105 13.258
23 106 54.723
23 107 47.530
23 108 98.331
23 109 5.528
23 110 31.594
23 111 13.060
23 112 91.741
23 113 83.191
23 114 37.773
23 115 52.507
23 116 16.614
23 117 33.674
23 118 21.511
23 119 11.010
24 25 2.660
24 26 43.480
24 27 0.323
24 28 93.982
24 29 60.800
24 30 92.372
24 31 30.723
24 32 31.180
24 33 84.021
24 34 32.827
24 35 36.808
24 36 62.296
24 37 30.394
24 38 63.257
24 39 82.836
24 40 93.627
24 41 10.201
24 42 30.091
24 43 24.299
24 44 3.577
24 45 12.460
24 46 48.685
24 47 74.374
24 48 81.095
24 49 22.675
24 50 15.849
24 51 78.277
24 52 65.645
24 53 3.237
24 54 97.890
24 55 96.649
24 56 19.876
24 57 30.672
24 58 17.166
24 59 61.007
24 60 6.900
24 61 9.807
24 62 27.491
24 63 79.167
24 64 62.928
24 65 13.934
24 66 64.086
24 67 36.643
24 68 52.980
24 69 32.170
24 70 77.353
24 71 61.222
24 72 72.505
24 73 40.473
24 74 11.369
24 75 92.208
24 76 10.935
24 77 51.153
24 78 67.821
24 79 23.297
24 80 24.577
24 81 37.217
24 82 3.977
24 83 68.589
24 84 75.703
24 85 72.515
24 86 49.347
24 87 34.941
24 88 82.295
24 89 76.425
24 90 89.840
24 91 70.696
24 92 88.635
24 93 2.654
24 94 60.514
24 95 0.737
24 96 10.769
24 97 65.786
24 98 8.403
24 99 50.907
24 100 32.844
24 101 56.302
24 102 35.488
24 103 11.015
24 104 30.432
24 105 55.059
24 106 8.477
24 107 84.959
24 108 75.147
24 109 21.601
24 110 26.903
24 111 28.954
24 112 31.247
24 113 97.174
24 114 73.913
24 115 84.412
24 116 89.351
24 117 32.943
24 118 35.193
24 119 70.698
25 26 95.021
25 27 26.671
25 28 60.603
25 29 14.838
25 30 20.669
25 31 26.982
25 32 60.400
25 33 60.146
25 34 98.106
25 35 43.367
25 36 73.338
25 37 13.863
25 38 76.015
25 39 82.179
25 40 17.455
25 41 65.036
25 42 91.734
25 43 14.146
25 44 36.028
25 45 28.215
25 46 49.950
25 47 67.308
25 48 80.965
25 49 45.987
25 50 82.264
25 51 30.763
25 52 33.800
25 53 13.908
25 54 21.046
25 55 49.281
25 56 50.508
25 57 75.118
25 58 58.606
25 59 86.545
25 60 30.501
25 61 68.711
25 62 78.432
25 63 35.703
25 64 52.465
25 65 5.896
25 66 39.078
25 67 59.892
25 68 90.105
25 69 91.036
25 70 63.282
25 71 52.534
25 72 19.387
25 73 0.853
25 74 34.971
25 75 17.455
25 76 55.551
25 77 84.395
25 78 35.029
25 79 82.261
25 80 12.931
25 81 48.812
25 82 53.091
25 83 74.897
25 84 63.531
25 85 51.550
25 86 97.040
25 87 12.965
25 88 81.370
25 89 28.257
25 90 84.529
25 91 78.109
25 92 98.721
25 93 47.519
25 94 41.552
25 95 73.668
25 96 67.694
25 97 98.496
25 98 51.937
25 99 92.791
25 100 16.007
25 101 85.557
25 102 98.608
25 103 56.358
25 104 9.321
25 105 25.255
25 106 12.570
25 107 15.270
25 108 84.187
25 109 15.263
25 110 98.770
25 111 50.087
25 112 95.427
25 113 72.339
25 114 39.366
25 115 42.468
25 116 29.684
25 117 16.965
25 118 84.379
25 119 37.517
26 27 72.918
26 28 16.004
26 29 27.321
26 30 63.880
26 31 83.779
26 32 81.493
26 33 29.112
26 34 29.318
26 35 17.060
26 36 63.689
26 37 97.428
26 38 63.489
26 39 61.886
26 40 69.511
26 41 50.624
26 42 36.807
26 43 7.770
26 44 83.725
26 45 95.450
26 46 44.476
26 47 28.377
26 48 69.537
26 49 26.015
26 50 8.211
26 51 77.601
26 52 77.696
26 53 7.786
26 54 14.632
26 55 25.470
26 56 98.785
26 57 44.909
26 58 78.954
26 59 22.426
26 60 52.055
26 61 41.698
26 62 95.368
26 63 69.712
26 64 15.981
26 65 59.902
26 66 11.353
26 67 90.838
26 68 70.669
26 69 42.171
26 70 42.197
26 71 44.557
26 72 40.287
26 73 19.143
26 74 24.113
26 75 93.281
26 76 94.912
26 77 42.656
26 78 89.591
26 79 42.552
26 80 95.475
26 81 90.814
26 82 37.019
26 83 96.936
26 84 42.952
26 85 71.984
26 86 58.097
26 87 35.669
26 88 23.491
26 89 14.281
26 90 81.201
26 91 97.362
26 92 24.880
26 93 64.688
26 94 86.611
26 95 77.273
26 96 36.555
26 97 37.672
26 98 50.386
26 99 82.924
26 100 35.311
26 101 47.032
26 102 77.692
26 103 64.251
26 104 1.925
26 105 26.655
26 106 93.496
26 107 33.011
26 108 10.104
26 109 95.983
26 110 68.806
26 111 12.830
26 112 78.483
26 113 54.183
26 114 74.016
26 115 16.069
26 116 78.841
26 117 93.408
26 118 67.406
26 119 26.577
27 28 49.267
27 29 5.954
27 30 46.499
27 31 78.458
27 32 69.703
27 33 22.760
27 34 12.710
27 35 60.115
27 36 19.101
27 37 61.388
27 38 25.605
27 39 40.149
27 40 48.386
27 41 80.510
27 42 52.102
27 43 7.060
27 44 71.460
27 45 34.839
27 46 48.069
27 47 38.284
27 48 97.700
27 49 99.605
27 50 45.018
27 51 65.703
27 52 3.704
27 53 86.851
27 54 52.990
27 55 84.605
27 56 69.480
27 57 7.201
27 58 32.223
27 59 60.941
27 60 84.839
27 61 40.200
27 62 30.815
27 63 27.775
27 64 65.467
27 65 63.953
27 66 33.364
27 67 25.991
27 68 4.922
27 69 60.486
27 70 16.434
27 71 36.597
27 72 28.791
27 73 57.112
27 74 60.697
27 75 72.376
27 76 10.275
27 77 86.059
27 78 26.756
27 79 45.165
27 80 52.684
27 81 44.709
27 82 61.862
27 83 1.729
27 84 43.624
27 85 17.024
27 86 68.166
27 87 25.937
27 88 38.096
27 89 73.080
27 90 29.616
27 91 37.906
27 92 33.331
27 93 98.104
27 94 64.252
27 95 81.772
27 96 56.815
27 97 15.007
27 98 41.407
27 99 82.938
27 100 0.833
27 101 55.124
27 102 79.193
27 103 72.923
27 104 1.764
27 105 0.732
27 106 16.669
27 107 25.330
27 108 80.444
27 109 69.874
27 110 37.194
27 111 20.022
27 112 31.098
27 113 39.118
27 114 4.751
27 115 54.224
27 116 70.661
27 117 3.126
27 118 63.372
27 119 49.058
28 29 37.749
28 30 51.211
28 31 41.347
28 32 57.952
28 33 61.107
28 34 0.573
28 35 96.462
28 36 69.368
28 37 1.054
28 38 63.488
28 39 36.338
28 40 10.475
28 41 4.257
28 42 41.438
28 43 48.756
28 44 0.664
28 45 2.113
28 46 33.032
28 47 80.917
28 48 74.237
28 49 26.083
28 50 14.538
28 51 13.650
28 52 90.095
28 53 9.510
28 54 1.924
28 55 86.907
28 56 72.954
28 57 94.769
28 58 31.566
28 59 46.196
28 60 85.381
28 61 67.050
28 62 3.094
28 63 96.151
28 64 12.839
28 65 91.622
28 66 12.337
28 67 67.053
28 68 55.015
28 69 40.135
28 70 64.919
28 71 22.862
28 72 55.787
28 73 53.327
28 74 1.792
28 75 65.216
28 76 71.561
28 77 2.436
28 78 86.818
28 79 16.835
28 80 73.037
28 81 79.698
28 82 3.509
28 83 99.926
28 84 99.059
28 85 69.494
28 86 83.115
28 87 60.402
28 88 32.826
28 89 26.035
28 90 39.482
28 91 27.147
28 92 50.552
28 93 10.889
28 94 17.438
28 95 37.027
28 96 0.547
28 97 24.266
28 98 70.953
28 99 1.000
28 100 6.755
28 101 97.621
28 102 74.911
28 103 34.424
28 104 54.924
28 105 1.982
28 106 40.040
28 107 25.538
28 108 11.872
28 109 66.345
28 110 44.421
28 111 70.096
28 112 48.735
28 113 93.527
28 114 16.946
28 115 57.271
28 116 87.594
28 117 7.097
28 118 8.205
28 119 52.185
29 30 67.579
29 31 62.272
29 32 62.501
29 33 83.815
29 34 31.272
29 35 6.154
29 36 61.039
29 37 13.517
29 38 65.215
29 39 78.216
29 40 40.810
29 41 29.054
29 42 89.295
29 43 0.661
29 44 6.286
29 45 81.739
29 46 78.986
29 47 20.062
29 48 41.769
29 49 60.225
29 50 21.691
29 51 26.685
29 52 1.073
29 53 73.437
29 54 53.842
29 55 95.897
29 56 98.217
29 57 97.295
29 58 98.951
29 59 67.314
29 60 47.859
29 61 25.125
29 62 28.473
29 63 1.623
29 64 7.488
29 65 50.031
29 66 97.106
29 67 32.454
29 68 54.663
29 69 98.999
29 70 62.088
29 71 61.282
29 72 92.132
29 73 33.157
29 74 82.071
29 75 26.963
29 76 11.214
29 77 26.335
29 78 5.321
29 79 18.409
29 80 59.562
29 81 34.978
29 82 99.263
29 83 88.761
29 84 53.293
29 85 76.443
29 86 43.818
29 87 72.561
29 88 45.403
29 89 39.870
29 90 9.515
29 91 3.560
29 92 12.530
29 93 64.040
29 94 67.987
29 95 80.153
29 96 50.306
29 97 30.027
29 98 37.306
29 99 27.846
29 100 73.922
29 101 32.963
29 102 47.452
29 103 63.751
29 104 4.983
29 105 16.845
29 106 22.311
29 107 76.768
29 108 88.333
29 109 79.083
29 110 13.709
29 111 98.963
29 112 23.248
29 113 77.351
29 114 90.297
29 115 58.560
29 116 12.255
29 117 0.334
29 118 79.514
29 119 73.055
30 31 27.802
30 32 96.052
30 33 84.375
30 34 62.142
30 35 72.079
30 36 86.737
30 37 48.505
30 38 34.451
30 39 58.563
30 40 37.598
30 41 22.623
30 42 29.551
30 43 75.152
30 44 88.304
30 45 93.581
30 46 77.242
30 47 98.270
30 48 0.665
30 49 73.106
30 50 69.820
30 51 14.887
30 52 23.732
30 53 7.559
30 54 29.861
30 55 75.155
30 56 28.419
30 57 62.291
30 58 95.969
30 59 42.178
30 60 17.751
30 61 54.611
30 62 42.041
30 63 27.430
30 64 75.979
30 65 57.889
30 66 91.735
30 67 0.410
30 68 80.043
30 69 76.006
30 70 89.225
30 71 39.371
30 72 60.260
30 73 92.126
30 74 39.681
30 75 46.296
30 76 63.604
30 77 28.674
30 78 38.547
30 79 83.746
30 80 42.580
30 81 16.473
30 82 67.340
30 83 3.847
30 84 65.447
30 85 60.098
30 86 45.531
30 87 30.367
30 88 19.428
30 89 3.841
30 90 93.006
30 91 23.698
30 92 57.536
30 93 48.062
30 94 75.653
30 95 5.530
30 96 21.791
30 97 39.251
30 98 77.849
30 99 45.095
30 100 60.844
30 101 58.763
30 102 69.902
30 103 12.100
30 104 48.410
30 105 65.016
30 106 15.962
30 107 82.778
30 108 0.415
30 109 1.800
30 110 98.482
30 111 45.015
30 112 83.381
30 113 71.424
30 114 18.997
30 115 86.044
30 116 4.343
30 117 85.562
30 118 71.796
30 119 61.975
31 32 73.467
31 33 48.957
31 34 77.033
31 35 42.247
31 36 34.525
31 37 1.536
31 38 2.850
31 39 94.069
31 40 65.535
31 41 43.057
31 42 2.307
31 43 22.007
31 44 62.116
31 45 91.026
31 46 40.222
31 47 6.126
31 48 29.488
31 49 77.446
31 50 87.451
31 51 88.385
31 52 25.549
31 53 72.835
31 54 15.733
31 55 41.538
31 56 17.098
31 57 37.029
31 58 34.884
31 59 17.299
31 60 34.018
31 61 35.391
31 62 75.966
31 63 11.333
31 64 32.117
31 65 26.386
31 66 38.988
31 67 1.437
31 68 4.325
31 69 21.855
31 70 91.759
31 71 12.249
31 72 12.076
31 73 44.870
31 74 27.715
31 75 34.946
31 76 43.966
31 77 61.719
31 78 64.839
31 79 83.592
31 80 47.136
31 81 44.333
31 82 95.268
31 83 1.146
31 84 18.358
31 85 27.410
31 86 75.707
31 87 37.633
31 88 86.410
31 89 60.488
31 90 82.489
31 91 10.547
31 92 65.093
31 93 19.415
31 94 41.937
31 95 23.310
31 96 7.120
31 97 33.923
31 98 86.599
31 99 61.432
31 100 43.106
31 101 8.439
31 102 81.026
31 103 8.006
31 104 47.008
31 105 61.790
31 106 6.934
31 107 20.267
31 108 29.660
31 109 88.127
31 110 96.918
31 111 87.158
31 112 25.358
31 113 46.179
31 114 58.311
31 115 44.208
31 116 3.024
31 117 16.846
31 118 34.373
31 119 56.480
32 33 3.053
32 34 30.191
32 35 8.666
32 36 92.972
32 37 73.741
32 38 52.048
32 39 70.292
32 40 6.547
32 41 57.034
32 42 37.728
32 43 22.615
32 44 2.334
32 45 52.381
32 46 5.747
32 47 36.159
32 48 24.517
32 49 69.564
32 50 58.016
32 51 17.556
32 52 16.511
32 53 66.664
32 54 74.593
32 55 90.731
32 56 12.757
32 57 57.681
32 58 40.884
32 59 63.980
32 60 1.718
32 61 65.839
32 62 23.097
32 63 87.118
32 64 59.127
32 65 93.234
32 66 93.790
32 67 86.611
32 68 88.131
32 69 75.227
32 70 23.483
32 71 3.393
32 72 18.705
32 73 88.894
32 74 96.644
32 75 48.021
32 76 12.555
32 77 88.796
32 78 80.716
32 79 30.883
32 80 91.702
32 81 50.525
32 82 75.417
32 83 21.372
32 84 59.036
32 85 12.675
32 86 96.205
32 87 39.258
32 88 7.347
32 89 21.313
32 90 0.561
32 91 83.904
32 92 19.702
32 93 97.496
32 94 48.695
32 95 62.588
32 96 48.493
32 97 68.036
32 98 1.259
32 99 87.830
32 100 23.086
32 101 22.443
32 102 95.875
32 103 75.484
32 104 76.726
32 105 84.872
32 106 11.513
32 107 90.267
32 108 2.202
32 109 18.910
32 110 25.205
32 111 53.478
32 112 42.728
32 113 15.131
32 114 89.094
32 115 48.849
32 116 99.639
32 117 46.661
32 118 7.486
32 119 36.779
33 34 91.664
33 35 16.308
33 36 73.360
33 37 14.658
33 38 31.941
33 39 60.370
33 40 31.687
33 41 41.539
33 42 98.370
33 43 18.835
33 44 72.969
33 45 79.116
33 46 60.530
33 47 29.438
33 48 24.542
33 49 87.784
33 50 92.084
33 51 53.941
33 52 99.493
33 53 56.485
33 54 41.451
33 55 98.984
33 56 83.436
33 57 38.137
33 58 55.513
33 59 50.993
33 60 87.949
33 61 8.599
33 62 51.192
33 63 4.891
33 64 76.092
33 65 66.477
33 66 7.981
33 67 29.719
33 68 70.274
33 69 43.488
33 70 10.852
33 71 80.803
33 72 85.579
33 73 0.683
33 74 7.428
33 75 37.702
33 76 92.746
33 77 44.522
33 78 55.919
33 79 19.959
33 80 4.149
33 81 8.589
33 82 31.035
33 83 8.529
33 84 93.370
33 85 11.718
33 86 23.930
33 87 79.764
33 88 4.434
33 89 21.306
33 90 19.232
33 91 40.998
33 92 80.251
33 93 21.855
33 94 57.268
33 95 41.972
33 96 41.498
33 97 13.036
33 98 92.856
33 99 24.766
33 100 76.965
33 101 39.036
33 102 43.367
33 103 66.392
33 104 64.275
33 105 81.539
33 106 78.220
33 107 62.820
33 108 25.943
33 109 32.328
33 110 39.600
33 111 0.986
33 112 39.902
33 113 98.368
33 114 99.878
33 115 66.183
33 116 65.881
33 117 82.135
33 118 55.096
33 119 36.269
34 35 19.469
34 36 23.033
34 37 25.818
34 38 21.226
34 39 24.202
34 40 81.942
34 41 86.768
34 42 16.887
34 43 98.690
34 44 0.233
34 45 74.888
34 46 54.989
34 47 90.574
34 48 67.059
34 49 31.811
34 50 48.271
34 51 52.022
34 52 84.275
34 53 21.187
34 54 48.891
34 55 62.503
34 56 27.019
34 57 23.937
34 58 61.260
34 59 43.741
34 60 59.857
34 61 55.203
34 62 76.229
34 63 79.027
34 64 83.261
34 65 65.611
34 66 22.571
34 67 44.499
34 68 53.322
34 69 86.467
34 70 63.854
34 71 83.505
34 72 38.748
34 73 53.554
34 74 4.024
34 75 6.858
34 76 53.540
34 77 97.474
34 78 3.414
34 79 81.538
34 80 31.154
34 81 19.782
34 82 48.401
34 83 78.348
34 84 86.560
34 85 83.656
34 86 62.546
34 87 85.029
34 88 46.257
34 89 35.446
34 90 94.828
34 91 55.530
34 92 13.163
34 93 39.149
34 94 71.431
34 95 58.389
34 96 73.195
34 97 49.727
34 98 51.587
34 99 7.607
34 100 43.469
34 101 73.141
34 102 85.071
34 103 7.927
34 104 8.200
34 105 61.075
34 106 29.219
34 107 23.087
34 108 87.721
34 109 66.558
34 110 46.708
34 111 80.412
34 112 38.477
34 113 43.029
34 114 71.847
34 115 58.005
34 116 87.410
34 117 3.852
34 118 2.758
34 119 61.845
35 36 62.853
35 37 71.917
35 38 49.572
35 39 89.246
35 40 95.859
35 41 39.655
35 42 44.652
35 43 92.445
35 44 30.835
35 45 28.661
35 46 99.857
35 47 1.450
35 48 2.421
35 49 85.075
35 50 77.983
35 51 38.869
35 52 6.734
35 53 71.996
35 54 30.785
35 55 61.047
35 56 19.431
35 57 23.388
35 58 44.344
35 59 89.677
35 60 90.473
35 61 5.331
35 62 24.073
35 63 55.912
35 64 76.038
35 65 89.895
35 66 46.247
35 67 65.068
35 68 51.736
35 69 84.547
35 70 0.743
35 71 4.176
35 72 88.078
35 73 75.716
35 74 50.513
35 75 56.886
35 76 59.099
35 77 38.973
35 78 37.334
35 79 60.693
35 80 98.118
35 81 40.279
35 82 70.528
35 83 39.929
35 84 10.770
35 85 2.828
35 86 45.548
35 87 74.686
35 88 4.810
35 89 42.268
35 90 52.758
35 91 20.564
35 92 98.589
35 93 79.376
35 94 53.219
35 95 77.091
35 96 25.696
35 97 23.807
35 98 17.895
35 99 13.673
35 100 61.933
35 101 85.069
35 102 49.504
35 103 1.103
35 104 62.616
35 105 7.635
35 106 32.054
35 107 63.935
35 108 13.149
35 109 45.949
35 110 82.170
35 111 64.452
35 112 63.840
35 113 92.038
35 114 8.386
35 115 52.473
35 116 41.182
35 117 43.559
35 118 19.885
35 119 66.922
36 37 2.083
36 38 53.313
36 39 64.510
36 40 54.865
36 41 25.007
36 42 32.639
36 43 17.390
36 44 81.615
36 45 12.532
36 46 90.518
36 47 86.154
36 48 41.556
36 49 13.535
36 50 77.879
36 51 46.454
36 52 43.500
36 53 60.029
36 54 72.278
36 55 72.396
36 56 36.660
36 57 53.613
36 58 81.975
36 59 80.495
36 60 63.741
36 61 29.558
36 62 70.425
36 63 62.883
36 64 76.196
36 65 72.773
36 66 2.275
36 67 45.757
36 68 23.332
36 69 59.159
36 70 90.206
36 71 72.443
36 72 31.753
36 73 48.357
36 74 78.264
36 75 76.941
36 76 24.545
36 77 59.425
36 78 31.864
36 79 83.457
36 80 90.603
36 81 19.673
36 82 17.167
36 83 40.174
36 84 3.721
36 85 88.727
36 86 43.329
36 87 71.397
36 88 8.290
36 89 24.806
36 90 9.921
36 91 11.209
36 92 33.905
36 93 78.279
36 94 48.794
36 95 63.910
36 96 74.694
36 97 68.745
36 98 74.800
36 99 21.745
36 100 70.844
36 101 26.224
36 102 62.943
36 103 58.847
36 104 59.596
36 105 54.447
36 106 50.940
36 107 11.762
36 108 20.873
36 109 4.847
36 110 25.598
36 111 51.627
36 112 28.759
36 113 33.491
36 114 89.042
36 115 50.755
36 116 34.194
36 117 50.073
36 118 16.541
36 119 47.315
37 38 46.537
37 39 57.958
37 40 11.514
37 41 15.763
37 42 52.068
37 43 27.394
37 44 35.294
37 45 57.825
37 46 6.024
37 47 40.176
37 48 39.315
37 49 39.085
37 50 61.431
37 51 93.345
37 52 55.599
37 53 9.614
37 54 52.774
37 55 51.982
37 56 7.780
37 57 63.562
37 58 35.464
37 59 96.697
37 60 89.388
37 61 12.287
37 62 93.090
37 63 20.117
37 64 18.668
37 65 68.335
37 66 63.609
37 67 88.485
37 68 19.993
37 69 63.469
37 70 2.905
37 71 99.429
37 72 0.722
37 73 52.946
37 74 99.570
37 75 35.027
37 76 89.365
37 77 90.369
37 78 78.276
37 79 30.488
37 80 75.994
37 81 92.702
37 82 80.800
37 83 53.062
37 84 49.070
37 85 53.403
37 86 93.497
37 87 13.285
37 88 54.201
37 89 3.156
37 90 97.995
37 91 11.159
37 92 9.824
37 93 62.272
37 94 57.849
37 95 53.636
37 96 2.385
37 97 76.635
37 98 18.110
37 99 66.527
37 100 49.342
37 101 79.895
37 102 87.012
37 103 63.939
37 104 62.133
37 105 78.669
37 106 89.411
37 107 31.383
37 108 63.248
37 109 14.575
37 110 30.138
37 111 24.921
37 112 11.628
37 113 17.246
37 114 82.083
37 115 87.990
37 116 68.836
37 117 25.796
37 118 18.620
37 119 40.025
38 39 94.803
38 40 22.748
38 41 42.900
38 42 96.544
38 43 96.422
38 44 94.039
38 45 27.549
38 46 39.063
38 47 64.843
38 48 1.494
38 49 67.491
38 50 65.012
38 51 28.076
38 52 30.012
38 53 65.904
38 54 12.785
38 55 14.327
38 56 50.751
38 57 18.694
38 58 75.091
38 59 68.484
38 60 23.675
38 61 36.461
38 62 85.008
38 63 89.258
38 64 48.128
38 65 44.529
38 66 83.413
38 67 57.710
38 68 58.460
38 69 31.458
38 70 53.936
38 71 9.246
38 72 53.217
38 73 74.308
38 74 42.141
38 75 60.625
38 76 41.075
38 77 55.021
38 78 59.315
38 79 41.129
38 80 84.403
38 81 96.382
38 82 8.096
38 83 92.772
38 84 22.277
38 85 88.371
38 86 57.068
38 87 98.265
38 88 58.705
38 89 46.061
38 90 34.559
38 91 67.421
38 92 9.013
38 93 38.824
38 94 8.046
38 95 62.799
38 96 7.555
38 97 57.198
38 98 64.884
38 99 73.594
38 100 93.308
38 101 38.605
38 102 12.540
38 103 53.133
38 104 6.405
38 105 55.986
38 106 72.060
38 107 19.812
38 108 48.307
38 109 84.486
38 110 47.186
38 111 83.896
38 112 81.043
38 113 0.443
38 114 13.377
38 115 3.346
38 116 66.848
38 117 34.264
38 118 85.912
38 119 90.660
39 40 78.519
39 41 94.138
39 42 94.316
39 43 89.717
39 44 42.954
39 45 1.105
39 46 11.567
39 47 16.674
39 48 15.563
39 49 27.649
39 50 60.822
39 51 12.230
39 52 21.658
39 53 11.751
39 54 49.870
39 55 83.883
39 56 42.397
39 57 26.281
39 58 64.086
39 59 26.296
39 60 67.518
39 61 19.619
39 62 82.316
39 63 95.493
39 64 84.817
39 65 7.554
39 66 66.995
39 67 78.307
39 68 27.242
39 69 88.814
39 70 19.689
39 71 42.359
39 72 52.447
39 73 76.978
39 74 86.361
39 75 73.843
39 76 86.796
39 77 90.046
39 78 42.814
39 79 10.441
39 80 26.055
39 81 15.631
39 82 90.108
39 83 54.960
39 84 48.393
39 85 74.493
39 86 42.193
39 87 11.615
39 88 61.810
39 89 38.060
39 90 93.522
39 91 21.332
39 92 77.747
39 93 16.618
39 94 13.168
39 95 85.093
39 96 75.384
39 97 24.008
39 98 23.725
39 99 55.013
39 100 96.999
39 101 41.943
39 102 88.242
39 103 41.722
39 104 93.792
39 105 52.498
39 106 46.513
39 107 33.589
39 108 23.679
39 109 80.814
39 110 13.209
39 111 48.419
39 112 87.835
39 113 91.778
39 114 74.689
39 115 41.473
39 116 81.122
39 117 14.159
39 118 98.731
39 119 75.024
40 41 23.076
40 42 23.652
40 43 2.036
40 44 14.120
40 45 30.710
40 46 2.267
40 47 3.995
40 48 50.822
40 49 92.201
40 50 5.701
40 51 32.078
40 52 74.925
40 53 1.338
40 54 12.586
40 55 34.105
40 56 3.000
40 57 16.687
40 58 99.924
40 59 95.754
40 60 49.566
40 61 16.493
40 62 87.576
40 63 57.833
40 64 74.322
40 65 30.642
40 66 21.297
40 67 77.165
40 68 67.562
40 69 44.341
40 70 18.619
40 71 77.387
40 72 42.264
40 73 84.729
40 74 84.790
40 75 91.514
40 76 85.809
40 77 21.202
40 78 17.003
40 79 6.819
40 80 86.886
40 81 33.050
40 82 54.326
40 83 84.398
40 84 93.858
40 85 23.819
40 86 98.001
40 87 40.727
40 88 79.715
40 89 90.886
40 90 22.231
40 91 46.582
40 92 85.710
40 93 90.792
40 94 19.059
40 95 19.890
40 96 90.885
40 97 76.186
40 98 72.662
40 99 63.396
40 100 7.879
40 101 18.589
40 102 38.102
40 103 25.464
40 104 36.819
40 105 72.689
40 106 7.550
40 107 42.901
40 108 18.499
40 109 82.512
40 110 82.985
40 111 58.397
40 112 15.705
40 113 77.577
40 114 38.559
40 115 91.960
40 116 17.238
40 117 58.003
40 118 48.094
40 119 85.698
41 42 3.037
41 43 21.547
41 44 73.584
41 45 34.355
41 46 30.789
41 47 42.700
41 48 59.120
41 49 60.187
41 50 4.492
41 51 74.185
41 52 51.303
41 53 90.097
41 54 63.687
41 55 4.614
41 56 72.016
41 57 45.390
41 58 88.391
41 59 72.547
41 60 2.298
41 61 60.055
41 62 49.247
41 63 6.829
41 64 97.159
41 65 2.202
41 66 45.037
41 67 35.831
41 68 40.258
41 69 85.065
41 70 60.354
41 71 84.113
41 72 64.727
41 73 18.965
41 74 45.167
41 75 54.017
41 76 11.781
41 77 73.640
41 78 64.900
41 79 71.826
41 80 72.308
41 81 91.600
41 82 94.806
41 83 63.397
41 84 58.300
41 85 17.432
41 86 35.616
41 87 12.528
41 88 80.758
41 89 85.439
41 90 8.772
41 91 46.852
41 92 68.625
41 93 38.590
41 94 49.073
41 95 90.657
41 96 49.322
41 97 35.386
41 98 50.108
41 99 21.789
41 100 25.646
41 101 38.143
41 102 33.613
41 103 70.692
41 104 26.040
41 105 66.060
41 106 7.711
41 107 3.616
41 108 75.694
41 109 39.560
41 110 50.981
41 111 39.171
41 112 34.438
41 113 38.555
41 114 9.401
41 115 57.658
41 116 74.071
41 117 46.617
41 118 21.412
41 119 75.971
42 43 22.538
42 44 55.458
42 45 92.726
42 46 77.393
42 47 85.290
42 48 59.724
42 49 26.956
42 50 5.221
42 51 65.194
42 52 80.761
42 53 80.744
42 54 51.901
42 55 41.511
42 56 19.844
42 57 52.794
42 58 1.265
42 59 35.764
42 60 56.321
42 61 35.060
42 62 10.424
42 63 87.706
42 64 74.142
42 65 51.310
42 66 50.038
42 67 88.148
42 68 21.492
42 69 83.385
42 70 56.915
42 71 67.067
42 72 82.514
42 73 38.698
42 74 91.268
42 75 15.189
42 76 67.581
42 77 43.869
42 78 32.487
42 79 25.166
42 80 9.131
42 81 58.848
42 82 91.880
42 83 74.477
42 84 83.766
42 85 93.494
42 86 68.622
42 87 36.389
42 88 68.142
42 89 74.299
42 90 25.999
42 91 97.540
42 92 76.114
42 93 52.773
42 94 19.065
42 95 81.160
42 96 17.666
42 97 69.011
42 98 61.943
42 99 23.473
42 100 66.342
42 101 84.033
42 102 83.262
42 103 27.461
42 104 21.230
42 105 72.724
42 106 81.593
42 107 22.989
42 108 1.961
42 109 25.546
42 110 59.261
42 111 95.174
42 112 20.783
42 113 41.670
42 114 82.536
42 115 3.928
42 116 34.443
42 117 8.766
42 118 88.945
42 119 6.763
43 44 90.427
43 45 55.412
43 46 38.363
43 47 14.234
43 48 47.057
43 49 30.950
43 50 83.493
43 51 52.797
43 52 65.009
43 53 14.555
43 54 17.525
43 55 83.408
43 56 39.001
43 57 80.415
43 58 41.975
43 59 25.840
43 60 62.715
43 61 49.118
43 62 86.124
43 63 68.470
43 64 97.486
43 65 36.708
43 66 0.943
43 67 1.232
43 68 45.801
43 69 72.321
43 70 45.042
43 71 95.422
43 72 14.409
43 73 92.949
43 74 77.937
43 75 68.249
43 76 88.607
43 77 39.549
43 78 76.786
43 79 12.252
43 80 29.241
43 81 72.615
43 82 96.778
43 83 40.193
43 84 46.999
43 85 97.267
43 86 2.457
43 87 94.476
43 88 4.798
43 89 38.024
43 90 7.548
43 91 96.899
43 92 48.360
43 93 31.648
43 94 74.209
43 95 69.244
43 96 67.507
43 97 12.795
43 98 39.139
43 99 38.189
43 100 46.302
43 101 51.679
43 102 53.617
43 103 49.021
43 104 68.825
43 105 65.548
43 106 47.276
43 107 51.788
43 108 9.205
43 109 66.514
43 110 51.322
43 111 90.861
43 112 49.454
43 113 27.094
43 114 45.888
43 115 24.207
43 116 36.754
43 117 41.829
43 118 28.354
43 119 22.291
44 45 12.974
44 46 38.406
44 47 34.726
44 48 48.126
44 49 23.592
44 50 44.967
44 51 84.519
44 52 99.809
44 53 40.555
44 54 51.615
44 55 61.125
44 56 4.774
44 57 14.246
44 58 13.605
44 59 84.252
44 60 91.034
44 61 3.377
44 62 31.308
44 63 78.786
44 64 24.843
44 65 18.453
44 66 7.750
44 67 95.305
44 68 96.501
44 69 54.404
44 70 28.393
44 71 91.476
44 72 56.421
44 73 81.037
44 74 29.785
44 75 40.686
44 76 52.128
44 77 6.148
44 78 23.789
44 79 94.544
44 80 93.500
44 81 25.474
44 82 22.372
44 83 89.218
44 84 78.375
44 85 26.068
44 86 64.217
44 87 52.131
44 88 43.531
44 89 15.285
44 90 78.949
44 91 35.122
44 92 67.093
44 93 6.238
44 94 37.346
44 95 72.969
44 96 37.581
44 97 2.394
44 98 26.596
44 99 42.013
44 100 22.101
44 101 88.939
44 102 58.578
44 103 72.666
44 104 11.579
44 105 56.601
44 106 66.040
44 107 51.686
44 108 94.490
44 109 54.795
44 110 66.712
44 111 35.357
44 112 12.180
44 113 95.304
44 114 78.559
44 115 83.112
44 116 78.674
44 117 5.112
44 118 50.776
44 119 12.620
45 46 5.763
45 47 57.610
45 48 34.552
45 49 71.996
45 50 60.212
45 51 95.050
45 52 55.278
45 53 22.544
45 54 94.074
45 55 91.978
45 56 63.542
45 57 26.324
45 58 31.401
45 59 99.273
45 60 36.152
45 61 36.839
45 62 65.028
45 63 51.535
45 64 70.372
45 65 98.262
45 66 15.669
45 67 16.714
45 68 64.651
45 69 68.881
45 70 32.195
45 71 16.207
45 72 7.373
45 73 97.819
45 74 66.778
45 75 46.104
45 76 1.470
45 77 0.584
45 78 41.474
45 79 85.796
45 80 37.251
45 81 98.647
45 82 33.856
45 83 88.891
45 84 88.351
45 85 10.980
45 86 48.483
45 87 13.159
45 88 46.477
45 89 11.381
45 90 8.261
45 91 61.206
45 92 29.437
45 93 94.413
45 94 95.163
45 95 71.617
45 96 93.927
45 97 24.903
45 98 93.319
45 99 21.506
45 100 59.652
45 101 81.222
45 102 39.137
45 103 75.741
45 104 4.562
45 105 40.921
45 106 62.918
45 107 45.534
45 108 22.359
45 109 98.818
45 110 14.310
45 111 99.656
45 112 42.881
45 113 52.260
45 114 0.007
45 115 5.250
45 116 3.566
45 117 36.031
45 118 26.253
45 119 61.994
46 47 25.948
46 48 40.250
46 49 30.984
46 50 33.350
46 51 94.949
46 52 98.634
46 53 10.867
46 54 71.653
46 55 60.732
46 56 91.595
46 57 97.018
46 58 80.041
46 59 82.959
46 60 68.916
46 61 9.853
46 62 53.488
46 63 15.536
46 64 60.130
46 65 28.297
46 66 93.689
46 67 86.263
46 68 7.213
46 69 41.499
46 70 98.083
46 71 60.282
46 72 23.848
46 73 12.232
46 74 81.998
46 75 88.814
46 76 58.273
46 77 70.305
46 78 4.741
46 79 35.414
46 80 12.579
46 81 71.628
46 82 35.347
46 83 40.783
46 84 50.359
46 85 3.950
46 86 11.833
46 87 34.190
46 88 6.727
46 89 93.837
46 90 18.935
46 91 24.639
46 92 99.962
46 93 71.134
46 94 33.652
46 95 8.115
46 96 32.447
46 97 76.906
46 98 65.374
46 99 8.641
46 100 60.038
46 101 58.795
46 102 47.897
46 103 30.299
46 104 3.655
46 105 83.746
46 106 24.364
46 107 35.001
46 108 74.638
46 109 12.224
46 110 2.952
46 111 76.498
46 112 86.259
46 113 20.324
46 114 51.095
46 115 14.983
46 116 27.841
46 117 26.592
46 118 39.075
46 119 8.591
47 48 85.003
47 49 78.904
47 50 40.021
47 51 28.217
47 52 99.858
47 53 83.409
47 54 42.662
47 55 70.287
47 56 78.320
47 57 12.345
47 58 35.636
47 59 48.472
47 60 68.225
47 61 10.416
47 62 77.700
47 63 29.792
47 64 51.572
47 65 30.482
47 66 76.903
47 67 43.175
47 68 16.948
47 69 68.454
47 70 63.578
47 71 29.239
47 72 4.085
47 73 34.592
47 74 56.971
47 75 18.930
47 76 41.512
47 77 93.788
47 78 93.372
47 79 25.612
47 80 30.352
47 81 30.971
47 82 4.821
47 83 10.300
47 84 62.635
47 85 49.434
47 86 11.763
47 87 32.959
47 88 0.804
47 89 89.635
47 90 20.485
47 91 34.130
47 92 86.655
47 93 63.991
47 94 96.715
47 95 0.632
47 96 92.543
47 97 39.156
47 98 20.472
47 99 56.660
47 100 75.451
47 101 61.489
47 102 14.061
47 103 87.350
47 104 45.416
47 105 13.659
47 106 75.050
47 107 45.714
47 108 13.773
47 109 10.782
47 110 39.141
47 111 15.822
47 112 43.837
47 113 92.985
47 114 44.020
47 115 5.210
47 116 86.893
47 117 47.986
47 118 64.619
47 119 17.713
48 49 49.726
48 50 2.036
48 51 42.620
48 52 14.267
48 53 6.444
48 54 50.492
48 55 38.638
48 56 3.711
48 57 36.976
48 58 60.332
48 59 94.202
48 60 18.181
48 61 47.358
48 62 66.061
48 63 2.435
48 64 18.472
48 65 2.833
48 66 97.773
48 67 51.333
48 68 43.518
48 69 83.775
48 70 25.515
48 71 21.570
48 72 65.186
48 73 56.566
48 74 77.645
48 75 91.939
48 76 34.608
48 77 36.836
48 78 92.553
48 79 29.908
48 80 9.558
48 81 10.838
48 82 92.864
48 83 22.146
48 84 33.692
48 85 72.226
48 86 29.187
48 87 30.487
48 88 97.943
48 89 26.158
48 90 26.490
48 91 42.470
48 92 51.995
48 93 10.376
48 94 80.334
48 95 22.420
48 96 49.422
48 97 83.803
48 98 92.521
48 99 58.965
48 100 3.994
48 101 37.207
48 102 6.063
48 103 47.966
48 104 6.569
48 105 87.602
48 106 97.978
48 107 46.003
48 108 2.127
48 109 28.308
48 110 15.024
48 111 78.918
48 112 54.688
48 113 19.984
48 114 92.305
48 115 92.305
48 116 34.243
48 117 24.439
48 118 77.573
48 119 86.446
49 50 44.270
49 51 2.657
49 52 95.093
49 53 86.872
49 54 71.018
49 55 21.243
49 56 22.098
49 57 63.524
49 58 76.454
49 59 37.334
49 60 18.144
49 61 26.459
49 62 75.640
49 63 61.078
49 64 43.080
49 65 94.102
49 66 36.239
49 67 26.874
49 68 22.900
49 69 51.222
49 70 13.000
49 71 39.827
49 72 74.384
49 73 88.150
49 74 83.229
49 75 2.256
49 76 79.236
49 77 40.189
49 78 80.675
49 79 66.610
49 80 6.319
49 81 26.715
49 82 34.664
49 83 5.739
49 84 16.651
49 85 23.197
49 86 8.955
49 87 39.266
49 88 49.955
49 89 86.138
49 90 0.510
49 91 5.640
49 92 83.855
49 93 90.921
49 94 2.184
49 95 23.505
49 96 77.237
49 97 35.568
49 98 55.373
49 99 43.086
49 100 57.782
49 101 9.655
49 102 18.687
49 103 48.618
49 104 90.402
49 105 26.910
49 106 57.000
49 107 36.154
49 108 68.036
49 109 72.470
49 110 11.535
49 111 57.642
49 112 99.210
49 113 21.356
49 114 46.130
49 115 91.774
49 116 27.791
49 117 43.395
49 118 77.430
49 119 74.851
50 51 9.512
50 52 21.634
50 53 87.471
50 54 0.801
50 55 87.156
50 56 76.268
50 57 85.962
50 58 78.496
50 59 51.667
50 60 4.112
50 61 36.558
50 62 16.627
50 63 50.021
50 64 14.890
50 65 86.506
50 66 91.656
50 67 2.323
50 68 69.909
50 69 42.261
50 70 42.748
50 71 20.405
50 72 6.119
50 73 15.038
50 74 29.096
50 75 78.087
50 76 59.144
50 77 19.714
50 78 79.648
50 79 69.319
50 80 82.556
50 81 48.113
50 82 63.043
50 83 4.577
50 84 97.463
50 85 53.417
50 86 6.417
50 87 38.150
50 88 96.457
50 89 76.290
50 90 95.739
50 91 89.403
50 92 68.994
50 93 15.297
50 94 97.483
50 95 19.601
50 96 11.512
50 97 94.262
50 98 51.690
50 99 52.562
50 100 34.863
50 101 7.472
50 102 99.839
50 103 82.183
50 104 84.131
50 105 29.951
50 106 27.480
50 107 92.786
50 108 41.410
50 109 64.502
50 110 21.172
50 111 29.290
50 112 90.878
50 113 59.849
50 114 62.060
50 115 93.344
50 116 87.252
50 117 74.875
50 118 4.277
50 119 8.864
51 52 83.700
51 53 82.853
51 54 15.382
51 55 95.823
51 56 43.331
51 57 6.512
51 58 88.145
51 59 14.664
51 60 79.575
51 61 49.873
51 62 68.287
51 63 95.392
51 64 45.086
51 65 46.044
51 66 81.116
51 67 45.160
51 68 16.244
51 69 71.468
51 70 81.530
51 71 36.084
51 72 0.892
51 73 86.629
51 74 96.495
51 75 11.074
51 76 30.643
51 77 50.789
51 78 76.826
51 79 9.589
51 80 85.903
51 81 24.077
51 82 26.012
51 83 7.561
51 84 41.693
51 85 14.078
51 86 27.820
51 87 86.086
51 88 15.443
51 89 46.049
51 90 51.519
51 91 92.072
51 92 44.080
51 93 36.004
51 94 73.865
51 95 30.638
51 96 17.091
51 97 24.092
51 98 20.318
51 99 33.899
51 100 44.667
51 101 82.093
51 102 94.498
51 103 83.638
51 104 45.582
51 105 43.278
51 106 34.511
51 107 26.418
51 108 98.187
51 109 15.516
51 110 7.509
51 111 8.857
51 112 9.689
51 113 29.213
51 114 29.760
51 115 78.054
51 116 23.837
51 117 40.511
51 118 78.483
51 119 37.581
52 53 5.205
52 54 57.182
52 55 43.839
52 56 22.978
52 57 9.441
52 58 79.691
52 59 54.725
52 60 62.366
52 61 73.186
52 62 53.192
52 63 0.394
52 64 17.548
52 65 34.798
52 66 7.513
52 67 61.437
52 68 58.924
52 69 27.573
52 70 21.686
52 71 58.270
52 72 13.520
52 73 70.873
52 74 87.177
52 75 23.054
52 76 39.659
52 77 21.353
52 78 59.682
52 79 1.821
52 80 24.031
52 81 36.459
52 82 83.203
52 83 97.617
52 84 67.360
52 85 45.391
52 86 42.112
52 87 72.575
52 88 23.389
52 89 18.964
52 90 46.971
52 91 37.089
52 92 82.576
52 93 79.074
52 94 88.133
52 95 67.664
52 96 46.660
52 97 90.948
52 98 97.484
52 99 11.483
52 100 23.183
52 101 36.907
52 102 43.151
52 103 55.389
52 104 80.089
52 105 79.064
52 106 44.610
52 107 59.719
52 108 39.659
52 109 80.206
52 110 36.350
52 111 83.322
52 112 58.363
52 113 67.035
52 114 27.082
52 115 55.073
52 116 34.586
52 117 88.023
52 118 98.480
52 119 79.343
53 54 9.734
53 55 39.315
53 56 62.515
53 57 98.136
53 58 79.896
53 59 6.447
53 60 49.671
53 61 70.978
53 62 15.004
53 63 97.065
53 64 31.703
53 65 75.146
53 66 90.360
53 67 20.423
53 68 92.028
53 69 73.460
53 70 71.414
53 71 3.098
53 72 44.471
53 73 44.611
53 74 56.866
53 75 17.222
53 76 66.801
53 77 21.877
53 78 77.425
53 79 37.415
53 80 59.336
53 81 40.088
53 82 67.972
53 83 35.717
53 84 60.864
53 85 47.815
53 86 79.429
53 87 69.994
53 88 54.250
53 89 2.034
53 90 73.266
53 91 20.586
53 92 72.282
53 93 25.875
53 94 46.388
53 95 82.456
53 96 70.692
53 97 76.589
53 98 67.045
53 99 25.603
53 100 69.742
53 101 40.464
53 102 63.430
53 103 95.257
53 104 78.368
53 105 44.219
53 106 95.828
53 107 35.139
53 108 5.595
53 109 48.243
53 110 60.409
53 111 82.042
53 112 32.789
53 113 66.074
53 114 18.220
53 115 98.035
53 116 67.282
53 117 36.632
53 118 16.444
53 119 77.808
54 55 22.993
54 56 60.977
54 57 70.636
54 58 92.960
54 59 76.918
54 60 3.747
54 61 6.471
54 62 12.507
54 63 31.674
54 64 50.917
54 65 17.415
54 66 69.422
54 67 73.786
54 68 10.177
54 69 80.787
54 70 26.741
54 71 54.985
54 72 37.952
54 73 88.822
54 74 33.555
54 75 39.514
54 76 77.984
54 77 93.643
54 78 51.179
54 79 54.284
54 80 0.401
54 81 35.468
54 82 72.828
54 83 50.703
54 84 37.310
54 85 21.873
54 86 56.344
54 87 37.080
54 88 21.222
54 89 52.657
54 90 38.820
54 91 68.761
54 92 45.994
54 93 39.580
54 94 4.410
54 95 89.454
54 96 86.461
54 97 53.176
54 98 32.195
54 99 1.727
54 100 32.584
54 101 39.910
54 102 59.641
54 103 7.215
54 104 16.671
54 105 92.041
54 106 59.024
54 107 97.826
54 108 38.129
54 109 19.910
54 110 39.126
54 111 98.058
54 112 19.182
54 113 71.725
54 114 52.585
54 115 55.543
54 116 57.152
54 117 69.492
54 118 10.442
54 119 51.992
55 56 74.120
55 57 81.369
55 58 79.799
55 59 59.974
55 60 3.190
55 61 30.527
55 62 67.884
55 63 2.297
55 64 92.064
55 65 48.504
55 66 76.425
55 67 80.209
55 68 49.285
55 69 17.072
55 70 43.913
55 71 24.285
55 72 6.228
55 73 6.796
55 74 80.157
55 75 87.529
55 76 18.833
55 77 12.757
55 78 37.450
55 79 44.122
55 80 87.059
55 81 8.318
55 82 55.782
55 83 79.176
55 84 27.160
55 85 86.335
55 86 65.665
55 87 54.984
55 88 92.155
55 89 33.893
55 90 31.510
55 91 17.458
55 92 99.237
55 93 91.427
55 94 70.896
55 95 62.805
55 96 89.365
55 97 79.986
55 98 90.646
55 99 18.958
55 100 13.909
55 101 41.457
55 102 39.348
55 103 8.886
55 104 15.996
55 105 25.694
55 106 87.719
55 107 53.613
55 108 50.038
55 109 75.817
55 110 13.201
55 111 41.640
55 112 61.990
55 113 8.331
55 114 83.229
55 115 38.431
55 116 34.942
55 117 58.255
55 118 2.774
55 119 34.718
56 57 89.975
56 58 61.127
56 59 16.143
56 60 35.603
56 61 20.531
56 62 73.511
56 63 30.385
56 64 73.799
56 65 30.083
56 66 91.561
56 67 58.279
56 68 89.785
56 69 37.523
56 70 13.227
56 71 62.545
56 72 59.306
56 73 12.409
56 74 3.842
56 75 19.723
56 76 64.310
56 77 3.132
56 78 67.126
56 79 12.138
56 80 97.310
56 81 25.028
56 82 94.044
56 83 99.416
56 84 61.102
56 85 82.624
56 86 60.489
56 87 17.202
56 88 75.886
56 89 10.433
56 90 71.430
56 91 0.061
56 92 34.045
56 93 30.117
56 94 3.945
56 95 27.985
56 96 49.196
56 97 38.306
56 98 84.463
56 99 51.474
56 100 30.590
56 101 59.038
56 102 46.589
56 103 58.887
56 104 76.552
56 105 17.496
56 106 55.029
56 107 11.533
56 108 21.347
56 109 17.610
56 110 48.434
56 111 86.950
56 112 88.738
56 113 35.115
56 114 49.378
56 115 38.865
56 116 2.447
56 117 69.760
56 118 13.229
56 119 3.523
57 58 78.845
57 59 35.617
57 60 39.320
57 61 56.402
57 62 80.419
57 63 6.853
57 64 47.646
57 65 50.747
57 66 39.890
57 67 77.772
57 68 32.162
57 69 49.957
57 70 74.368
57 71 40.628
57 72 37.860
57 73 99.508
57 74 96.485
57 75 32.414
57 76 72.922
57 77 70.958
57 78 95.204
57 79 52.732
57 80 59.527
57 81 50.481
57 82 2.823
57 83 8.860
57 84 47.337
57 85 37.470
57 86 86.695
57 87 1.241
57 88 62.185
57 89 64.926
57 90 4.241
57 91 22.887
57 92 39.163
57 93 52.670
57 94 38.109
57 95 9.569
57 96 94.098
57 97 56.864
57 98 84.627
57 99 44.158
57 100 20.302
57 101 84.882
57 102 3.208
57 103 88.131
57 104 58.537
57 105 3.271
57 106 46.945
57 107 85.984
57 108 77.258
57 109 78.350
57 110 85.362
57 111 64.185
57 112 17.541
57 113 53.950
57 114 99.132
57 115 25.326
57 116 2.445
57 117 88.855
57 118 73.550
57 119 20.208
58 59 84.155
58 60 47.690
58 61 42.640
58 62 65.911
58 63 3.863
58 64 63.340
58 65 39.009
58 66 66.225
58 67 69.167
58 68 66.387
58 69 85.888
58 70 82.361
58 71 11.650
58 72 7.675
58 73 27.302
58 74 96.465
58 75 73.356
58 76 83.739
58 77 29.881
58 78 8.228
58 79 85.032
58 80 11.704
58 81 5.562
58 82 5.745
58 83 41.278
58 84 90.176
58 85 98.277
58 86 55.816
58 87 48.192
58 88 25.711
58 89 49.692
58 90 65.958
58 91 17.586
58 92 0.654
58 93 9.158
58 94 80.697
58 95 8.555
58 96 7.450
58 97 81.272
58 98 88.075
58 99 71.920
58 100 76.957
58 101 10.766
58 102 28.787
58 103 36.027
58 104 83.883
58 105 88.947
58 106 20.037
58 107 83.369
58 108 21.145
58 109 28.481
58 110 28.902
58 111 6.691
58 112 96.753
58 113 94.057
58 114 55.934
58 115 0.524
58 116 21.799
58 117 95.301
58 118 18.661
58 119 39.471
59 60 26.152
59 61 45.284
59 62 56.857
59 63 18.145
59 64 59.691
59 65 63.087
59 66 16.633
59 67 79.295
59 68 11.204
59 69 52.064
59 70 8.823
59 71 36.441
59 72 4.519
59 73 16.844
59 74 78.634
59 75 5.261
59 76 12.021
59 77 91.547
59 78 68.149
59 79 93.999
59 80 59.367
59 81 39.300
59 82 1.034
59 83 67.325
59 84 82.067
59 85 48.867
59 86 69.679
59 87 90.364
59 88 34.503
59 89 98.049
59 90 58.997
59 91 80.024
59 92 45.058
59 93 75.476
59 94 98.251
59 95 39.283
59 96 57.178
59 97 52.526
59 98 92.520
59 99 26.754
59 100 95.562
59 101 75.320
59 102 48.789
59 103 18.645
59 104 49.052
59 105 3.077
59 106 78.178
59 107 53.119
59 108 67.422
59 109 53.622
59 110 25.416
59 111 8.117
59 112 27.904
59 113 29.389
59 114 49.455
59 115 52.858
59 116 39.150
59 117 88.031
59 118 54.978
59 119 30.498
60 61 15.240
60 62 90.553
60 63 53.559
60 64 74.881
60 65 70.423
60 66 6.904
60 67 15.373
60 68 37.802
60 69 56.473
60 70 84.010
60 71 57.603
60 72 4.907
60 73 88.845
60 74 84.496
60 75 4.061
60 76 8.097
60 77 85.286
60 78 85.667
60 79 42.056
60 80 0.251
60 81 71.081
60 82 87.805
60 83 97.168
60 84 44.101
60 85 88.840
60 86 18.424
60 87 44.337
60 88 81.239
60 89 87.537
60 90 34.860
60 91 74.555
60 92 89.560
60 93 55.449
60 94 21.407
60 95 40.461
60 96 7.800
60 97 4.707
60 98 49.202
60 99 11.256
60 100 4.424
60 101 11.384
60 102 17.139
60 103 77.615
60 104 94.727
60 105 64.330
60 106 20.325
60 107 60.663
60 108 64.828
60 109 78.427
60 110 98.944
60 111 95.556
60 112 44.136
60 113 83.504
60 114 4.851
60 115 79.867
60 116 78.903
60 117 8.825
60 118 85.834
60 119 99.727
61 62 98.635
61 63 44.896
61 64 28.196
61 65 72.521
61 66 34.431
61 67 79.284
61 68 17.147
61 69 73.983
61 70 43.712
61 71 71.177
61 72 71.497
61 73 49.640
61 74 19.352
61 75 50.645
61 76 84.203
61 77 45.803
61 78 12.871
61 79 2.846
61 80 53.569
61 81 33.710
61 82 81.149
61 83 24.880
61 84 21.246
61 85 41.896
61 86 74.017
61 87 23.559
61 88 42.639
61 89 56.512
61 90 16.121
61 91 56.043
61 92 2.931
61 93 97.084
61 94 0.620
61 95 2.118
61 96 57.660
61 97 26.036
61 98 4.558
61 99 96.832
61 100 20.631
61 101 4.356
61 102 56.160
61 103 45.259
61 104 43.922
61 105 62.886
61 106 32.841
61 107 87.386
61 108 34.818
61 109 18.969
61 110 45.378
61 111 80.375
61 112 32.773
61 113 31.571
61 114 68.471
61 115 17.972
61 116 25.796
61 117 54.514
61 118 10.845
61 119 12.318
62 63 20.178
62 64 17.053
62 65 79.059
62 66 22.188
62 67 90.040
62 68 33.812
62 69 78.368
62 70 23.423
62 71 23.910
62 72 21.967
62 73 11.269
62 74 82.338
62 75 54.417
62 76 82.545
62 77 79.739
62 78 10.886
62 79 4.111
62 80 84.885
62 81 70.762
62 82 53.604
62 83 5.549
62 84 78.503
62 85 6.356
62 86 80.646
62 87 57.020
62 88 45.027
62 89 69.120
62 90 38.671
62 91 56.581
62 92 94.352
62 93 72.223
62 94 41.909
62 95 16.608
62 96 3.797
62 97 28.797
62 98 69.432
62 99 98.623
62 100 96.796
62 101 89.846
62 102 71.451
62 103 23.893
62 104 58.549
62 105 62.091
62 106 77.428
62 107 9.142
62 108 90.038
62 109 87.542
62 110 41.841
62 111 48.709
62 112 8.965
62 113 65.171
62 114 59.641
62 115 14.542
62 116 16.419
62 117 21.677
62 118 32.735
62 119 73.686
63 64 61.433
63 65 93.152
63 66 71.314
63 67 29.232
63 68 52.139
63 69 62.343
63 70 69.361
63 71 75.204
63 72 81.822
63 73 7.256
63 74 2.403
63 75 18.417
63 76 60.937
63 77 56.001
63 78 57.363
63 79 61.099
63 80 72.048
63 81 10.064
63 82 19.329
63 83 56.900
63 84 93.628
63 85 93.598
63 86 8.112
63 87 49.875
63 88 70.806
63 89 9.871
63 90 78.653
63 91 81.151
63 92 46.389
63 93 37.663
63 94 73.663
63 95 1.189
63 96 3.877
63 97 80.169
63 98 44.327
63 99 56.902
63 100 15.679
63 101 86.928
63 102 35.454
63 103 32.382
63 104 34.386
63 105 5.266
63 106 65.153
63 107 9.551
63 108 12.687
63 109 81.956
63 110 15.937
63 111 80.817
63 112 88.415
63 113 28.059
63 114 94.095
63 115 89.624
63 116 25.201
63 117 80.311
63 118 7.233
63 119 96.784
64 65 56.346
64 66 40.984
64 67 56.083
64 68 70.568
64 69 39.780
64 70 54.783
64 71 35.991
64 72 76.749
64 73 95.342
64 74 86.141
64 75 95.947
64 76 1.147
64 77 62.135
64 78 93.179
64 79 8.565
64 80 71.703
64 81 83.337
64 82 55.629
64 83 63.134
64 84 59.687
64 85 98.586
64 86 3.198
64 87 5.669
64 88 30.385
64 89 99.952
64 90 8.094
64 91 14.829
64 92 82.459
64 93 86.517
64 94 50.909
64 95 20.635
64 96 62.131
64 97 34.695
64 98 42.512
64 99 44.133
64 100 63.452
64 101 86.687
64 102 86.342
64 103 60.421
64 104 29.137
64 105 47.862
64 106 95.215
64 107 64.945
64 108 47.800
64 109 75.312
64 110 34.707
64 111 53.515
64 112 2.874
64 113 34.522
64 114 51.191
64 115 10.169
64 116 66.138
64 117 98.794
64 118 56.770
64 119 33.867
65 66 44.446
65 67 66.969
65 68 85.652
65 69 24.901
65 70 82.149
65 71 79.000
65 72 6.878
65 73 94.992
65 74 93.638
65 75 16.039
65 76 76.906
65 77 61.240
65 78 50.557
65 79 81.969
65 80 42.171
65 81 33.392
65 82 76.434
65 83 76.687
65 84 56.536
65 85 6.351
65 86 7.855
65 87 87.946
65 88 61.485
65 89 25.419
65 90 65.756
65 91 48.198
65 92 87.901
65 93 0.423
65 94 43.007
65 95 25.627
65 96 77.467
65 97 6.748
65 98 55.204
65 99 44.444
65 100 88.994
65 101 26.178
65 102 20.407
65 103 58.519
65 104 50.407
65 105 48.572
65 106 30.554
65 107 34.560
65 108 40.635
65 109 76.546
65 110 52.362
65 111 36.286
65 112 37.321
65 113 49.676
65 114 48.778
65 115 39.441
65 116 46.061
65 117 32.173
65 118 43.344
65 119 48.988
66 67 34.780
66 68 88.532
66 69 59.362
66 70 34.444
66 71 32.886
66 72 5.382
66 73 53.306
66 74 47.096
66 75 19.019
66 76 4.540
66 77 27.674
66 78 33.685
66 79 13.477
66 80 32.241
66 81 52.304
66 82 15.176
66 83 11.829
66 84 2.578
66 85 45.160
66 86 56.336
66 87 44.746
66 88 19.368
66 89 63.700
66 90 12.129
66 91 25.753
66 92 99.980
66 93 36.125
66 94 0.281
66 95 53.378
66 96 77.121
66 97 18.216
66 98 15.886
66 99 67.099
66 100 60.097
66 101 95.869
66 102 73.567
66 103 17.508
66 104 95.818
66 105 66.095
66 106 35.436
66 107 0.290
66 108 81.577
66 109 19.940
66 110 58.991
66 111 20.874
66 112 46.612
66 113 19.636
66 114 78.089
66 115 2.062
66 116 37.505
66 117 9.277
66 118 12.256
66 119 20.437
67 68 13.676
67 69 23.385
67 70 84.863
67 71 59.031
67 72 83.539
67 73 60.999
67 74 19.060
67 75 93.520
67 76 89.332
67 77 74.215
67 78 71.876
67 79 87.131
67 80 79.193
67 81 79.614
67 82 61.517
67 83 55.440
67 84 88.766
67 85 38.601
67 86 40.646
67 87 76.465
67 88 91.397
67 89 68.403
67 90 69.308
67 91 63.683
67 92 65.973
67 93 39.315
67 94 45.180
67 95 90.050
67 96 74.479
67 97 85.761
67 98 55.933
67 99 49.619
67 100 37.565
67 101 8.843
67 102 28.755
67 103 70.009
67 104 45.717
67 105 76.246
67 106 65.484
67 107 43.784
67 108 46.089
67 109 31.761
67 110 68.262
67 111 29.687
67 112 0.582
67 113 11.103
67 114 80.295
67 115 85.724
67 116 19.494
67 117 23.355
67 118 89.021
67 119 35.243
68 69 36.837
68 70 98.042
68 71 64.891
68 72 34.450
68 73 8.389
68 74 16.738
68 75 37.958
68 76 5.206
68 77 81.609
68 78 45.018
68 79 46.607
68 80 20.485
68 81 7.722
68 82 55.739
68 83 28.013
68 84 81.529
68 85 40.602
68 86 87.788
68 87 58.273
68 88 5.542
68 89 94.547
68 90 15.825
68 91 91.701
68 92 50.641
68 93 13.558
68 94 16.013
68 95 93.360
68 96 40.843
68 97 38.481
68 98 0.315
68 99 6.691
68 100 18.029
68 101 45.136
68 102 57.664
68 103 48.968
68 104 40.083
68 105 66.532
68 106 84.172
68 107 81.302
68 108 64.851
68 109 5.335
68 110 6.498
68 111 57.061
68 112 8.072
68 113 88.906
68 114 2.610
68 115 12.819
68 116 40.107
68 117 18.607
68 118 2.379
68 119 29.325
69 70 91.066
69 71 17.452
69 72 6.813
69 73 56.495
69 74 66.872
69 75 85.791
69 76 99.197
69 77 66.044
69 78 39.786
69 79 33.383
69 80 34.001
69 81 68.150
69 82 66.124
69 83 68.028
69 84 80.157
69 85 4.394
69 86 1.167
69 87 85.906
69 88 64.130
69 89 8.253
69 90 26.657
69 91 26.772
69 92 5.205
69 93 6.530
69 94 79.836
69 95 28.415
69 96 60.488
69 97 20.367
69 98 74.626
69 99 39.063
69 100 0.357
69 101 12.870
69 102 35.336
69 103 23.867
69 104 16.442
69 105 21.867
69 106 21.206
69 107 32.181
69 108 23.685
69 109 10.962
69 110 6.111
69 111 76.008
69 112 55.616
69 113 69.798
69 114 91.917
69 115 6.844
69 116 67.745
69 117 95.315
69 118 76.283
69 119 68.065
70 71 57.752
70 72 89.791
70 73 66.089
70 74 43.063
70 75 83.199
70 76 18.607
70 77 26.210
70 78 15.563
70 79 7.532
70 80 80.895
70 81 80.028
70 82 7.821
70 83 33.397
70 84 59.634
70 85 32.860
70 86 64.894
70 87 88.619
70 88 34.252
70 89 72.357
70 90 8.700
70 91 14.691
70 92 58.416
70 93 11.018
70 94 94.292
70 95 70.184
70 96 28.472
70 97 75.076
70 98 62.605
70 99 2.245
70 100 93.827
70 101 11.323
70 102 98.837
70 103 58.183
70 104 89.626
70 105 78.845
70 106 73.722
70 107 6.100
70 108 4.159
70 109 16.172
70 110 66.148
70 111 8.659
70 112 28.722
70 113 26.007
70 114 39.848
70 115 47.268
70 116 75.999
70 117 99.493
70 118 74.395
70 119 25.320
71 72 94.581
71 73 9.867
71 74 31.240
71 75 88.618
71 76 51.815
71 77 41.410
71 78 69.267
71 79 88.669
71 80 4.982
71 81 83.741
71 82 11.122
71 83 80.316
71 84 31.638
71 85 13.806
71 86 1.548
71 87 88.949
71 88 43.981
71 89 8.298
71 90 91.985
71 91 4.590
71 92 69.236
71 93 77.817
71 94 31.930
71 95 60.168
71 96 38.283
71 97 90.697
71 98 46.825
71 99 29.583
71 100 88.162
71 101 59.249
71 102 34.715
71 103 37.469
71 104 50.565
71 105 94.050
71 106 19.466
71 107 7.056
71 108 68.075
71 109 92.960
71 110 57.036
71 111 85.114
71 112 52.646
71 113 20.714
71 114 3.094
71 115 73.715
71 116 76.724
71 117 52.195
71 118 15.244
71 119 67.343
72 73 66.378
72 74 97.937
72 75 81.153
72 76 40.923
72 77 47.977
72 78 3.915
72 79 35.098
72 80 59.374
72 81 85.163
72 82 19.364
72 83 49.743
72 84 82.558
72 85 31.294
72 86 56.120
72 87 67.407
72 88 20.818
72 89 13.982
72 90 20.931
72 91 65.658
72 92 55.792
72 93 63.036
72 94 88.181
72 95 35.746
72 96 78.763
72 97 90.826
72 98 94.650
72 99 89.205
72 100 14.551
72 101 34.993
72 102 80.214
72 103 97.915
72 104 92.794
72 105 77.421
72 106 68.809
72 107 15.947
72 108 0.419
72 109 60.524
72 110 82.486
72 111 27.749
72 112 99.232
72 113 32.135
72 114 8.100
72 115 16.503
72 116 20.759
72 117 63.705
72 118 90.889
72 119 48.951
73 74 56.824
73 75 2.960
73 76 12.189
73 77 28.560
73 78 48.812
73 79 41.871
73 80 19.488
73 81 77.558
73 82 41.190
73 83 3.463
73 84 16.248
73 85 70.222
73 86 5.541
73 87 76.944
73 88 86.164
73 89 54.714
73 90 60.257
73 91 59.584
73 92 21.960
73 93 68.848
73 94 7.979
73 95 95.931
73 96 52.359
73 97 76.355
73 98 87.970
73 99 40.191
73 100 12.511
73 101 24.512
73 102 93.863
73 103 5.997
73 104 82.953
73 105 51.480
73 106 38.529
73 107 9.265
73 108 30.098
73 109 52.229
73 110 57.304
73 111 54.493
73 112 17.268
73 113 45.624
73 114 28.433
73 115 62.610
73 116 19.447
73 117 72.092
73 118 55.258
73 119 89.326
74 75 67.238
74 76 91.183
74 77 98.583
74 78 36.994
74 79 65.877
74 80 41.451
74 81 69.579
74 82 20.075
74 83 83.743
74 84 71.237
74 85 93.716
74 86 4.581
74 87 81.413
74 88 48.281
74 89 34.408
74 90 5.233
74 91 57.132
74 92 8.502
74 93 21.439
74 94 90.581
74 95 17.468
74 96 9.881
74 97 63.662
74 98 15.969
74 99 42.942
74 100 16.055
74 101 38.118
74 102 76.971
74 103 7.610
74 104 46.039
74 105 38.391
74 106 51.800
74 107 28.839
74 108 91.475
74 109 33.900
74 110 80.216
74 111 68.929
74 112 20.806
74 113 38.782
74 114 8.565
74 115 83.792
74 116 61.041
74 117 14.127
74 118 15.846
74 119 15.518
75 76 72.024
75 77 30.547
75 78 24.087
75 79 55.492
75 80 5.620
75 81 99.402
75 82 87.801
75 83 62.587
75 84 72.743
75 85 40.489
75 86 51.928
75 87 7.037
75 88 24.896
75 89 91.590
75 90 65.433
75 91 24.722
75 92 93.666
75 93 80.998
75 94 38.599
75 95 8.897
75 96 21.576
75 97 77.998
75 98 36.042
75 99 36.808
75 100 60.774
75 101 8.236
75 102 4.652
75 103 27.169
75 104 12.206
75 105 71.019
75 106 45.852
75 107 51.129
75 108 27.255
75 109 23.802
75 110 55.014
75 111 74.155
75 112 96.258
75 113 5.490
75 114 67.311
75 115 89.161
75 116 3.892
75 117 54.607
75 118 68.971
75 119 12.249
76 77 40.102
76 78 41.042
76 79 55.603
76 80 51.577
76 81 17.046
76 82 70.754
76 83 45.185
76 84 27.183
76 85 57.527
76 86 41.698
76 87 82.271
76 88 14.971
76 89 88.366
76 90 26.182
76 91 2.140
76 92 11.619
76 93 93.441
76 94 29.993
76 95 58.830
76 96 68.830
76 97 55.382
76 98 31.820
76 99 59.401
76 100 25.120
76 101 42.381
76 102 37.872
76 103 88.271
76 104 71.259
76 105 77.113
76 106 96.050
76 107 50.082
76 108 21.509
76 109 58.501
76 110 1.642
76 111 7.342
76 112 26.972
76 113 93.826
76 114 92.215
76 115 39.914
76 116 59.628
76 117 38.650
76 118 73.239
76 119 7.497
77 78 16.081
77 79 35.097
77 80 37.953
77 81 53.297
77 82 38.528
77 83 85.193
77 84 45.067
77 85 47.405
77 86 27.179
77 87 95.312
77 88 96.124
77 89 31.736
77 90 23.080
77 91 80.220
77 92 10.698
77 93 94.904
77 94 73.248
77 95 20.737
77 96 32.078
77 97 75.040
77 98 51.051
77 99 27.779
77 100 8.666
77 101 61.299
77 102 93.897
77 103 77.318
77 104 87.061
77 105 40.694
77 106 37.639
77 107 45.765
77 108 21.652
77 109 15.895
77 110 72.448
77 111 93.331
77 112 52.485
77 113 1.764
77 114 18.493
77 115 14.124
77 116 28.306
77 117 93.637
77 118 21.396
77 119 96.042
78 79 54.868
78 80 88.760
78 81 97.232
78 82 10.994
78 83 29.977
78 84 33.781
78 85 14.743
78 86 86.497
78 87 86.177
78 88 65.825
78 89 88.477
78 90 93.443
78 91 99.621
78 92 12.452
78 93 70.727
78 94 21.604
78 95 39.358
78 96 16.642
78 97 72.411
78 98 4.419
78 99 25.142
78 100 57.001
78 101 13.472
78 102 97.629
78 103 33.814
78 104 40.462
78 105 1.889
78 106 12.581
78 107 44.444
78 108 55.051
78 109 67.059
78 110 54.260
78 111 40.594
78 112 83.635
78 113 28.102
78 114 16.631
78 115 94.455
78 116 96.105
78 117 60.539
78 118 43.370
78 119 42.061
79 80 57.031
79 81 35.826
79 82 70.797
79 83 21.380
79 84 8.633
79 85 47.414
79 86 31.629
79 87 85.810
79 88 14.750
79 89 4.251
79 90 13.102
79 91 24.465
79 92 80.505
79 93 68.084
79 94 31.096
79 95 17.584
79 96 94.510
79 97 34.433
79 98 3.070
79 99 30.522
79 100 75.674
79 101 8.790
79 102 76.941
79 103 2.979
79 104 45.097
79 105 9.356
79 106 0.492
79 107 21.493
79 108 84.996
79 109 35.560
79 110 96.426
79 111 72.680
79 112 91.274
79 113 77.636
79 114 41.916
79 115 62.307
79 116 74.074
79 117 6.676
79 118 38.298
79 119 51.010
80 81 11.541
80 82 76.889
80 83 96.478
80 84 1.308
80 85 16.031
80 86 92.185
80 87 56.731
80 88 52.550
80 89 29.127
80 90 37.755
80 91 7.727
80 92 40.510
80 93 22.074
80 94 53.954
80 95 68.947
80 96 56.595
80 97 41.620
80 98 34.616
80 99 53.094
80 100 97.947
80 101 7.776
80 102 64.797
80 103 30.677
80 104 94.218
80 105 39.607
80 106 74.016
80 107 77.618
80 108 9.386
80 109 57.936
80 110 70.193
80 111 98.577
80 112 7.696
80 113 89.731
80 114 36.796
80 115 83.597
80 116 41.668
80 117 77.921
80 118 21.091
80 119 73.770
81 82 67.080
81 83 82.548
81 84 14.956
81 85 82.794
81 86 14.940
81 87 44.389
81 88 31.341
81 89 45.623
81 90 53.662
81 91 70.577
81 92 9.280
81 93 42.833
81 94 56.049
81 95 93.258
81 96 38.251
81 97 79.924
81 98 45.104
81 99 46.923
81 100 78.708
81 101 84.435
81 102 30.352
81 103 7.843
81 104 69.793
81 105 20.590
81 106 62.005
81 107 39.887
81 108 57.498
81 109 11.130
81 110 24.228
81 111 95.026
81 112 46.971
81 113 99.040
81 114 60.663
81 115 23.931
81 116 81.184
81 117 78.088
81 118 75.532
81 119 62.364
82 83 74.865
82 84 70.393
82 85 81.799
82 86 72.396
82 87 87.336
82 88 31.704
82 89 74.281
82 90 34.023
82 91 0.870
82 92 20.605
82 93 90.013
82 94 2.371
82 95 82.153
82 96 76.586
82 97 80.819
82 98 68.421
82 99 43.646
82 100 13.712
82 101 63.729
82 102 87.091
82 103 88.900
82 104 51.579
82 105 33.741
82 106 65.484
82 107 21.291
82 108 73.302
82 109 20.409
82 110 36.267
82 111 19.195
82 112 21.473
82 113 44.825
82 114 76.391
82 115 32.252
82 116 17.361
82 117 86.780
82 118 69.726
82 119 33.178
83 84 16.026
83 85 3.259
83 86 53.715
83 87 67.497
83 88 90.640
83 89 48.865
83 90 34.764
83 91 79.562
83 92 72.952
83 93 36.409
83 94 4.834
83 95 57.457
83 96 63.674
83 97 41.564
83 98 42.597
83 99 31.591
83 100 66.510
83 101 99.404
83 102 36.510
83 103 82.254
83 104 92.598
83 105 62.553
83 106 24.292
83 107 59.919
83 108 28.339
83 109 90.804
83 110 3.536
83 111 98.732
83 112 58.907
83 113 20.288
83 114 31.590
83 115 8.426
83 116 92.165
83 117 16.608
83 118 99.318
83 119 62.807
84 85 33.283
84 86 50.839
84 87 32.989
84 88 63.979
84 89 19.046
84 90 49.878
84 91 51.313
84 92 50.655
84 93 32.655
84 94 63.366
84 95 80.490
84 96 36.171
84 97 84.771
84 98 58.242
84 99 9.182
84 100 7.243
84 101 64.605
84 102 98.964
84 103 47.397
84 104 88.029
84 105 36.067
84 106 96.533
84 107 38.581
84 108 75.730
84 109 78.285
84 110 12.667
84 111 62.554
84 112 83.735
84 113 47.256
84 114 86.844
84 115 58.446
84 116 86.249
84 117 65.967
84 118 13.367
84 119 91.418
85 86 44.347
85 87 33.988
85 88 33.251
85 89 84.697
85 90 7.584
85 91 84.383
85 92 21.408
85 93 39.352
85 94 27.560
85 95 5.712
85 96 43.480
85 97 68.222
85 98 90.259
85 99 89.974
85 100 28.642
85 101 77.537
85 102 72.507
85 103 63.507
85 104 54.778
85 105 40.056
85 106 54.559
85 107 7.219
85 108 70.681
85 109 16.878
85 110 75.621
85 111 74.924
85 112 86.250
85 113 1.626
85 114 1.989
85 115 74.152
85 116 46.143
85 117 80.315
85 118 88.576
85 119 82.475
86 87 64.945
86 88 22.965
86 89 53.697
86 90 34.229
86 91 42.630
86 92 48.916
86 93 54.319
86 94 27.415
86 95 97.930
86 96 36.782
86 97 44.367
86 98 68.685
86 99 54.225
86 100 82.141
86 101 22.207
86 102 95.448
86 103 87.639
86 104 41.274
86 105 25.110
86 106 88.505
86 107 0.261
86 108 37.682
86 109 8.269
86 110 16.010
86 111 12.758
86 112 49.584
86 113 53.850
86 114 30.171
86 115 80.128
86 116 41.252
86 117 91.610
86 118 71.757
86 119 21.902
87 88 48.775
87 89 76.745
87 90 24.310
87 91 23.894
87 92 81.727
87 93 62.965
87 94 99.910
87 95 12.363
87 96 56.232
87 97 29.134
87 98 31.389
87 99 23.496
87 100 32.023
87 101 66.426
87 102 92.091
87 103 91.182
87 104 86.368
87 105 9.542
87 106 63.602
87 107 54.262
87 108 21.105
87 109 0.354
87 110 24.289
87 111 40.825
87 112 65.529
87 113 5.254
87 114 37.082
87 115 21.549
87 116 7.514
87 117 68.489
87 118 73.604
87 119 36.715
88 89 57.993
88 90 72.971
88 91 23.580
88 92 92.239
88 93 29.807
88 94 97.285
88 95 3.400
88 96 88.891
88 97 90.944
88 98 3.072
88 99 95.760
88 100 95.881
88 101 34.292
88 102 60.470
88 103 23.523
88 104 5.060
88 105 91.324
88 106 20.977
88 107 85.237
88 108 5.220
88 109 5.464
88 110 76.858
88 111 57.199
88 112 97.314
88 113 72.441
88 114 4.161
88 115 97.512
88 116 30.908
88 117 49.512
88 118 72.423
88 119 71.286
89 90 79.759
89 91 33.233
89 92 18.298
89 93 52.936
89 94 90.133
89 95 6.310
89 96 22.657
89 97 51.486
89 98 29.347
89 99 58.075
89 100 1.077
89 101 47.841
89 102 33.956
89 103 90.264
89 104 16.215
89 105 29.187
89 106 7.150
89 107 30.017
89 108 47.189
89 109 54.997
89 110 43.100
89 111 85.415
89 112 5.882
89 113 91.558
89 114 62.370
89 115 95.352
89 116 73.016
89 117 7.507
89 118 26.983
89 119 45.190
90 91 37.851
90 92 31.541
90 93 66.318
90 94 42.391
90 95 64.523
90 96 35.305
90 97 85.730
90 98 72.184
90 99 75.362
90 100 19.384
90 101 48.661
90 102 82.355
90 103 36.875
90 104 48.391
90 105 19.952
90 106 78.366
90 107 57.681
90 108 2.359
90 109 33.178
90 110 45.248
90 111 59.295
90 112 85.929
90 113 98.056
90 114 51.114
90 115 60.466
90 116 64.288
90 117 95.304
90 118 28.635
90 119 23.686
91 92 75.375
91 93 15.833
91 94 75.441
91 95 48.511
91 96 1.547
91 97 88.715
91 98 62.181
91 99 60.507
91 100 70.753
91 101 8.118
91 102 87.831
91 103 36.903
91 104 97.154
91 105 13.242
91 106 75.870
91 107 30.458
91 108 64.232
91 109 97.257
91 110 62.055
91 111 1.592
91 112 99.614
91 113 21.348
91 114 84.776
91 115 45.449
91 116 90.137
91 117 88.178
91 118 52.375
91 119 5.406
92 93 38.141
92 94 85.467
92 95 28.287
92 96 97.400
92 97 65.540
92 98 44.802
92 99 44.511
92 100 30.507
92 101 30.899
92 102 73.443
92 103 26.666
92 104 98.368
92 105 36.574
92 106 7.581
92 107 89.768
92 108 33.321
92 109 67.918
92 110 4.354
92 111 42.849
92 112 60.532
92 113 24.601
92 114 36.921
92 115 22.720
92 116 62.946
92 117 75.308
92 118 81.970
92 119 62.355
93 94 69.530
93 95 91.381
93 96 92.253
93 97 87.832
93 98 9.068
93 99 92.416
93 100 28.131
93 101 29.214
93 102 29.695
93 103 67.387
93 104 81.520
93 105 25.410
93 106 70.373
93 107 18.577
93 108 63.290
93 109 0.800
93 110 84.671
93 111 12.392
93 112 40.846
93 113 92.285
93 114 59.511
93 115 11.086
93 116 6.496
93 117 9.449
93 118 41.949
93 119 2.492
94 95 29.159
94 96 17.598
94 97 85.582
94 98 41.040
94 99 92.092
94 100 43.768
94 101 54.836
94 102 62.674
94 103 47.515
94 104 19.097
94 105 80.204
94 106 38.687
94 107 25.368
94 108 87.518
94 109 40.356
94 110 89.107
94 111 17.912
94 112 30.329
94 113 58.142
94 114 84.921
94 115 24.468
94 116 78.955
94 117 36.618
94 118 30.257
94 119 81.342
95 96 14.110
95 97 28.538
95 98 30.576
95 99 20.784
95 100 78.536
95 101 28.160
95 102 21.006
95 103 99.854
95 104 62.681
95 105 97.742
95 106 50.134
95 107 15.127
95 108 57.866
95 109 92.775
95 110 88.879
95 111 72.398
95 112 9.925
95 113 29.771
95 114 61.522
95 115 11.930
95 116 47.781
95 117 48.354
95 118 76.549
95 119 99.198
96 97 6.039
96 98 55.410
96 99 68.605
96 100 78.748
96 101 8.465
96 102 3.245
96 103 49.744
96 104 54.448
96 105 30.061
96 106 45.955
96 107 8.036
96 108 3.323
96 109 9.478
96 110 38.644
96 111 84.700
96 112 52.065
96 113 40.627
96 114 92.642
96 115 7.105
96 116 45.480
96 117 32.595
96 118 76.553
96 119 54.305
97 98 14.293
97 99 90.367
97 100 57.748
97 101 84.209
97 102 6.123
97 103 35.348
97 104 11.793
97 105 57.065
97 106 77.900
97 107 54.312
97 108 88.404
97 109 48.605
97 110 60.580
97 111 38.154
97 112 11.606
97 113 58.049
97 114 97.754
97 115 47.714
97 116 9.118
97 117 81.073
97 118 28.592
97 119 22.922
98 99 11.362
98 100 35.935
98 101 32.526
98 102 33.670
98 103 34.037
98 104 2.136
98 105 78.183
98 106 56.041
98 107 59.873
98 108 55.309
98 109 22.299
98 110 45.937
98 111 64.946
98 112 59.474
98 113 85.692
98 114 73.618
98 115 92.845
98 116 8.358
98 117 92.841
98 118 77.323
98 119 66.047
99 100 91.176
99 101 99.229
99 102 91.874
99 103 37.970
99 104 95.087
99 105 46.309
99 106 9.059
99 107 31.503
99 108 46.466
99 109 77.822
99 110 30.586
99 111 80.187
99 112 36.218
99 113 23.153
99 114 81.531
99 115 86.786
99 116 70.547
99 117 3.516
99 118 62.459
99 119 40.619
100 101 37.892
100 102 44.981
100 103 31.767
100 104 89.833
100 105 85.209
100 106 88.697
100 107 26.322
100 108 47.698
100 109 52.331
100 110 73.155
100 111 48.065
100 112 23.026
100 113 21.825
100 114 25.901
100 115 67.041
100 116 4.010
100 117 3.593
100 118 42.878
100 119 17.162
101 102 92.020
101 103 88.396
101 104 52.371
101 105 90.039
101 106 77.354
101 107 72.558
101 108 57.546
101 109 64.328
101 110 72.421
101 111 77.272
101 112 26.641
101 113 43.308
101 114 69.549
101 115 60.293
101 116 53.117
101 117 11.771
101 118 70.345
101 119 45.189
102 103 39.393
102 104 64.813
102 105 41.492
102 106 73.932
102 107 67.285
102 108 5.757
102 109 87.860
102 110 22.279
102 111 5.872
102 112 58.168
102 113 97.994
102 114 4.213
102 115 73.196
102 116 87.824
102 117 9.335
102 118 31.668
102 119 12.109
103 104 84.488
103 105 60.895
103 106 88.806
103 107 62.495
103 108 10.483
103 109 49.711
103 110 26.327
103 111 12.230
103 112 83.289
103 113 83.989
103 114 80.592
103 115 87.461
103 116 22.801
103 117 30.703
103 118 74.801
103 119 99.106
104 105 60.350
104 106 88.265
104 107 65.006
104 108 96.993
104 109 76.255
104 110 75.959
104 111 52.462
104 112 95.616
104 113 5.403
104 114 20.980
104 115 95.607
104 116 26.219
104 117 26.241
104 118 41.180
104 119 19.928
105 106 38.790
105 107 27.565
105 108 67.087
105 109 42.009
105 110 24.482
105 111 29.637
105 112 20.229
105 113 95.286
105 114 54.094
105 115 21.380
105 116 66.525
105 117 69.305
105 118 31.487
105 119 63.813
106 107 93.232
106 108 51.760
106 109 42.115
106 110 1.383
106 111 15.889
106 112 93.136
106 113 36.359
106 114 17.462
106 115 7.701
106 116 97.466
106 117 24.936
106 118 68.061
106 119 58.000
107 108 79.547
107 109 79.381
107 110 28.664
107 111 8.675
107 112 18.893
107 113 24.438
107 114 93.109
107 115 87.886
107 116 83.754
107 117 81.186
107 118 70.559
107 119 58.919
108 109 94.753
108 110 69.809
108 111 36.867
108 112 28.688
108 113 46.981
108 114 9.151
108 115 10.021
108 116 15.174
108 117 11.838
108 118 56.531
108 119 35.838
109 110 56.017
109 111 95.499
109 112 15.786
109 113 89.738
109 114 51.489
109 115 39.524
109 116 4.093
109 117 23.161
109 118 74.261
109 119 11.011
110 111 8.849
110 112 9.063
110 113 45.640
110 114 44.569
110 115 84.720
110 116 69.954
110 117 73.374
110 118 66.515
110 119 37.987
111 112 4.052
111 113 69.663
111 114 52.834
111 115 20.352
111 116 60.386
111 117 19.654
111 118 46.801
111 119 7.642
112 113 52.061
112 114 50.507
112 115 89.582
112 116 70.173
112 117 38.401
112 118 59.021
112 119 97.706
113 114 51.005
113 115 51.310
113 116 91.823
113 117 54.984
113 118 55.933
113 119 88.961
114 115 36.328
114 116 73.281
114 117 24.770
114 118 50.781
114 119 72.913
115 116 16.475
115 117 97.327
115 118 41.711
115 119 59.200
116 117 75.004
116 118 9.468
116 119 30.869
117 118 65.846
117 119 24.608
118 119 54.720
