30 5 ss 6 6 6 6 6 6 6 6 6 6 
0 1 70.880
0 2 58.267
0 3 51.495
0 4 33.362
0 5 99.310
0 6 55.981
0 7 6.795
0 8 60.407
0 9 95.615
0 10 66.704
0 11 68.798
0 12 27.713
0 13 66.887
0 14 11.678
0 15 80.522
0 16 66.044
0 17 62.717
0 18 4.479
0 19 15.974
0 20 8.653
0 21 95.375
0 22 60.874
0 23 26.097
0 24 71.705
0 25 28.489
0 26 38.424
0 27 36.359
0 28 42.173
0 29 83.527
1 2 42.172
1 3 83.627
1 4 59.215
1 5 90.861
1 6 14.132
1 7 71.471
1 8 32.973
1 9 42.721
1 10 83.750
1 11 17.699
1 12 30.730
1 13 89.071
1 14 94.112
1 15 65.642
1 16 74.572
1 17 54.238
1 18 34.395
1 19 31.612
1 20 36.931
1 21 42.067
1 22 2.899
1 23 64.950
1 24 90.843
1 25 40.455
1 26 96.992
1 27 4.219
1 28 70.265
1 29 32.280
2 3 76.360
2 4 23.326
2 5 22.460
2 6 69.101
2 7 74.220
2 8 74.779
2 9 89.244
2 10 66.397
2 11 37.470
2 12 53.740
2 13 36.803
2 14 34.719
2 15 61.229
2 16 26.202
2 17 64.822
2 18 69.797
2 19 45.834
2 20 87.355
2 21 64.817
2 22 86.471
2 23 45.060
2 24 42.079
2 25 64.867
2 26 96.259
2 27 93.197
2 28 28.532
2 29 93.339
3 4 96.424
3 5 95.575
3 6 37.887
3 7 17.731
3 8 59.616
3 9 42.236
3 10 18.580
3 11 66.430
3 12 87.469
3 13 57.669
3 14 91.758
3 15 20.959
3 16 18.970
3 17 30.877
3 18 46.151
3 19 74.199
3 20 65.000
3 21 79.511
3 22 25.217
3 23 86.117
3 24 74.118
3 25 89.411
3 26 67.153
3 27 32.658
3 28 21.498
3 29 36.605
4 5 9.251
4 6 35.796
4 7 52.837
4 8 42.682
4 9 22.086
4 10 83.107
4 11 8.168
4 12 36.412
4 13 96.133
4 14 93.768
4 15 96.651
4 16 94.593
4 17 63.692
4 18 64.580
4 19 92.763
4 20 13.318
4 21 2.359
4 22 34.339
4 23 76.745
4 24 17.222
4 25 32.789
4 26 37.855
4 27 47.727
4 28 48.706
4 29 93.122
5 6 81.898
5 7 96.635
5 8 91.789
5 9 45.214
5 10 64.548
5 11 37.820
5 12 75.888
5 13 43.679
5 14 76.686
5 15 63.269
5 16 73.754
5 17 77.735
5 18 69.804
5 19 1.345
5 20 54.685
5 21 78.034
5 22 47.796
5 23 33.174
5 24 79.310
5 25 65.833
5 26 42.115
5 27 44.128
5 28 25.398
5 29 10.304
6 7 59.420
6 8 65.298
6 9 15.530
6 10 51.256
6 11 48.755
6 12 90.386
6 13 76.947
6 14 39.169
6 15 21.365
6 16 37.192
6 17 1.441
6 18 42.216
6 19 70.370
6 20 59.628
6 21 88.948
6 22 70.795
6 23 79.843
6 24 6.170
6 25 52.285
6 26 74.134
6 27 83.227
6 28 63.731
6 29 32.480
7 8 70.622
7 9 29.559
7 10 22.080
7 11 24.241
7 12 83.817
7 13 42.645
7 14 43.324
7 15 39.317
7 16 69.405
7 17 13.107
7 18 23.336
7 19 41.863
7 20 34.960
7 21 46.115
7 22 87.630
7 23 74.393
7 24 73.899
7 25 98.698
7 26 72.855
7 27 55.503
7 28 57.865
7 29 79.631
8 9 6.897
8 10 71.255
8 11 57.580
8 12 52.227
8 13 15.523
8 14 0.992
8 15 91.262
8 16 75.747
8 17 51.566
8 18 15.282
8 19 31.795
8 20 44.691
8 21 63.846
8 22 58.836
8 23 39.128
8 24 36.872
8 25 97.318
8 26 84.423
8 27 22.722
8 28 60.993
8 29 43.424
9 10 35.191
9 11 80.396
9 12 2.324
9 13 40.129
9 14 82.236
9 15 4.544
9 16 1.128
9 17 54.880
9 18 11.899
9 19 94.435
9 20 62.653
9 21 70.488
9 22 22.971
9 23 64.216
9 24 89.769
9 25 33.900
9 26 37.822
9 27 90.205
9 28 49.755
9 29 20.910
10 11 53.487
10 12 98.225
10 13 35.283
10 14 16.001
10 15 58.773
10 16 51.965
10 17 56.283
10 18 5.886
10 19 21.753
10 20 66.725
10 21 4.178
10 22 37.700
10 23 8.281
10 24 39.437
10 25 62.884
10 26 98.413
10 27 26.700
10 28 55.443
10 29 1.998
11 12 30.689
11 13 6.472
11 14 5.303
11 15 76.763
11 16 12.240
11 17 9.195
11 18 20.749
11 19 76.689
11 20 90.689
11 21 39.329
11 22 17.940
11 23 10.102
11 24 83.979
11 25 68.901
11 26 18.270
11 27 85.451
11 28 27.602
11 29 15.592
12 13 2.266
12 14 51.845
12 15 74.208
12 16 16.786
12 17 40.452
12 18 91.081
12 19 28.605
12 20 23.567
12 21 36.612
12 22 11.355
12 23 31.725
12 24 98.049
12 25 13.452
12 26 78.834
12 27 90.838
12 28 35.109
12 29 68.483
13 14 37.485
13 15 90.075
13 16 45.226
13 17 28.751
13 18 9.811
13 19 5.314
13 20 29.048
13 21 37.122
13 22 41.541
13 23 90.502
13 24 46.246
13 25 9.885
13 26 51.898
13 27 98.701
13 28 31.313
13 29 15.752
14 15 77.688
14 16 50.468
14 17 37.201
14 18 39.673
14 19 54.260
14 20 64.601
14 21 94.033
14 22 11.396
14 23 59.294
14 24 21.866
14 25 54.589
14 26 98.351
14 27 56.410
14 28 40.995
14 29 60.876
15 16 85.159
15 17 14.734
15 18 8.087
15 19 6.810
15 20 87.978
15 21 47.879
15 22 15.458
15 23 90.883
15 24 80.869
15 25 11.167
15 26 34.065
15 27 49.663
15 28 43.528
15 29 19.484
16 17 64.823
16 18 38.075
16 19 74.959
16 20 99.806
16 21 88.449
16 22 75.626
16 23 56.046
16 24 72.223
16 25 60.898
16 26 9.095
16 27 85.497
16 28 61.195
16 29 82.042
17 18 51.673
17 19 58.257
17 20 74.813
17 21 98.910
17 22 46.142
17 23 3.227
17 24 54.003
17 25 91.647
17 26 65.399
17 27 48.030
17 28 85.874
17 29 30.285
18 19 7.479
18 20 32.545
18 21 95.859
18 22 83.457
18 23 64.217
18 24 50.077
18 25 81.790
18 26 6.436
18 27 42.762
18 28 55.272
18 29 29.742
19 20 35.132
19 21 97.397
19 22 41.278
19 23 56.253
19 24 65.172
19 25 85.473
19 26 55.133
19 27 54.433
19 28 0.715
19 29 95.702
20 21 90.031
20 22 82.512
20 23 16.387
20 24 9.709
20 25 65.821
20 26 22.557
20 27 87.498
20 28 48.398
20 29 85.013
21 22 54.331
21 23 8.663
21 24 23.602
21 25 30.549
21 26 34.724
21 27 39.021
21 28 62.398
21 29 53.733
22 23 46.687
22 24 83.424
22 25 96.626
22 26 85.962
22 27 83.281
22 28 43.296
22 29 13.308
23 24 96.287
23 25 62.217
23 26 48.288
23 27 43.074
23 28 8.327
23 29 24.204
24 25 10.444
24 26 23.134
24 27 84.695
24 28 54.422
24 29 26.260
25 26 8.942
25 27 84.857
25 28 80.625
25 29 88.852
26 27 24.429
26 28 3.197
26 29 43.653
27 28 62.389
27 29 34.520
28 29 98.095
