60 6 ss 10 10 10 10 10 10 10 10 10 10 10 10 
0 1 45.630
0 2 78.421
0 3 14.182
0 4 43.867
0 5 2.102
0 6 55.029
0 7 18.536
0 8 99.826
0 9 77.905
0 10 23.626
0 11 56.713
0 12 57.288
0 13 15.837
0 14 72.073
0 15 35.222
0 16 61.209
0 17 19.624
0 18 91.565
0 19 53.960
0 20 25.121
0 21 0.552
0 22 21.327
0 23 69.091
0 24 98.570
0 25 54.717
0 26 39.077
0 27 26.816
0 28 57.800
0 29 77.926
0 30 46.084
0 31 70.584
0 32 26.949
0 33 82.737
0 34 85.170
0 35 77.146
0 36 34.367
0 37 55.321
0 38 60.225
0 39 95.267
0 40 96.709
0 41 78.560
0 42 96.561
0 43 45.053
0 44 1.993
0 45 52.220
0 46 92.896
0 47 85.499
0 48 32.131
0 49 61.039
0 50 67.772
0 51 73.244
0 52 25.237
0 53 77.220
0 54 95.923
0 55 16.435
0 56 28.545
0 57 35.087
0 58 63.374
0 59 74.219
1 2 33.875
1 3 82.561
1 4 44.021
1 5 64.566
1 6 19.307
1 7 96.629
1 8 14.939
1 9 20.968
1 10 43.114
1 11 48.118
1 12 82.894
1 13 82.009
1 14 48.965
1 15 14.877
1 16 90.297
1 17 6.898
1 18 45.038
1 19 71.825
1 20 5.285
1 21 84.740
1 22 13.933
1 23 31.390
1 24 77.660
1 25 45.676
1 26 95.096
1 27 68.474
1 28 60.076
1 29 87.971
1 30 57.010
1 31 40.358
1 32 52.206
1 33 6.697
1 34 42.472
1 35 3.858
1 36 24.493
1 37 46.893
1 38 27.053
1 39 39.575
1 40 17.687
1 41 6.889
1 42 78.161
1 43 16.186
1 44 94.514
1 45 85.962
1 46 40.161
1 47 66.552
1 48 40.646
1 49 4.544
1 50 99.578
1 51 1.750
1 52 73.546
1 53 24.950
1 54 3.672
1 55 59.215
1 56 19.830
1 57 65.883
1 58 15.532
1 59 66.774
2 3 64.455
2 4 34.960
2 5 89.315
2 6 5.653
2 7 58.351
2 8 0.071
2 9 40.388
2 10 72.422
2 11 95.020
2 12 82.601
2 13 66.843
2 14 72.361
2 15 31.208
2 16 83.359
2 17 51.250
2 18 24.888
2 19 31.901
2 20 45.536
2 21 34.470
2 22 25.431
2 23 65.718
2 24 18.081
2 25 6.989
2 26 87.555
2 27 63.187
2 28 7.597
2 29 7.451
2 30 84.152
2 31 77.449
2 32 97.194
2 33 52.949
2 34 17.147
2 35 54.608
2 36 66.681
2 37 51.115
2 38 71.461
2 39 29.237
2 40 70.077
2 41 60.150
2 42 50.843
2 43 9.495
2 44 13.617
2 45 69.703
2 46 50.710
2 47 5.845
2 48 30.270
2 49 72.832
2 50 96.304
2 51 87.545
2 52 65.220
2 53 87.315
2 54 63.188
2 55 21.872
2 56 70.886
2 57 63.146
2 58 1.565
2 59 62.501
3 4 59.721
3 5 82.317
3 6 5.866
3 7 5.459
3 8 78.376
3 9 16.848
3 10 6.740
3 11 23.798
3 12 47.795
3 13 61.511
3 14 13.810
3 15 25.396
3 16 60.353
3 17 98.794
3 18 4.501
3 19 52.259
3 20 37.372
3 21 85.422
3 22 36.711
3 23 54.190
3 24 28.196
3 25 72.084
3 26 61.285
3 27 24.937
3 28 75.438
3 29 81.011
3 30 23.999
3 31 84.679
3 32 80.110
3 33 69.684
3 34 76.165
3 35 29.153
3 36 75.046
3 37 3.152
3 38 57.976
3 39 42.781
3 40 55.370
3 41 42.341
3 42 79.369
3 43 90.830
3 44 20.709
3 45 31.195
3 46 99.442
3 47 63.927
3 48 55.433
3 49 31.624
3 50 97.367
3 51 47.192
3 52 10.413
3 53 11.950
3 54 35.243
3 55 25.793
3 56 52.634
3 57 41.932
3 58 36.501
3 59 18.907
4 5 17.421
4 6 85.413
4 7 42.217
4 8 54.877
4 9 32.165
4 10 10.273
4 11 62.107
4 12 61.755
4 13 80.098
4 14 54.570
4 15 6.978
4 16 49.521
4 17 38.036
4 18 97.669
4 19 75.073
4 20 2.889
4 21 52.939
4 22 85.596
4 23 65.992
4 24 86.945
4 25 18.728
4 26 50.991
4 27 12.797
4 28 91.787
4 29 77.020
4 30 49.788
4 31 55.401
4 32 6.871
4 33 93.237
4 34 9.066
4 35 26.495
4 36 20.953
4 37 53.060
4 38 43.559
4 39 85.052
4 40 89.325
4 41 83.210
4 42 51.885
4 43 11.807
4 44 96.453
4 45 25.312
4 46 47.810
4 47 76.173
4 48 69.183
4 49 81.884
4 50 16.729
4 51 94.660
4 52 63.368
4 53 9.471
4 54 13.021
4 55 27.160
4 56 55.044
4 57 55.522
4 58 30.057
4 59 99.342
5 6 16.238
5 7 22.815
5 8 81.386
5 9 96.923
5 10 45.014
5 11 98.059
5 12 28.965
5 13 50.731
5 14 49.571
5 15 99.779
5 16 82.313
5 17 20.241
5 18 56.967
5 19 84.647
5 20 71.063
5 21 87.647
5 22 28.507
5 23 1.153
5 24 62.629
5 25 94.592
5 26 15.870
5 27 94.817
5 28 56.585
5 29 89.263
5 30 84.702
5 31 50.128
5 32 37.804
5 33 2.892
5 34 65.754
5 35 0.954
5 36 11.565
5 37 41.541
5 38 67.517
5 39 53.380
5 40 75.535
5 41 61.614
5 42 98.892
5 43 42.787
5 44 5.911
5 45 95.646
5 46 5.592
5 47 90.390
5 48 48.014
5 49 8.727
5 50 19.780
5 51 33.600
5 52 5.194
5 53 95.276
5 54 58.875
5 55 79.220
5 56 14.202
5 57 70.920
5 58 86.494
5 59 68.867
6 7 79.992
6 8 74.885
6 9 66.199
6 10 51.932
6 11 18.447
6 12 74.548
6 13 96.994
6 14 33.007
6 15 21.612
6 16 55.728
6 17 18.461
6 18 97.866
6 19 16.764
6 20 89.773
6 21 12.960
6 22 24.982
6 23 38.014
6 24 91.699
6 25 12.508
6 26 57.965
6 27 67.115
6 28 22.337
6 29 38.740
6 30 48.411
6 31 28.776
6 32 41.911
6 33 65.792
6 34 78.369
6 35 45.011
6 36 92.428
6 37 97.983
6 38 36.934
6 39 62.918
6 40 71.955
6 41 96.871
6 42 56.466
6 43 70.768
6 44 65.087
6 45 75.532
6 46 10.501
6 47 8.413
6 48 10.826
6 49 1.849
6 50 37.606
6 51 59.732
6 52 21.620
6 53 17.169
6 54 83.317
6 55 87.225
6 56 15.426
6 57 81.811
6 58 45.689
6 59 31.831
7 8 86.453
7 9 4.773
7 10 69.123
7 11 54.686
7 12 19.635
7 13 1.353
7 14 55.819
7 15 41.742
7 16 48.890
7 17 49.485
7 18 54.524
7 19 27.056
7 20 69.878
7 21 83.270
7 22 42.238
7 23 16.040
7 24 44.235
7 25 70.441
7 26 36.076
7 27 6.076
7 28 74.156
7 29 69.489
7 30 59.735
7 31 8.626
7 32 83.719
7 33 51.669
7 34 41.818
7 35 74.362
7 36 16.486
7 37 3.318
7 38 41.733
7 39 10.783
7 40 47.689
7 41 94.714
7 42 82.971
7 43 60.453
7 44 13.702
7 45 13.096
7 46 23.267
7 47 77.179
7 48 81.515
7 49 9.580
7 50 6.490
7 51 97.351
7 52 16.580
7 53 2.314
7 54 22.044
7 55 54.143
7 56 58.664
7 57 11.558
7 58 44.183
7 59 23.367
8 9 82.231
8 10 76.296
8 11 35.793
8 12 21.551
8 13 0.404
8 14 16.519
8 15 79.095
8 16 99.125
8 17 69.714
8 18 60.510
8 19 39.111
8 20 84.643
8 21 66.570
8 22 52.263
8 23 74.869
8 24 39.526
8 25 35.836
8 26 90.585
8 27 88.005
8 28 77.098
8 29 56.871
8 30 28.483
8 31 38.764
8 32 84.515
8 33 33.068
8 34 79.124
8 35 65.334
8 36 61.701
8 37 87.170
8 38 32.937
8 39 14.071
8 40 57.485
8 41 36.558
8 42 89.376
8 43 25.348
8 44 39.928
8 45 30.208
8 46 46.393
8 47 22.590
8 48 85.120
8 49 52.173
8 50 70.856
8 51 20.546
8 52 6.776
8 53 35.205
8 54 93.945
8 55 2.898
8 56 77.541
8 57 82.530
8 58 36.990
8 59 19.028
9 10 12.163
9 11 65.811
9 12 75.254
9 13 15.102
9 14 92.550
9 15 52.973
9 16 89.856
9 17 45.569
9 18 15.232
9 19 20.844
9 20 41.310
9 21 7.778
9 22 32.824
9 23 24.444
9 24 22.107
9 25 4.604
9 26 42.888
9 27 27.286
9 28 10.287
9 29 67.807
9 30 49.873
9 31 45.203
9 32 51.152
9 33 68.333
9 34 88.888
9 35 19.963
9 36 40.063
9 37 98.798
9 38 53.596
9 39 18.350
9 40 65.668
9 41 38.151
9 42 14.819
9 43 47.397
9 44 0.001
9 45 98.818
9 46 51.263
9 47 87.105
9 48 89.528
9 49 12.592
9 50 39.290
9 51 68.251
9 52 9.543
9 53 33.116
9 54 64.750
9 55 64.788
9 56 93.224
9 57 20.013
9 58 26.664
9 59 27.839
10 11 36.225
10 12 22.555
10 13 99.854
10 14 61.470
10 15 7.851
10 16 99.201
10 17 11.668
10 18 29.149
10 19 70.659
10 20 93.451
10 21 66.516
10 22 84.234
10 23 21.749
10 24 36.120
10 25 21.189
10 26 37.831
10 27 21.091
10 28 59.524
10 29 73.790
10 30 13.003
10 31 64.859
10 32 89.986
10 33 79.610
10 34 85.606
10 35 95.092
10 36 31.658
10 37 48.366
10 38 78.890
10 39 10.896
10 40 66.894
10 41 8.990
10 42 61.546
10 43 60.968
10 44 76.183
10 45 50.493
10 46 97.022
10 47 52.394
10 48 24.178
10 49 60.433
10 50 5.679
10 51 6.466
10 52 67.372
10 53 86.124
10 54 30.791
10 55 28.714
10 56 13.726
10 57 37.965
10 58 44.371
10 59 37.356
11 12 4.869
11 13 39.113
11 14 89.484
11 15 12.095
11 16 97.438
11 17 1.254
11 18 31.947
11 19 83.460
11 20 91.734
11 21 72.282
11 22 86.246
11 23 81.812
11 24 93.040
11 25 58.491
11 26 87.984
11 27 4.721
11 28 93.822
11 29 71.203
11 30 8.335
11 31 41.540
11 32 33.452
11 33 85.773
11 34 44.759
11 35 14.873
11 36 26.197
11 37 29.511
11 38 76.606
11 39 59.981
11 40 47.921
11 41 34.304
11 42 44.269
11 43 65.298
11 44 37.274
11 45 99.580
11 46 96.196
11 47 39.844
11 48 98.105
11 49 11.751
11 50 49.313
11 51 56.654
11 52 86.409
11 53 57.386
11 54 25.354
11 55 45.263
11 56 27.336
11 57 49.081
11 58 58.056
11 59 70.836
12 13 35.622
12 14 55.398
12 15 14.367
12 16 42.705
12 17 6.238
12 18 89.197
12 19 36.557
12 20 40.871
12 21 1.171
12 22 62.304
12 23 91.537
12 24 35.482
12 25 82.925
12 26 58.724
12 27 8.688
12 28 1.300
12 29 35.675
12 30 13.424
12 31 98.168
12 32 96.909
12 33 70.974
12 34 9.249
12 35 67.921
12 36 86.644
12 37 36.479
12 38 20.613
12 39 99.509
12 40 32.219
12 41 33.370
12 42 39.354
12 43 0.417
12 44 70.526
12 45 0.986
12 46 15.512
12 47 23.605
12 48 24.286
12 49 45.636
12 50 33.774
12 51 33.879
12 52 63.022
12 53 74.638
12 54 24.939
12 55 5.018
12 56 43.249
12 57 46.346
12 58 80.997
12 59 51.629
13 14 8.829
13 15 62.257
13 16 2.285
13 17 35.361
13 18 25.117
13 19 8.227
13 20 55.652
13 21 36.338
13 22 53.819
13 23 98.457
13 24 63.715
13 25 47.608
13 26 49.420
13 27 88.047
13 28 76.984
13 29 32.897
13 30 72.565
13 31 97.817
13 32 3.018
13 33 86.120
13 34 70.997
13 35 38.501
13 36 79.780
13 37 44.850
13 38 74.406
13 39 30.525
13 40 83.924
13 41 39.359
13 42 85.996
13 43 90.290
13 44 59.044
13 45 3.860
13 46 30.644
13 47 94.194
13 48 33.726
13 49 37.218
13 50 37.152
13 51 37.604
13 52 74.768
13 53 76.660
13 54 90.443
13 55 77.559
13 56 87.029
13 57 39.948
13 58 88.448
13 59 85.201
14 15 28.113
14 16 98.933
14 17 78.000
14 18 36.748
14 19 53.451
14 20 70.616
14 21 24.204
14 22 40.299
14 23 45.343
14 24 50.581
14 25 88.583
14 26 29.836
14 27 8.117
14 28 68.046
14 29 52.698
14 30 57.474
14 31 30.829
14 32 11.841
14 33 26.006
14 34 80.390
14 35 28.756
14 36 62.214
14 37 19.391
14 38 69.766
14 39 75.455
14 40 64.688
14 41 49.112
14 42 65.696
14 43 28.246
14 44 99.032
14 45 59.818
14 46 64.210
14 47 31.749
14 48 28.987
14 49 19.855
14 50 50.383
14 51 56.423
14 52 66.480
14 53 47.248
14 54 84.977
14 55 92.085
14 56 47.852
14 57 70.551
14 58 11.135
14 59 69.989
15 16 99.045
15 17 15.177
15 18 72.339
15 19 31.254
15 20 61.646
15 21 32.880
15 22 23.211
15 23 94.347
15 24 62.412
15 25 59.729
15 26 70.658
15 27 99.762
15 28 35.098
15 29 96.212
15 30 4.460
15 31 26.185
15 32 45.361
15 33 52.052
15 34 63.609
15 35 79.163
15 36 26.980
15 37 87.840
15 38 37.537
15 39 50.645
15 40 10.832
15 41 15.788
15 42 19.821
15 43 35.770
15 44 16.786
15 45 92.700
15 46 16.038
15 47 71.896
15 48 83.097
15 49 49.680
15 50 57.166
15 51 34.054
15 52 27.893
15 53 55.148
15 54 85.230
15 55 80.954
15 56 73.005
15 57 0.416
15 58 58.875
15 59 96.077
16 17 11.627
16 18 30.377
16 19 73.111
16 20 9.558
16 21 68.243
16 22 15.769
16 23 99.701
16 24 18.278
16 25 81.709
16 26 78.058
16 27 32.475
16 28 43.946
16 29 40.580
16 30 33.125
16 31 65.321
16 32 81.946
16 33 13.523
16 34 15.771
16 35 39.699
16 36 97.348
16 37 47.025
16 38 83.464
16 39 73.186
16 40 18.690
16 41 47.670
16 42 74.809
16 43 20.960
16 44 65.034
16 45 26.874
16 46 15.889
16 47 28.020
16 48 17.268
16 49 62.239
16 50 25.944
16 51 1.570
16 52 10.740
16 53 21.591
16 54 72.761
16 55 70.175
16 56 83.067
16 57 3.279
16 58 67.710
16 59 99.144
17 18 58.293
17 19 69.467
17 20 70.537
17 21 0.038
17 22 86.587
17 23 87.898
17 24 94.810
17 25 6.300
17 26 87.279
17 27 52.030
17 28 66.377
17 29 86.697
17 30 62.245
17 31 19.456
17 32 89.193
17 33 33.596
17 34 56.570
17 35 94.138
17 36 15.600
17 37 94.073
17 38 43.832
17 39 79.307
17 40 1.410
17 41 8.402
17 42 4.542
17 43 44.720
17 44 50.075
17 45 82.715
17 46 47.947
17 47 84.529
17 48 14.805
17 49 50.419
17 50 99.810
17 51 90.122
17 52 32.611
17 53 70.460
17 54 41.746
17 55 26.113
17 56 10.131
17 57 69.539
17 58 41.316
17 59 76.996
18 19 67.439
18 20 60.172
18 21 56.319
18 22 27.052
18 23 73.163
18 24 56.751
18 25 31.582
18 26 46.700
18 27 71.855
18 28 67.750
18 29 32.034
18 30 84.784
18 31 12.891
18 32 63.808
18 33 71.975
18 34 8.155
18 35 39.102
18 36 8.613
18 37 7.173
18 38 87.452
18 39 82.862
18 40 92.338
18 41 53.799
18 42 1.112
18 43 47.576
18 44 25.871
18 45 86.191
18 46 18.418
18 47 23.266
18 48 38.115
18 49 44.051
18 50 26.786
18 51 96.427
18 52 68.378
18 53 48.922
18 54 88.503
18 55 66.326
18 56 61.195
18 57 89.656
18 58 47.803
18 59 72.637
19 20 51.868
19 21 87.057
19 22 60.384
19 23 72.578
19 24 77.611
19 25 89.025
19 26 84.425
19 27 79.648
19 28 61.386
19 29 79.233
19 30 54.628
19 31 90.624
19 32 93.337
19 33 4.756
19 34 58.993
19 35 82.631
19 36 78.214
19 37 41.053
19 38 51.785
19 39 57.928
19 40 26.222
19 41 16.305
19 42 65.546
19 43 50.454
19 44 39.485
19 45 11.368
19 46 30.028
19 47 85.235
19 48 86.594
19 49 36.455
19 50 66.578
19 51 99.446
19 52 63.708
19 53 61.142
19 54 2.755
19 55 92.193
19 56 12.245
19 57 40.419
19 58 43.869
19 59 69.029
20 21 0.388
20 22 36.242
20 23 45.644
20 24 86.761
20 25 78.496
20 26 81.394
20 27 55.359
20 28 84.283
20 29 86.949
20 30 70.471
20 31 27.581
20 32 5.964
20 33 29.033
20 34 91.403
20 35 75.007
20 36 85.551
20 37 21.182
20 38 30.172
20 39 84.941
20 40 60.601
20 41 98.246
20 42 91.247
20 43 17.596
20 44 30.128
20 45 82.381
20 46 76.736
20 47 3.653
20 48 51.448
20 49 20.745
20 50 58.397
20 51 75.432
20 52 96.139
20 53 59.420
20 54 58.339
20 55 98.523
20 56 49.575
20 57 48.768
20 58 26.662
20 59 18.894
21 22 43.675
21 23 68.925
21 24 67.235
21 25 4.246
21 26 58.315
21 27 23.190
21 28 16.441
21 29 37.781
21 30 13.253
21 31 71.787
21 32 23.943
21 33 17.579
21 34 99.497
21 35 68.824
21 36 19.415
21 37 25.417
21 38 66.705
21 39 21.186
21 40 74.635
21 41 55.122
21 42 91.501
21 43 9.732
21 44 86.479
21 45 32.471
21 46 0.546
21 47 0.348
21 48 13.076
21 49 16.150
21 50 11.711
21 51 25.226
21 52 92.761
21 53 42.425
21 54 86.917
21 55 33.235
21 56 63.433
21 57 64.970
21 58 60.968
21 59 92.290
22 23 78.556
22 24 45.666
22 25 22.175
22 26 76.366
22 27 85.279
22 28 72.230
22 29 72.568
22 30 85.109
22 31 89.986
22 32 14.145
22 33 88.210
22 34 24.976
22 35 87.128
22 36 79.665
22 37 33.411
22 38 27.403
22 39 68.235
22 40 3.551
22 41 56.561
22 42 91.713
22 43 59.819
22 44 77.695
22 45 9.864
22 46 18.295
22 47 61.170
22 48 34.968
22 49 90.422
22 50 41.083
22 51 66.091
22 52 10.365
22 53 95.921
22 54 77.379
22 55 56.196
22 56 32.947
22 57 24.600
22 58 87.840
22 59 47.660
23 24 47.055
23 25 26.233
23 26 79.729
23 27 58.145
23 28 21.972
23 29 28.518
23 30 92.522
23 31 36.141
23 32 85.425
23 33 21.600
23 34 76.521
23 35 61.057
23 36 8.249
23 37 82.331
23 38 12.345
23 39 79.138
23 40 75.041
23 41 59.483
23 42 21.994
23 43 87.660
23 44 98.781
23 45 21.236
23 46 90.648
23 47 17.823
23 48 76.147
23 49 87.132
23 50 52.433
23 51 95.387
23 52 34.692
23 53 28.057
23 54 93.102
23 55 77.344
23 56 93.015
23 57 19.897
23 58 87.902
23 59 72.753
24 25 40.736
24 26 79.179
24 27 23.877
24 28 56.386
24 29 46.356
24 30 92.304
24 31 52.401
24 32 74.926
24 33 17.951
24 34 73.914
24 35 79.979
24 36 27.203
24 37 74.210
24 38 54.479
24 39 33.171
24 40 72.315
24 41 31.416
24 42 2.369
24 43 26.946
24 44 82.471
24 45 75.804
24 46 31.482
24 47 24.851
24 48 11.007
24 49 70.059
24 50 31.903
24 51 4.129
24 52 90.263
24 53 37.798
24 54 88.156
24 55 29.170
24 56 8.872
24 57 80.467
24 58 17.247
24 59 92.736
25 26 43.498
25 27 7.401
25 28 67.037
25 29 5.896
25 30 36.182
25 31 1.660
25 32 64.364
25 33 4.862
25 34 15.180
25 35 1.787
25 36 91.934
25 37 95.746
25 38 54.554
25 39 52.771
25 40 3.130
25 41 76.692
25 42 55.754
25 43 68.278
25 44 54.729
25 45 60.943
25 46 13.052
25 47 50.592
25 48 48.910
25 49 74.095
25 50 93.914
25 51 34.744
25 52 28.004
25 53 14.136
25 54 25.281
25 55 58.939
25 56 58.116
25 57 43.802
25 58 27.188
25 59 14.670
26 27 71.041
26 28 31.392
26 29 76.295
26 30 96.789
26 31 7.812
26 32 68.375
26 33 13.623
26 34 56.347
26 35 21.805
26 36 69.944
26 37 33.146
26 38 57.134
26 39 54.454
26 40 8.168
26 41 0.908
26 42 50.638
26 43 92.465
26 44 36.414
26 45 57.907
26 46 13.523
26 47 51.839
26 48 38.487
26 49 54.257
26 50 36.769
26 51 11.039
26 52 76.208
26 53 46.997
26 54 16.221
26 55 33.349
26 56 15.147
26 57 69.380
26 58 70.610
26 59 76.747
27 28 79.791
27 29 45.632
27 30 4.964
27 31 88.549
27 32 26.637
27 33 81.868
27 34 44.881
27 35 21.636
27 36 26.537
27 37 11.233
27 38 90.243
27 39 89.239
27 40 16.079
27 41 9.332
27 42 75.755
27 43 96.075
27 44 11.858
27 45 24.614
27 46 80.075
27 47 45.030
27 48 81.213
27 49 87.607
27 50 95.295
27 51 20.674
27 52 28.331
27 53 72.792
27 54 54.228
27 55 93.511
27 56 85.580
27 57 87.360
27 58 14.186
27 59 72.231
28 29 96.501
28 30 52.230
28 31 12.829
28 32 55.106
28 33 39.125
28 34 22.433
28 35 44.222
28 36 96.258
28 37 66.080
28 38 66.349
28 39 51.328
28 40 7.678
28 41 31.424
28 42 86.236
28 43 94.983
28 44 63.690
28 45 33.245
28 46 16.144
28 47 38.761
28 48 60.978
28 49 25.722
28 50 77.528
28 51 84.171
28 52 14.339
28 53 44.731
28 54 7.715
28 55 1.273
28 56 36.003
28 57 47.003
28 58 1.920
28 59 26.055
29 30 54.672
29 31 84.422
29 32 25.559
29 33 37.841
29 34 79.338
29 35 22.286
29 36 60.406
29 37 87.468
29 38 2.501
29 39 63.151
29 40 45.439
29 41 20.169
29 42 67.585
29 43 56.354
29 44 61.278
29 45 25.826
29 46 96.150
29 47 57.406
29 48 85.666
29 49 53.684
29 50 81.919
29 51 51.111
29 52 16.732
29 53 48.604
29 54 10.690
29 55 67.648
29 56 20.613
29 57 1.613
29 58 57.889
29 59 1.781
30 31 10.500
30 32 58.742
30 33 48.808
30 34 91.939
30 35 5.302
30 36 99.075
30 37 40.508
30 38 28.148
30 39 47.842
30 40 75.413
30 41 98.901
30 42 35.589
30 43 84.879
30 44 9.142
30 45 99.734
30 46 24.037
30 47 24.218
30 48 44.621
30 49 77.956
30 50 2.524
30 51 87.813
30 52 97.838
30 53 86.409
30 54 33.242
30 55 73.968
30 56 79.079
30 57 1.817
30 58 39.078
30 59 26.645
31 32 30.007
31 33 33.734
31 34 85.101
31 35 85.336
31 36 91.815
31 37 50.394
31 38 25.906
31 39 55.114
31 40 13.021
31 41 34.362
31 42 47.934
31 43 93.160
31 44 12.967
31 45 20.404
31 46 38.730
31 47 55.494
31 48 40.274
31 49 48.188
31 50 83.521
31 51 85.555
31 52 4.212
31 53 83.230
31 54 23.621
31 55 54.957
31 56 11.412
31 57 20.909
31 58 10.853
31 59 85.921
32 33 10.288
32 34 90.452
32 35 57.509
32 36 94.806
32 37 31.259
32 38 18.432
32 39 12.339
32 40 96.603
32 41 12.061
32 42 94.656
32 43 89.635
32 44 1.398
32 45 14.388
32 46 7.219
32 47 40.677
32 48 15.534
32 49 70.586
32 50 78.077
32 51 84.650
32 52 32.578
32 53 47.287
32 54 35.632
32 55 9.598
32 56 62.174
32 57 76.624
32 58 6.669
32 59 13.049
33 34 98.473
33 35 85.085
33 36 96.365
33 37 76.676
33 38 74.102
33 39 45.057
33 40 52.171
33 41 59.661
33 42 80.448
33 43 84.777
33 44 75.041
33 45 51.419
33 46 60.559
33 47 18.662
33 48 49.753
33 49 45.889
33 50 97.072
33 51 1.904
33 52 15.049
33 53 86.833
33 54 24.287
33 55 70.696
33 56 83.810
33 57 86.399
33 58 90.918
33 59 2.657
34 35 53.702
34 36 37.666
34 37 87.992
34 38 20.741
34 39 19.506
34 40 25.974
34 41 35.015
34 42 68.334
34 43 9.790
34 44 93.543
34 45 86.748
34 46 3.269
34 47 22.608
34 48 27.224
34 49 82.793
34 50 94.115
34 51 27.610
34 52 20.179
34 53 12.689
34 54 53.373
34 55 35.229
34 56 4.861
34 57 10.339
34 58 9.116
34 59 7.554
35 36 66.890
35 37 23.291
35 38 99.119
35 39 0.029
35 40 27.239
35 41 24.805
35 42 69.660
35 43 78.321
35 44 23.594
35 45 49.599
35 46 74.980
35 47 50.463
35 48 30.867
35 49 37.779
35 50 2.727
35 51 90.847
35 52 35.504
35 53 65.712
35 54 95.791
35 55 9.655
35 56 18.595
35 57 27.459
35 58 1.532
35 59 39.018
36 37 8.734
36 38 5.852
36 39 55.692
36 40 65.476
36 41 37.171
36 42 38.457
36 43 0.191
36 44 37.253
36 45 64.990
36 46 40.355
36 47 41.498
36 48 14.398
36 49 54.886
36 50 93.062
36 51 79.422
36 52 10.029
36 53 28.583
36 54 46.909
36 55 74.967
36 56 91.711
36 57 84.993
36 58 12.776
36 59 80.229
37 38 73.431
37 39 53.942
37 40 38.359
37 41 23.400
37 42 30.675
37 43 25.617
37 44 73.976
37 45 27.536
37 46 13.800
37 47 26.838
37 48 33.423
37 49 43.042
37 50 18.183
37 51 11.851
37 52 46.509
37 53 90.718
37 54 93.562
37 55 97.533
37 56 81.624
37 57 44.725
37 58 39.528
37 59 0.747
38 39 89.057
38 40 32.973
38 41 39.316
38 42 29.034
38 43 78.795
38 44 96.214
38 45 29.827
38 46 34.897
38 47 0.102
38 48 26.501
38 49 92.251
38 50 68.680
38 51 34.462
38 52 0.708
38 53 74.705
38 54 55.318
38 55 48.308
38 56 35.441
38 57 25.982
38 58 76.251
38 59 77.439
39 40 15.945
39 41 27.802
39 42 59.332
39 43 31.170
39 44 93.506
39 45 61.878
39 46 66.795
39 47 10.971
39 48 3.365
39 49 37.685
39 50 24.155
39 51 35.728
39 52 28.295
39 53 36.953
39 54 51.402
39 55 53.743
39 56 21.796
39 57 1.748
39 58 41.894
39 59 0.204
40 41 9.204
40 42 4.410
40 43 84.101
40 44 28.093
40 45 5.090
40 46 89.665
40 47 36.649
40 48 0.370
40 49 20.911
40 50 71.914
40 51 48.095
40 52 81.743
40 53 88.194
40 54 3.996
40 55 59.434
40 56 9.478
40 57 89.388
40 58 7.658
40 59 39.542
41 42 54.393
41 43 71.082
41 44 70.495
41 45 81.612
41 46 5.597
41 47 12.376
41 48 69.323
41 49 32.071
41 50 25.491
41 51 35.021
41 52 75.730
41 53 32.556
41 54 25.156
41 55 71.292
41 56 35.991
41 57 30.256
41 58 4.523
41 59 50.605
42 43 94.566
42 44 52.221
42 45 86.548
42 46 26.518
42 47 48.098
42 48 45.226
42 49 50.130
42 50 42.034
42 51 75.104
42 52 54.353
42 53 32.607
42 54 23.020
42 55 85.504
42 56 50.640
42 57 29.405
42 58 97.066
42 59 73.653
43 44 21.025
43 45 65.795
43 46 58.256
43 47 38.758
43 48 2.208
43 49 53.674
43 50 37.113
43 51 57.308
43 52 74.201
43 53 74.921
43 54 89.321
43 55 53.635
43 56 28.981
43 57 52.109
43 58 86.928
43 59 16.713
44 45 95.044
44 46 77.220
44 47 81.286
44 48 54.024
44 49 29.592
44 50 69.488
44 51 8.335
44 52 56.594
44 53 86.651
44 54 24.629
44 55 23.681
44 56 73.242
44 57 31.672
44 58 99.435
44 59 87.455
45 46 56.629
45 47 0.941
45 48 48.078
45 49 67.083
45 50 48.864
45 51 97.632
45 52 89.471
45 53 89.882
45 54 20.247
45 55 75.382
45 56 38.625
45 57 56.747
45 58 61.126
45 59 85.008
46 47 79.197
46 48 23.271
46 49 53.916
46 50 50.268
46 51 89.275
46 52 65.247
46 53 20.000
46 54 94.595
46 55 57.945
46 56 71.769
46 57 44.518
46 58 62.245
46 59 46.291
47 48 51.077
47 49 31.009
47 50 64.549
47 51 53.217
47 52 91.766
47 53 27.374
47 54 34.794
47 55 43.846
47 56 95.160
47 57 94.859
47 58 93.672
47 59 86.246
48 49 83.405
48 50 62.503
48 51 11.374
48 52 20.827
48 53 92.223
48 54 20.970
48 55 2.079
48 56 56.011
48 57 77.311
48 58 61.696
48 59 1.915
49 50 43.632
49 51 98.989
49 52 59.985
49 53 62.460
49 54 38.015
49 55 0.984
49 56 33.976
49 57 38.389
49 58 83.781
49 59 66.138
50 51 85.328
50 52 60.123
50 53 9.187
50 54 14.318
50 55 42.029
50 56 60.134
50 57 24.166
50 58 5.998
50 59 78.901
51 52 65.035
51 53 35.197
51 54 28.697
51 55 87.180
51 56 74.662
51 57 92.785
51 58 72.907
51 59 0.982
52 53 24.060
52 54 81.546
52 55 49.115
52 56 65.491
52 57 64.625
52 58 47.760
52 59 58.207
53 54 49.421
53 55 6.593
53 56 34.740
53 57 3.781
53 58 62.565
53 59 36.671
54 55 62.495
54 56 26.820
54 57 38.198
54 58 61.801
54 59 44.878
55 56 50.658
55 57 79.632
55 58 32.872
55 59 84.790
56 57 47.364
56 58 50.422
56 59 70.670
57 58 25.996
57 59 75.389
58 59 8.485
