10 2 ss 5 5 5 5 
0 1 15.473
0 2 46.125
0 3 52.728
0 4 85.844
0 5 47.962
0 6 63.994
0 7 3.819
0 8 92.659
0 9 21.625
1 2 71.835
1 3 89.710
1 4 9.975
1 5 99.308
1 6 21.317
1 7 50.380
1 8 99.313
1 9 55.313
2 3 13.168
2 4 32.287
2 5 27.949
2 6 74.979
2 7 96.888
2 8 2.852
2 9 8.311
3 4 12.698
3 5 6.257
3 6 31.998
3 7 12.098
3 8 97.293
3 9 99.933
4 5 64.077
4 6 67.946
4 7 80.791
4 8 75.005
4 9 99.715
5 6 1.557
5 7 36.910
5 8 47.998
5 9 56.429
6 7 5.410
6 8 28.934
6 9 52.646
7 8 79.317
7 9 31.565
8 9 83.153
