10 2 ds 4 5 4 6 
0 1 48.129
0 2 98.299
0 3 17.050
0 4 25.419
0 5 98.409
0 6 99.587
0 7 73.238
0 8 50.128
0 9 27.450
1 2 53.400
1 3 13.324
1 4 83.693
1 5 13.983
1 6 92.461
1 7 16.482
1 8 56.956
1 9 62.183
2 3 50.562
2 4 35.038
2 5 49.686
2 6 80.309
2 7 14.815
2 8 80.706
2 9 88.886
3 4 93.058
3 5 6.433
3 6 7.257
3 7 27.756
3 8 97.455
3 9 18.729
4 5 12.396
4 6 17.670
4 7 92.563
4 8 34.138
4 9 3.605
5 6 42.640
5 7 61.760
5 8 88.210
5 9 72.794
6 7 46.032
6 8 63.070
6 9 47.881
7 8 2.853
7 9 42.615
8 9 87.747
