120 10 ss 12 12 12 12 12 12 12 12 12 12 12 12 12 12 12 12 12 12 12 12 
0 1 33.721
0 2 13.380
0 3 67.710
0 4 26.998
0 5 37.803
0 6 85.279
0 7 14.015
0 8 97.603
0 9 77.585
0 10 65.202
0 11 36.344
0 12 67.504
0 13 48.535
0 14 58.139
0 15 50.298
0 16 7.854
0 17 61.887
0 18 57.683
0 19 79.537
0 20 3.332
0 21 0.204
0 22 87.506
0 23 7.986
0 24 36.341
0 25 8.426
0 26 8.786
0 27 91.103
0 28 92.533
0 29 44.546
0 30 49.496
0 31 29.714
0 32 99.884
0 33 29.796
0 34 12.345
0 35 52.193
0 36 3.465
0 37 32.054
0 38 22.166
0 39 21.171
0 40 21.127
0 41 88.163
0 42 80.674
0 43 79.512
0 44 21.512
0 45 20.958
0 46 6.766
0 47 76.917
0 48 15.115
0 49 35.005
0 50 53.930
0 51 73.356
0 52 51.560
0 53 81.419
0 54 12.810
0 55 98.382
0 56 71.832
0 57 66.583
0 58 26.620
0 59 56.462
0 60 72.877
0 61 42.212
0 62 69.861
0 63 7.583
0 64 3.829
0 65 54.903
0 66 66.639
0 67 19.713
0 68 28.027
0 69 52.168
0 70 53.929
0 71 85.064
0 72 53.089
0 73 38.942
0 74 27.238
0 75 15.693
0 76 52.468
0 77 53.617
0 78 41.357
0 79 85.573
0 80 76.263
0 81 85.899
0 82 77.313
0 83 66.117
0 84 76.465
0 85 90.137
0 86 28.096
0 87 9.996
0 88 52.425
0 89 57.231
0 90 0.389
0 91 74.151
0 92 55.973
0 93 95.831
0 94 77.266
0 95 37.068
0 96 82.487
0 97 39.256
0 98 37.718
0 99 57.636
0 100 14.111
0 101 38.430
0 102 82.869
0 103 43.366
0 104 74.402
0 105 23.068
0 106 75.849
0 107 44.231
0 108 99.888
0 109 13.479
0 110 62.579
0 111 65.104
0 112 33.312
0 113 43.552
0 114 4.088
0 115 94.494
0 116 95.807
0 117 11.857
0 118 17.467
0 119 80.253
1 2 0.775
1 3 12.240
1 4 92.229
1 5 43.911
1 6 30.992
1 7 7.921
1 8 21.573
1 9 14.488
1 10 12.204
1 11 3.796
1 12 63.933
1 13 79.898
1 14 81.486
1 15 40.518
1 16 29.208
1 17 99.489
1 18 66.672
1 19 80.881
1 20 66.175
1 21 94.777
1 22 64.343
1 23 84.148
1 24 12.877
1 25 37.109
1 26 28.215
1 27 67.173
1 28 60.115
1 29 80.762
1 30 57.173
1 31 32.527
1 32 69.713
1 33 47.916
1 34 2.778
1 35 3.296
1 36 83.820
1 37 57.943
1 38 99.776
1 39 41.830
1 40 59.314
1 41 7.641
1 42 59.936
1 43 45.439
1 44 62.190
1 45 51.317
1 46 59.493
1 47 5.873
1 48 60.876
1 49 0.031
1 50 93.546
1 51 91.417
1 52 64.513
1 53 57.852
1 54 66.935
1 55 60.498
1 56 62.504
1 57 39.634
1 58 40.456
1 59 43.949
1 60 35.014
1 61 69.614
1 62 53.709
1 63 39.427
1 64 20.602
1 65 43.026
1 66 1.418
1 67 45.911
1 68 46.803
1 69 43.977
1 70 48.805
1 71 28.865
1 72 52.227
1 73 51.996
1 74 33.347
1 75 47.333
1 76 54.612
1 77 36.916
1 78 15.261
1 79 93.084
1 80 48.301
1 81 37.212
1 82 7.061
1 83 88.914
1 84 46.698
1 85 40.411
1 86 33.768
1 87 68.296
1 88 20.562
1 89 35.867
1 90 49.652
1 91 11.802
1 92 21.323
1 93 89.980
1 94 64.834
1 95 47.048
1 96 20.162
1 97 1.842
1 98 15.619
1 99 28.422
1 100 38.184
1 101 33.340
1 102 46.172
1 103 0.414
1 104 90.785
1 105 71.883
1 106 55.905
1 107 14.109
1 108 20.196
1 109 76.234
1 110 6.931
1 111 10.261
1 112 44.184
1 113 76.318
1 114 78.987
1 115 4.312
1 116 6.011
1 117 46.417
1 118 5.420
1 119 8.839
2 3 71.033
2 4 47.829
2 5 23.149
2 6 7.138
2 7 78.665
2 8 41.839
2 9 21.968
2 10 47.968
2 11 24.970
2 12 6.788
2 13 84.089
2 14 66.002
2 15 20.746
2 16 54.019
2 17 63.561
2 18 45.084
2 19 42.737
2 20 26.684
2 21 66.984
2 22 32.139
2 23 71.477
2 24 82.646
2 25 61.882
2 26 78.421
2 27 88.295
2 28 8.142
2 29 57.180
2 30 31.761
2 31 86.090
2 32 82.401
2 33 71.417
2 34 28.575
2 35 33.815
2 36 15.061
2 37 28.620
2 38 37.605
2 39 22.901
2 40 8.039
2 41 99.253
2 42 88.732
2 43 15.432
2 44 51.388
2 45 34.166
2 46 79.654
2 47 8.461
2 48 48.731
2 49 23.209
2 50 90.823
2 51 26.640
2 52 82.027
2 53 46.956
2 54 54.786
2 55 56.186
2 56 67.677
2 57 79.948
2 58 19.860
2 59 37.249
2 60 26.425
2 61 46.928
2 62 20.124
2 63 38.843
2 64 88.029
2 65 29.706
2 66 13.734
2 67 50.760
2 68 78.324
2 69 71.662
2 70 79.845
2 71 40.296
2 72 91.113
2 73 29.274
2 74 70.736
2 75 38.071
2 76 30.209
2 77 75.672
2 78 0.223
2 79 36.898
2 80 17.985
2 81 69.888
2 82 12.054
2 83 10.397
2 84 5.974
2 85 67.292
2 86 12.659
2 87 83.909
2 88 90.320
2 89 61.648
2 90 71.537
2 91 19.300
2 92 30.300
2 93 17.295
2 94 89.478
2 95 7.352
2 96 91.672
2 97 71.126
2 98 9.962
2 99 96.704
2 100 88.281
2 101 58.395
2 102 2.250
2 103 26.676
2 104 75.094
2 105 43.786
2 106 76.095
2 107 72.813
2 108 53.807
2 109 19.756
2 110 97.398
2 111 58.633
2 112 88.153
2 113 67.874
2 114 61.799
2 115 34.789
2 116 90.215
2 117 65.660
2 118 48.869
2 119 77.751
3 4 31.353
3 5 61.402
3 6 23.450
3 7 14.116
3 8 51.727
3 9 32.475
3 10 72.623
3 11 33.790
3 12 90.970
3 13 88.881
3 14 66.942
3 15 15.507
3 16 39.195
3 17 83.059
3 18 12.713
3 19 51.586
3 20 12.330
3 21 39.431
3 22 18.535
3 23 25.270
3 24 88.663
3 25 22.740
3 26 33.714
3 27 63.661
3 28 4.534
3 29 22.918
3 30 28.812
3 31 62.012
3 32 96.258
3 33 46.021
3 34 79.281
3 35 50.991
3 36 92.651
3 37 65.756
3 38 82.015
3 39 57.574
3 40 7.943
3 41 8.134
3 42 81.581
3 43 92.326
3 44 58.397
3 45 13.014
3 46 8.029
3 47 81.085
3 48 27.619
3 49 40.610
3 50 31.382
3 51 47.457
3 52 35.306
3 53 68.465
3 54 19.259
3 55 44.027
3 56 22.125
3 57 54.973
3 58 43.556
3 59 24.806
3 60 49.421
3 61 29.221
3 62 19.704
3 63 49.212
3 64 26.622
3 65 3.727
3 66 77.767
3 67 8.748
3 68 21.510
3 69 96.607
3 70 58.449
3 71 71.539
3 72 78.896
3 73 92.763
3 74 99.102
3 75 47.040
3 76 71.830
3 77 69.880
3 78 24.876
3 79 83.446
3 80 36.084
3 81 64.321
3 82 88.417
3 83 23.758
3 84 93.454
3 85 54.479
3 86 7.838
3 87 62.926
3 88 52.353
3 89 94.672
3 90 37.165
3 91 68.127
3 92 85.166
3 93 41.409
3 94 66.078
3 95 47.018
3 96 21.026
3 97 75.621
3 98 86.462
3 99 74.635
3 100 59.954
3 101 39.420
3 102 82.142
3 103 18.651
3 104 9.690
3 105 74.018
3 106 95.168
3 107 34.827
3 108 70.115
3 109 66.614
3 110 97.063
3 111 39.727
3 112 41.795
3 113 88.378
3 114 46.742
3 115 6.164
3 116 14.975
3 117 33.122
3 118 48.080
3 119 68.351
4 5 3.257
4 6 46.773
4 7 29.641
4 8 68.335
4 9 22.248
4 10 71.499
4 11 56.651
4 12 23.083
4 13 77.582
4 14 15.130
4 15 51.016
4 16 42.425
4 17 19.061
4 18 96.458
4 19 39.042
4 20 82.110
4 21 38.027
4 22 10.078
4 23 68.497
4 24 73.314
4 25 33.632
4 26 0.609
4 27 36.729
4 28 30.227
4 29 50.320
4 30 35.476
4 31 49.799
4 32 0.709
4 33 93.649
4 34 17.824
4 35 88.914
4 36 91.514
4 37 64.440
4 38 86.779
4 39 94.945
4 40 69.198
4 41 12.341
4 42 10.877
4 43 94.387
4 44 10.610
4 45 98.986
4 46 92.367
4 47 80.851
4 48 52.706
4 49 78.272
4 50 64.999
4 51 35.029
4 52 70.461
4 53 46.647
4 54 85.981
4 55 13.047
4 56 93.763
4 57 89.861
4 58 93.989
4 59 58.196
4 60 59.442
4 61 54.282
4 62 29.418
4 63 94.301
4 64 82.952
4 65 0.658
4 66 90.518
4 67 40.269
4 68 25.741
4 69 56.138
4 70 29.608
4 71 44.908
4 72 28.953
4 73 66.376
4 74 77.270
4 75 78.625
4 76 81.897
4 77 63.711
4 78 19.227
4 79 34.411
4 80 94.546
4 81 9.712
4 82 40.561
4 83 84.300
4 84 47.380
4 85 40.768
4 86 94.984
4 87 9.518
4 88 98.987
4 89 43.952
4 90 53.076
4 91 72.601
4 92 42.101
4 93 17.048
4 94 32.715
4 95 27.986
4 96 12.133
4 97 21.398
4 98 17.361
4 99 73.951
4 100 68.753
4 101 19.163
4 102 23.436
4 103 33.227
4 104 90.716
4 105 97.611
4 106 86.715
4 107 12.208
4 108 46.865
4 109 22.195
4 110 99.483
4 111 29.418
4 112 32.149
4 113 27.503
4 114 45.123
4 115 22.740
4 116 86.458
4 117 50.530
4 118 44.899
4 119 41.860
5 6 46.258
5 7 34.288
5 8 52.868
5 9 7.524
5 10 14.202
5 11 81.427
5 12 9.180
5 13 72.374
5 14 70.335
5 15 17.298
5 16 89.461
5 17 49.524
5 18 89.958
5 19 29.844
5 20 68.550
5 21 84.478
5 22 77.892
5 23 89.695
5 24 50.538
5 25 33.610
5 26 76.597
5 27 18.035
5 28 3.888
5 29 78.126
5 30 56.516
5 31 62.084
5 32 80.351
5 33 46.308
5 34 50.988
5 35 58.436
5 36 89.449
5 37 38.773
5 38 55.217
5 39 13.053
5 40 46.509
5 41 51.619
5 42 69.047
5 43 3.353
5 44 11.527
5 45 70.518
5 46 26.645
5 47 12.635
5 48 88.596
5 49 65.184
5 50 22.729
5 51 39.968
5 52 61.196
5 53 48.111
5 54 14.584
5 55 89.737
5 56 97.320
5 57 74.068
5 58 51.870
5 59 34.179
5 60 70.268
5 61 47.575
5 62 62.109
5 63 59.525
5 64 5.816
5 65 74.413
5 66 98.747
5 67 51.793
5 68 84.611
5 69 40.210
5 70 40.784
5 71 51.796
5 72 99.762
5 73 24.237
5 74 18.273
5 75 10.583
5 76 93.969
5 77 59.756
5 78 26.311
5 79 6.350
5 80 77.939
5 81 33.646
5 82 81.694
5 83 41.720
5 84 62.420
5 85 77.461
5 86 71.008
5 87 26.371
5 88 19.876
5 89 39.711
5 90 36.693
5 91 64.113
5 92 28.621
5 93 44.843
5 94 48.506
5 95 5.841
5 96 42.221
5 97 38.291
5 98 11.784
5 99 0.153
5 100 69.966
5 101 88.888
5 102 71.069
5 103 72.001
5 104 50.483
5 105 70.064
5 106 77.894
5 107 86.384
5 108 49.815
5 109 69.471
5 110 4.908
5 111 8.865
5 112 17.776
5 113 83.016
5 114 5.020
5 115 57.629
5 116 91.925
5 117 33.750
5 118 33.895
5 119 52.821
6 7 47.220
6 8 18.684
6 9 76.842
6 10 8.060
6 11 51.218
6 12 27.303
6 13 47.063
6 14 76.316
6 15 99.621
6 16 94.390
6 17 51.203
6 18 57.752
6 19 75.047
6 20 46.783
6 21 50.280
6 22 0.651
6 23 93.093
6 24 78.741
6 25 79.332
6 26 78.228
6 27 74.070
6 28 43.839
6 29 27.489
6 30 3.901
6 31 6.237
6 32 82.672
6 33 21.696
6 34 55.504
6 35 46.909
6 36 15.086
6 37 1.909
6 38 14.971
6 39 41.546
6 40 13.284
6 41 23.393
6 42 94.163
6 43 27.696
6 44 37.874
6 45 72.576
6 46 9.812
6 47 30.647
6 48 62.739
6 49 36.952
6 50 90.959
6 51 50.683
6 52 36.639
6 53 26.638
6 54 50.795
6 55 88.048
6 56 29.498
6 57 5.451
6 58 31.480
6 59 51.029
6 60 89.586
6 61 52.757
6 62 35.291
6 63 45.010
6 64 94.146
6 65 43.821
6 66 88.379
6 67 45.921
6 68 10.474
6 69 6.052
6 70 44.428
6 71 20.194
6 72 97.082
6 73 81.259
6 74 24.682
6 75 65.158
6 76 65.277
6 77 99.939
6 78 8.087
6 79 8.728
6 80 90.338
6 81 52.604
6 82 30.708
6 83 25.352
6 84 8.473
6 85 25.280
6 86 27.116
6 87 96.318
6 88 60.783
6 89 51.595
6 90 48.093
6 91 66.877
6 92 48.741
6 93 22.212
6 94 18.799
6 95 30.069
6 96 46.997
6 97 83.888
6 98 59.451
6 99 97.703
6 100 78.817
6 101 55.077
6 102 76.589
6 103 2.628
6 104 97.058
6 105 82.724
6 106 47.184
6 107 13.269
6 108 29.287
6 109 65.805
6 110 60.115
6 111 31.312
6 112 39.528
6 113 75.142
6 114 49.947
6 115 86.525
6 116 31.073
6 117 6.175
6 118 56.493
6 119 38.853
7 8 64.888
7 9 11.624
7 10 70.295
7 11 47.286
7 12 96.389
7 13 74.324
7 14 78.937
7 15 67.396
7 16 39.694
7 17 97.070
7 18 12.027
7 19 95.041
7 20 52.919
7 21 5.897
7 22 93.710
7 23 82.404
7 24 0.724
7 25 85.980
7 26 50.735
7 27 14.357
7 28 90.989
7 29 95.245
7 30 91.400
7 31 48.094
7 32 1.376
7 33 29.747
7 34 66.074
7 35 87.013
7 36 8.509
7 37 47.034
7 38 43.572
7 39 81.057
7 40 7.580
7 41 88.945
7 42 89.285
7 43 20.011
7 44 63.429
7 45 83.682
7 46 10.779
7 47 13.700
7 48 65.494
7 49 48.503
7 50 44.460
7 51 33.611
7 52 68.488
7 53 58.996
7 54 92.967
7 55 24.145
7 56 88.259
7 57 98.660
7 58 87.088
7 59 78.508
7 60 88.031
7 61 53.410
7 62 38.290
7 63 14.231
7 64 34.051
7 65 69.584
7 66 68.383
7 67 76.318
7 68 21.633
7 69 51.216
7 70 51.331
7 71 42.266
7 72 72.729
7 73 32.550
7 74 78.922
7 75 2.493
7 76 84.320
7 77 25.163
7 78 66.777
7 79 42.145
7 80 63.323
7 81 5.573
7 82 50.092
7 83 55.827
7 84 18.145
7 85 78.836
7 86 79.531
7 87 85.513
7 88 89.632
7 89 26.375
7 90 16.878
7 91 83.664
7 92 94.878
7 93 22.191
7 94 47.297
7 95 68.573
7 96 26.200
7 97 80.582
7 98 70.501
7 99 56.978
7 100 94.582
7 101 80.641
7 102 6.645
7 103 30.213
7 104 31.938
7 105 98.052
7 106 54.415
7 107 14.451
7 108 69.845
7 109 63.086
7 110 68.582
7 111 33.069
7 112 93.650
7 113 55.201
7 114 82.196
7 115 19.689
7 116 30.422
7 117 39.273
7 118 84.625
7 119 64.183
8 9 66.737
8 10 46.245
8 11 80.815
8 12 0.720
8 13 8.063
8 14 1.876
8 15 99.412
8 16 36.877
8 17 85.336
8 18 11.224
8 19 87.832
8 20 65.917
8 21 86.284
8 22 13.700
8 23 30.855
8 24 0.505
8 25 39.172
8 26 33.717
8 27 56.019
8 28 15.481
8 29 4.855
8 30 65.376
8 31 43.856
8 32 89.708
8 33 39.370
8 34 46.128
8 35 43.919
8 36 92.629
8 37 73.769
8 38 93.961
8 39 8.597
8 40 69.814
8 41 20.515
8 42 5.443
8 43 95.869
8 44 43.623
8 45 56.447
8 46 37.815
8 47 59.422
8 48 60.037
8 49 51.207
8 50 27.330
8 51 39.999
8 52 80.789
8 53 6.962
8 54 28.165
8 55 95.331
8 56 41.098
8 57 50.383
8 58 91.501
8 59 57.721
8 60 67.655
8 61 71.031
8 62 42.722
8 63 88.089
8 64 78.918
8 65 31.680
8 66 56.199
8 67 3.219
8 68 70.362
8 69 85.557
8 70 71.766
8 71 88.982
8 72 21.023
8 73 23.090
8 74 44.719
8 75 76.467
8 76 44.470
8 77 36.469
8 78 72.077
8 79 50.227
8 80 47.304
8 81 34.179
8 82 91.842
8 83 78.283
8 84 51.330
8 85 59.637
8 86 9.098
8 87 2.041
8 88 81.763
8 89 68.146
8 90 63.087
8 91 0.934
8 92 23.119
8 93 94.633
8 94 12.736
8 95 51.416
8 96 96.898
8 97 0.963
8 98 84.650
8 99 32.810
8 100 20.730
8 101 26.083
8 102 97.177
8 103 93.573
8 104 67.355
8 105 74.892
8 106 46.943
8 107 80.683
8 108 53.605
8 109 72.397
8 110 20.111
8 111 52.151
8 112 54.506
8 113 78.618
8 114 69.611
8 115 38.067
8 116 55.701
8 117 6.632
8 118 81.765
8 119 89.118
9 10 28.564
9 11 11.280
9 12 40.917
9 13 53.191
9 14 36.689
9 15 19.255
9 16 89.119
9 17 50.436
9 18 59.913
9 19 52.659
9 20 69.392
9 21 75.104
9 22 52.552
9 23 57.572
9 24 35.710
9 25 38.484
9 26 36.261
9 27 86.790
9 28 10.640
9 29 81.429
9 30 64.715
9 31 1.591
9 32 72.405
9 33 27.269
9 34 87.274
9 35 51.263
9 36 57.180
9 37 16.275
9 38 81.841
9 39 61.077
9 40 69.540
9 41 61.424
9 42 23.327
9 43 9.485
9 44 4.228
9 45 91.830
9 46 3.448
9 47 3.581
9 48 95.814
9 49 5.023
9 50 20.017
9 51 68.152
9 52 29.297
9 53 32.149
9 54 9.472
9 55 48.183
9 56 64.327
9 57 31.215
9 58 5.064
9 59 87.218
9 60 48.519
9 61 62.645
9 62 64.930
9 63 84.745
9 64 21.148
9 65 68.711
9 66 29.265
9 67 54.610
9 68 37.570
9 69 73.815
9 70 33.810
9 71 3.410
9 72 76.820
9 73 46.117
9 74 28.119
9 75 22.964
9 76 30.088
9 77 12.692
9 78 21.347
9 79 44.134
9 80 6.171
9 81 0.147
9 82 5.773
9 83 30.644
9 84 31.481
9 85 80.572
9 86 88.805
9 87 1.012
9 88 66.838
9 89 38.725
9 90 97.935
9 91 54.306
9 92 11.015
9 93 40.494
9 94 9.919
9 95 41.153
9 96 11.890
9 97 74.990
9 98 95.381
9 99 65.285
9 100 60.066
9 101 63.019
9 102 63.139
9 103 22.883
9 104 96.934
9 105 73.219
9 106 34.710
9 107 87.055
9 108 29.431
9 109 63.809
9 110 78.799
9 111 23.036
9 112 7.103
9 113 72.689
9 114 87.980
9 115 76.033
9 116 83.593
9 117 11.523
9 118 85.383
9 119 8.094
10 11 54.317
10 12 80.491
10 13 7.869
10 14 73.009
10 15 34.820
10 16 9.549
10 17 23.991
10 18 8.953
10 19 20.201
10 20 49.309
10 21 9.997
10 22 97.432
10 23 45.000
10 24 80.088
10 25 25.176
10 26 84.069
10 27 45.052
10 28 81.180
10 29 99.058
10 30 81.859
10 31 8.092
10 32 4.094
10 33 67.281
10 34 80.758
10 35 88.251
10 36 23.256
10 37 70.393
10 38 68.798
10 39 51.097
10 40 95.611
10 41 60.409
10 42 29.410
10 43 10.509
10 44 46.579
10 45 43.651
10 46 17.232
10 47 16.420
10 48 13.989
10 49 25.187
10 50 30.386
10 51 53.331
10 52 23.884
10 53 10.178
10 54 91.082
10 55 13.538
10 56 42.527
10 57 60.437
10 58 18.358
10 59 16.096
10 60 47.447
10 61 0.771
10 62 26.872
10 63 52.842
10 64 87.037
10 65 18.924
10 66 13.875
10 67 56.141
10 68 52.999
10 69 5.443
10 70 2.871
10 71 99.557
10 72 72.850
10 73 35.298
10 74 96.891
10 75 62.241
10 76 40.707
10 77 1.832
10 78 56.966
10 79 10.629
10 80 43.785
10 81 75.383
10 82 62.049
10 83 76.872
10 84 9.255
10 85 73.905
10 86 25.537
10 87 42.466
10 88 91.594
10 89 0.951
10 90 40.470
10 91 67.652
10 92 44.030
10 93 27.587
10 94 0.609
10 95 42.422
10 96 69.392
10 97 69.122
10 98 97.820
10 99 73.346
10 100 25.431
10 101 34.966
10 102 27.520
10 103 61.925
10 104 67.599
10 105 10.528
10 106 43.419
10 107 74.833
10 108 48.316
10 109 63.703
10 110 90.409
10 111 54.126
10 112 55.897
10 113 55.383
10 114 10.150
10 115 66.416
10 116 68.609
10 117 73.297
10 118 57.752
10 119 43.972
11 12 19.735
11 13 1.605
11 14 89.951
11 15 27.875
11 16 18.065
11 17 84.843
11 18 85.235
11 19 83.581
11 20 44.871
11 21 44.117
11 22 34.637
11 23 22.642
11 24 53.237
11 25 55.922
11 26 98.226
11 27 30.823
11 28 28.503
11 29 9.486
11 30 56.831
11 31 72.505
11 32 29.633
11 33 17.266
11 34 1.102
11 35 13.988
11 36 20.463
11 37 65.023
11 38 90.758
11 39 84.217
11 40 17.088
11 41 52.834
11 42 85.705
11 43 70.435
11 44 23.028
11 45 96.499
11 46 97.682
11 47 28.405
11 48 97.384
11 49 29.947
11 50 36.197
11 51 72.109
11 52 2.835
11 53 73.608
11 54 25.736
11 55 96.175
11 56 10.100
11 57 11.116
11 58 52.564
11 59 75.831
11 60 93.435
11 61 47.318
11 62 58.927
11 63 83.793
11 64 37.736
11 65 4.206
11 66 40.052
11 67 61.227
11 68 91.989
11 69 48.260
11 70 15.062
11 71 80.850
11 72 46.115
11 73 32.580
11 74 36.785
11 75 44.205
11 76 78.626
11 77 80.287
11 78 77.381
11 79 62.274
11 80 21.082
11 81 31.855
11 82 76.847
11 83 78.873
11 84 11.983
11 85 28.340
11 86 69.647
11 87 9.614
11 88 67.508
11 89 4.924
11 90 11.080
11 91 85.770
11 92 79.437
11 93 24.774
11 94 9.470
11 95 11.953
11 96 61.625
11 97 91.865
11 98 32.865
11 99 69.322
11 100 5.541
11 101 43.279
11 102 99.622
11 103 21.870
11 104 72.702
11 105 36.403
11 106 81.165
11 107 12.394
11 108 47.195
11 109 14.528
11 110 42.107
11 111 66.817
11 112 95.080
11 113 55.540
11 114 18.076
11 115 60.850
11 116 29.048
11 117 82.707
11 118 84.772
11 119 41.317
12 13 56.577
12 14 44.014
12 15 3.168
12 16 35.987
12 17 97.661
12 18 47.058
12 19 35.192
12 20 30.376
12 21 94.285
12 22 70.214
12 23 11.873
12 24 37.758
12 25 97.940
12 26 57.582
12 27 1.621
12 28 39.477
12 29 13.770
12 30 45.200
12 31 70.183
12 32 26.658
12 33 0.359
12 34 59.031
12 35 45.766
12 36 31.580
12 37 72.692
12 38 71.463
12 39 2.940
12 40 97.166
12 41 32.484
12 42 2.347
12 43 57.143
12 44 96.488
12 45 54.864
12 46 3.068
12 47 17.957
12 48 80.641
12 49 93.310
12 50 67.675
12 51 83.796
12 52 2.992
12 53 25.754
12 54 73.826
12 55 73.264
12 56 40.561
12 57 53.947
12 58 68.093
12 59 79.126
12 60 9.169
12 61 85.467
12 62 75.121
12 63 99.723
12 64 47.982
12 65 73.139
12 66 28.207
12 67 49.609
12 68 31.234
12 69 60.197
12 70 90.051
12 71 76.289
12 72 50.128
12 73 81.159
12 74 56.743
12 75 13.170
12 76 96.338
12 77 98.185
12 78 15.508
12 79 80.178
12 80 69.991
12 81 10.584
12 82 57.276
12 83 2.961
12 84 29.689
12 85 61.189
12 86 28.848
12 87 59.209
12 88 99.830
12 89 77.461
12 90 46.250
12 91 76.332
12 92 51.408
12 93 27.481
12 94 80.788
12 95 98.589
12 96 76.466
12 97 41.393
12 98 72.413
12 99 13.745
12 100 83.483
12 101 47.396
12 102 21.166
12 103 79.399
12 104 51.262
12 105 98.048
12 106 56.814
12 107 17.400
12 108 92.243
12 109 17.430
12 110 89.213
12 111 51.053
12 112 92.675
12 113 82.613
12 114 97.509
12 115 44.346
12 116 16.716
12 117 63.930
12 118 24.975
12 119 64.994
13 14 84.273
13 15 87.704
13 16 8.107
13 17 33.824
13 18 58.278
13 19 52.359
13 20 83.521
13 21 41.888
13 22 6.110
13 23 24.262
13 24 84.299
13 25 13.634
13 26 31.974
13 27 63.186
13 28 58.578
13 29 69.597
13 30 12.345
13 31 78.923
13 32 17.520
13 33 95.270
13 34 4.909
13 35 0.382
13 36 47.248
13 37 54.170
13 38 43.000
13 39 46.406
13 40 99.866
13 41 92.595
13 42 72.095
13 43 23.571
13 44 12.422
13 45 71.144
13 46 32.745
13 47 40.420
13 48 89.427
13 49 23.829
13 50 45.146
13 51 19.823
13 52 24.557
13 53 89.408
13 54 4.598
13 55 11.608
13 56 30.160
13 57 81.603
13 58 54.208
13 59 56.124
13 60 89.439
13 61 64.892
13 62 61.441
13 63 26.042
13 64 45.456
13 65 80.857
13 66 88.529
13 67 78.530
13 68 93.580
13 69 26.361
13 70 13.226
13 71 82.788
13 72 49.531
13 73 19.338
13 74 26.033
13 75 49.024
13 76 23.894
13 77 0.560
13 78 2.780
13 79 74.058
13 80 45.786
13 81 10.465
13 82 27.318
13 83 36.083
13 84 43.277
13 85 48.995
13 86 18.087
13 87 16.456
13 88 6.280
13 89 73.338
13 90 94.449
13 91 99.992
13 92 28.754
13 93 13.603
13 94 3.938
13 95 6.846
13 96 51.450
13 97 89.638
13 98 19.941
13 99 38.888
13 100 3.809
13 101 93.581
13 102 10.849
13 103 81.346
13 104 74.224
13 105 62.197
13 106 76.329
13 107 86.583
13 108 21.564
13 109 0.637
13 110 44.128
13 111 80.970
13 112 77.663
13 113 35.004
13 114 21.708
13 115 78.160
13 116 80.427
13 117 64.934
13 118 0.986
13 119 52.436
14 15 20.279
14 16 59.398
14 17 21.635
14 18 24.365
14 19 78.854
14 20 88.989
14 21 8.582
14 22 37.646
14 23 88.160
14 24 16.239
14 25 12.793
14 26 60.809
14 27 40.880
14 28 71.791
14 29 0.891
14 30 30.363
14 31 38.054
14 32 28.791
14 33 58.787
14 34 62.995
14 35 69.042
14 36 50.404
14 37 97.290
14 38 3.599
14 39 80.546
14 40 26.115
14 41 73.487
14 42 43.197
14 43 6.337
14 44 31.329
14 45 70.748
14 46 36.223
14 47 97.465
14 48 41.711
14 49 12.289
14 50 70.179
14 51 13.870
14 52 8.877
14 53 18.511
14 54 92.314
14 55 12.672
14 56 57.190
14 57 56.701
14 58 77.804
14 59 95.817
14 60 92.829
14 61 73.179
14 62 31.767
14 63 60.363
14 64 25.736
14 65 42.626
14 66 53.525
14 67 28.347
14 68 92.643
14 69 17.050
14 70 55.672
14 71 20.021
14 72 35.129
14 73 7.752
14 74 22.776
14 75 74.150
14 76 30.477
14 77 87.648
14 78 14.981
14 79 12.177
14 80 95.084
14 81 58.426
14 82 70.291
14 83 89.206
14 84 80.291
14 85 87.293
14 86 35.979
14 87 74.102
14 88 58.682
14 89 81.406
14 90 64.359
14 91 53.437
14 92 55.299
14 93 34.634
14 94 41.067
14 95 59.575
14 96 12.654
14 97 50.887
14 98 75.019
14 99 81.883
14 100 91.027
14 101 21.016
14 102 68.389
14 103 31.876
14 104 96.285
14 105 6.184
14 106 2.236
14 107 98.040
14 108 96.252
14 109 59.574
14 110 18.802
14 111 44.136
14 112 33.703
14 113 0.467
14 114 55.055
14 115 76.007
14 116 69.081
14 117 39.957
14 118 83.713
14 119 26.185
15 16 89.316
15 17 45.940
15 18 47.746
15 19 83.076
15 20 0.440
15 21 26.558
15 22 32.298
15 23 22.044
15 24 81.170
15 25 5.847
15 26 3.974
15 27 79.408
15 28 12.242
15 29 63.150
15 30 61.619
15 31 47.198
15 32 11.985
15 33 8.704
15 34 84.991
15 35 56.436
15 36 2.482
15 37 71.810
15 38 38.147
15 39 59.791
15 40 2.637
15 41 85.148
15 42 82.879
15 43 20.638
15 44 94.551
15 45 59.032
15 46 84.226
15 47 64.880
15 48 37.862
15 49 52.784
15 50 44.846
15 51 54.313
15 52 13.013
15 53 66.914
15 54 87.960
15 55 95.900
15 56 58.926
15 57 99.427
15 58 19.604
15 59 10.010
15 60 33.119
15 61 32.307
15 62 40.085
15 63 42.467
15 64 63.052
15 65 40.139
15 66 41.842
15 67 20.246
15 68 76.328
15 69 41.821
15 70 26.292
15 71 18.665
15 72 94.346
15 73 48.428
15 74 95.798
15 75 29.152
15 76 49.092
15 77 95.581
15 78 28.556
15 79 90.965
15 80 36.007
15 81 87.023
15 82 23.961
15 83 77.688
15 84 47.173
15 85 17.614
15 86 13.962
15 87 9.900
15 88 38.574
15 89 88.604
15 90 71.907
15 91 99.077
15 92 72.762
15 93 75.765
15 94 14.563
15 95 14.657
15 96 43.980
15 97 61.879
15 98 85.297
15 99 6.078
15 100 36.662
15 101 99.039
15 102 26.763
15 103 4.708
15 104 90.179
15 105 23.402
15 106 0.038
15 107 76.765
15 108 42.805
15 109 5.236
15 110 83.760
15 111 97.633
15 112 6.115
15 113 80.515
15 114 91.632
15 115 70.433
15 116 77.353
15 117 76.804
15 118 79.560
15 119 17.270
16 17 31.787
16 18 15.817
16 19 74.727
16 20 30.270
16 21 49.677
16 22 47.768
16 23 48.067
16 24 81.332
16 25 23.189
16 26 48.536
16 27 68.885
16 28 54.461
16 29 57.448
16 30 89.645
16 31 25.781
16 32 82.639
16 33 26.884
16 34 73.208
16 35 71.581
16 36 42.329
16 37 73.133
16 38 9.231
16 39 51.609
16 40 83.095
16 41 33.978
16 42 1.045
16 43 4.457
16 44 47.184
16 45 74.143
16 46 96.150
16 47 82.300
16 48 64.559
16 49 48.261
16 50 54.382
16 51 23.827
16 52 92.499
16 53 63.902
16 54 83.052
16 55 27.042
16 56 5.744
16 57 28.280
16 58 89.607
16 59 11.473
16 60 33.074
16 61 56.117
16 62 6.359
16 63 29.705
16 64 79.295
16 65 88.105
16 66 48.942
16 67 86.735
16 68 67.802
16 69 19.491
16 70 80.442
16 71 52.272
16 72 88.170
16 73 66.568
16 74 66.486
16 75 5.904
16 76 35.712
16 77 5.163
16 78 23.121
16 79 37.962
16 80 85.482
16 81 99.719
16 82 78.901
16 83 39.949
16 84 51.891
16 85 4.136
16 86 95.388
16 87 57.558
16 88 46.933
16 89 56.287
16 90 16.135
16 91 46.585
16 92 64.960
16 93 6.952
16 94 43.223
16 95 67.468
16 96 89.983
16 97 20.893
16 98 72.564
16 99 77.695
16 100 42.724
16 101 62.892
16 102 54.416
16 103 33.015
16 104 58.889
16 105 34.794
16 106 83.962
16 107 88.129
16 108 17.643
16 109 60.949
16 110 68.277
16 111 95.495
16 112 19.771
16 113 28.913
16 114 60.670
16 115 36.887
16 116 48.764
16 117 79.864
16 118 1.113
16 119 86.499
17 18 34.821
17 19 8.933
17 20 52.362
17 21 96.716
17 22 81.755
17 23 79.461
17 24 75.384
17 25 18.024
17 26 9.821
17 27 77.206
17 28 44.808
17 29 13.117
17 30 13.685
17 31 30.578
17 32 65.414
17 33 1.889
17 34 34.091
17 35 1.255
17 36 14.005
17 37 78.793
17 38 94.178
17 39 5.829
17 40 97.550
17 41 76.967
17 42 57.019
17 43 63.631
17 44 88.090
17 45 14.547
17 46 19.601
17 47 78.491
17 48 67.664
17 49 47.755
17 50 70.310
17 51 52.881
17 52 92.400
17 53 72.647
17 54 1.911
17 55 1.759
17 56 63.882
17 57 62.787
17 58 90.090
17 59 80.411
17 60 78.095
17 61 3.677
17 62 18.805
17 63 65.648
17 64 7.437
17 65 86.420
17 66 58.018
17 67 32.995
17 68 59.717
17 69 52.879
17 70 76.822
17 71 53.799
17 72 49.535
17 73 42.499
17 74 5.533
17 75 95.699
17 76 12.078
17 77 77.017
17 78 44.024
17 79 47.469
17 80 87.120
17 81 33.412
17 82 50.383
17 83 4.991
17 84 1.881
17 85 97.764
17 86 33.912
17 87 48.947
17 88 85.435
17 89 63.071
17 90 19.581
17 91 16.793
17 92 54.442
17 93 32.640
17 94 47.198
17 95 21.688
17 96 20.269
17 97 17.304
17 98 17.916
17 99 99.253
17 100 80.928
17 101 69.505
17 102 3.098
17 103 69.408
17 104 77.768
17 105 80.209
17 106 86.174
17 107 84.986
17 108 16.478
17 109 75.633
17 110 16.762
17 111 1.424
17 112 74.727
17 113 89.948
17 114 18.199
17 115 42.573
17 116 44.624
17 117 57.374
17 118 4.505
17 119 56.489
18 19 87.223
18 20 62.534
18 21 30.942
18 22 52.057
18 23 8.371
18 24 11.430
18 25 23.453
18 26 82.398
18 27 0.507
18 28 37.096
18 29 6.631
18 30 94.220
18 31 33.359
18 32 33.746
18 33 77.278
18 34 93.632
18 35 18.018
18 36 21.154
18 37 51.212
18 38 88.406
18 39 13.469
18 40 77.046
18 41 44.628
18 42 54.288
18 43 92.441
18 44 39.418
18 45 38.190
18 46 38.639
18 47 34.293
18 48 73.022
18 49 11.915
18 50 58.592
18 51 66.674
18 52 14.619
18 53 32.024
18 54 72.828
18 55 34.821
18 56 60.191
18 57 17.099
18 58 6.224
18 59 37.599
18 60 33.902
18 61 10.207
18 62 84.796
18 63 32.780
18 64 83.444
18 65 36.101
18 66 94.753
18 67 80.568
18 68 79.273
18 69 28.170
18 70 13.925
18 71 63.977
18 72 56.286
18 73 68.488
18 74 76.426
18 75 97.463
18 76 25.650
18 77 96.161
18 78 22.161
18 79 11.054
18 80 1.802
18 81 4.075
18 82 51.586
18 83 76.246
18 84 34.994
18 85 62.235
18 86 53.161
18 87 22.056
18 88 13.356
18 89 77.084
18 90 95.982
18 91 74.879
18 92 0.068
18 93 20.484
18 94 83.336
18 95 44.173
18 96 1.029
18 97 39.496
18 98 44.243
18 99 67.501
18 100 16.324
18 101 88.672
18 102 99.560
18 103 23.081
18 104 14.830
18 105 10.237
18 106 76.766
18 107 15.767
18 108 85.436
18 109 24.387
18 110 63.318
18 111 43.242
18 112 60.684
18 113 81.842
18 114 82.301
18 115 53.219
18 116 78.993
18 117 73.878
18 118 46.041
18 119 9.577
19 20 50.214
19 21 91.243
19 22 93.493
19 23 95.600
19 24 15.878
19 25 72.695
19 26 45.409
19 27 95.888
19 28 50.334
19 29 86.306
19 30 17.637
19 31 14.987
19 32 31.829
19 33 42.291
19 34 17.390
19 35 10.431
19 36 23.669
19 37 44.770
19 38 9.925
19 39 40.644
19 40 44.720
19 41 51.708
19 42 83.759
19 43 54.014
19 44 75.819
19 45 27.225
19 46 61.448
19 47 74.473
19 48 44.061
19 49 38.506
19 50 99.887
19 51 71.031
19 52 50.474
19 53 70.774
19 54 99.206
19 55 33.971
19 56 58.238
19 57 8.065
19 58 92.555
19 59 18.806
19 60 38.411
19 61 55.010
19 62 20.414
19 63 60.565
19 64 78.013
19 65 55.398
19 66 2.554
19 67 5.651
19 68 91.375
19 69 96.955
19 70 8.344
19 71 56.231
19 72 39.794
19 73 78.632
19 74 91.849
19 75 73.014
19 76 56.863
19 77 56.604
19 78 1.995
19 79 36.278
19 80 97.190
19 81 78.269
19 82 0.059
19 83 22.122
19 84 74.834
19 85 59.709
19 86 16.832
19 87 11.193
19 88 34.371
19 89 61.405
19 90 60.029
19 91 10.498
19 92 2.348
19 93 69.445
19 94 38.877
19 95 35.430
19 96 99.749
19 97 95.007
19 98 7.255
19 99 68.752
19 100 57.162
19 101 63.606
19 102 39.410
19 103 86.049
19 104 63.487
19 105 77.426
19 106 42.927
19 107 13.032
19 108 96.290
19 109 98.954
19 110 82.549
19 111 59.077
19 112 27.366
19 113 22.259
19 114 35.358
19 115 53.522
19 116 70.546
19 117 69.385
19 118 22.968
19 119 96.490
20 21 40.509
20 22 73.715
20 23 69.567
20 24 24.386
20 25 21.085
20 26 89.531
20 27 16.030
20 28 81.718
20 29 99.494
20 30 97.623
20 31 79.769
20 32 85.542
20 33 8.962
20 34 60.455
20 35 87.589
20 36 66.538
20 37 36.355
20 38 17.219
20 39 24.559
20 40 71.662
20 41 93.711
20 42 99.069
20 43 35.732
20 44 17.269
20 45 23.006
20 46 87.856
20 47 89.533
20 48 88.778
20 49 1.984
20 50 37.921
20 51 61.731
20 52 93.151
20 53 45.583
20 54 29.778
20 55 27.129
20 56 83.903
20 57 52.232
20 58 26.989
20 59 52.461
20 60 94.793
20 61 27.235
20 62 63.093
20 63 68.444
20 64 38.037
20 65 26.481
20 66 94.123
20 67 61.554
20 68 45.591
20 69 2.876
20 70 14.099
20 71 66.792
20 72 57.964
20 73 5.188
20 74 45.781
20 75 61.563
20 76 94.002
20 77 74.402
20 78 87.084
20 79 57.782
20 80 67.225
20 81 6.206
20 82 14.688
20 83 64.383
20 84 49.558
20 85 99.913
20 86 20.758
20 87 45.662
20 88 21.652
20 89 93.881
20 90 86.069
20 91 32.213
20 92 90.526
20 93 95.431
20 94 73.449
20 95 50.704
20 96 99.868
20 97 49.274
20 98 59.098
20 99 26.314
20 100 6.089
20 101 52.638
20 102 6.206
20 103 77.407
20 104 44.126
20 105 17.549
20 106 25.187
20 107 65.835
20 108 60.947
20 109 1.161
20 110 57.947
20 111 88.259
20 112 51.895
20 113 73.528
20 114 69.780
20 115 93.962
20 116 95.225
20 117 68.905
20 118 31.799
20 119 92.845
21 22 43.569
21 23 71.428
21 24 29.271
21 25 73.672
21 26 97.589
21 27 18.948
21 28 36.760
21 29 87.058
21 30 56.695
21 31 69.805
21 32 59.701
21 33 60.343
21 34 14.439
21 35 66.532
21 36 53.837
21 37 2.175
21 38 42.120
21 39 47.710
21 40 98.869
21 41 23.493
21 42 83.092
21 43 4.648
21 44 20.789
21 45 48.576
21 46 62.429
21 47 53.082
21 48 28.490
21 49 14.909
21 50 1.834
21 51 91.734
21 52 54.622
21 53 63.853
21 54 18.078
21 55 49.386
21 56 68.064
21 57 5.440
21 58 74.733
21 59 80.008
21 60 55.975
21 61 0.097
21 62 51.616
21 63 51.519
21 64 57.065
21 65 37.708
21 66 94.105
21 67 87.946
21 68 64.536
21 69 10.108
21 70 5.365
21 71 66.986
21 72 7.116
21 73 67.015
21 74 48.525
21 75 45.426
21 76 59.630
21 77 17.305
21 78 32.982
21 79 83.388
21 80 30.782
21 81 87.699
21 82 69.267
21 83 65.044
21 84 25.123
21 85 79.101
21 86 90.259
21 87 68.203
21 88 78.614
21 89 67.214
21 90 53.076
21 91 18.125
21 92 22.777
21 93 78.504
21 94 55.575
21 95 71.902
21 96 41.100
21 97 35.198
21 98 24.147
21 99 18.950
21 100 43.198
21 101 3.716
21 102 55.388
21 103 50.411
21 104 97.150
21 105 99.791
21 106 23.216
21 107 45.697
21 108 28.521
21 109 0.489
21 110 95.141
21 111 47.920
21 112 15.760
21 113 88.469
21 114 36.644
21 115 51.632
21 116 85.968
21 117 7.005
21 118 20.998
21 119 6.075
22 23 42.503
22 24 35.670
22 25 3.388
22 26 45.050
22 27 36.423
22 28 6.053
22 29 62.775
22 30 90.555
22 31 27.476
22 32 64.455
22 33 62.753
22 34 41.492
22 35 67.164
22 36 54.259
22 37 33.479
22 38 51.050
22 39 76.345
22 40 34.498
22 41 30.806
22 42 16.744
22 43 82.892
22 44 73.136
22 45 85.829
22 46 55.668
22 47 31.147
22 48 53.647
22 49 18.356
22 50 14.145
22 51 74.196
22 52 11.732
22 53 51.158
22 54 65.768
22 55 12.454
22 56 75.335
22 57 28.377
22 58 84.711
22 59 47.598
22 60 15.616
22 61 11.088
22 62 42.253
22 63 79.584
22 64 29.100
22 65 95.776
22 66 63.590
22 67 86.317
22 68 61.999
22 69 77.359
22 70 99.321
22 71 90.453
22 72 56.486
22 73 57.390
22 74 11.374
22 75 35.894
22 76 45.732
22 77 80.215
22 78 46.710
22 79 67.750
22 80 49.581
22 81 65.101
22 82 73.770
22 83 33.811
22 84 25.956
22 85 90.730
22 86 86.430
22 87 3.052
22 88 14.472
22 89 79.971
22 90 38.153
22 91 27.259
22 92 68.165
22 93 27.460
22 94 55.016
22 95 55.518
22 96 6.864
22 97 10.269
22 98 90.521
22 99 48.183
22 100 41.460
22 101 22.832
22 102 27.308
22 103 26.822
22 104 12.148
22 105 81.302
22 106 1.358
22 107 39.752
22 108 55.739
22 109 49.630
22 110 22.777
22 111 18.942
22 112 67.166
22 113 49.922
22 114 93.921
22 115 53.383
22 116 48.611
22 117 32.998
22 118 80.410
22 119 6.467
23 24 45.954
23 25 1.608
23 26 73.481
23 27 60.484
23 28 56.779
23 29 98.331
23 30 93.176
23 31 80.045
23 32 56.717
23 33 93.021
23 34 21.013
23 35 48.027
23 36 31.675
23 37 30.453
23 38 18.077
23 39 42.624
23 40 22.309
23 41 27.904
23 42 79.870
23 43 92.109
23 44 84.100
23 45 44.472
23 46 2.814
23 47 65.125
23 48 41.477
23 49 79.235
23 50 88.937
23 51 28.646
23 52 67.645
23 53 93.700
23 54 95.071
23 55 33.176
23 56 53.146
23 57 95.516
23 58 40.801
23 59 65.321
23 60 35.643
23 61 65.035
23 62 25.438
23 63 41.573
23 64 50.994
23 65 54.088
23 66 68.438
23 67 3.948
23 68 31.445
23 69 37.180
23 70 79.995
23 71 18.075
23 72 20.594
23 73 49.363
23 74 88.934
23 75 67.378
23 76 96.746
23 77 2.115
23 78 3.557
23 79 83.208
23 80 96.394
23 81 28.872
23 82 57.771
23 83 50.093
23 84 7.773
23 85 75.185
23 86 99.611
23 87 77.689
23 88 60.784
23 89 15.003
23 90 12.164
23 91 36.632
23 92 74.058
23 93 44.217
23 94 17.954
23 95 14.130
23 96 32.527
23 97 75.333
23 98 6.999
23 99 56.983
23 100 59.589
23 101 33.043
23 102 46.043
23 103 34.657
23 104 16.817
23 105 29.446
23 106 71.860
23 107 73.084
23 108 11.096
23 109 79.825
23 110 45.087
23 111 81.082
23 112 14.234
23 113 5.112
23 114 42.677
23 115 15.576
23 116 3.235
23 117 55.573
23 118 96.876
23 119 9.267
24 25 10.852
24 26 81.737
24 27 46.501
24 28 14.945
24 29 35.439
24 30 73.239
24 31 52.381
24 32 4.334
24 33 96.773
24 34 83.961
24 35 42.928
24 36 96.200
24 37 40.203
24 38 62.795
24 39 98.136
24 40 78.342
24 41 85.352
24 42 13.298
24 43 50.689
24 44 31.218
24 45 87.563
24 46 12.666
24 47 81.407
24 48 57.085
24 49 30.375
24 50 30.717
24 51 12.910
24 52 67.902
24 53 95.543
24 54 2.918
24 55 60.177
24 56 87.648
24 57 63.460
24 58 28.038
24 59 79.571
24 60 80.297
24 61 81.321
24 62 80.593
24 63 68.956
24 64 23.366
24 65 98.943
24 66 51.049
24 67 10.673
24 68 8.795
24 69 12.907
24 70 52.581
24 71 16.437
24 72 67.814
24 73 78.518
24 74 62.230
24 75 28.632
24 76 84.577
24 77 46.058
24 78 96.411
24 79 56.002
24 80 84.481
24 81 52.893
24 82 55.966
24 83 73.409
24 84 57.432
24 85 56.240
24 86 14.368
24 87 95.107
24 88 3.768
24 89 22.728
24 90 64.154
24 91 38.898
24 92 71.086
24 93 0.367
24 94 81.311
24 95 34.556
24 96 83.941
24 97 86.131
24 98 15.088
24 99 94.089
24 100 55.192
24 101 68.105
24 102 61.589
24 103 53.674
24 104 7.691
24 105 64.954
24 106 33.503
24 107 17.513
24 108 28.121
24 109 7.492
24 110 95.450
24 111 82.409
24 112 20.932
24 113 7.181
24 114 94.692
24 115 98.494
24 116 29.679
24 117 34.653
24 118 80.322
24 119 26.360
25 26 45.484
25 27 87.660
25 28 70.556
25 29 83.717
25 30 27.916
25 31 62.364
25 32 97.372
25 33 35.767
25 34 22.284
25 35 54.442
25 36 30.512
25 37 72.632
25 38 69.142
25 39 7.235
25 40 58.721
25 41 34.456
25 42 66.751
25 43 92.998
25 44 85.116
25 45 90.210
25 46 65.311
25 47 60.282
25 48 75.706
25 49 49.779
25 50 42.967
25 51 5.588
25 52 85.316
25 53 90.554
25 54 37.904
25 55 30.647
25 56 73.593
25 57 9.541
25 58 88.297
25 59 28.025
25 60 15.216
25 61 69.909
25 62 62.446
25 63 97.234
25 64 3.117
25 65 96.950
25 66 45.098
25 67 31.120
25 68 41.238
25 69 92.549
25 70 82.815
25 71 28.026
25 72 24.241
25 73 79.591
25 74 81.149
25 75 79.069
25 76 5.587
25 77 58.095
25 78 89.464
25 79 51.855
25 80 62.538
25 81 53.449
25 82 5.459
25 83 42.041
25 84 76.884
25 85 63.742
25 86 80.713
25 87 92.378
25 88 63.567
25 89 67.987
25 90 11.076
25 91 85.235
25 92 95.894
25 93 39.948
25 94 51.237
25 95 99.034
25 96 95.654
25 97 23.307
25 98 1.542
25 99 81.682
25 100 79.199
25 101 63.070
25 102 76.905
25 103 34.750
25 104 76.446
25 105 55.400
25 106 82.644
25 107 21.043
25 108 68.740
25 109 73.478
25 110 90.098
25 111 5.151
25 112 23.657
25 113 50.504
25 114 26.095
25 115 11.673
25 116 40.100
25 117 52.661
25 118 64.659
25 119 39.046
26 27 55.364
26 28 54.583
26 29 36.776
26 30 98.223
26 31 7.426
26 32 37.840
26 33 54.600
26 34 54.962
26 35 90.272
26 36 68.949
26 37 80.199
26 38 42.041
26 39 87.877
26 40 77.597
26 41 55.721
26 42 73.476
26 43 23.320
26 44 48.037
26 45 51.823
26 46 36.633
26 47 13.491
26 48 57.047
26 49 84.279
26 50 60.124
26 51 77.034
26 52 40.347
26 53 94.849
26 54 55.460
26 55 3.360
26 56 46.063
26 57 91.835
26 58 8.652
26 59 53.997
26 60 38.579
26 61 98.165
26 62 54.327
26 63 34.005
26 64 49.065
26 65 60.442
26 66 99.358
26 67 40.849
26 68 29.961
26 69 31.054
26 70 75.637
26 71 70.844
26 72 59.899
26 73 47.290
26 74 92.322
26 75 39.195
26 76 62.800
26 77 96.317
26 78 26.766
26 79 48.634
26 80 50.309
26 81 72.967
26 82 40.253
26 83 23.807
26 84 70.262
26 85 8.456
26 86 29.840
26 87 13.791
26 88 45.532
26 89 72.473
26 90 30.748
26 91 53.532
26 92 17.404
26 93 28.548
26 94 65.162
26 95 66.469
26 96 65.518
26 97 53.117
26 98 92.713
26 99 85.265
26 100 62.468
26 101 12.459
26 102 55.566
26 103 65.290
26 104 35.302
26 105 28.449
26 106 26.716
26 107 66.411
26 108 48.452
26 109 54.030
26 110 63.966
26 111 82.622
26 112 93.032
26 113 22.370
26 114 44.040
26 115 6.198
26 116 65.981
26 117 29.882
26 118 1.350
26 119 23.285
27 28 49.182
27 29 62.544
27 30 24.196
27 31 51.250
27 32 53.484
27 33 77.484
27 34 67.502
27 35 44.585
27 36 75.451
27 37 7.270
27 38 25.666
27 39 15.809
27 40 25.702
27 41 63.113
27 42 71.712
27 43 40.565
27 44 26.880
27 45 74.951
27 46 9.640
27 47 41.980
27 48 46.537
27 49 21.358
27 50 5.731
27 51 78.357
27 52 25.687
27 53 70.286
27 54 61.515
27 55 90.415
27 56 87.253
27 57 72.799
27 58 66.250
27 59 99.530
27 60 60.344
27 61 26.351
27 62 19.917
27 63 86.806
27 64 36.057
27 65 51.512
27 66 49.162
27 67 24.334
27 68 78.412
27 69 6.689
27 70 48.015
27 71 74.589
27 72 50.070
27 73 99.031
27 74 62.869
27 75 21.709
27 76 76.645
27 77 36.552
27 78 6.892
27 79 49.240
27 80 65.694
27 81 6.417
27 82 32.907
27 83 32.970
27 84 16.887
27 85 57.450
27 86 15.742
27 87 74.571
27 88 8.407
27 89 11.060
27 90 95.153
27 91 62.052
27 92 21.261
27 93 24.132
27 94 8.647
27 95 6.390
27 96 67.993
27 97 79.875
27 98 99.870
27 99 70.197
27 100 25.191
27 101 88.146
27 102 22.715
27 103 73.945
27 104 30.216
27 105 35.517
27 106 73.876
27 107 37.988
27 108 91.743
27 109 37.117
27 110 77.336
27 111 94.521
27 112 80.974
27 113 7.256
27 114 13.078
27 115 82.613
27 116 15.832
27 117 83.887
27 118 29.320
27 119 21.585
28 29 23.923
28 30 13.163
28 31 2.655
28 32 43.244
28 33 71.778
28 34 24.654
28 35 13.690
28 36 51.883
28 37 77.605
28 38 5.241
28 39 87.153
28 40 72.439
28 41 82.757
28 42 10.253
28 43 4.886
28 44 41.858
28 45 43.094
28 46 34.137
28 47 37.744
28 48 96.434
28 49 15.639
28 50 99.716
28 51 58.155
28 52 8.799
28 53 58.160
28 54 15.090
28 55 88.931
28 56 32.237
28 57 29.746
28 58 90.255
28 59 15.890
28 60 17.101
28 61 78.992
28 62 1.734
28 63 41.964
28 64 74.407
28 65 33.031
28 66 42.811
28 67 88.675
28 68 75.024
28 69 55.472
28 70 99.423
28 71 57.211
28 72 89.396
28 73 24.202
28 74 47.303
28 75 45.815
28 76 92.359
28 77 91.027
28 78 74.691
28 79 82.783
28 80 80.372
28 81 24.315
28 82 96.718
28 83 75.110
28 84 74.364
28 85 3.077
28 86 42.515
28 87 91.649
28 88 10.383
28 89 26.325
28 90 64.194
28 91 96.636
28 92 52.390
28 93 25.089
28 94 37.993
28 95 24.526
28 96 96.778
28 97 16.141
28 98 2.224
28 99 40.305
28 100 76.566
28 101 16.248
28 102 4.107
28 103 60.797
28 104 14.759
28 105 43.683
28 106 8.119
28 107 21.960
28 108 20.939
28 109 69.780
28 110 52.188
28 111 64.734
28 112 72.963
28 113 47.456
28 114 24.892
28 115 77.787
28 116 76.471
28 117 35.915
28 118 76.736
28 119 79.278
29 30 48.962
29 31 61.170
29 32 71.675
29 33 41.791
29 34 32.268
29 35 0.533
29 36 31.229
29 37 64.658
29 38 97.571
29 39 55.907
29 40 22.835
29 41 76.114
29 42 70.435
29 43 85.484
29 44 96.572
29 45 4.099
29 46 69.857
29 47 96.358
29 48 79.906
29 49 88.954
29 50 24.962
29 51 61.621
29 52 98.816
29 53 23.897
29 54 5.733
29 55 14.644
29 56 5.505
29 57 99.857
29 58 80.009
29 59 90.540
29 60 57.785
29 61 0.113
29 62 88.045
29 63 30.235
29 64 13.346
29 65 37.141
29 66 7.998
29 67 36.059
29 68 73.271
29 69 49.174
29 70 71.012
29 71 69.494
29 72 33.507
29 73 77.223
29 74 72.894
29 75 11.443
29 76 80.412
29 77 24.614
29 78 20.946
29 79 63.336
29 80 97.092
29 81 60.611
29 82 49.073
29 83 53.393
29 84 30.915
29 85 67.257
29 86 32.114
29 87 26.549
29 88 9.418
29 89 44.325
29 90 31.155
29 91 38.815
29 92 81.750
29 93 81.076
29 94 5.644
29 95 47.266
29 96 5.879
29 97 75.525
29 98 35.208
29 99 85.383
29 100 97.965
29 101 32.015
29 102 4.369
29 103 40.125
29 104 9.624
29 105 96.087
29 106 16.701
29 107 1.915
29 108 1.259
29 109 92.031
29 110 21.493
29 111 41.611
29 112 35.181
29 113 12.924
29 114 55.607
29 115 79.575
29 116 20.951
29 117 75.618
29 118 25.972
29 119 51.122
30 31 7.182
30 32 93.789
30 33 84.036
30 34 39.912
30 35 28.988
30 36 41.090
30 37 72.500
30 38 46.242
30 39 88.321
30 40 73.345
30 41 56.794
30 42 80.765
30 43 65.641
30 44 53.878
30 45 88.993
30 46 25.773
30 47 35.683
30 48 79.257
30 49 90.268
30 50 86.035
30 51 87.507
30 52 34.106
30 53 79.460
30 54 59.008
30 55 29.598
30 56 13.078
30 57 20.002
30 58 90.351
30 59 94.487
30 60 35.728
30 61 5.150
30 62 44.783
30 63 44.142
30 64 45.690
30 65 52.389
30 66 14.631
30 67 17.359
30 68 29.467
30 69 31.868
30 70 8.818
30 71 53.437
30 72 12.066
30 73 10.838
30 74 13.578
30 75 72.588
30 76 86.844
30 77 56.350
30 78 92.855
30 79 92.896
30 80 15.128
30 81 1.822
30 82 1.098
30 83 16.032
30 84 87.545
30 85 49.589
30 86 14.120
30 87 19.538
30 88 73.445
30 89 51.207
30 90 44.676
30 91 52.159
30 92 97.408
30 93 79.997
30 94 98.615
30 95 40.526
30 96 72.565
30 97 86.225
30 98 44.718
30 99 80.439
30 100 89.277
30 101 4.300
30 102 16.763
30 103 4.062
30 104 4.721
30 105 63.509
30 106 39.878
30 107 85.529
30 108 4.008
30 109 39.058
30 110 74.918
30 111 71.785
30 112 6.695
30 113 68.569
30 114 4.377
30 115 2.918
30 116 73.882
30 117 50.689
30 118 41.254
30 119 16.812
31 32 30.593
31 33 37.093
31 34 28.344
31 35 16.644
31 36 55.684
31 37 26.905
31 38 9.554
31 39 16.550
31 40 7.305
31 41 73.480
31 42 97.177
31 43 70.748
31 44 45.733
31 45 17.432
31 46 29.406
31 47 34.446
31 48 87.413
31 49 66.982
31 50 10.962
31 51 1.090
31 52 74.109
31 53 56.918
31 54 56.335
31 55 9.783
31 56 69.307
31 57 30.846
31 58 9.938
31 59 19.177
31 60 0.354
31 61 7.920
31 62 0.372
31 63 99.695
31 64 49.288
31 65 14.863
31 66 97.051
31 67 4.634
31 68 57.913
31 69 86.848
31 70 76.582
31 71 42.512
31 72 53.407
31 73 66.686
31 74 73.590
31 75 87.971
31 76 19.569
31 77 60.768
31 78 86.075
31 79 36.602
31 80 35.822
31 81 42.341
31 82 28.942
31 83 30.274
31 84 81.154
31 85 27.956
31 86 80.995
31 87 53.828
31 88 53.422
31 89 91.291
31 90 50.458
31 91 31.473
31 92 85.786
31 93 20.077
31 94 92.027
31 95 31.776
31 96 51.500
31 97 66.462
31 98 44.465
31 99 23.812
31 100 35.914
31 101 88.910
31 102 21.918
31 103 13.891
31 104 20.228
31 105 34.624
31 106 84.433
31 107 32.182
31 108 65.419
31 109 65.468
31 110 33.537
31 111 31.657
31 112 6.708
31 113 87.495
31 114 27.309
31 115 7.936
31 116 69.052
31 117 4.451
31 118 85.993
31 119 47.963
32 33 92.358
32 34 78.993
32 35 64.039
32 36 67.845
32 37 11.463
32 38 51.879
32 39 97.311
32 40 5.803
32 41 70.404
32 42 38.989
32 43 95.289
32 44 94.822
32 45 63.092
32 46 98.825
32 47 37.206
32 48 51.443
32 49 83.237
32 50 38.984
32 51 48.388
32 52 82.065
32 53 35.193
32 54 9.128
32 55 78.443
32 56 26.192
32 57 4.414
32 58 10.084
32 59 76.496
32 60 27.251
32 61 11.244
32 62 33.976
32 63 60.323
32 64 45.932
32 65 75.051
32 66 38.661
32 67 6.026
32 68 8.427
32 69 97.017
32 70 51.248
32 71 42.794
32 72 12.532
32 73 29.385
32 74 90.103
32 75 23.332
32 76 98.240
32 77 36.576
32 78 92.512
32 79 54.713
32 80 26.300
32 81 69.271
32 82 36.032
32 83 16.668
32 84 98.137
32 85 66.460
32 86 45.571
32 87 64.766
32 88 93.598
32 89 72.369
32 90 85.391
32 91 14.450
32 92 99.190
32 93 5.323
32 94 45.430
32 95 28.569
32 96 48.779
32 97 43.803
32 98 44.779
32 99 85.825
32 100 1.175
32 101 1.298
32 102 91.600
32 103 90.462
32 104 34.574
32 105 46.045
32 106 58.437
32 107 94.569
32 108 46.549
32 109 84.338
32 110 54.610
32 111 43.513
32 112 10.068
32 113 66.789
32 114 3.261
32 115 22.324
32 116 50.970
32 117 95.823
32 118 59.627
32 119 76.243
33 34 80.419
33 35 9.594
33 36 39.250
33 37 2.194
33 38 36.992
33 39 92.675
33 40 60.073
33 41 59.597
33 42 67.447
33 43 17.043
33 44 40.768
33 45 28.716
33 46 2.585
33 47 48.258
33 48 39.128
33 49 52.666
33 50 65.242
33 51 61.201
33 52 59.007
33 53 35.214
33 54 81.113
33 55 97.329
33 56 2.009
33 57 30.686
33 58 49.923
33 59 61.127
33 60 91.057
33 61 54.570
33 62 74.418
33 63 97.303
33 64 46.921
33 65 63.820
33 66 37.700
33 67 12.206
33 68 55.961
33 69 4.398
33 70 65.638
33 71 3.098
33 72 27.563
33 73 0.245
33 74 10.372
33 75 37.075
33 76 3.144
33 77 62.670
33 78 43.420
33 79 77.829
33 80 45.087
33 81 32.054
33 82 52.402
33 83 92.894
33 84 3.622
33 85 24.782
33 86 94.146
33 87 86.604
33 88 32.393
33 89 47.502
33 90 68.712
33 91 94.747
33 92 99.360
33 93 58.091
33 94 43.831
33 95 45.711
33 96 18.659
33 97 98.089
33 98 77.337
33 99 39.921
33 100 11.195
33 101 94.940
33 102 56.318
33 103 24.437
33 104 86.990
33 105 34.015
33 106 96.082
33 107 42.835
33 108 30.682
33 109 30.170
33 110 19.428
33 111 21.800
33 112 63.078
33 113 86.522
33 114 67.315
33 115 15.389
33 116 46.293
33 117 14.156
33 118 75.687
33 119 65.454
34 35 97.767
34 36 0.618
34 37 90.045
34 38 52.497
34 39 79.320
34 40 57.367
34 41 79.288
34 42 5.035
34 43 31.410
34 44 46.729
34 45 53.421
34 46 7.556
34 47 29.906
34 48 87.475
34 49 85.913
34 50 97.210
34 51 52.910
34 52 64.767
34 53 90.797
34 54 67.644
34 55 58.573
34 56 25.020
34 57 7.070
34 58 4.698
34 59 91.335
34 60 19.147
34 61 98.490
34 62 63.184
34 63 53.645
34 64 68.656
34 65 85.572
34 66 56.532
34 67 2.998
34 68 68.267
34 69 88.399
34 70 71.859
34 71 59.957
34 72 5.984
34 73 73.811
34 74 41.811
34 75 41.894
34 76 76.953
34 77 68.590
34 78 1.536
34 79 69.243
34 80 91.003
34 81 21.459
34 82 34.236
34 83 26.383
34 84 25.404
34 85 71.023
34 86 61.962
34 87 97.586
34 88 54.168
34 89 4.238
34 90 69.667
34 91 40.009
34 92 93.134
34 93 70.530
34 94 60.007
34 95 0.328
34 96 36.102
34 97 50.407
34 98 23.982
34 99 29.347
34 100 21.449
34 101 64.211
34 102 78.210
34 103 99.828
34 104 60.954
34 105 46.593
34 106 63.508
34 107 86.765
34 108 82.944
34 109 5.373
34 110 21.398
34 111 26.458
34 112 90.432
34 113 29.623
34 114 65.269
34 115 31.007
34 116 11.570
34 117 11.153
34 118 41.143
34 119 98.226
35 36 24.518
35 37 95.980
35 38 29.343
35 39 23.456
35 40 71.756
35 41 87.976
35 42 72.827
35 43 89.423
35 44 39.883
35 45 85.540
35 46 30.571
35 47 83.005
35 48 70.123
35 49 43.978
35 50 45.069
35 51 63.679
35 52 82.029
35 53 21.219
35 54 81.902
35 55 87.399
35 56 38.298
35 57 82.538
35 58 46.291
35 59 71.815
35 60 52.149
35 61 11.179
35 62 6.620
35 63 73.950
35 64 40.339
35 65 96.063
35 66 58.187
35 67 39.895
35 68 54.748
35 69 45.223
35 70 41.738
35 71 77.516
35 72 83.292
35 73 4.163
35 74 90.853
35 75 97.856
35 76 97.023
35 77 42.035
35 78 19.816
35 79 68.631
35 80 34.400
35 81 5.354
35 82 79.354
35 83 24.108
35 84 56.017
35 85 28.887
35 86 1.461
35 87 79.676
35 88 73.467
35 89 36.443
35 90 26.485
35 91 6.503
35 92 54.579
35 93 60.473
35 94 55.791
35 95 31.992
35 96 33.905
35 97 58.709
35 98 1.494
35 99 45.056
35 100 12.129
35 101 8.494
35 102 11.118
35 103 1.805
35 104 10.975
35 105 15.057
35 106 29.539
35 107 46.808
35 108 61.245
35 109 78.643
35 110 23.110
35 111 87.880
35 112 40.731
35 113 27.248
35 114 31.638
35 115 88.229
35 116 46.102
35 117 36.634
35 118 32.716
35 119 68.766
36 37 78.196
36 38 27.379
36 39 99.871
36 40 45.547
36 41 43.761
36 42 49.904
36 43 11.104
36 44 62.552
36 45 28.276
36 46 42.726
36 47 17.619
36 48 18.386
36 49 74.335
36 50 76.643
36 51 13.878
36 52 26.996
36 53 7.928
36 54 78.111
36 55 59.590
36 56 97.121
36 57 91.040
36 58 58.776
36 59 91.856
36 60 62.947
36 61 43.102
36 62 64.920
36 63 31.397
36 64 49.327
36 65 66.157
36 66 0.555
36 67 30.648
36 68 8.917
36 69 28.972
36 70 70.922
36 71 33.466
36 72 25.713
36 73 13.906
36 74 39.391
36 75 16.323
36 76 39.730
36 77 6.963
36 78 90.026
36 79 59.028
36 80 10.942
36 81 16.266
36 82 40.567
36 83 49.426
36 84 7.106
36 85 37.107
36 86 56.111
36 87 60.963
36 88 69.715
36 89 42.733
36 90 72.478
36 91 54.594
36 92 85.095
36 93 69.223
36 94 50.081
36 95 47.272
36 96 63.519
36 97 80.061
36 98 44.028
36 99 58.060
36 100 8.235
36 101 41.456
36 102 94.278
36 103 89.920
36 104 38.423
36 105 12.969
36 106 10.847
36 107 30.294
36 108 15.338
36 109 59.672
36 110 53.393
36 111 56.846
36 112 9.318
36 113 21.861
36 114 81.933
36 115 16.058
36 116 36.778
36 117 36.242
36 118 86.019
36 119 1.873
37 38 90.991
37 39 88.550
37 40 83.399
37 41 99.128
37 42 88.194
37 43 91.720
37 44 15.989
37 45 72.313
37 46 51.416
37 47 26.017
37 48 60.938
37 49 73.961
37 50 58.475
37 51 47.933
37 52 17.630
37 53 19.014
37 54 87.662
37 55 73.211
37 56 27.652
37 57 21.565
37 58 4.938
37 59 65.997
37 60 34.083
37 61 18.616
37 62 49.808
37 63 20.915
37 64 88.896
37 65 11.840
37 66 93.572
37 67 7.781
37 68 72.828
37 69 42.795
37 70 63.248
37 71 59.681
37 72 0.770
37 73 79.658
37 74 47.255
37 75 24.328
37 76 47.549
37 77 34.244
37 78 24.783
37 79 65.867
37 80 43.896
37 81 46.943
37 82 89.820
37 83 99.748
37 84 60.489
37 85 74.168
37 86 72.892
37 87 66.771
37 88 19.127
37 89 88.016
37 90 98.873
37 91 4.110
37 92 44.422
37 93 51.052
37 94 57.562
37 95 50.896
37 96 96.828
37 97 60.482
37 98 5.244
37 99 33.828
37 100 8.402
37 101 65.470
37 102 60.086
37 103 14.351
37 104 76.369
37 105 48.905
37 106 1.965
37 107 43.077
37 108 56.406
37 109 30.707
37 110 38.199
37 111 59.408
37 112 37.463
37 113 93.558
37 114 50.672
37 115 94.750
37 116 73.037
37 117 53.945
37 118 96.958
37 119 86.225
38 39 90.004
38 40 1.495
38 41 98.309
38 42 84.453
38 43 95.402
38 44 7.790
38 45 10.751
38 46 43.759
38 47 54.038
38 48 62.225
38 49 42.036
38 50 16.085
38 51 15.330
38 52 26.908
38 53 46.823
38 54 30.883
38 55 26.500
38 56 15.245
38 57 5.223
38 58 32.493
38 59 81.049
38 60 89.523
38 61 65.714
38 62 63.710
38 63 16.374
38 64 41.700
38 65 12.433
38 66 29.730
38 67 92.481
38 68 68.553
38 69 99.001
38 70 50.159
38 71 54.902
38 72 77.436
38 73 76.262
38 74 8.427
38 75 9.281
38 76 62.148
38 77 29.723
38 78 37.768
38 79 12.493
38 80 69.711
38 81 33.957
38 82 40.795
38 83 15.770
38 84 38.392
38 85 25.900
38 86 25.766
38 87 78.963
38 88 24.833
38 89 96.675
38 90 56.779
38 91 11.902
38 92 53.941
38 93 2.515
38 94 57.430
38 95 88.760
38 96 18.983
38 97 99.292
38 98 77.869
38 99 24.393
38 100 31.349
38 101 12.365
38 102 33.733
38 103 97.795
38 104 69.498
38 105 63.639
38 106 52.088
38 107 57.175
38 108 4.871
38 109 91.165
38 110 14.305
38 111 43.541
38 112 88.869
38 113 13.072
38 114 68.684
38 115 25.299
38 116 69.481
38 117 7.293
38 118 96.722
38 119 45.027
39 40 68.736
39 41 1.248
39 42 56.014
39 43 41.427
39 44 92.895
39 45 91.580
39 46 90.132
39 47 24.371
39 48 66.119
39 49 43.010
39 50 91.171
39 51 49.063
39 52 75.346
39 53 47.512
39 54 24.245
39 55 56.489
39 56 89.187
39 57 60.272
39 58 74.836
39 59 21.665
39 60 66.894
39 61 67.263
39 62 59.691
39 63 78.639
39 64 4.790
39 65 80.785
39 66 49.899
39 67 71.758
39 68 77.015
39 69 3.926
39 70 90.769
39 71 16.403
39 72 15.057
39 73 52.685
39 74 67.341
39 75 39.218
39 76 36.256
39 77 75.343
39 78 56.600
39 79 7.795
39 80 75.297
39 81 62.705
39 82 27.911
39 83 52.848
39 84 94.713
39 85 99.928
39 86 1.704
39 87 32.094
39 88 50.488
39 89 70.951
39 90 53.104
39 91 84.385
39 92 67.090
39 93 89.865
39 94 52.004
39 95 75.066
39 96 32.606
39 97 0.124
39 98 63.951
39 99 39.101
39 100 59.118
39 101 52.076
39 102 97.293
39 103 87.215
39 104 66.070
39 105 42.082
39 106 71.157
39 107 52.103
39 108 35.089
39 109 72.353
39 110 96.156
39 111 16.688
39 112 53.563
39 113 69.636
39 114 5.075
39 115 84.512
39 116 11.280
39 117 83.035
39 118 44.387
39 119 23.492
40 41 39.494
40 42 66.461
40 43 39.053
40 44 38.628
40 45 85.026
40 46 39.634
40 47 72.890
40 48 6.656
40 49 93.370
40 50 13.026
40 51 84.660
40 52 36.243
40 53 34.203
40 54 56.786
40 55 66.109
40 56 0.976
40 57 40.344
40 58 91.424
40 59 62.310
40 60 29.235
40 61 46.901
40 62 78.930
40 63 16.977
40 64 24.989
40 65 11.197
40 66 96.991
40 67 75.799
40 68 36.581
40 69 66.045
40 70 86.100
40 71 59.413
40 72 86.817
40 73 9.033
40 74 69.617
40 75 44.262
40 76 26.935
40 77 58.717
40 78 60.215
40 79 44.383
40 80 79.512
40 81 14.936
40 82 82.625
40 83 70.089
40 84 90.909
40 85 44.976
40 86 62.275
40 87 50.531
40 88 22.556
40 89 79.875
40 90 52.115
40 91 46.284
40 92 72.197
40 93 45.903
40 94 95.833
40 95 45.408
40 96 31.148
40 97 75.096
40 98 54.670
40 99 31.810
40 100 51.690
40 101 35.671
40 102 57.146
40 103 38.308
40 104 19.923
40 105 98.299
40 106 66.300
40 107 48.420
40 108 3.702
40 109 7.379
40 110 97.392
40 111 90.722
40 112 72.734
40 113 57.836
40 114 60.533
40 115 77.493
40 116 68.477
40 117 87.439
40 118 47.349
40 119 75.436
41 42 35.160
41 43 82.211
41 44 28.519
41 45 60.394
41 46 10.095
41 47 58.257
41 48 79.913
41 49 0.284
41 50 11.346
41 51 27.146
41 52 9.069
41 53 30.874
41 54 53.925
41 55 73.998
41 56 10.862
41 57 37.568
41 58 71.856
41 59 77.481
41 60 41.490
41 61 33.016
41 62 22.769
41 63 79.184
41 64 63.249
41 65 25.164
41 66 4.141
41 67 66.159
41 68 79.127
41 69 3.254
41 70 15.831
41 71 64.893
41 72 45.808
41 73 30.333
41 74 62.296
41 75 57.587
41 76 26.491
41 77 19.977
41 78 99.655
41 79 22.331
41 80 20.775
41 81 92.242
41 82 97.718
41 83 67.609
41 84 87.868
41 85 49.230
41 86 5.178
41 87 78.543
41 88 61.516
41 89 84.230
41 90 77.330
41 91 17.388
41 92 40.302
41 93 40.033
41 94 50.026
41 95 24.013
41 96 25.331
41 97 61.806
41 98 20.991
41 99 43.431
41 100 68.837
41 101 47.829
41 102 30.206
41 103 66.944
41 104 91.860
41 105 87.426
41 106 14.751
41 107 11.047
41 108 26.916
41 109 89.583
41 110 50.325
41 111 73.958
41 112 42.443
41 113 48.039
41 114 81.577
41 115 3.495
41 116 9.815
41 117 59.033
41 118 86.489
41 119 82.001
42 43 80.857
42 44 6.433
42 45 16.197
42 46 84.084
42 47 54.021
42 48 55.635
42 49 1.002
42 50 91.210
42 51 20.801
42 52 52.395
42 53 15.705
42 54 53.492
42 55 0.426
42 56 5.686
42 57 53.034
42 58 73.506
42 59 90.529
42 60 44.684
42 61 62.562
42 62 49.579
42 63 84.240
42 64 79.165
42 65 74.369
42 66 56.682
42 67 30.012
42 68 59.867
42 69 41.635
42 70 61.946
42 71 39.512
42 72 30.799
42 73 4.396
42 74 68.755
42 75 81.035
42 76 88.992
42 77 97.923
42 78 58.512
42 79 31.140
42 80 18.863
42 81 3.470
42 82 52.338
42 83 95.604
42 84 48.147
42 85 66.593
42 86 46.378
42 87 52.277
42 88 80.245
42 89 88.798
42 90 83.806
42 91 13.065
42 92 93.905
42 93 31.987
42 94 14.240
42 95 50.008
42 96 65.274
42 97 61.967
42 98 57.021
42 99 81.314
42 100 59.672
42 101 97.226
42 102 28.609
42 103 67.196
42 104 60.842
42 105 22.283
42 106 16.376
42 107 22.504
42 108 53.955
42 109 71.053
42 110 81.124
42 111 13.390
42 112 55.325
42 113 85.040
42 114 48.927
42 115 68.625
42 116 86.566
42 117 3.570
42 118 9.198
42 119 2.682
43 44 23.826
43 45 48.870
43 46 70.384
43 47 17.356
43 48 13.784
43 49 27.483
43 50 37.286
43 51 21.398
43 52 37.247
43 53 81.309
43 54 64.711
43 55 83.578
43 56 18.469
43 57 86.530
43 58 11.024
43 59 13.531
43 60 23.719
43 61 16.728
43 62 62.127
43 63 46.937
43 64 66.177
43 65 57.695
43 66 21.513
43 67 96.780
43 68 35.886
43 69 85.760
43 70 65.237
43 71 20.848
43 72 3.258
43 73 98.884
43 74 42.011
43 75 47.121
43 76 2.583
43 77 20.368
43 78 58.102
43 79 93.335
43 80 87.976
43 81 78.672
43 82 24.301
43 83 14.758
43 84 68.401
43 85 3.697
43 86 57.969
43 87 15.086
43 88 70.658
43 89 69.793
43 90 26.992
43 91 59.386
43 92 49.668
43 93 58.848
43 94 94.468
43 95 35.132
43 96 63.885
43 97 12.983
43 98 73.037
43 99 17.629
43 100 60.360
43 101 95.709
43 102 26.004
43 103 9.521
43 104 68.746
43 105 82.837
43 106 58.710
43 107 40.550
43 108 86.449
43 109 59.997
43 110 28.145
43 111 33.394
43 112 48.168
43 113 12.319
43 114 61.326
43 115 64.136
43 116 12.220
43 117 53.641
43 118 13.741
43 119 71.838
44 45 63.340
44 46 57.554
44 47 17.964
44 48 0.628
44 49 27.053
44 50 20.650
44 51 69.560
44 52 89.925
44 53 14.240
44 54 9.552
44 55 72.453
44 56 63.602
44 57 66.202
44 58 17.600
44 59 19.197
44 60 7.310
44 61 50.288
44 62 84.508
44 63 12.896
44 64 64.690
44 65 64.078
44 66 12.901
44 67 47.026
44 68 27.790
44 69 42.141
44 70 49.301
44 71 46.989
44 72 44.824
44 73 23.553
44 74 83.956
44 75 42.957
44 76 19.208
44 77 30.636
44 78 63.862
44 79 87.413
44 80 27.898
44 81 29.802
44 82 6.375
44 83 52.768
44 84 44.100
44 85 93.908
44 86 47.017
44 87 44.540
44 88 9.745
44 89 62.200
44 90 54.375
44 91 43.772
44 92 66.464
44 93 98.695
44 94 97.474
44 95 48.757
44 96 20.303
44 97 82.784
44 98 56.509
44 99 20.588
44 100 85.061
44 101 26.837
44 102 26.583
44 103 49.631
44 104 21.882
44 105 4.799
44 106 75.859
44 107 50.788
44 108 68.609
44 109 92.999
44 110 84.503
44 111 64.214
44 112 31.405
44 113 69.851
44 114 8.851
44 115 85.167
44 116 93.296
44 117 94.627
44 118 86.434
44 119 71.734
45 46 79.522
45 47 87.165
45 48 21.803
45 49 82.425
45 50 7.972
45 51 60.146
45 52 70.536
45 53 76.953
45 54 44.486
45 55 13.484
45 56 69.380
45 57 73.011
45 58 77.428
45 59 86.428
45 60 44.187
45 61 89.438
45 62 23.684
45 63 77.104
45 64 64.070
45 65 21.895
45 66 79.147
45 67 81.536
45 68 0.222
45 69 91.026
45 70 30.705
45 71 74.584
45 72 90.835
45 73 75.041
45 74 53.923
45 75 53.768
45 76 9.785
45 77 88.753
45 78 30.848
45 79 93.624
45 80 86.077
45 81 99.349
45 82 35.725
45 83 13.001
45 84 23.437
45 85 75.488
45 86 52.953
45 87 40.639
45 88 25.058
45 89 50.814
45 90 11.212
45 91 75.378
45 92 37.167
45 93 45.566
45 94 40.446
45 95 76.547
45 96 86.905
45 97 30.686
45 98 84.287
45 99 87.320
45 100 4.944
45 101 37.670
45 102 29.488
45 103 89.274
45 104 91.362
45 105 14.394
45 106 46.067
45 107 9.906
45 108 4.441
45 109 2.227
45 110 67.124
45 111 56.507
45 112 26.412
45 113 62.983
45 114 75.675
45 115 29.625
45 116 87.589
45 117 15.591
45 118 7.319
45 119 77.197
46 47 10.909
46 48 51.858
46 49 22.244
46 50 86.516
46 51 72.583
46 52 88.277
46 53 47.764
46 54 75.337
46 55 61.377
46 56 76.572
46 57 43.510
46 58 35.707
46 59 58.997
46 60 39.505
46 61 95.365
46 62 4.528
46 63 57.098
46 64 20.446
46 65 1.400
46 66 83.386
46 67 72.641
46 68 35.326
46 69 73.275
46 70 6.846
46 71 22.643
46 72 93.767
46 73 39.996
46 74 63.197
46 75 71.794
46 76 12.596
46 77 7.384
46 78 4.530
46 79 71.979
46 80 79.351
46 81 96.268
46 82 44.093
46 83 71.468
46 84 36.059
46 85 55.148
46 86 27.998
46 87 83.293
46 88 44.216
46 89 18.972
46 90 85.654
46 91 67.336
46 92 60.808
46 93 64.651
46 94 8.721
46 95 98.679
46 96 2.146
46 97 96.096
46 98 81.888
46 99 65.960
46 100 97.391
46 101 76.781
46 102 90.461
46 103 67.824
46 104 36.902
46 105 16.244
46 106 59.530
46 107 52.965
46 108 1.821
46 109 8.423
46 110 37.381
46 111 79.837
46 112 20.854
46 113 14.360
46 114 21.859
46 115 55.809
46 116 37.761
46 117 79.559
46 118 42.567
46 119 52.352
47 48 88.788
47 49 77.169
47 50 54.036
47 51 82.766
47 52 83.157
47 53 72.150
47 54 65.447
47 55 72.065
47 56 51.666
47 57 8.734
47 58 30.994
47 59 44.784
47 60 78.563
47 61 33.714
47 62 51.650
47 63 5.822
47 64 60.095
47 65 81.517
47 66 93.888
47 67 91.853
47 68 39.445
47 69 63.468
47 70 13.801
47 71 26.419
47 72 52.282
47 73 23.333
47 74 86.121
47 75 20.512
47 76 79.721
47 77 43.940
47 78 76.780
47 79 22.241
47 80 46.223
47 81 15.591
47 82 64.958
47 83 34.161
47 84 18.804
47 85 5.942
47 86 15.951
47 87 84.886
47 88 60.912
47 89 3.213
47 90 29.754
47 91 62.785
47 92 69.407
47 93 39.777
47 94 41.886
47 95 93.919
47 96 76.318
47 97 41.615
47 98 32.800
47 99 73.763
47 100 28.389
47 101 90.592
47 102 10.094
47 103 42.884
47 104 66.907
47 105 31.148
47 106 63.814
47 107 30.379
47 108 17.893
47 109 0.758
47 110 59.268
47 111 75.733
47 112 68.471
47 113 14.387
47 114 24.077
47 115 79.691
47 116 49.058
47 117 87.167
47 118 6.578
47 119 27.788
48 49 63.028
48 50 36.660
48 51 31.253
48 52 76.389
48 53 5.549
48 54 66.331
48 55 53.505
48 56 90.404
48 57 91.562
48 58 95.200
48 59 20.878
48 60 74.284
48 61 69.194
48 62 65.197
48 63 80.753
48 64 43.456
48 65 29.366
48 66 27.326
48 67 35.564
48 68 42.079
48 69 34.977
48 70 80.533
48 71 35.745
48 72 24.788
48 73 83.750
48 74 13.024
48 75 17.916
48 76 85.043
48 77 87.660
48 78 74.808
48 79 41.210
48 80 30.784
48 81 98.893
48 82 92.341
48 83 48.178
48 84 79.250
48 85 37.296
48 86 21.439
48 87 78.396
48 88 67.180
48 89 77.589
48 90 22.958
48 91 92.633
48 92 50.007
48 93 35.899
48 94 37.297
48 95 23.409
48 96 94.270
48 97 54.661
48 98 28.356
48 99 53.759
48 100 51.121
48 101 22.549
48 102 65.374
48 103 40.199
48 104 35.644
48 105 81.804
48 106 11.946
48 107 38.178
48 108 26.642
48 109 69.169
48 110 95.482
48 111 58.708
48 112 44.597
48 113 8.633
48 114 37.571
48 115 83.384
48 116 61.725
48 117 24.272
48 118 35.893
48 119 91.696
49 50 47.350
49 51 69.687
49 52 1.756
49 53 9.292
49 54 54.248
49 55 76.922
49 56 73.805
49 57 68.766
49 58 7.226
49 59 12.165
49 60 48.105
49 61 85.613
49 62 63.827
49 63 88.186
49 64 87.519
49 65 91.088
49 66 78.923
49 67 24.154
49 68 99.232
49 69 31.067
49 70 19.877
49 71 62.330
49 72 98.218
49 73 35.355
49 74 47.013
49 75 48.120
49 76 6.622
49 77 85.457
49 78 95.346
49 79 55.043
49 80 74.256
49 81 60.480
49 82 67.823
49 83 89.424
49 84 43.803
49 85 20.613
49 86 77.773
49 87 40.938
49 88 25.817
49 89 95.545
49 90 58.832
49 91 54.627
49 92 93.230
49 93 81.228
49 94 94.305
49 95 87.602
49 96 52.863
49 97 12.525
49 98 4.722
49 99 79.353
49 100 2.263
49 101 71.600
49 102 72.321
49 103 8.466
49 104 34.250
49 105 12.296
49 106 74.224
49 107 30.479
49 108 8.639
49 109 29.286
49 110 42.289
49 111 91.750
49 112 70.893
49 113 77.450
49 114 66.910
49 115 92.401
49 116 60.814
49 117 51.703
49 118 14.517
49 119 27.755
50 51 20.895
50 52 70.426
50 53 34.052
50 54 72.172
50 55 83.588
50 56 66.671
50 57 86.420
50 58 81.768
50 59 89.500
50 60 80.476
50 61 42.712
50 62 83.240
50 63 64.377
50 64 62.928
50 65 61.953
50 66 84.845
50 67 61.793
50 68 47.981
50 69 77.179
50 70 92.587
50 71 60.542
50 72 21.628
50 73 89.851
50 74 39.731
50 75 91.008
50 76 19.630
50 77 96.919
50 78 41.007
50 79 53.165
50 80 14.834
50 81 52.312
50 82 64.198
50 83 80.356
50 84 12.987
50 85 95.156
50 86 71.308
50 87 97.644
50 88 62.028
50 89 60.769
50 90 19.050
50 91 21.252
50 92 93.946
50 93 27.239
50 94 24.191
50 95 46.527
50 96 60.647
50 97 40.385
50 98 93.066
50 99 75.836
50 100 95.603
50 101 2.930
50 102 86.583
50 103 44.944
50 104 31.669
50 105 9.921
50 106 42.157
50 107 16.678
50 108 32.056
50 109 61.756
50 110 2.171
50 111 24.054
50 112 46.258
50 113 88.603
50 114 4.986
50 115 61.558
50 116 85.649
50 117 75.564
50 118 78.929
50 119 42.884
51 52 24.480
51 53 86.650
51 54 42.329
51 55 66.210
51 56 71.173
51 57 47.417
51 58 53.379
51 59 53.949
51 60 22.119
51 61 61.080
51 62 72.435
51 63 62.924
51 64 5.543
51 65 0.978
51 66 96.369
51 67 93.056
51 68 46.600
51 69 43.452
51 70 99.655
51 71 57.888
51 72 36.466
51 73 79.520
51 74 70.120
51 75 18.666
51 76 68.025
51 77 71.177
51 78 58.608
51 79 25.178
51 80 8.614
51 81 98.698
51 82 71.319
51 83 51.221
51 84 16.364
51 85 79.041
51 86 21.138
51 87 60.265
51 88 70.820
51 89 22.230
51 90 20.021
51 91 87.814
51 92 80.787
51 93 32.577
51 94 38.346
51 95 80.942
51 96 52.811
51 97 54.626
51 98 79.112
51 99 92.598
51 100 52.172
51 101 9.936
51 102 14.944
51 103 88.569
51 104 64.994
51 105 70.103
51 106 14.127
51 107 88.326
51 108 74.799
51 109 63.881
51 110 38.205
51 111 27.507
51 112 99.807
51 113 21.826
51 114 28.158
51 115 99.411
51 116 98.244
51 117 20.564
51 118 8.786
51 119 5.643
52 53 38.163
52 54 0.627
52 55 31.636
52 56 21.894
52 57 45.491
52 58 96.713
52 59 45.659
52 60 63.903
52 61 89.485
52 62 37.321
52 63 31.752
52 64 20.712
52 65 38.275
52 66 41.874
52 67 62.455
52 68 7.630
52 69 18.858
52 70 67.784
52 71 51.272
52 72 79.666
52 73 45.675
52 74 37.347
52 75 37.450
52 76 37.725
52 77 39.820
52 78 4.912
52 79 11.520
52 80 54.459
52 81 46.972
52 82 8.467
52 83 24.486
52 84 44.443
52 85 76.288
52 86 86.619
52 87 39.300
52 88 4.217
52 89 24.783
52 90 31.846
52 91 77.077
52 92 51.730
52 93 22.154
52 94 94.004
52 95 82.503
52 96 1.868
52 97 29.492
52 98 44.248
52 99 82.968
52 100 24.992
52 101 52.057
52 102 58.831
52 103 44.187
52 104 48.778
52 105 80.993
52 106 84.715
52 107 31.423
52 108 80.195
52 109 61.851
52 110 4.461
52 111 69.884
52 112 44.029
52 113 98.758
52 114 26.588
52 115 60.490
52 116 57.172
52 117 42.276
52 118 89.379
52 119 47.896
53 54 83.733
53 55 76.247
53 56 81.076
53 57 56.527
53 58 45.044
53 59 14.359
53 60 47.459
53 61 7.357
53 62 90.779
53 63 40.676
53 64 78.999
53 65 3.236
53 66 72.629
53 67 80.056
53 68 44.098
53 69 23.820
53 70 0.382
53 71 64.158
53 72 62.352
53 73 2.492
53 74 1.742
53 75 66.646
53 76 92.370
53 77 67.133
53 78 51.856
53 79 17.236
53 80 42.334
53 81 14.211
53 82 86.277
53 83 68.400
53 84 98.338
53 85 51.369
53 86 61.970
53 87 80.812
53 88 5.471
53 89 87.539
53 90 84.949
53 91 14.037
53 92 29.656
53 93 71.589
53 94 80.305
53 95 57.508
53 96 74.493
53 97 80.616
53 98 40.597
53 99 13.481
53 100 26.617
53 101 37.181
53 102 51.980
53 103 48.453
53 104 55.581
53 105 91.194
53 106 63.943
53 107 62.439
53 108 99.775
53 109 36.560
53 110 38.156
53 111 86.527
53 112 28.650
53 113 45.356
53 114 84.683
53 115 8.313
53 116 83.285
53 117 92.985
53 118 69.694
53 119 42.069
54 55 62.287
54 56 16.624
54 57 57.813
54 58 5.957
54 59 38.106
54 60 96.262
54 61 34.368
54 62 42.069
54 63 59.997
54 64 72.697
54 65 38.072
54 66 16.810
54 67 24.205
54 68 20.099
54 69 23.018
54 70 68.858
54 71 69.397
54 72 72.109
54 73 60.407
54 74 29.897
54 75 85.895
54 76 59.871
54 77 85.036
54 78 29.313
54 79 10.995
54 80 58.054
54 81 89.326
54 82 8.239
54 83 19.459
54 84 50.575
54 85 68.572
54 86 10.591
54 87 8.191
54 88 21.653
54 89 25.058
54 90 89.166
54 91 17.203
54 92 49.727
54 93 45.862
54 94 63.404
54 95 25.153
54 96 31.928
54 97 79.387
54 98 92.063
54 99 7.054
54 100 94.976
54 101 49.048
54 102 78.865
54 103 44.196
54 104 54.743
54 105 59.065
54 106 12.058
54 107 31.884
54 108 71.191
54 109 66.902
54 110 49.896
54 111 39.311
54 112 7.983
54 113 19.692
54 114 3.170
54 115 37.656
54 116 46.799
54 117 77.831
54 118 33.244
54 119 27.485
55 56 25.238
55 57 77.945
55 58 79.430
55 59 64.571
55 60 64.132
55 61 19.561
55 62 53.090
55 63 4.447
55 64 25.252
55 65 95.061
55 66 87.497
55 67 60.332
55 68 93.540
55 69 20.886
55 70 12.294
55 71 96.490
55 72 9.406
55 73 69.451
55 74 29.274
55 75 59.677
55 76 86.064
55 77 45.872
55 78 2.266
55 79 84.997
55 80 34.502
55 81 1.346
55 82 38.048
55 83 99.316
55 84 84.394
55 85 25.915
55 86 27.506
55 87 85.326
55 88 33.105
55 89 17.355
55 90 36.672
55 91 62.416
55 92 76.919
55 93 80.029
55 94 85.799
55 95 86.686
55 96 78.726
55 97 67.842
55 98 31.293
55 99 71.779
55 100 4.601
55 101 48.772
55 102 70.111
55 103 84.638
55 104 18.091
55 105 34.991
55 106 19.151
55 107 75.837
55 108 55.461
55 109 92.187
55 110 83.171
55 111 62.883
55 112 17.779
55 113 14.473
55 114 13.966
55 115 96.628
55 116 6.430
55 117 27.151
55 118 80.785
55 119 5.953
56 57 97.482
56 58 58.577
56 59 17.418
56 60 33.873
56 61 97.338
56 62 4.532
56 63 84.870
56 64 49.465
56 65 47.158
56 66 93.735
56 67 90.249
56 68 44.308
56 69 46.802
56 70 51.533
56 71 32.244
56 72 99.562
56 73 50.351
56 74 50.286
56 75 1.493
56 76 40.405
56 77 44.781
56 78 29.615
56 79 50.180
56 80 78.200
56 81 60.919
56 82 67.410
56 83 59.351
56 84 77.627
56 85 81.561
56 86 83.404
56 87 74.732
56 88 75.905
56 89 5.468
56 90 61.095
56 91 52.233
56 92 24.348
56 93 97.939
56 94 80.948
56 95 52.867
56 96 18.646
56 97 8.733
56 98 68.043
56 99 53.473
56 100 33.597
56 101 66.374
56 102 70.738
56 103 94.398
56 104 80.475
56 105 64.179
56 106 3.396
56 107 68.241
56 108 60.744
56 109 37.856
56 110 5.870
56 111 64.749
56 112 98.558
56 113 97.092
56 114 95.184
56 115 26.164
56 116 96.287
56 117 14.284
56 118 10.741
56 119 34.562
57 58 72.245
57 59 92.422
57 60 83.370
57 61 48.169
57 62 7.874
57 63 31.087
57 64 90.675
57 65 27.157
57 66 52.825
57 67 84.641
57 68 96.398
57 69 41.072
57 70 10.693
57 71 59.891
57 72 9.865
57 73 29.873
57 74 55.599
57 75 31.889
57 76 43.128
57 77 98.415
57 78 10.389
57 79 65.957
57 80 88.014
57 81 60.291
57 82 50.910
57 83 21.664
57 84 83.042
57 85 11.083
57 86 87.625
57 87 80.188
57 88 91.087
57 89 3.363
57 90 15.786
57 91 80.331
57 92 62.624
57 93 16.202
57 94 18.451
57 95 70.458
57 96 16.545
57 97 60.464
57 98 52.810
57 99 83.705
57 100 30.799
57 101 37.846
57 102 49.606
57 103 22.023
57 104 98.454
57 105 76.379
57 106 7.889
57 107 90.992
57 108 71.320
57 109 98.056
57 110 72.895
57 111 61.792
57 112 82.872
57 113 35.238
57 114 43.533
57 115 49.327
57 116 14.991
57 117 1.699
57 118 67.792
57 119 86.213
58 59 48.890
58 60 41.421
58 61 49.308
58 62 41.199
58 63 19.630
58 64 23.672
58 65 6.400
58 66 77.547
58 67 75.729
58 68 26.446
58 69 96.089
58 70 72.015
58 71 30.645
58 72 51.976
58 73 39.905
58 74 18.291
58 75 81.274
58 76 47.855
58 77 65.758
58 78 20.077
58 79 60.124
58 80 65.168
58 81 10.684
58 82 38.517
58 83 82.442
58 84 71.111
58 85 12.996
58 86 96.223
58 87 47.332
58 88 47.709
58 89 59.178
58 90 55.898
58 91 52.777
58 92 50.531
58 93 40.786
58 94 85.419
58 95 88.494
58 96 71.730
58 97 19.706
58 98 93.169
58 99 77.652
58 100 50.253
58 101 96.304
58 102 67.551
58 103 48.770
58 104 98.720
58 105 24.322
58 106 82.816
58 107 32.476
58 108 71.281
58 109 18.799
58 110 39.687
58 111 94.295
58 112 79.656
58 113 58.892
58 114 93.736
58 115 34.303
58 116 75.585
58 117 96.133
58 118 87.077
58 119 7.193
59 60 57.102
59 61 40.503
59 62 39.639
59 63 42.217
59 64 23.314
59 65 11.610
59 66 75.156
59 67 71.441
59 68 97.775
59 69 10.368
59 70 53.966
59 71 6.900
59 72 64.100
59 73 87.727
59 74 59.815
59 75 42.482
59 76 9.098
59 77 61.342
59 78 41.082
59 79 94.760
59 80 48.498
59 81 58.503
59 82 38.201
59 83 38.474
59 84 18.272
59 85 44.217
59 86 38.503
59 87 37.026
59 88 50.554
59 89 27.020
59 90 87.325
59 91 16.068
59 92 17.356
59 93 21.919
59 94 49.941
59 95 79.179
59 96 17.536
59 97 89.807
59 98 62.723
59 99 18.598
59 100 2.895
59 101 65.746
59 102 33.910
59 103 31.131
59 104 87.830
59 105 34.726
59 106 54.459
59 107 9.593
59 108 63.591
59 109 12.805
59 110 57.681
59 111 43.531
59 112 43.025
59 113 43.988
59 114 22.713
59 115 29.473
59 116 94.554
59 117 28.769
59 118 51.333
59 119 60.584
60 61 85.200
60 62 58.939
60 63 60.244
60 64 38.347
60 65 41.625
60 66 45.104
60 67 21.674
60 68 24.793
60 69 55.420
60 70 88.264
60 71 53.963
60 72 32.783
60 73 4.312
60 74 64.909
60 75 10.805
60 76 33.988
60 77 34.478
60 78 66.246
60 79 42.914
60 80 49.458
60 81 50.827
60 82 56.505
60 83 9.073
60 84 76.060
60 85 91.872
60 86 92.719
60 87 94.909
60 88 93.561
60 89 23.766
60 90 78.913
60 91 57.196
60 92 91.765
60 93 74.057
60 94 11.360
60 95 49.077
60 96 54.857
60 97 39.933
60 98 8.363
60 99 97.325
60 100 41.011
60 101 47.969
60 102 7.953
60 103 96.623
60 104 99.287
60 105 12.820
60 106 59.982
60 107 57.794
60 108 73.004
60 109 40.845
60 110 35.272
60 111 97.022
60 112 49.007
60 113 51.272
60 114 23.784
60 115 81.335
60 116 25.644
60 117 42.359
60 118 96.229
60 119 51.944
61 62 88.748
61 63 12.844
61 64 59.120
61 65 31.531
61 66 4.576
61 67 60.081
61 68 41.909
61 69 84.168
61 70 61.393
61 71 15.365
61 72 16.726
61 73 37.253
61 74 17.267
61 75 44.274
61 76 66.151
61 77 93.740
61 78 40.661
61 79 35.230
61 80 82.495
61 81 59.858
61 82 62.514
61 83 23.056
61 84 3.312
61 85 88.657
61 86 93.783
61 87 45.928
61 88 62.130
61 89 92.920
61 90 0.767
61 91 13.931
61 92 60.845
61 93 12.327
61 94 72.070
61 95 75.332
61 96 50.816
61 97 29.243
61 98 55.659
61 99 2.711
61 100 43.338
61 101 15.083
61 102 92.254
61 103 85.258
61 104 57.042
61 105 54.940
61 106 22.136
61 107 5.837
61 108 49.664
61 109 42.013
61 110 96.500
61 111 1.806
61 112 74.728
61 113 55.327
61 114 81.570
61 115 57.132
61 116 49.862
61 117 34.363
61 118 3.977
61 119 50.015
62 63 22.778
62 64 42.406
62 65 49.261
62 66 84.976
62 67 73.407
62 68 66.794
62 69 91.878
62 70 71.327
62 71 96.223
62 72 38.708
62 73 4.700
62 74 70.939
62 75 65.505
62 76 67.747
62 77 68.779
62 78 27.391
62 79 98.079
62 80 77.251
62 81 79.993
62 82 5.887
62 83 93.049
62 84 95.185
62 85 28.228
62 86 18.712
62 87 46.062
62 88 2.377
62 89 6.842
62 90 84.556
62 91 6.879
62 92 64.976
62 93 95.459
62 94 71.670
62 95 73.305
62 96 81.254
62 97 47.463
62 98 4.639
62 99 91.994
62 100 54.191
62 101 5.118
62 102 72.419
62 103 67.216
62 104 60.781
62 105 59.835
62 106 61.378
62 107 62.340
62 108 26.569
62 109 72.881
62 110 51.180
62 111 15.622
62 112 29.680
62 113 72.678
62 114 53.690
62 115 81.837
62 116 52.424
62 117 48.885
62 118 45.450
62 119 54.325
63 64 70.539
63 65 70.538
63 66 42.833
63 67 18.261
63 68 20.259
63 69 65.820
63 70 95.635
63 71 35.227
63 72 11.560
63 73 14.377
63 74 29.641
63 75 61.645
63 76 62.351
63 77 19.618
63 78 51.633
63 79 59.164
63 80 12.793
63 81 48.067
63 82 41.324
63 83 63.821
63 84 41.569
63 85 45.585
63 86 93.867
63 87 42.570
63 88 46.613
63 89 66.152
63 90 43.875
63 91 80.754
63 92 71.696
63 93 77.910
63 94 97.303
63 95 12.138
63 96 57.200
63 97 43.305
63 98 21.068
63 99 24.309
63 100 68.524
63 101 5.401
63 102 91.949
63 103 46.601
63 104 8.808
63 105 50.836
63 106 86.094
63 107 55.081
63 108 53.971
63 109 61.375
63 110 98.369
63 111 9.778
63 112 57.563
63 113 10.669
63 114 16.826
63 115 72.945
63 116 60.510
63 117 10.559
63 118 41.710
63 119 44.032
64 65 6.572
64 66 62.157
64 67 30.742
64 68 86.949
64 69 8.152
64 70 20.928
64 71 72.775
64 72 18.266
64 73 29.107
64 74 42.146
64 75 40.520
64 76 71.210
64 77 51.267
64 78 33.332
64 79 49.639
64 80 49.615
64 81 69.626
64 82 3.658
64 83 56.318
64 84 38.431
64 85 17.496
64 86 66.837
64 87 58.346
64 88 42.963
64 89 57.394
64 90 23.599
64 91 25.748
64 92 87.702
64 93 86.028
64 94 22.652
64 95 76.179
64 96 17.429
64 97 92.477
64 98 74.879
64 99 27.583
64 100 8.209
64 101 77.499
64 102 74.534
64 103 6.034
64 104 13.963
64 105 88.873
64 106 63.329
64 107 60.178
64 108 45.500
64 109 52.794
64 110 58.564
64 111 35.412
64 112 3.193
64 113 84.538
64 114 54.810
64 115 90.656
64 116 61.948
64 117 42.993
64 118 0.192
64 119 98.542
65 66 37.660
65 67 53.082
65 68 42.910
65 69 55.844
65 70 48.047
65 71 57.755
65 72 41.428
65 73 45.141
65 74 17.587
65 75 76.897
65 76 32.606
65 77 30.998
65 78 66.187
65 79 44.384
65 80 56.076
65 81 44.352
65 82 64.323
65 83 66.479
65 84 40.292
65 85 7.322
65 86 33.546
65 87 94.849
65 88 65.907
65 89 77.347
65 90 20.590
65 91 35.720
65 92 35.567
65 93 44.293
65 94 75.740
65 95 23.032
65 96 95.649
65 97 97.133
65 98 21.698
65 99 67.920
65 100 75.158
65 101 87.812
65 102 7.874
65 103 59.456
65 104 29.702
65 105 59.057
65 106 6.838
65 107 32.301
65 108 4.387
65 109 70.210
65 110 24.624
65 111 35.770
65 112 58.448
65 113 50.547
65 114 64.621
65 115 35.778
65 116 26.560
65 117 33.092
65 118 6.011
65 119 56.246
66 67 27.065
66 68 73.585
66 69 31.989
66 70 19.750
66 71 65.669
66 72 39.069
66 73 70.487
66 74 78.565
66 75 24.726
66 76 58.440
66 77 90.641
66 78 36.698
66 79 72.812
66 80 63.374
66 81 31.985
66 82 51.151
66 83 77.073
66 84 12.173
66 85 30.115
66 86 66.319
66 87 51.698
66 88 81.382
66 89 42.569
66 90 79.317
66 91 29.863
66 92 30.426
66 93 71.669
66 94 55.999
66 95 3.651
66 96 93.051
66 97 27.330
66 98 17.494
66 99 36.669
66 100 26.020
66 101 72.099
66 102 95.369
66 103 17.488
66 104 50.299
66 105 43.163
66 106 9.805
66 107 88.534
66 108 52.865
66 109 51.633
66 110 59.710
66 111 54.666
66 112 78.330
66 113 18.066
66 114 26.247
66 115 48.464
66 116 28.706
66 117 15.052
66 118 81.986
66 119 5.093
67 68 6.933
67 69 52.605
67 70 66.761
67 71 78.650
67 72 85.223
67 73 60.158
67 74 38.253
67 75 13.988
67 76 52.757
67 77 90.185
67 78 30.432
67 79 73.313
67 80 98.994
67 81 92.751
67 82 56.226
67 83 5.181
67 84 18.587
67 85 87.765
67 86 72.103
67 87 35.062
67 88 81.834
67 89 92.249
67 90 81.759
67 91 51.250
67 92 0.634
67 93 43.660
67 94 93.667
67 95 57.651
67 96 34.041
67 97 97.081
67 98 63.007
67 99 65.874
67 100 19.857
67 101 64.069
67 102 42.291
67 103 3.031
67 104 89.043
67 105 4.006
67 106 37.034
67 107 18.808
67 108 18.324
67 109 74.971
67 110 12.850
67 111 85.592
67 112 2.983
67 113 0.501
67 114 28.639
67 115 98.855
67 116 86.642
67 117 11.028
67 118 76.832
67 119 1.464
68 69 67.742
68 70 74.340
68 71 96.156
68 72 75.235
68 73 13.453
68 74 38.138
68 75 84.979
68 76 65.802
68 77 50.921
68 78 69.527
68 79 84.001
68 80 32.742
68 81 73.034
68 82 91.278
68 83 15.928
68 84 45.912
68 85 91.302
68 86 82.711
68 87 66.723
68 88 81.072
68 89 91.993
68 90 34.276
68 91 68.123
68 92 3.131
68 93 3.294
68 94 19.222
68 95 94.346
68 96 63.724
68 97 61.098
68 98 73.152
68 99 17.258
68 100 81.341
68 101 68.888
68 102 52.882
68 103 73.730
68 104 16.851
68 105 83.241
68 106 79.670
68 107 86.523
68 108 5.012
68 109 20.639
68 110 58.711
68 111 45.761
68 112 53.465
68 113 73.552
68 114 6.747
68 115 1.906
68 116 74.662
68 117 44.170
68 118 12.689
68 119 43.096
69 70 73.378
69 71 52.692
69 72 2.350
69 73 29.840
69 74 72.627
69 75 53.751
69 76 77.704
69 77 38.258
69 78 24.272
69 79 99.326
69 80 53.524
69 81 19.427
69 82 17.030
69 83 19.422
69 84 19.823
69 85 16.828
69 86 64.289
69 87 52.797
69 88 17.201
69 89 96.541
69 90 26.838
69 91 49.224
69 92 24.042
69 93 35.508
69 94 1.532
69 95 82.021
69 96 19.415
69 97 82.051
69 98 85.904
69 99 55.012
69 100 3.632
69 101 49.822
69 102 10.865
69 103 61.612
69 104 29.576
69 105 31.430
69 106 18.880
69 107 55.390
69 108 22.251
69 109 21.216
69 110 53.410
69 111 21.253
69 112 41.442
69 113 18.036
69 114 16.884
69 115 94.283
69 116 72.933
69 117 38.317
69 118 49.117
69 119 59.339
70 71 17.424
70 72 7.309
70 73 75.830
70 74 78.642
70 75 83.118
70 76 12.139
70 77 77.817
70 78 36.889
70 79 77.866
70 80 94.155
70 81 35.297
70 82 63.826
70 83 39.848
70 84 29.972
70 85 9.132
70 86 92.762
70 87 41.946
70 88 0.793
70 89 30.829
70 90 40.152
70 91 54.280
70 92 77.741
70 93 86.640
70 94 46.177
70 95 51.834
70 96 57.321
70 97 97.563
70 98 99.142
70 99 9.648
70 100 65.596
70 101 16.689
70 102 77.565
70 103 36.749
70 104 12.259
70 105 88.075
70 106 82.979
70 107 61.825
70 108 16.489
70 109 37.239
70 110 3.759
70 111 98.555
70 112 45.361
70 113 92.321
70 114 45.691
70 115 86.614
70 116 2.518
70 117 67.139
70 118 88.546
70 119 25.533
71 72 79.931
71 73 72.586
71 74 79.568
71 75 92.917
71 76 38.792
71 77 61.211
71 78 54.585
71 79 65.983
71 80 16.926
71 81 51.316
71 82 85.342
71 83 45.919
71 84 69.591
71 85 21.551
71 86 87.722
71 87 18.278
71 88 38.115
71 89 14.723
71 90 89.637
71 91 69.429
71 92 6.578
71 93 40.419
71 94 49.706
71 95 19.024
71 96 50.540
71 97 20.063
71 98 38.202
71 99 21.519
71 100 3.842
71 101 75.124
71 102 40.322
71 103 35.961
71 104 69.570
71 105 19.476
71 106 18.457
71 107 62.596
71 108 79.516
71 109 80.283
71 110 74.968
71 111 97.250
71 112 62.792
71 113 38.265
71 114 89.843
71 115 60.061
71 116 18.762
71 117 47.859
71 118 68.673
71 119 13.778
72 73 2.018
72 74 70.527
72 75 25.523
72 76 98.680
72 77 17.870
72 78 30.344
72 79 42.590
72 80 76.133
72 81 95.668
72 82 80.004
72 83 93.916
72 84 90.814
72 85 54.236
72 86 47.509
72 87 93.972
72 88 32.883
72 89 98.797
72 90 19.065
72 91 33.613
72 92 5.655
72 93 92.004
72 94 2.085
72 95 95.638
72 96 81.796
72 97 23.026
72 98 3.693
72 99 0.158
72 100 61.601
72 101 58.111
72 102 54.781
72 103 15.960
72 104 30.651
72 105 93.655
72 106 7.378
72 107 88.241
72 108 50.906
72 109 48.522
72 110 34.024
72 111 75.380
72 112 9.275
72 113 26.207
72 114 61.800
72 115 57.790
72 116 90.761
72 117 49.410
72 118 80.813
72 119 80.468
73 74 39.446
73 75 19.683
73 76 77.201
73 77 17.499
73 78 19.937
73 79 83.047
73 80 54.073
73 81 1.545
73 82 94.304
73 83 88.789
73 84 20.328
73 85 44.299
73 86 85.121
73 87 13.180
73 88 46.912
73 89 84.875
73 90 3.912
73 91 82.390
73 92 12.839
73 93 42.286
73 94 86.110
73 95 69.644
73 96 89.155
73 97 15.461
73 98 88.605
73 99 60.482
73 100 38.070
73 101 69.624
73 102 73.979
73 103 76.989
73 104 36.560
73 105 71.437
73 106 26.772
73 107 26.916
73 108 69.046
73 109 86.937
73 110 21.383
73 111 96.884
73 112 72.096
73 113 36.091
73 114 88.704
73 115 40.166
73 116 55.626
73 117 5.716
73 118 9.112
73 119 19.056
74 75 69.684
74 76 58.523
74 77 93.155
74 78 49.391
74 79 33.680
74 80 40.232
74 81 98.072
74 82 60.546
74 83 95.777
74 84 78.957
74 85 68.257
74 86 28.062
74 87 44.182
74 88 91.503
74 89 80.791
74 90 58.025
74 91 49.191
74 92 59.728
74 93 23.424
74 94 2.426
74 95 75.112
74 96 16.801
74 97 31.632
74 98 62.961
74 99 64.552
74 100 87.951
74 101 63.892
74 102 97.054
74 103 64.060
74 104 63.238
74 105 99.818
74 106 74.379
74 107 29.773
74 108 40.889
74 109 4.531
74 110 44.758
74 111 24.414
74 112 68.923
74 113 14.442
74 114 68.998
74 115 92.935
74 116 30.045
74 117 64.570
74 118 33.139
74 119 83.034
75 76 60.238
75 77 95.573
75 78 13.496
75 79 58.972
75 80 64.980
75 81 49.882
75 82 85.018
75 83 42.298
75 84 98.707
75 85 90.620
75 86 68.685
75 87 1.547
75 88 2.884
75 89 54.456
75 90 95.033
75 91 4.404
75 92 56.017
75 93 80.083
75 94 20.342
75 95 40.513
75 96 74.907
75 97 37.718
75 98 69.656
75 99 20.833
75 100 20.669
75 101 21.840
75 102 96.480
75 103 60.338
75 104 5.273
75 105 59.312
75 106 42.903
75 107 54.845
75 108 64.806
75 109 28.101
75 110 55.811
75 111 69.905
75 112 64.187
75 113 78.015
75 114 64.997
75 115 69.921
75 116 24.703
75 117 94.176
75 118 57.174
75 119 29.060
76 77 20.553
76 78 46.398
76 79 86.250
76 80 82.016
76 81 73.467
76 82 23.202
76 83 44.696
76 84 92.304
76 85 85.522
76 86 57.894
76 87 83.440
76 88 38.540
76 89 89.433
76 90 15.953
76 91 8.438
76 92 45.022
76 93 62.872
76 94 27.898
76 95 0.926
76 96 11.935
76 97 48.794
76 98 19.898
76 99 5.312
76 100 32.641
76 101 47.262
76 102 15.553
76 103 3.799
76 104 20.754
76 105 95.964
76 106 56.620
76 107 50.014
76 108 8.098
76 109 36.341
76 110 17.854
76 111 65.297
76 112 16.124
76 113 70.207
76 114 71.764
76 115 10.753
76 116 48.022
76 117 47.759
76 118 92.710
76 119 35.784
77 78 96.487
77 79 92.023
77 80 76.633
77 81 69.537
77 82 13.008
77 83 57.080
77 84 92.617
77 85 65.539
77 86 38.513
77 87 37.837
77 88 75.583
77 89 31.784
77 90 52.385
77 91 97.610
77 92 15.563
77 93 78.621
77 94 57.063
77 95 56.482
77 96 98.360
77 97 95.012
77 98 78.859
77 99 88.164
77 100 4.820
77 101 20.087
77 102 32.113
77 103 6.000
77 104 81.505
77 105 11.391
77 106 63.430
77 107 79.791
77 108 54.264
77 109 23.814
77 110 65.510
77 111 14.285
77 112 67.994
77 113 3.915
77 114 25.961
77 115 37.450
77 116 0.853
77 117 73.209
77 118 55.460
77 119 92.063
78 79 19.220
78 80 20.952
78 81 21.810
78 82 97.686
78 83 10.914
78 84 52.048
78 85 1.637
78 86 51.754
78 87 58.490
78 88 38.950
78 89 49.893
78 90 68.295
78 91 91.872
78 92 7.736
78 93 78.810
78 94 10.699
78 95 90.152
78 96 48.060
78 97 32.588
78 98 61.001
78 99 86.069
78 100 74.232
78 101 41.864
78 102 82.294
78 103 63.511
78 104 80.436
78 105 42.854
78 106 73.172
78 107 28.307
78 108 26.920
78 109 50.117
78 110 83.533
78 111 75.662
78 112 65.987
78 113 78.966
78 114 59.570
78 115 73.760
78 116 66.682
78 117 23.828
78 118 12.480
78 119 32.390
79 80 25.339
79 81 12.260
79 82 60.171
79 83 27.893
79 84 55.442
79 85 70.766
79 86 74.182
79 87 11.271
79 88 34.781
79 89 58.265
79 90 75.054
79 91 35.032
79 92 50.447
79 93 45.754
79 94 58.545
79 95 96.116
79 96 22.946
79 97 46.623
79 98 2.389
79 99 7.220
79 100 9.552
79 101 31.070
79 102 98.680
79 103 76.900
79 104 84.012
79 105 90.189
79 106 80.526
79 107 0.002
79 108 64.772
79 109 50.584
79 110 63.248
79 111 34.320
79 112 17.173
79 113 78.689
79 114 0.216
79 115 66.789
79 116 86.361
79 117 55.543
79 118 61.299
79 119 53.117
80 81 27.153
80 82 47.343
80 83 77.957
80 84 48.423
80 85 84.704
80 86 44.878
80 87 63.144
80 88 33.296
80 89 45.525
80 90 95.834
80 91 6.509
80 92 79.596
80 93 22.260
80 94 7.929
80 95 65.755
80 96 93.411
80 97 57.604
80 98 58.015
80 99 23.574
80 100 18.770
80 101 32.841
80 102 2.482
80 103 56.230
80 104 85.019
80 105 44.682
80 106 47.742
80 107 64.656
80 108 33.218
80 109 70.489
80 110 6.002
80 111 51.811
80 112 62.476
80 113 76.358
80 114 31.234
80 115 91.130
80 116 95.846
80 117 35.213
80 118 2.956
80 119 20.000
81 82 77.193
81 83 12.742
81 84 1.335
81 85 9.528
81 86 75.426
81 87 47.849
81 88 96.124
81 89 7.265
81 90 90.508
81 91 1.300
81 92 54.084
81 93 23.051
81 94 26.890
81 95 71.317
81 96 54.770
81 97 29.871
81 98 24.304
81 99 78.088
81 100 92.973
81 101 81.333
81 102 13.308
81 103 0.540
81 104 37.583
81 105 5.331
81 106 93.522
81 107 8.161
81 108 11.288
81 109 19.474
81 110 16.216
81 111 68.278
81 112 53.267
81 113 28.016
81 114 89.698
81 115 24.909
81 116 27.922
81 117 2.342
81 118 15.908
81 119 39.159
82 83 46.680
82 84 17.414
82 85 9.683
82 86 53.097
82 87 77.056
82 88 15.182
82 89 48.357
82 90 89.162
82 91 23.393
82 92 92.579
82 93 48.666
82 94 25.356
82 95 77.085
82 96 66.525
82 97 70.383
82 98 92.823
82 99 50.594
82 100 51.267
82 101 1.655
82 102 26.918
82 103 29.201
82 104 94.429
82 105 89.729
82 106 65.425
82 107 97.186
82 108 57.282
82 109 42.551
82 110 28.335
82 111 20.999
82 112 92.063
82 113 41.671
82 114 32.441
82 115 1.007
82 116 64.549
82 117 74.959
82 118 90.958
82 119 35.518
83 84 93.646
83 85 18.810
83 86 23.499
83 87 76.036
83 88 31.423
83 89 73.868
83 90 54.949
83 91 91.095
83 92 86.760
83 93 85.683
83 94 13.124
83 95 97.494
83 96 3.762
83 97 62.354
83 98 44.578
83 99 62.428
83 100 42.051
83 101 34.835
83 102 55.530
83 103 27.714
83 104 70.264
83 105 92.438
83 106 50.577
83 107 58.233
83 108 76.339
83 109 65.998
83 110 85.735
83 111 70.685
83 112 18.594
83 113 24.233
83 114 74.318
83 115 55.894
83 116 90.140
83 117 95.005
83 118 84.242
83 119 68.155
84 85 45.815
84 86 22.542
84 87 43.585
84 88 18.490
84 89 45.633
84 90 24.089
84 91 27.582
84 92 75.181
84 93 1.636
84 94 15.026
84 95 34.686
84 96 44.592
84 97 76.072
84 98 30.212
84 99 71.953
84 100 78.020
84 101 67.997
84 102 81.088
84 103 60.698
84 104 26.222
84 105 42.666
84 106 53.049
84 107 42.250
84 108 42.249
84 109 3.500
84 110 65.630
84 111 10.586
84 112 15.358
84 113 79.945
84 114 89.283
84 115 23.725
84 116 4.013
84 117 6.208
84 118 36.791
84 119 48.986
85 86 24.389
85 87 95.622
85 88 24.844
85 89 78.571
85 90 42.273
85 91 73.326
85 92 31.847
85 93 11.390
85 94 10.894
85 95 15.965
85 96 61.735
85 97 34.660
85 98 94.971
85 99 61.274
85 100 60.374
85 101 54.519
85 102 22.147
85 103 92.708
85 104 21.080
85 105 18.742
85 106 6.974
85 107 74.678
85 108 58.843
85 109 46.647
85 110 99.741
85 111 12.497
85 112 29.047
85 113 31.331
85 114 22.715
85 115 37.787
85 116 15.780
85 117 7.635
85 118 69.704
85 119 74.905
86 87 17.277
86 88 85.576
86 89 61.396
86 90 26.831
86 91 11.617
86 92 33.440
86 93 68.522
86 94 30.017
86 95 94.453
86 96 57.357
86 97 37.669
86 98 66.842
86 99 42.404
86 100 64.873
86 101 80.440
86 102 91.612
86 103 70.671
86 104 18.896
86 105 15.658
86 106 21.448
86 107 21.489
86 108 85.370
86 109 86.442
86 110 66.948
86 111 41.236
86 112 53.120
86 113 9.243
86 114 29.157
86 115 78.337
86 116 57.528
86 117 50.298
86 118 69.177
86 119 61.523
87 88 71.072
87 89 66.469
87 90 64.650
87 91 98.604
87 92 33.196
87 93 92.064
87 94 3.390
87 95 69.559
87 96 79.616
87 97 0.986
87 98 28.589
87 99 74.625
87 100 96.860
87 101 24.436
87 102 42.324
87 103 37.947
87 104 71.699
87 105 58.411
87 106 94.474
87 107 60.449
87 108 27.107
87 109 52.340
87 110 32.736
87 111 61.791
87 112 36.458
87 113 30.495
87 114 66.038
87 115 50.551
87 116 85.931
87 117 61.147
87 118 98.465
87 119 14.250
88 89 11.408
88 90 54.988
88 91 23.724
88 92 26.390
88 93 70.633
88 94 43.917
88 95 31.188
88 96 26.364
88 97 24.005
88 98 64.100
88 99 63.739
88 100 39.920
88 101 88.097
88 102 43.042
88 103 84.906
88 104 72.797
88 105 94.827
88 106 69.437
88 107 58.210
88 108 28.220
88 109 36.203
88 110 6.701
88 111 15.151
88 112 70.135
88 113 99.648
88 114 96.311
88 115 89.953
88 116 78.371
88 117 2.129
88 118 85.500
88 119 28.945
89 90 19.378
89 91 12.678
89 92 5.312
89 93 40.379
89 94 86.724
89 95 12.339
89 96 19.694
89 97 36.527
89 98 49.269
89 99 78.219
89 100 64.029
89 101 34.039
89 102 81.700
89 103 93.979
89 104 92.388
89 105 20.853
89 106 42.102
89 107 83.015
89 108 56.822
89 109 68.338
89 110 4.262
89 111 32.493
89 112 49.091
89 113 65.898
89 114 48.640
89 115 26.556
89 116 45.520
89 117 81.923
89 118 65.199
89 119 35.186
90 91 9.037
90 92 9.759
90 93 23.801
90 94 11.604
90 95 18.948
90 96 40.265
90 97 23.365
90 98 35.524
90 99 18.641
90 100 13.596
90 101 39.738
90 102 2.203
90 103 94.165
90 104 41.955
90 105 54.010
90 106 97.925
90 107 22.494
90 108 62.408
90 109 57.954
90 110 21.442
90 111 57.315
90 112 74.213
90 113 1.346
90 114 7.813
90 115 52.284
90 116 38.668
90 117 67.104
90 118 86.243
90 119 56.964
91 92 71.156
91 93 34.493
91 94 56.694
91 95 59.032
91 96 34.830
91 97 18.116
91 98 1.418
91 99 87.836
91 100 53.301
91 101 50.931
91 102 57.024
91 103 39.040
91 104 95.728
91 105 13.269
91 106 60.287
91 107 27.813
91 108 51.859
91 109 96.618
91 110 46.638
91 111 28.929
91 112 6.879
91 113 30.879
91 114 24.110
91 115 16.118
91 116 46.301
91 117 96.899
91 118 67.498
91 119 70.174
92 93 69.702
92 94 92.220
92 95 77.590
92 96 85.542
92 97 68.738
92 98 17.360
92 99 28.527
92 100 68.512
92 101 29.680
92 102 2.336
92 103 82.733
92 104 86.635
92 105 53.612
92 106 98.746
92 107 87.300
92 108 98.622
92 109 48.464
92 110 21.371
92 111 78.314
92 112 66.723
92 113 36.226
92 114 35.120
92 115 10.355
92 116 29.468
92 117 35.955
92 118 48.064
92 119 97.218
93 94 91.668
93 95 28.623
93 96 89.356
93 97 96.889
93 98 70.684
93 99 83.359
93 100 22.053
93 101 98.931
93 102 23.239
93 103 26.327
93 104 65.156
93 105 75.599
93 106 65.417
93 107 63.246
93 108 76.622
93 109 39.432
93 110 90.007
93 111 24.472
93 112 79.691
93 113 9.448
93 114 79.981
93 115 87.620
93 116 98.529
93 117 25.765
93 118 14.625
93 119 46.819
94 95 6.033
94 96 68.104
94 97 65.754
94 98 40.024
94 99 76.571
94 100 27.545
94 101 85.422
94 102 16.193
94 103 79.503
94 104 52.836
94 105 93.678
94 106 22.678
94 107 45.508
94 108 42.677
94 109 85.165
94 110 19.843
94 111 87.085
94 112 83.616
94 113 86.759
94 114 84.695
94 115 56.999
94 116 39.536
94 117 14.901
94 118 48.249
94 119 84.047
95 96 83.199
95 97 0.976
95 98 22.355
95 99 34.187
95 100 22.891
95 101 75.766
95 102 10.886
95 103 6.896
95 104 17.955
95 105 29.961
95 106 67.488
95 107 91.570
95 108 95.830
95 109 96.646
95 110 57.464
95 111 76.828
95 112 80.203
95 113 33.866
95 114 4.952
95 115 26.805
95 116 14.953
95 117 20.588
95 118 58.157
95 119 12.795
96 97 21.826
96 98 17.785
96 99 85.242
96 100 16.082
96 101 61.092
96 102 87.843
96 103 21.341
96 104 98.345
96 105 73.924
96 106 10.148
96 107 23.232
96 108 69.711
96 109 72.842
96 110 78.445
96 111 52.348
96 112 71.365
96 113 12.275
96 114 16.449
96 115 99.079
96 116 29.552
96 117 15.146
96 118 2.195
96 119 81.767
97 98 30.868
97 99 53.368
97 100 48.721
97 101 2.286
97 102 14.950
97 103 80.216
97 104 48.969
97 105 16.788
97 106 79.973
97 107 90.779
97 108 56.136
97 109 84.967
97 110 48.798
97 111 43.047
97 112 37.216
97 113 94.119
97 114 49.214
97 115 6.638
97 116 7.129
97 117 15.293
97 118 20.366
97 119 18.795
98 99 23.545
98 100 37.990
98 101 69.310
98 102 17.983
98 103 98.427
98 104 47.177
98 105 66.558
98 106 94.283
98 107 61.300
98 108 51.751
98 109 87.555
98 110 42.734
98 111 91.384
98 112 47.171
98 113 78.213
98 114 30.893
98 115 21.000
98 116 96.588
98 117 46.949
98 118 95.076
98 119 1.004
99 100 44.628
99 101 63.108
99 102 61.128
99 103 10.546
99 104 35.873
99 105 72.228
99 106 45.004
99 107 88.048
99 108 96.118
99 109 22.291
99 110 26.083
99 111 58.073
99 112 48.657
99 113 31.918
99 114 1.804
99 115 29.614
99 116 80.125
99 117 21.402
99 118 26.125
99 119 45.355
100 101 40.826
100 102 70.567
100 103 6.227
100 104 68.579
100 105 63.043
100 106 63.593
100 107 82.007
100 108 4.636
100 109 7.438
100 110 30.288
100 111 41.128
100 112 67.298
100 113 2.482
100 114 95.729
100 115 28.721
100 116 16.790
100 117 24.745
100 118 5.753
100 119 95.338
101 102 15.947
101 103 78.893
101 104 4.467
101 105 89.325
101 106 73.692
101 107 75.439
101 108 1.782
101 109 40.521
101 110 70.896
101 111 71.546
101 112 83.887
101 113 1.031
101 114 92.701
101 115 35.607
101 116 87.672
101 117 5.800
101 118 23.516
101 119 19.858
102 103 81.296
102 104 90.804
102 105 96.132
102 106 76.937
102 107 67.390
102 108 59.904
102 109 24.800
102 110 36.098
102 111 52.861
102 112 22.751
102 113 93.619
102 114 62.678
102 115 9.796
102 116 35.608
102 117 16.187
102 118 60.480
102 119 85.692
103 104 64.552
103 105 30.257
103 106 40.866
103 107 8.009
103 108 56.228
103 109 41.990
103 110 74.659
103 111 68.035
103 112 45.210
103 113 88.410
103 114 63.348
103 115 62.077
103 116 48.941
103 117 43.809
103 118 14.648
103 119 14.205
104 105 1.384
104 106 56.075
104 107 84.096
104 108 4.089
104 109 54.689
104 110 62.324
104 111 49.174
104 112 75.903
104 113 34.559
104 114 99.702
104 115 15.353
104 116 9.853
104 117 69.446
104 118 96.859
104 119 14.480
105 106 96.552
105 107 26.338
105 108 4.350
105 109 45.102
105 110 66.307
105 111 76.590
105 112 98.101
105 113 21.597
105 114 90.306
105 115 84.105
105 116 69.072
105 117 44.392
105 118 88.777
105 119 55.173
106 107 94.381
106 108 77.099
106 109 52.355
106 110 14.328
106 111 70.426
106 112 18.027
106 113 7.245
106 114 73.838
106 115 76.882
106 116 83.356
106 117 32.181
106 118 45.782
106 119 31.996
107 108 77.133
107 109 65.754
107 110 5.144
107 111 94.196
107 112 9.300
107 113 26.398
107 114 49.932
107 115 62.814
107 116 37.130
107 117 4.091
107 118 20.088
107 119 31.585
108 109 47.720
108 110 72.822
108 111 30.767
108 112 52.577
108 113 69.608
108 114 15.900
108 115 47.561
108 116 75.375
108 117 0.107
108 118 52.403
108 119 81.331
109 110 36.547
109 111 61.633
109 112 2.351
109 113 8.525
109 114 87.839
109 115 55.050
109 116 30.667
109 117 29.232
109 118 68.025
109 119 61.002
110 111 65.513
110 112 59.663
110 113 42.980
110 114 51.219
110 115 95.313
110 116 18.380
110 117 61.292
110 118 10.948
110 119 10.578
111 112 6.282
111 113 98.606
111 114 40.937
111 115 71.588
111 116 99.238
111 117 92.907
111 118 2.830
111 119 51.059
112 113 69.214
112 114 5.067
112 115 95.351
112 116 22.102
112 117 24.826
112 118 74.242
112 119 0.305
113 114 36.121
113 115 15.505
113 116 76.072
113 117 17.241
113 118 62.706
113 119 74.773
114 115 33.168
114 116 13.508
114 117 44.176
114 118 87.636
114 119 71.957
115 116 52.458
115 117 51.089
115 118 54.660
115 119 67.758
116 117 26.760
116 118 11.882
116 119 91.056
117 118 70.798
117 119 16.014
118 119 29.717
