12 4 ds 3 4 3 3 2 4 3 4 
0 1 60.709
0 2 99.446
0 3 25.333
0 4 91.585
0 5 69.584
0 6 6.232
0 7 95.986
0 8 44.604
0 9 37.539
0 10 70.317
0 11 36.884
1 2 94.406
1 3 26.147
1 4 58.993
1 5 1.047
1 6 74.518
1 7 19.043
1 8 43.344
1 9 95.962
1 10 43.717
1 11 55.611
2 3 42.657
2 4 37.371
2 5 65.098
2 6 55.219
2 7 25.483
2 8 53.622
2 9 53.216
2 10 29.512
2 11 36.578
3 4 1.279
3 5 12.686
3 6 54.270
3 7 31.216
3 8 84.405
3 9 74.178
3 10 86.838
3 11 76.142
4 5 92.308
4 6 31.869
4 7 70.342
4 8 19.921
4 9 83.525
4 10 0.192
4 11 61.680
5 6 44.528
5 7 47.425
5 8 37.113
5 9 56.734
5 10 84.692
5 11 69.067
6 7 26.183
6 8 63.261
6 9 41.890
6 10 7.792
6 11 70.276
7 8 89.639
7 9 25.805
7 10 75.528
7 11 26.157
8 9 75.909
8 10 27.659
8 11 66.910
9 10 0.958
9 11 92.501
10 11 67.041
