12 4 ss 3 3 3 3 3 3 3 3 
0 1 93.176
0 2 44.432
0 3 69.511
0 4 87.462
0 5 97.058
0 6 91.320
0 7 12.571
0 8 16.951
0 9 61.053
0 10 90.562
0 11 80.840
1 2 43.744
1 3 93.182
1 4 9.055
1 5 1.803
1 6 47.068
1 7 73.723
1 8 14.990
1 9 64.976
1 10 36.111
1 11 82.213
2 3 55.928
2 4 56.480
2 5 14.157
2 6 10.390
2 7 62.600
2 8 50.448
2 9 84.333
2 10 27.284
2 11 38.709
3 4 7.105
3 5 64.691
3 6 55.742
3 7 18.995
3 8 84.524
3 9 28.936
3 10 65.857
3 11 77.916
4 5 31.286
4 6 65.722
4 7 90.093
4 8 49.504
4 9 90.667
4 10 54.280
4 11 17.324
5 6 75.342
5 7 13.470
5 8 86.990
5 9 28.607
5 10 32.039
5 11 46.261
6 7 30.594
6 8 96.138
6 9 2.196
6 10 34.507
6 11 6.882
7 8 78.744
7 9 43.586
7 10 56.000
7 11 90.972
8 9 12.104
8 10 80.112
8 11 78.959
9 10 70.726
9 11 10.060
10 11 85.062
