60 6 ds 7 12 8 11 8 13 8 13 7 12 9 11 
0 1 93.400
0 2 68.782
0 3 37.139
0 4 36.279
0 5 12.359
0 6 68.397
0 7 25.879
0 8 81.329
0 9 50.163
0 10 58.141
0 11 14.645
0 12 53.871
0 13 91.866
0 14 46.805
0 15 13.646
0 16 16.967
0 17 33.480
0 18 53.423
0 19 43.198
0 20 82.211
0 21 95.779
0 22 33.214
0 23 55.941
0 24 39.495
0 25 27.543
0 26 68.905
0 27 6.404
0 28 3.044
0 29 1.315
0 30 1.035
0 31 9.919
0 32 58.527
0 33 42.718
0 34 9.615
0 35 53.662
0 36 30.085
0 37 63.008
0 38 13.897
0 39 84.030
0 40 85.861
0 41 83.775
0 42 27.048
0 43 96.618
0 44 65.923
0 45 52.541
0 46 88.144
0 47 97.727
0 48 47.449
0 49 48.538
0 50 95.186
0 51 89.641
0 52 58.607
0 53 69.023
0 54 79.733
0 55 55.845
0 56 14.783
0 57 68.246
0 58 96.256
0 59 86.882
1 2 78.632
1 3 93.538
1 4 47.475
1 5 92.747
1 6 38.897
1 7 25.987
1 8 30.696
1 9 93.512
1 10 62.009
1 11 86.781
1 12 69.579
1 13 66.291
1 14 95.192
1 15 14.509
1 16 90.768
1 17 53.708
1 18 90.142
1 19 53.631
1 20 15.459
1 21 6.727
1 22 72.284
1 23 19.747
1 24 62.286
1 25 42.965
1 26 2.206
1 27 23.468
1 28 99.736
1 29 50.575
1 30 63.084
1 31 41.395
1 32 43.896
1 33 57.311
1 34 60.721
1 35 20.079
1 36 70.412
1 37 14.571
1 38 41.303
1 39 86.847
1 40 98.371
1 41 17.013
1 42 16.043
1 43 19.961
1 44 8.154
1 45 89.771
1 46 31.597
1 47 99.833
1 48 75.377
1 49 27.338
1 50 40.463
1 51 22.879
1 52 38.647
1 53 60.869
1 54 6.543
1 55 10.087
1 56 70.149
1 57 63.954
1 58 27.614
1 59 83.474
2 3 84.966
2 4 80.828
2 5 68.663
2 6 15.366
2 7 7.549
2 8 75.555
2 9 77.902
2 10 77.775
2 11 11.924
2 12 55.886
2 13 0.681
2 14 32.156
2 15 65.943
2 16 21.278
2 17 15.656
2 18 3.427
2 19 39.347
2 20 21.029
2 21 92.238
2 22 76.380
2 23 80.358
2 24 85.489
2 25 8.696
2 26 37.470
2 27 26.226
2 28 10.999
2 29 76.247
2 30 60.458
2 31 89.372
2 32 37.536
2 33 86.033
2 34 0.502
2 35 52.706
2 36 56.916
2 37 33.109
2 38 18.024
2 39 15.188
2 40 29.015
2 41 74.393
2 42 1.039
2 43 51.860
2 44 63.597
2 45 45.976
2 46 92.641
2 47 91.346
2 48 46.160
2 49 99.282
2 50 58.916
2 51 68.201
2 52 47.651
2 53 15.281
2 54 51.843
2 55 77.525
2 56 59.908
2 57 21.274
2 58 31.549
2 59 44.889
3 4 41.418
3 5 65.728
3 6 12.825
3 7 25.894
3 8 41.235
3 9 3.250
3 10 91.885
3 11 66.585
3 12 92.845
3 13 3.943
3 14 91.112
3 15 88.450
3 16 34.335
3 17 29.273
3 18 31.877
3 19 9.894
3 20 16.358
3 21 9.998
3 22 8.539
3 23 79.819
3 24 5.220
3 25 20.806
3 26 90.299
3 27 78.378
3 28 74.832
3 29 71.007
3 30 21.868
3 31 34.951
3 32 8.313
3 33 20.981
3 34 28.739
3 35 24.056
3 36 97.715
3 37 89.993
3 38 58.359
3 39 26.176
3 40 38.631
3 41 42.624
3 42 4.597
3 43 82.373
3 44 65.397
3 45 28.234
3 46 69.651
3 47 29.072
3 48 62.110
3 49 0.721
3 50 14.911
3 51 72.576
3 52 14.900
3 53 64.292
3 54 40.245
3 55 51.587
3 56 41.672
3 57 75.056
3 58 9.845
3 59 40.459
4 5 46.961
4 6 77.926
4 7 11.948
4 8 65.889
4 9 1.604
4 10 73.701
4 11 99.663
4 12 45.418
4 13 39.596
4 14 92.087
4 15 10.587
4 16 7.375
4 17 97.818
4 18 93.073
4 19 4.020
4 20 18.786
4 21 98.214
4 22 31.211
4 23 86.333
4 24 30.309
4 25 86.593
4 26 95.254
4 27 17.394
4 28 45.381
4 29 97.366
4 30 78.996
4 31 3.952
4 32 34.533
4 33 9.352
4 34 48.289
4 35 89.493
4 36 45.244
4 37 94.203
4 38 43.890
4 39 44.320
4 40 2.704
4 41 36.064
4 42 0.146
4 43 44.463
4 44 57.497
4 45 18.722
4 46 65.459
4 47 3.531
4 48 12.517
4 49 34.857
4 50 82.064
4 51 87.718
4 52 53.284
4 53 70.877
4 54 19.876
4 55 0.913
4 56 13.365
4 57 60.403
4 58 61.968
4 59 74.235
5 6 29.760
5 7 79.640
5 8 7.708
5 9 32.297
5 10 81.873
5 11 78.663
5 12 93.680
5 13 37.123
5 14 62.055
5 15 4.078
5 16 32.205
5 17 29.859
5 18 95.793
5 19 70.572
5 20 32.603
5 21 0.318
5 22 15.187
5 23 81.534
5 24 1.319
5 25 14.857
5 26 90.679
5 27 82.237
5 28 13.602
5 29 24.204
5 30 42.875
5 31 52.990
5 32 11.621
5 33 54.607
5 34 88.814
5 35 14.229
5 36 11.773
5 37 58.014
5 38 25.194
5 39 20.680
5 40 97.344
5 41 60.010
5 42 14.834
5 43 67.542
5 44 31.810
5 45 97.822
5 46 22.033
5 47 18.043
5 48 52.749
5 49 84.968
5 50 37.517
5 51 88.807
5 52 96.666
5 53 73.964
5 54 44.314
5 55 97.091
5 56 61.010
5 57 14.015
5 58 2.159
5 59 82.331
6 7 31.216
6 8 16.707
6 9 69.912
6 10 63.263
6 11 87.835
6 12 49.483
6 13 43.030
6 14 81.541
6 15 61.633
6 16 74.004
6 17 56.238
6 18 12.852
6 19 23.010
6 20 34.551
6 21 90.332
6 22 97.411
6 23 76.155
6 24 80.157
6 25 26.444
6 26 53.080
6 27 78.078
6 28 73.481
6 29 11.120
6 30 86.454
6 31 17.976
6 32 99.217
6 33 31.181
6 34 9.899
6 35 73.362
6 36 35.388
6 37 48.654
6 38 5.850
6 39 5.951
6 40 91.948
6 41 12.895
6 42 53.591
6 43 72.523
6 44 52.859
6 45 49.613
6 46 48.293
6 47 3.803
6 48 80.191
6 49 24.581
6 50 97.259
6 51 47.856
6 52 51.760
6 53 93.640
6 54 74.138
6 55 83.571
6 56 7.442
6 57 79.974
6 58 48.270
6 59 84.546
7 8 73.549
7 9 64.659
7 10 83.415
7 11 53.964
7 12 19.486
7 13 37.121
7 14 17.741
7 15 57.064
7 16 76.435
7 17 28.436
7 18 95.305
7 19 49.349
7 20 13.903
7 21 42.274
7 22 18.138
7 23 35.914
7 24 26.697
7 25 5.810
7 26 27.634
7 27 0.069
7 28 32.291
7 29 86.087
7 30 4.076
7 31 7.945
7 32 16.500
7 33 56.071
7 34 93.989
7 35 29.789
7 36 94.010
7 37 49.036
7 38 36.381
7 39 18.415
7 40 69.540
7 41 9.931
7 42 61.012
7 43 50.581
7 44 95.298
7 45 38.045
7 46 74.515
7 47 68.019
7 48 20.835
7 49 16.529
7 50 33.460
7 51 51.447
7 52 22.577
7 53 41.247
7 54 27.421
7 55 23.080
7 56 81.994
7 57 93.944
7 58 59.612
7 59 0.985
8 9 53.770
8 10 52.853
8 11 17.879
8 12 22.116
8 13 28.302
8 14 97.654
8 15 74.592
8 16 9.896
8 17 46.478
8 18 45.064
8 19 40.446
8 20 86.969
8 21 68.932
8 22 46.394
8 23 24.196
8 24 24.042
8 25 36.816
8 26 88.998
8 27 18.060
8 28 71.714
8 29 86.630
8 30 69.881
8 31 36.793
8 32 43.758
8 33 97.770
8 34 51.563
8 35 87.386
8 36 7.546
8 37 58.181
8 38 67.842
8 39 35.883
8 40 90.112
8 41 30.867
8 42 20.258
8 43 67.979
8 44 26.844
8 45 92.007
8 46 94.802
8 47 10.887
8 48 63.827
8 49 90.022
8 50 32.821
8 51 95.348
8 52 74.625
8 53 44.207
8 54 10.096
8 55 88.754
8 56 67.564
8 57 61.358
8 58 13.704
8 59 22.993
9 10 40.580
9 11 99.373
9 12 57.545
9 13 73.948
9 14 87.261
9 15 47.850
9 16 44.321
9 17 23.498
9 18 69.902
9 19 27.514
9 20 64.256
9 21 49.416
9 22 53.255
9 23 32.610
9 24 19.012
9 25 43.755
9 26 36.106
9 27 53.415
9 28 72.997
9 29 56.088
9 30 26.855
9 31 19.645
9 32 63.692
9 33 94.401
9 34 84.052
9 35 99.744
9 36 47.601
9 37 93.514
9 38 83.100
9 39 75.916
9 40 19.121
9 41 78.535
9 42 76.357
9 43 90.269
9 44 15.848
9 45 9.196
9 46 85.392
9 47 23.520
9 48 15.770
9 49 89.815
9 50 1.419
9 51 24.473
9 52 39.292
9 53 69.201
9 54 72.704
9 55 55.835
9 56 92.207
9 57 34.983
9 58 26.244
9 59 59.924
10 11 24.461
10 12 27.636
10 13 5.074
10 14 76.444
10 15 33.991
10 16 60.931
10 17 2.277
10 18 63.719
10 19 14.913
10 20 37.556
10 21 38.085
10 22 84.678
10 23 34.991
10 24 91.351
10 25 57.454
10 26 19.325
10 27 28.575
10 28 70.890
10 29 22.028
10 30 56.590
10 31 8.113
10 32 3.076
10 33 32.663
10 34 0.150
10 35 29.835
10 36 39.959
10 37 46.469
10 38 95.209
10 39 97.371
10 40 97.170
10 41 45.827
10 42 46.181
10 43 50.832
10 44 38.161
10 45 75.893
10 46 48.881
10 47 68.261
10 48 44.860
10 49 91.804
10 50 4.994
10 51 1.405
10 52 42.416
10 53 47.165
10 54 21.542
10 55 78.388
10 56 13.375
10 57 11.316
10 58 23.486
10 59 32.137
11 12 44.924
11 13 24.480
11 14 23.742
11 15 55.306
11 16 1.782
11 17 87.104
11 18 1.651
11 19 39.973
11 20 6.842
11 21 32.519
11 22 38.246
11 23 33.514
11 24 41.886
11 25 50.516
11 26 44.721
11 27 30.840
11 28 51.435
11 29 13.519
11 30 99.053
11 31 27.571
11 32 44.286
11 33 6.725
11 34 75.012
11 35 78.739
11 36 39.293
11 37 78.943
11 38 7.645
11 39 43.273
11 40 94.645
11 41 11.785
11 42 89.787
11 43 45.752
11 44 93.188
11 45 51.475
11 46 35.305
11 47 53.859
11 48 30.274
11 49 59.733
11 50 76.482
11 51 52.428
11 52 65.149
11 53 18.024
11 54 85.330
11 55 93.183
11 56 52.096
11 57 62.927
11 58 21.614
11 59 12.984
12 13 63.330
12 14 39.449
12 15 13.962
12 16 42.819
12 17 52.067
12 18 33.833
12 19 74.697
12 20 74.798
12 21 81.257
12 22 87.713
12 23 33.872
12 24 15.040
12 25 61.134
12 26 1.465
12 27 53.495
12 28 26.619
12 29 97.025
12 30 6.152
12 31 49.022
12 32 58.634
12 33 47.821
12 34 20.674
12 35 1.953
12 36 64.974
12 37 35.024
12 38 13.588
12 39 94.732
12 40 39.511
12 41 22.491
12 42 57.491
12 43 37.109
12 44 33.207
12 45 7.775
12 46 97.959
12 47 81.784
12 48 73.036
12 49 27.400
12 50 58.736
12 51 46.340
12 52 72.609
12 53 80.457
12 54 70.199
12 55 68.383
12 56 10.072
12 57 17.586
12 58 39.085
12 59 21.254
13 14 50.093
13 15 25.691
13 16 74.044
13 17 8.817
13 18 3.653
13 19 62.697
13 20 43.797
13 21 39.566
13 22 51.871
13 23 61.170
13 24 72.490
13 25 52.629
13 26 8.265
13 27 24.822
13 28 70.323
13 29 31.279
13 30 57.571
13 31 87.715
13 32 56.588
13 33 93.136
13 34 88.681
13 35 92.408
13 36 56.971
13 37 90.501
13 38 34.267
13 39 70.326
13 40 47.296
13 41 89.129
13 42 40.288
13 43 75.341
13 44 71.858
13 45 19.226
13 46 14.863
13 47 29.806
13 48 86.070
13 49 8.570
13 50 47.889
13 51 91.265
13 52 60.333
13 53 14.410
13 54 50.284
13 55 37.552
13 56 34.922
13 57 68.125
13 58 34.905
13 59 98.228
14 15 34.080
14 16 34.665
14 17 49.933
14 18 31.065
14 19 31.630
14 20 67.350
14 21 79.945
14 22 53.716
14 23 10.114
14 24 7.899
14 25 49.865
14 26 92.788
14 27 70.802
14 28 41.373
14 29 2.695
14 30 5.172
14 31 32.853
14 32 66.241
14 33 73.124
14 34 59.820
14 35 6.519
14 36 80.883
14 37 46.075
14 38 42.061
14 39 37.484
14 40 19.559
14 41 71.712
14 42 57.106
14 43 97.229
14 44 93.272
14 45 6.623
14 46 64.575
14 47 37.829
14 48 3.920
14 49 64.624
14 50 71.669
14 51 38.620
14 52 3.741
14 53 90.051
14 54 49.040
14 55 46.899
14 56 66.311
14 57 11.416
14 58 10.468
14 59 55.166
15 16 20.208
15 17 93.939
15 18 15.118
15 19 63.348
15 20 71.939
15 21 85.758
15 22 9.462
15 23 46.046
15 24 10.848
15 25 44.502
15 26 24.873
15 27 82.040
15 28 45.462
15 29 38.415
15 30 86.446
15 31 6.142
15 32 68.086
15 33 39.405
15 34 68.781
15 35 11.906
15 36 82.457
15 37 64.118
15 38 55.255
15 39 67.824
15 40 57.873
15 41 73.557
15 42 18.760
15 43 9.323
15 44 92.459
15 45 11.781
15 46 43.895
15 47 34.215
15 48 78.079
15 49 49.854
15 50 53.311
15 51 60.203
15 52 59.913
15 53 2.505
15 54 84.199
15 55 99.650
15 56 74.822
15 57 1.817
15 58 84.824
15 59 68.990
16 17 34.343
16 18 44.835
16 19 65.570
16 20 78.022
16 21 90.569
16 22 80.074
16 23 44.151
16 24 37.780
16 25 86.087
16 26 61.715
16 27 70.396
16 28 84.727
16 29 42.835
16 30 79.653
16 31 2.512
16 32 43.770
16 33 88.914
16 34 68.593
16 35 33.712
16 36 42.902
16 37 57.300
16 38 10.018
16 39 35.812
16 40 48.217
16 41 15.857
16 42 67.141
16 43 94.697
16 44 9.673
16 45 4.190
16 46 34.829
16 47 61.453
16 48 95.135
16 49 59.591
16 50 44.029
16 51 32.568
16 52 43.097
16 53 11.727
16 54 33.347
16 55 2.710
16 56 82.921
16 57 13.670
16 58 89.212
16 59 4.462
17 18 55.519
17 19 55.503
17 20 60.463
17 21 60.762
17 22 17.114
17 23 75.982
17 24 73.185
17 25 27.881
17 26 24.037
17 27 47.575
17 28 7.297
17 29 99.443
17 30 77.491
17 31 60.708
17 32 47.654
17 33 75.272
17 34 53.778
17 35 74.139
17 36 89.305
17 37 72.801
17 38 57.703
17 39 30.154
17 40 59.088
17 41 73.326
17 42 14.697
17 43 55.593
17 44 13.878
17 45 50.534
17 46 60.657
17 47 82.757
17 48 89.582
17 49 24.583
17 50 97.589
17 51 27.818
17 52 4.350
17 53 21.393
17 54 57.839
17 55 58.604
17 56 64.514
17 57 93.894
17 58 60.032
17 59 68.517
18 19 82.399
18 20 79.617
18 21 45.797
18 22 48.789
18 23 91.420
18 24 27.351
18 25 57.947
18 26 17.428
18 27 35.775
18 28 24.488
18 29 57.962
18 30 19.938
18 31 19.565
18 32 96.239
18 33 83.495
18 34 64.239
18 35 23.317
18 36 28.082
18 37 15.039
18 38 90.232
18 39 34.647
18 40 83.598
18 41 55.005
18 42 3.046
18 43 94.209
18 44 51.285
18 45 22.149
18 46 18.249
18 47 28.087
18 48 55.973
18 49 29.632
18 50 77.168
18 51 23.425
18 52 13.170
18 53 45.934
18 54 90.958
18 55 5.375
18 56 87.931
18 57 34.460
18 58 63.154
18 59 90.327
19 20 43.799
19 21 29.831
19 22 22.199
19 23 22.903
19 24 31.913
19 25 36.747
19 26 67.806
19 27 52.355
19 28 75.526
19 29 30.709
19 30 97.962
19 31 67.754
19 32 51.020
19 33 99.009
19 34 37.058
19 35 90.774
19 36 52.896
19 37 85.083
19 38 29.808
19 39 19.888
19 40 57.284
19 41 89.659
19 42 0.518
19 43 30.421
19 44 66.197
19 45 38.098
19 46 2.751
19 47 61.198
19 48 23.028
19 49 44.892
19 50 0.522
19 51 60.415
19 52 38.763
19 53 93.496
19 54 28.937
19 55 20.859
19 56 57.874
19 57 2.526
19 58 79.514
19 59 7.778
20 21 23.089
20 22 67.756
20 23 43.436
20 24 71.453
20 25 68.989
20 26 53.503
20 27 24.590
20 28 40.917
20 29 85.846
20 30 56.627
20 31 3.487
20 32 15.303
20 33 47.140
20 34 81.749
20 35 93.025
20 36 4.925
20 37 86.877
20 38 47.241
20 39 77.523
20 40 25.480
20 41 46.143
20 42 88.094
20 43 67.619
20 44 15.655
20 45 82.236
20 46 34.022
20 47 35.290
20 48 30.928
20 49 48.274
20 50 18.962
20 51 15.687
20 52 64.516
20 53 6.368
20 54 21.584
20 55 75.413
20 56 60.172
20 57 33.228
20 58 45.537
20 59 50.517
21 22 10.948
21 23 13.501
21 24 22.827
21 25 51.708
21 26 83.045
21 27 93.210
21 28 64.089
21 29 19.132
21 30 64.521
21 31 83.313
21 32 85.434
21 33 84.597
21 34 14.902
21 35 61.715
21 36 13.186
21 37 65.179
21 38 83.625
21 39 20.984
21 40 4.967
21 41 68.932
21 42 72.773
21 43 48.599
21 44 28.484
21 45 40.772
21 46 42.695
21 47 6.677
21 48 7.775
21 49 14.565
21 50 97.892
21 51 99.004
21 52 80.797
21 53 66.125
21 54 44.916
21 55 74.548
21 56 11.907
21 57 80.993
21 58 84.080
21 59 18.723
22 23 68.154
22 24 60.793
22 25 82.389
22 26 26.359
22 27 99.233
22 28 92.407
22 29 76.414
22 30 33.575
22 31 57.543
22 32 95.352
22 33 70.672
22 34 9.766
22 35 56.994
22 36 44.463
22 37 29.646
22 38 75.376
22 39 97.051
22 40 37.354
22 41 9.685
22 42 16.368
22 43 71.950
22 44 39.124
22 45 40.821
22 46 12.082
22 47 44.094
22 48 90.375
22 49 47.912
22 50 79.583
22 51 85.373
22 52 8.870
22 53 95.554
22 54 64.681
22 55 80.450
22 56 49.985
22 57 51.855
22 58 77.451
22 59 42.042
23 24 16.640
23 25 92.405
23 26 78.410
23 27 9.785
23 28 25.479
23 29 7.704
23 30 70.412
23 31 91.484
23 32 42.807
23 33 34.817
23 34 40.879
23 35 58.397
23 36 1.184
23 37 7.156
23 38 29.171
23 39 24.634
23 40 95.521
23 41 5.076
23 42 64.681
23 43 24.854
23 44 36.175
23 45 94.365
23 46 32.694
23 47 54.136
23 48 5.757
23 49 59.720
23 50 77.058
23 51 49.247
23 52 26.231
23 53 75.944
23 54 41.443
23 55 71.474
23 56 93.387
23 57 10.882
23 58 84.214
23 59 97.764
24 25 76.856
24 26 20.997
24 27 75.909
24 28 39.154
24 29 15.605
24 30 83.001
24 31 2.839
24 32 83.266
24 33 61.190
24 34 3.124
24 35 55.522
24 36 1.120
24 37 34.038
24 38 59.350
24 39 76.436
24 40 67.601
24 41 61.653
24 42 61.347
24 43 78.037
24 44 19.618
24 45 61.866
24 46 57.857
24 47 19.016
24 48 16.323
24 49 19.122
24 50 81.926
24 51 44.439
24 52 71.715
24 53 77.279
24 54 0.649
24 55 53.749
24 56 1.550
24 57 38.505
24 58 27.996
24 59 59.479
25 26 63.663
25 27 14.609
25 28 66.778
25 29 39.146
25 30 73.650
25 31 24.502
25 32 69.004
25 33 62.898
25 34 46.329
25 35 69.447
25 36 42.596
25 37 0.349
25 38 47.451
25 39 46.419
25 40 86.874
25 41 71.424
25 42 39.871
25 43 79.090
25 44 9.206
25 45 8.102
25 46 73.694
25 47 55.832
25 48 60.872
25 49 36.621
25 50 0.889
25 51 64.639
25 52 31.475
25 53 72.998
25 54 91.427
25 55 5.945
25 56 58.111
25 57 48.668
25 58 90.231
25 59 46.079
26 27 38.027
26 28 47.561
26 29 82.030
26 30 46.468
26 31 81.660
26 32 41.145
26 33 24.677
26 34 66.654
26 35 6.697
26 36 53.750
26 37 70.598
26 38 92.842
26 39 53.203
26 40 76.900
26 41 20.686
26 42 87.901
26 43 94.887
26 44 78.465
26 45 45.363
26 46 93.638
26 47 32.203
26 48 20.082
26 49 63.419
26 50 41.623
26 51 79.276
26 52 4.627
26 53 90.870
26 54 44.960
26 55 98.521
26 56 24.420
26 57 59.249
26 58 50.173
26 59 94.342
27 28 70.419
27 29 55.609
27 30 25.676
27 31 50.456
27 32 92.815
27 33 54.938
27 34 51.350
27 35 84.145
27 36 74.253
27 37 99.801
27 38 52.315
27 39 95.136
27 40 88.330
27 41 31.707
27 42 89.245
27 43 6.829
27 44 68.055
27 45 94.048
27 46 77.445
27 47 33.239
27 48 1.663
27 49 7.394
27 50 57.362
27 51 56.289
27 52 6.438
27 53 64.544
27 54 80.370
27 55 64.977
27 56 5.164
27 57 4.894
27 58 5.347
27 59 90.468
28 29 44.339
28 30 5.557
28 31 23.974
28 32 69.307
28 33 48.491
28 34 70.103
28 35 45.648
28 36 80.716
28 37 0.713
28 38 4.874
28 39 76.525
28 40 33.320
28 41 75.978
28 42 47.548
28 43 21.436
28 44 21.695
28 45 30.837
28 46 52.926
28 47 22.296
28 48 33.753
28 49 70.778
28 50 46.926
28 51 22.114
28 52 66.248
28 53 74.826
28 54 31.286
28 55 9.800
28 56 97.597
28 57 55.893
28 58 58.742
28 59 57.747
29 30 74.718
29 31 74.930
29 32 1.245
29 33 11.487
29 34 93.731
29 35 7.129
29 36 2.248
29 37 28.732
29 38 93.145
29 39 79.183
29 40 38.175
29 41 93.727
29 42 32.546
29 43 58.088
29 44 13.900
29 45 52.049
29 46 99.808
29 47 73.991
29 48 82.373
29 49 20.903
29 50 75.518
29 51 2.252
29 52 9.520
29 53 30.401
29 54 84.558
29 55 13.242
29 56 2.095
29 57 42.447
29 58 81.672
29 59 22.250
30 31 78.380
30 32 75.601
30 33 50.406
30 34 36.499
30 35 89.484
30 36 36.637
30 37 42.896
30 38 1.380
30 39 92.396
30 40 22.501
30 41 51.803
30 42 93.869
30 43 35.092
30 44 10.005
30 45 85.054
30 46 97.471
30 47 38.649
30 48 94.815
30 49 9.076
30 50 20.124
30 51 51.695
30 52 76.157
30 53 36.862
30 54 84.149
30 55 8.433
30 56 9.158
30 57 63.473
30 58 25.640
30 59 43.119
31 32 62.853
31 33 93.464
31 34 89.606
31 35 1.022
31 36 28.618
31 37 62.267
31 38 96.753
31 39 38.764
31 40 21.165
31 41 26.674
31 42 87.929
31 43 25.379
31 44 2.210
31 45 88.371
31 46 23.093
31 47 39.531
31 48 35.550
31 49 18.829
31 50 23.080
31 51 7.990
31 52 51.519
31 53 73.919
31 54 94.476
31 55 45.873
31 56 58.651
31 57 22.215
31 58 70.606
31 59 40.038
32 33 90.875
32 34 62.272
32 35 34.943
32 36 63.648
32 37 19.673
32 38 71.008
32 39 67.145
32 40 22.120
32 41 92.380
32 42 7.886
32 43 66.516
32 44 8.490
32 45 80.149
32 46 97.692
32 47 62.822
32 48 89.704
32 49 32.121
32 50 28.517
32 51 20.242
32 52 54.408
32 53 35.925
32 54 30.905
32 55 76.598
32 56 27.535
32 57 78.889
32 58 49.194
32 59 37.125
33 34 97.300
33 35 89.201
33 36 76.662
33 37 59.664
33 38 6.188
33 39 11.743
33 40 2.431
33 41 26.496
33 42 29.094
33 43 39.446
33 44 9.911
33 45 96.944
33 46 98.976
33 47 77.736
33 48 74.123
33 49 74.424
33 50 43.225
33 51 67.021
33 52 28.382
33 53 1.804
33 54 62.411
33 55 26.141
33 56 9.573
33 57 19.732
33 58 17.135
33 59 8.335
34 35 45.665
34 36 84.018
34 37 88.432
34 38 80.495
34 39 19.120
34 40 40.198
34 41 42.516
34 42 46.363
34 43 25.492
34 44 96.100
34 45 61.581
34 46 34.799
34 47 47.806
34 48 16.523
34 49 98.988
34 50 65.362
34 51 84.156
34 52 88.056
34 53 79.359
34 54 85.200
34 55 98.538
34 56 66.643
34 57 91.923
34 58 43.592
34 59 13.028
35 36 25.644
35 37 18.943
35 38 33.472
35 39 23.208
35 40 67.960
35 41 0.105
35 42 82.897
35 43 98.140
35 44 52.223
35 45 58.473
35 46 23.640
35 47 21.206
35 48 10.073
35 49 3.949
35 50 98.956
35 51 38.753
35 52 99.262
35 53 86.118
35 54 98.069
35 55 9.800
35 56 45.585
35 57 89.963
35 58 21.033
35 59 91.899
36 37 75.591
36 38 55.118
36 39 84.341
36 40 55.820
36 41 31.569
36 42 52.172
36 43 75.066
36 44 94.826
36 45 90.473
36 46 68.005
36 47 49.250
36 48 83.106
36 49 79.265
36 50 36.188
36 51 48.912
36 52 42.313
36 53 90.571
36 54 98.214
36 55 81.259
36 56 95.173
36 57 54.590
36 58 96.654
36 59 63.576
37 38 20.796
37 39 15.896
37 40 82.273
37 41 87.714
37 42 77.545
37 43 97.036
37 44 63.744
37 45 99.262
37 46 26.273
37 47 4.800
37 48 40.790
37 49 18.179
37 50 69.207
37 51 49.536
37 52 39.427
37 53 50.063
37 54 17.924
37 55 3.112
37 56 11.427
37 57 50.196
37 58 17.641
37 59 16.882
38 39 69.211
38 40 6.128
38 41 84.416
38 42 57.476
38 43 2.081
38 44 98.809
38 45 56.886
38 46 95.258
38 47 60.050
38 48 87.120
38 49 24.832
38 50 97.981
38 51 97.451
38 52 36.172
38 53 73.076
38 54 40.482
38 55 40.134
38 56 75.813
38 57 71.187
38 58 40.155
38 59 77.219
39 40 32.582
39 41 46.917
39 42 67.527
39 43 81.253
39 44 25.639
39 45 4.481
39 46 61.407
39 47 29.031
39 48 55.254
39 49 87.553
39 50 98.900
39 51 29.452
39 52 41.018
39 53 41.235
39 54 31.990
39 55 64.488
39 56 86.165
39 57 97.274
39 58 4.457
39 59 14.656
40 41 54.306
40 42 92.478
40 43 5.562
40 44 71.354
40 45 45.305
40 46 31.507
40 47 0.235
40 48 35.006
40 49 48.183
40 50 22.128
40 51 99.433
40 52 60.168
40 53 30.659
40 54 43.571
40 55 98.876
40 56 36.563
40 57 97.301
40 58 56.713
40 59 19.559
41 42 88.489
41 43 11.240
41 44 28.623
41 45 29.220
41 46 34.125
41 47 28.041
41 48 23.407
41 49 10.384
41 50 70.950
41 51 34.516
41 52 6.255
41 53 67.653
41 54 43.836
41 55 20.189
41 56 18.314
41 57 34.580
41 58 8.342
41 59 34.545
42 43 6.205
42 44 48.774
42 45 23.290
42 46 99.364
42 47 31.959
42 48 12.795
42 49 93.931
42 50 52.152
42 51 46.622
42 52 47.978
42 53 39.851
42 54 94.031
42 55 83.946
42 56 78.457
42 57 80.192
42 58 3.485
42 59 19.350
43 44 53.511
43 45 12.872
43 46 55.919
43 47 43.724
43 48 27.731
43 49 14.192
43 50 58.260
43 51 21.670
43 52 70.597
43 53 0.528
43 54 67.683
43 55 39.425
43 56 69.704
43 57 74.801
43 58 14.032
43 59 98.969
44 45 25.197
44 46 26.959
44 47 86.622
44 48 81.724
44 49 6.873
44 50 69.945
44 51 77.834
44 52 87.776
44 53 59.995
44 54 70.437
44 55 98.305
44 56 54.667
44 57 1.009
44 58 77.108
44 59 91.479
45 46 73.625
45 47 40.167
45 48 58.247
45 49 78.902
45 50 50.430
45 51 4.489
45 52 35.268
45 53 61.893
45 54 3.199
45 55 11.538
45 56 38.990
45 57 90.078
45 58 49.961
45 59 62.166
46 47 21.499
46 48 82.768
46 49 15.203
46 50 78.684
46 51 28.020
46 52 55.260
46 53 76.446
46 54 13.846
46 55 70.409
46 56 58.903
46 57 79.419
46 58 95.564
46 59 46.702
47 48 91.111
47 49 73.573
47 50 52.475
47 51 19.650
47 52 69.518
47 53 58.409
47 54 86.265
47 55 1.205
47 56 93.039
47 57 85.527
47 58 18.082
47 59 89.673
48 49 31.910
48 50 31.294
48 51 38.428
48 52 71.536
48 53 98.565
48 54 40.679
48 55 32.586
48 56 30.956
48 57 51.753
48 58 44.093
48 59 36.948
49 50 6.502
49 51 77.390
49 52 65.927
49 53 5.527
49 54 96.889
49 55 71.374
49 56 76.049
49 57 30.503
49 58 45.326
49 59 21.969
50 51 83.623
50 52 65.799
50 53 25.534
50 54 52.343
50 55 36.407
50 56 48.520
50 57 11.595
50 58 37.446
50 59 68.069
51 52 99.481
51 53 38.452
51 54 53.698
51 55 31.099
51 56 11.128
51 57 50.272
51 58 54.749
51 59 63.503
52 53 98.815
52 54 89.805
52 55 92.133
52 56 63.783
52 57 99.695
52 58 3.443
52 59 15.700
53 54 90.551
53 55 52.441
53 56 23.940
53 57 95.476
53 58 60.691
53 59 80.518
54 55 45.526
54 56 3.951
54 57 93.089
54 58 31.942
54 59 24.649
55 56 85.791
55 57 33.745
55 58 99.245
55 59 23.642
56 57 20.580
56 58 2.470
56 59 54.787
57 58 64.317
57 59 53.428
58 59 21.381
