10 2 ss 5 5 5 5 
0 1 49.395
0 2 16.404
0 3 34.722
0 4 90.414
0 5 72.441
0 6 79.808
0 7 92.429
0 8 18.491
0 9 47.613
1 2 94.302
1 3 50.170
1 4 46.847
1 5 27.511
1 6 33.119
1 7 39.049
1 8 83.545
1 9 59.355
2 3 89.438
2 4 31.898
2 5 95.850
2 6 10.812
2 7 31.158
2 8 80.612
2 9 22.225
3 4 9.127
3 5 9.413
3 6 95.047
3 7 53.117
3 8 4.992
3 9 78.690
4 5 6.993
4 6 31.782
4 7 37.513
4 8 55.212
4 9 41.725
5 6 71.805
5 7 94.716
5 8 87.265
5 9 1.792
6 7 61.510
6 8 35.221
6 9 36.215
7 8 52.923
7 9 27.112
8 9 61.032
