120 10 ds 10 12 9 12 8 14 12 16 9 14 11 13 8 12 11 15 12 15 12 16 
0 1 55.122
0 2 20.116
0 3 6.545
0 4 11.050
0 5 84.530
0 6 55.750
0 7 20.401
0 8 62.481
0 9 42.071
0 10 70.266
0 11 7.624
0 12 32.603
0 13 81.625
0 14 13.105
0 15 95.384
0 16 28.463
0 17 17.599
0 18 85.713
0 19 50.028
0 20 21.522
0 21 70.258
0 22 3.051
0 23 19.146
0 24 80.129
0 25 80.853
0 26 44.409
0 27 18.127
0 28 5.839
0 29 1.945
0 30 13.177
0 31 43.064
0 32 41.963
0 33 81.326
0 34 39.078
0 35 87.595
0 36 31.810
0 37 61.562
0 38 85.681
0 39 77.780
0 40 78.775
0 41 11.383
0 42 71.098
0 43 16.076
0 44 0.770
0 45 90.068
0 46 70.374
0 47 43.216
0 48 77.469
0 49 21.386
0 50 44.361
0 51 85.064
0 52 60.364
0 53 19.855
0 54 31.766
0 55 50.448
0 56 52.919
0 57 68.727
0 58 48.572
0 59 85.547
0 60 70.860
0 61 96.554
0 62 62.185
0 63 70.532
0 64 61.146
0 65 37.113
0 66 46.429
0 67 65.030
0 68 92.244
0 69 86.124
0 70 77.889
0 71 70.348
0 72 28.003
0 73 87.418
0 74 4.155
0 75 78.475
0 76 62.803
0 77 91.058
0 78 0.121
0 79 20.548
0 80 26.575
0 81 26.446
0 82 29.812
0 83 10.768
0 84 64.887
0 85 24.522
0 86 48.055
0 87 5.679
0 88 61.494
0 89 4.913
0 90 8.874
0 91 63.276
0 92 98.577
0 93 16.272
0 94 95.600
0 95 91.571
0 96 43.371
0 97 80.995
0 98 51.488
0 99 22.076
0 100 8.935
0 101 49.162
0 102 68.993
0 103 30.047
0 104 61.553
0 105 10.756
0 106 90.902
0 107 50.427
0 108 37.563
0 109 50.078
0 110 87.160
0 111 6.060
0 112 88.397
0 113 51.796
0 114 97.486
0 115 73.083
0 116 94.154
0 117 84.126
0 118 71.778
0 119 57.313
1 2 73.283
1 3 91.437
1 4 97.827
1 5 44.994
1 6 68.753
1 7 25.899
1 8 79.000
1 9 21.452
1 10 9.547
1 11 35.782
1 12 13.323
1 13 22.006
1 14 30.423
1 15 6.659
1 16 29.793
1 17 90.905
1 18 82.554
1 19 20.966
1 20 57.755
1 21 76.113
1 22 83.024
1 23 61.252
1 24 40.848
1 25 80.447
1 26 32.106
1 27 32.948
1 28 58.267
1 29 22.855
1 30 73.804
1 31 23.586
1 32 83.004
1 33 37.574
1 34 87.397
1 35 47.137
1 36 89.232
1 37 53.430
1 38 75.505
1 39 44.510
1 40 19.156
1 41 50.747
1 42 57.696
1 43 24.224
1 44 33.427
1 45 89.102
1 46 87.693
1 47 30.911
1 48 98.578
1 49 35.612
1 50 86.994
1 51 23.504
1 52 10.004
1 53 0.488
1 54 28.007
1 55 29.861
1 56 9.632
1 57 4.244
1 58 5.789
1 59 20.051
1 60 33.676
1 61 59.291
1 62 9.041
1 63 6.641
1 64 17.814
1 65 47.517
1 66 38.231
1 67 37.056
1 68 94.600
1 69 15.069
1 70 21.544
1 71 90.474
1 72 41.082
1 73 85.663
1 74 47.812
1 75 29.657
1 76 73.393
1 77 14.609
1 78 69.663
1 79 86.793
1 80 39.420
1 81 67.110
1 82 29.833
1 83 81.599
1 84 30.740
1 85 6.491
1 86 28.920
1 87 79.866
1 88 20.603
1 89 20.660
1 90 83.815
1 91 1.039
1 92 36.045
1 93 98.411
1 94 22.620
1 95 74.619
1 96 89.100
1 97 91.111
1 98 24.084
1 99 26.837
1 100 24.581
1 101 59.856
1 102 37.409
1 103 51.473
1 104 90.083
1 105 13.370
1 106 11.728
1 107 81.648
1 108 97.588
1 109 87.692
1 110 23.675
1 111 33.028
1 112 25.481
1 113 5.165
1 114 16.115
1 115 33.156
1 116 4.779
1 117 77.253
1 118 51.496
1 119 86.426
2 3 44.045
2 4 83.410
2 5 39.194
2 6 49.772
2 7 73.698
2 8 66.515
2 9 17.838
2 10 10.210
2 11 32.365
2 12 34.320
2 13 60.774
2 14 62.117
2 15 75.390
2 16 45.910
2 17 25.710
2 18 79.523
2 19 58.808
2 20 92.336
2 21 87.976
2 22 66.635
2 23 40.834
2 24 51.394
2 25 80.977
2 26 48.463
2 27 47.308
2 28 7.958
2 29 17.080
2 30 32.645
2 31 67.590
2 32 83.305
2 33 77.530
2 34 33.417
2 35 82.986
2 36 9.548
2 37 40.947
2 38 99.181
2 39 81.122
2 40 18.629
2 41 66.520
2 42 26.229
2 43 76.528
2 44 89.185
2 45 60.244
2 46 72.924
2 47 40.231
2 48 9.223
2 49 30.365
2 50 10.992
2 51 39.303
2 52 67.657
2 53 81.654
2 54 63.578
2 55 1.077
2 56 83.592
2 57 7.220
2 58 83.327
2 59 46.140
2 60 18.663
2 61 11.280
2 62 17.997
2 63 79.219
2 64 94.778
2 65 36.621
2 66 95.954
2 67 87.749
2 68 57.297
2 69 76.463
2 70 39.413
2 71 74.144
2 72 81.969
2 73 22.011
2 74 79.392
2 75 39.720
2 76 22.907
2 77 34.183
2 78 3.067
2 79 45.724
2 80 38.373
2 81 30.837
2 82 11.619
2 83 0.056
2 84 11.392
2 85 49.283
2 86 4.599
2 87 57.070
2 88 2.956
2 89 77.937
2 90 35.513
2 91 72.201
2 92 37.027
2 93 50.692
2 94 2.501
2 95 23.216
2 96 18.621
2 97 62.907
2 98 47.906
2 99 95.504
2 100 28.882
2 101 98.865
2 102 40.978
2 103 30.107
2 104 24.399
2 105 57.159
2 106 9.082
2 107 50.087
2 108 91.928
2 109 22.633
2 110 64.536
2 111 13.330
2 112 74.226
2 113 61.373
2 114 46.535
2 115 88.055
2 116 87.892
2 117 8.679
2 118 60.630
2 119 11.042
3 4 99.903
3 5 79.039
3 6 51.838
3 7 68.008
3 8 15.957
3 9 51.830
3 10 91.694
3 11 30.560
3 12 60.799
3 13 76.803
3 14 94.422
3 15 94.816
3 16 98.364
3 17 99.373
3 18 2.889
3 19 93.049
3 20 47.881
3 21 27.307
3 22 1.120
3 23 91.591
3 24 1.013
3 25 47.606
3 26 16.892
3 27 45.777
3 28 34.648
3 29 55.241
3 30 75.284
3 31 55.831
3 32 44.134
3 33 73.809
3 34 52.054
3 35 56.379
3 36 92.558
3 37 32.299
3 38 54.318
3 39 76.669
3 40 83.099
3 41 11.856
3 42 25.260
3 43 28.584
3 44 13.504
3 45 91.741
3 46 29.444
3 47 15.197
3 48 64.468
3 49 4.669
3 50 25.810
3 51 3.871
3 52 6.938
3 53 58.280
3 54 76.533
3 55 74.810
3 56 87.334
3 57 91.698
3 58 71.662
3 59 38.487
3 60 64.210
3 61 13.973
3 62 71.838
3 63 13.515
3 64 25.050
3 65 14.656
3 66 84.351
3 67 70.296
3 68 7.707
3 69 45.841
3 70 91.435
3 71 75.182
3 72 87.419
3 73 49.701
3 74 43.921
3 75 14.904
3 76 67.361
3 77 45.910
3 78 18.229
3 79 41.660
3 80 28.419
3 81 99.256
3 82 10.200
3 83 55.521
3 84 52.109
3 85 59.374
3 86 5.326
3 87 32.738
3 88 29.549
3 89 1.698
3 90 21.738
3 91 15.999
3 92 8.894
3 93 1.596
3 94 69.620
3 95 5.887
3 96 13.864
3 97 42.087
3 98 8.743
3 99 31.515
3 100 86.757
3 101 89.629
3 102 14.408
3 103 32.738
3 104 70.787
3 105 72.169
3 106 81.333
3 107 56.342
3 108 48.635
3 109 58.988
3 110 4.872
3 111 54.263
3 112 96.771
3 113 72.826
3 114 79.455
3 115 73.166
3 116 98.409
3 117 61.344
3 118 45.249
3 119 41.590
4 5 81.886
4 6 17.205
4 7 95.767
4 8 93.399
4 9 15.800
4 10 63.876
4 11 31.524
4 12 14.425
4 13 97.420
4 14 17.709
4 15 7.838
4 16 62.941
4 17 16.691
4 18 95.956
4 19 78.461
4 20 94.023
4 21 64.561
4 22 65.056
4 23 80.983
4 24 12.851
4 25 81.440
4 26 13.887
4 27 44.819
4 28 92.666
4 29 9.241
4 30 92.619
4 31 28.056
4 32 19.366
4 33 18.778
4 34 79.391
4 35 5.568
4 36 66.595
4 37 33.224
4 38 24.242
4 39 37.544
4 40 62.740
4 41 57.855
4 42 72.555
4 43 44.931
4 44 84.357
4 45 56.516
4 46 88.737
4 47 6.276
4 48 99.336
4 49 86.025
4 50 84.929
4 51 69.093
4 52 87.515
4 53 11.163
4 54 9.262
4 55 38.078
4 56 86.443
4 57 74.943
4 58 63.487
4 59 62.393
4 60 45.680
4 61 91.540
4 62 0.789
4 63 94.712
4 64 24.254
4 65 62.549
4 66 1.152
4 67 35.833
4 68 32.806
4 69 91.178
4 70 33.865
4 71 10.415
4 72 4.474
4 73 83.519
4 74 94.588
4 75 41.732
4 76 76.712
4 77 81.234
4 78 47.856
4 79 6.370
4 80 79.997
4 81 65.769
4 82 14.962
4 83 53.349
4 84 58.787
4 85 10.668
4 86 21.905
4 87 66.444
4 88 95.115
4 89 35.573
4 90 62.378
4 91 33.308
4 92 65.816
4 93 33.206
4 94 36.770
4 95 60.503
4 96 40.709
4 97 98.896
4 98 99.688
4 99 39.650
4 100 20.893
4 101 91.175
4 102 85.778
4 103 26.660
4 104 23.874
4 105 91.492
4 106 86.382
4 107 43.347
4 108 45.373
4 109 11.274
4 110 18.084
4 111 48.755
4 112 66.428
4 113 15.377
4 114 58.260
4 115 56.088
4 116 28.809
4 117 92.379
4 118 22.431
4 119 90.419
5 6 71.772
5 7 4.227
5 8 23.595
5 9 92.192
5 10 8.837
5 11 90.435
5 12 84.630
5 13 72.028
5 14 24.532
5 15 85.295
5 16 71.472
5 17 13.450
5 18 87.948
5 19 30.542
5 20 76.951
5 21 1.897
5 22 12.459
5 23 30.420
5 24 13.033
5 25 30.742
5 26 39.121
5 27 1.287
5 28 62.637
5 29 98.030
5 30 85.021
5 31 13.712
5 32 1.310
5 33 61.254
5 34 77.245
5 35 11.415
5 36 23.733
5 37 61.749
5 38 88.155
5 39 18.478
5 40 0.356
5 41 65.106
5 42 98.309
5 43 13.913
5 44 45.445
5 45 89.546
5 46 39.623
5 47 60.981
5 48 99.376
5 49 10.254
5 50 13.286
5 51 27.586
5 52 15.226
5 53 34.472
5 54 34.424
5 55 23.604
5 56 92.568
5 57 39.452
5 58 28.694
5 59 11.204
5 60 19.788
5 61 53.400
5 62 94.728
5 63 14.996
5 64 70.368
5 65 38.141
5 66 50.759
5 67 70.291
5 68 48.257
5 69 1.478
5 70 3.768
5 71 99.781
5 72 92.803
5 73 27.064
5 74 15.151
5 75 1.648
5 76 34.656
5 77 60.123
5 78 88.155
5 79 65.405
5 80 40.661
5 81 28.450
5 82 69.242
5 83 5.674
5 84 97.934
5 85 9.856
5 86 38.061
5 87 18.705
5 88 65.179
5 89 79.598
5 90 58.832
5 91 21.568
5 92 62.737
5 93 84.327
5 94 79.738
5 95 29.771
5 96 81.948
5 97 92.671
5 98 96.310
5 99 65.499
5 100 69.123
5 101 66.850
5 102 39.800
5 103 65.680
5 104 79.740
5 105 84.548
5 106 12.189
5 107 76.805
5 108 4.434
5 109 15.776
5 110 65.751
5 111 81.689
5 112 39.967
5 113 25.558
5 114 16.977
5 115 2.318
5 116 15.510
5 117 30.035
5 118 92.190
5 119 62.454
6 7 87.465
6 8 80.907
6 9 25.331
6 10 73.870
6 11 84.467
6 12 91.169
6 13 67.153
6 14 30.855
6 15 18.309
6 16 43.653
6 17 19.459
6 18 59.090
6 19 76.233
6 20 43.195
6 21 78.054
6 22 67.018
6 23 75.368
6 24 83.036
6 25 53.702
6 26 90.533
6 27 91.042
6 28 96.616
6 29 41.662
6 30 5.087
6 31 67.296
6 32 56.999
6 33 27.274
6 34 3.255
6 35 80.101
6 36 67.909
6 37 47.577
6 38 0.354
6 39 51.665
6 40 62.733
6 41 77.092
6 42 35.878
6 43 7.612
6 44 90.827
6 45 69.662
6 46 84.300
6 47 27.944
6 48 24.064
6 49 67.663
6 50 75.258
6 51 67.384
6 52 60.832
6 53 84.870
6 54 50.139
6 55 11.026
6 56 39.512
6 57 79.974
6 58 49.801
6 59 87.201
6 60 98.994
6 61 63.936
6 62 36.437
6 63 81.004
6 64 39.867
6 65 26.341
6 66 1.530
6 67 79.184
6 68 46.686
6 69 23.369
6 70 1.394
6 71 29.903
6 72 29.075
6 73 43.171
6 74 91.969
6 75 19.320
6 76 27.388
6 77 53.221
6 78 5.347
6 79 51.072
6 80 7.307
6 81 38.581
6 82 21.921
6 83 64.385
6 84 36.955
6 85 60.056
6 86 44.099
6 87 41.932
6 88 99.995
6 89 96.847
6 90 70.227
6 91 39.451
6 92 48.647
6 93 89.601
6 94 0.623
6 95 15.790
6 96 41.696
6 97 66.614
6 98 81.580
6 99 54.179
6 100 44.275
6 101 18.513
6 102 7.749
6 103 43.421
6 104 88.597
6 105 84.833
6 106 58.462
6 107 31.114
6 108 7.773
6 109 29.723
6 110 39.385
6 111 70.118
6 112 58.490
6 113 13.374
6 114 37.301
6 115 54.170
6 116 42.535
6 117 10.805
6 118 72.871
6 119 78.913
7 8 22.049
7 9 90.272
7 10 53.914
7 11 70.514
7 12 98.837
7 13 39.838
7 14 90.027
7 15 95.682
7 16 94.232
7 17 22.553
7 18 28.310
7 19 4.059
7 20 22.680
7 21 48.185
7 22 9.491
7 23 56.821
7 24 99.647
7 25 72.600
7 26 23.948
7 27 63.758
7 28 62.377
7 29 74.678
7 30 67.906
7 31 85.208
7 32 10.690
7 33 15.003
7 34 61.510
7 35 54.906
7 36 94.212
7 37 50.631
7 38 92.553
7 39 45.152
7 40 82.310
7 41 65.855
7 42 92.276
7 43 26.660
7 44 53.504
7 45 80.155
7 46 32.992
7 47 72.026
7 48 32.202
7 49 11.447
7 50 61.182
7 51 13.967
7 52 82.398
7 53 5.214
7 54 44.296
7 55 97.299
7 56 40.277
7 57 88.304
7 58 14.628
7 59 57.117
7 60 30.715
7 61 69.889
7 62 39.465
7 63 14.657
7 64 66.225
7 65 91.533
7 66 33.130
7 67 7.112
7 68 71.185
7 69 23.288
7 70 53.576
7 71 57.921
7 72 9.004
7 73 13.413
7 74 93.879
7 75 50.066
7 76 15.401
7 77 25.566
7 78 87.272
7 79 86.475
7 80 57.082
7 81 39.210
7 82 93.292
7 83 8.825
7 84 41.809
7 85 46.510
7 86 22.150
7 87 98.889
7 88 3.265
7 89 52.134
7 90 84.635
7 91 5.022
7 92 72.068
7 93 71.125
7 94 25.633
7 95 20.453
7 96 22.921
7 97 24.431
7 98 10.792
7 99 89.771
7 100 57.114
7 101 51.695
7 102 87.907
7 103 35.322
7 104 39.461
7 105 96.524
7 106 37.262
7 107 76.186
7 108 59.248
7 109 70.765
7 110 58.496
7 111 58.977
7 112 25.868
7 113 71.188
7 114 15.455
7 115 31.953
7 116 41.574
7 117 4.487
7 118 75.055
7 119 71.695
8 9 16.128
8 10 74.692
8 11 31.376
8 12 15.137
8 13 1.127
8 14 0.797
8 15 1.958
8 16 58.749
8 17 25.386
8 18 61.870
8 19 19.765
8 20 61.440
8 21 7.011
8 22 11.869
8 23 21.261
8 24 28.024
8 25 2.644
8 26 67.074
8 27 48.779
8 28 56.105
8 29 29.868
8 30 45.302
8 31 43.621
8 32 0.762
8 33 64.843
8 34 27.955
8 35 5.286
8 36 48.676
8 37 74.027
8 38 23.492
8 39 31.740
8 40 96.134
8 41 86.149
8 42 34.038
8 43 35.858
8 44 93.814
8 45 48.637
8 46 65.637
8 47 53.920
8 48 55.351
8 49 41.275
8 50 77.026
8 51 23.531
8 52 26.367
8 53 39.132
8 54 31.842
8 55 10.306
8 56 76.001
8 57 26.660
8 58 4.812
8 59 5.425
8 60 3.910
8 61 65.338
8 62 93.757
8 63 99.389
8 64 52.331
8 65 8.353
8 66 6.117
8 67 61.282
8 68 74.944
8 69 37.573
8 70 21.226
8 71 17.364
8 72 42.172
8 73 70.393
8 74 77.746
8 75 28.021
8 76 55.964
8 77 47.042
8 78 99.371
8 79 7.889
8 80 6.204
8 81 62.560
8 82 51.383
8 83 20.371
8 84 25.605
8 85 51.875
8 86 15.593
8 87 4.867
8 88 90.270
8 89 71.285
8 90 81.898
8 91 62.669
8 92 69.052
8 93 45.129
8 94 80.921
8 95 35.786
8 96 46.447
8 97 62.566
8 98 24.108
8 99 61.904
8 100 30.938
8 101 16.078
8 102 75.176
8 103 78.222
8 104 13.564
8 105 70.724
8 106 49.952
8 107 77.074
8 108 59.917
8 109 41.127
8 110 30.395
8 111 87.080
8 112 2.882
8 113 31.804
8 114 83.029
8 115 64.947
8 116 53.120
8 117 65.676
8 118 91.972
8 119 35.140
9 10 59.632
9 11 85.478
9 12 52.457
9 13 7.289
9 14 33.705
9 15 63.255
9 16 21.966
9 17 34.495
9 18 96.119
9 19 94.254
9 20 92.997
9 21 49.659
9 22 19.691
9 23 83.267
9 24 34.037
9 25 31.458
9 26 17.090
9 27 53.830
9 28 43.405
9 29 6.821
9 30 67.284
9 31 23.668
9 32 74.453
9 33 92.512
9 34 83.077
9 35 93.426
9 36 19.961
9 37 14.881
9 38 96.910
9 39 89.899
9 40 88.624
9 41 23.893
9 42 82.407
9 43 89.909
9 44 67.126
9 45 35.200
9 46 35.134
9 47 26.412
9 48 37.622
9 49 92.361
9 50 7.591
9 51 44.551
9 52 12.284
9 53 40.181
9 54 30.692
9 55 32.118
9 56 54.136
9 57 39.766
9 58 56.795
9 59 96.238
9 60 76.519
9 61 35.996
9 62 27.823
9 63 96.071
9 64 52.307
9 65 8.965
9 66 6.086
9 67 69.970
9 68 18.384
9 69 2.342
9 70 5.115
9 71 14.731
9 72 30.917
9 73 23.673
9 74 23.175
9 75 84.470
9 76 12.608
9 77 54.290
9 78 13.056
9 79 77.128
9 80 34.358
9 81 89.838
9 82 18.335
9 83 67.731
9 84 90.703
9 85 56.317
9 86 68.510
9 87 29.255
9 88 60.863
9 89 11.102
9 90 53.226
9 91 54.337
9 92 95.423
9 93 43.597
9 94 89.302
9 95 54.020
9 96 32.422
9 97 35.935
9 98 53.298
9 99 63.380
9 100 26.011
9 101 30.623
9 102 77.130
9 103 28.082
9 104 65.867
9 105 79.018
9 106 94.510
9 107 80.799
9 108 76.218
9 109 12.246
9 110 82.003
9 111 41.904
9 112 9.551
9 113 84.454
9 114 60.033
9 115 94.972
9 116 92.023
9 117 87.203
9 118 6.397
9 119 94.343
10 11 35.092
10 12 23.386
10 13 87.672
10 14 59.395
10 15 1.009
10 16 59.212
10 17 32.358
10 18 98.120
10 19 98.633
10 20 43.594
10 21 53.687
10 22 81.264
10 23 90.364
10 24 95.726
10 25 79.723
10 26 57.474
10 27 11.065
10 28 13.660
10 29 63.724
10 30 59.798
10 31 35.442
10 32 49.395
10 33 28.687
10 34 4.359
10 35 81.663
10 36 29.265
10 37 46.568
10 38 23.129
10 39 5.846
10 40 72.351
10 41 64.911
10 42 4.485
10 43 24.609
10 44 74.213
10 45 71.402
10 46 37.578
10 47 0.990
10 48 78.360
10 49 30.368
10 50 69.540
10 51 42.826
10 52 53.746
10 53 34.293
10 54 88.164
10 55 92.079
10 56 32.942
10 57 88.140
10 58 36.936
10 59 28.598
10 60 42.732
10 61 84.602
10 62 54.156
10 63 72.479
10 64 76.527
10 65 34.362
10 66 3.377
10 67 45.422
10 68 16.309
10 69 87.014
10 70 28.502
10 71 43.412
10 72 10.730
10 73 15.520
10 74 23.611
10 75 80.539
10 76 55.557
10 77 39.900
10 78 54.973
10 79 86.942
10 80 2.815
10 81 34.306
10 82 10.663
10 83 82.611
10 84 45.782
10 85 95.719
10 86 81.830
10 87 3.199
10 88 88.437
10 89 52.228
10 90 98.901
10 91 23.983
10 92 9.978
10 93 54.140
10 94 55.861
10 95 13.797
10 96 77.734
10 97 22.188
10 98 56.248
10 99 51.992
10 100 45.070
10 101 23.620
10 102 5.606
10 103 58.396
10 104 94.845
10 105 9.222
10 106 56.880
10 107 18.769
10 108 53.482
10 109 72.109
10 110 87.605
10 111 36.361
10 112 5.940
10 113 82.606
10 114 50.725
10 115 4.001
10 116 87.638
10 117 12.611
10 118 94.485
10 119 70.482
11 12 15.828
11 13 87.538
11 14 91.099
11 15 70.086
11 16 49.957
11 17 94.285
11 18 48.727
11 19 94.684
11 20 38.236
11 21 29.594
11 22 6.815
11 23 14.150
11 24 15.930
11 25 94.804
11 26 30.940
11 27 92.711
11 28 69.824
11 29 30.156
11 30 30.069
11 31 6.374
11 32 72.845
11 33 34.664
11 34 16.457
11 35 39.713
11 36 23.024
11 37 36.032
11 38 16.460
11 39 29.083
11 40 91.756
11 41 59.151
11 42 19.096
11 43 23.696
11 44 97.771
11 45 91.449
11 46 18.453
11 47 56.048
11 48 75.251
11 49 58.670
11 50 65.912
11 51 48.793
11 52 97.218
11 53 5.639
11 54 98.616
11 55 36.464
11 56 48.625
11 57 23.136
11 58 51.757
11 59 47.309
11 60 17.494
11 61 74.214
11 62 93.967
11 63 73.046
11 64 87.005
11 65 51.133
11 66 47.487
11 67 52.481
11 68 66.606
11 69 37.533
11 70 67.749
11 71 8.698
11 72 96.034
11 73 59.546
11 74 60.644
11 75 8.925
11 76 92.540
11 77 84.272
11 78 9.971
11 79 61.215
11 80 88.673
11 81 64.357
11 82 72.434
11 83 22.702
11 84 25.661
11 85 33.380
11 86 73.034
11 87 70.468
11 88 25.707
11 89 28.328
11 90 99.833
11 91 77.980
11 92 65.470
11 93 52.656
11 94 53.775
11 95 47.517
11 96 12.529
11 97 96.256
11 98 56.654
11 99 72.221
11 100 66.813
11 101 97.113
11 102 58.260
11 103 40.116
11 104 69.789
11 105 63.513
11 106 12.394
11 107 46.866
11 108 5.607
11 109 75.368
11 110 10.643
11 111 54.063
11 112 20.472
11 113 48.573
11 114 72.692
11 115 15.456
11 116 29.170
11 117 77.233
11 118 92.434
11 119 94.836
12 13 60.996
12 14 65.225
12 15 30.237
12 16 16.153
12 17 21.231
12 18 20.723
12 19 23.496
12 20 18.983
12 21 8.901
12 22 15.179
12 23 59.931
12 24 40.607
12 25 36.691
12 26 1.689
12 27 21.093
12 28 9.709
12 29 44.711
12 30 46.768
12 31 57.161
12 32 16.132
12 33 86.229
12 34 54.262
12 35 98.332
12 36 16.118
12 37 90.542
12 38 50.446
12 39 42.990
12 40 43.123
12 41 75.813
12 42 55.333
12 43 88.314
12 44 20.559
12 45 93.040
12 46 86.788
12 47 85.102
12 48 14.698
12 49 31.204
12 50 31.251
12 51 5.330
12 52 23.536
12 53 3.227
12 54 67.698
12 55 8.328
12 56 70.489
12 57 62.534
12 58 49.957
12 59 79.428
12 60 60.632
12 61 70.820
12 62 36.517
12 63 93.586
12 64 61.551
12 65 49.027
12 66 6.752
12 67 25.674
12 68 90.889
12 69 95.628
12 70 17.747
12 71 89.049
12 72 28.345
12 73 48.946
12 74 36.903
12 75 34.444
12 76 21.120
12 77 3.573
12 78 32.089
12 79 82.390
12 80 18.729
12 81 64.850
12 82 13.281
12 83 94.070
12 84 55.584
12 85 39.943
12 86 97.495
12 87 7.910
12 88 97.936
12 89 19.221
12 90 12.256
12 91 82.166
12 92 85.493
12 93 97.426
12 94 61.941
12 95 87.398
12 96 27.469
12 97 20.568
12 98 56.028
12 99 86.969
12 100 57.791
12 101 21.534
12 102 38.626
12 103 28.533
12 104 14.883
12 105 25.051
12 106 64.613
12 107 45.017
12 108 87.673
12 109 60.969
12 110 39.291
12 111 29.667
12 112 61.398
12 113 23.738
12 114 75.676
12 115 6.495
12 116 4.278
12 117 55.521
12 118 26.372
12 119 64.818
13 14 59.292
13 15 10.543
13 16 15.430
13 17 64.573
13 18 44.032
13 19 79.081
13 20 29.687
13 21 47.690
13 22 16.047
13 23 10.946
13 24 28.780
13 25 10.073
13 26 31.070
13 27 80.328
13 28 98.353
13 29 98.564
13 30 7.177
13 31 76.563
13 32 1.946
13 33 97.787
13 34 9.214
13 35 88.698
13 36 83.645
13 37 62.869
13 38 84.701
13 39 75.634
13 40 35.735
13 41 35.765
13 42 14.940
13 43 78.179
13 44 73.498
13 45 55.286
13 46 93.226
13 47 34.537
13 48 52.691
13 49 33.928
13 50 5.796
13 51 6.540
13 52 24.354
13 53 28.185
13 54 70.567
13 55 10.370
13 56 46.315
13 57 73.300
13 58 83.728
13 59 72.552
13 60 61.051
13 61 88.244
13 62 34.887
13 63 99.704
13 64 5.560
13 65 82.217
13 66 77.761
13 67 58.789
13 68 40.471
13 69 10.074
13 70 85.280
13 71 13.581
13 72 72.800
13 73 30.818
13 74 75.486
13 75 52.584
13 76 99.640
13 77 20.665
13 78 67.781
13 79 73.821
13 80 18.482
13 81 80.166
13 82 17.816
13 83 62.719
13 84 33.982
13 85 53.506
13 86 83.729
13 87 10.736
13 88 40.668
13 89 47.310
13 90 96.452
13 91 74.427
13 92 76.439
13 93 96.176
13 94 42.451
13 95 67.319
13 96 22.651
13 97 72.625
13 98 18.526
13 99 10.282
13 100 73.151
13 101 80.267
13 102 85.218
13 103 39.980
13 104 6.876
13 105 0.761
13 106 27.854
13 107 89.561
13 108 76.402
13 109 87.438
13 110 32.427
13 111 10.921
13 112 68.344
13 113 11.522
13 114 97.281
13 115 3.647
13 116 0.541
13 117 70.446
13 118 30.952
13 119 52.220
14 15 95.715
14 16 62.004
14 17 31.538
14 18 50.059
14 19 11.571
14 20 12.979
14 21 3.633
14 22 6.700
14 23 13.316
14 24 26.323
14 25 45.093
14 26 92.687
14 27 46.116
14 28 77.117
14 29 27.846
14 30 75.671
14 31 2.242
14 32 44.265
14 33 4.429
14 34 40.801
14 35 80.469
14 36 12.240
14 37 95.109
14 38 68.606
14 39 3.772
14 40 15.175
14 41 49.215
14 42 64.426
14 43 95.419
14 44 24.237
14 45 28.676
14 46 94.849
14 47 13.290
14 48 98.423
14 49 31.816
14 50 88.649
14 51 7.569
14 52 28.811
14 53 61.074
14 54 2.426
14 55 97.918
14 56 6.769
14 57 39.595
14 58 34.438
14 59 62.833
14 60 37.737
14 61 98.540
14 62 94.019
14 63 96.062
14 64 3.962
14 65 89.467
14 66 98.566
14 67 12.838
14 68 51.881
14 69 24.301
14 70 75.219
14 71 82.087
14 72 42.894
14 73 9.152
14 74 90.191
14 75 19.910
14 76 59.821
14 77 17.663
14 78 15.095
14 79 4.295
14 80 5.637
14 81 44.575
14 82 66.697
14 83 61.365
14 84 65.887
14 85 90.842
14 86 24.188
14 87 29.448
14 88 31.704
14 89 57.886
14 90 36.356
14 91 28.793
14 92 96.464
14 93 70.521
14 94 79.993
14 95 52.004
14 96 45.836
14 97 5.525
14 98 20.397
14 99 43.060
14 100 58.363
14 101 76.055
14 102 55.011
14 103 51.291
14 104 21.680
14 105 10.812
14 106 92.060
14 107 30.702
14 108 48.118
14 109 71.296
14 110 27.444
14 111 4.812
14 112 42.646
14 113 70.494
14 114 35.213
14 115 32.440
14 116 36.000
14 117 91.984
14 118 79.627
14 119 90.888
15 16 46.302
15 17 59.721
15 18 90.100
15 19 39.505
15 20 73.619
15 21 75.660
15 22 14.248
15 23 38.845
15 24 63.623
15 25 24.882
15 26 78.822
15 27 78.480
15 28 98.900
15 29 46.050
15 30 43.470
15 31 9.937
15 32 89.416
15 33 78.777
15 34 28.099
15 35 90.366
15 36 37.295
15 37 28.883
15 38 30.991
15 39 17.220
15 40 45.267
15 41 37.562
15 42 31.919
15 43 74.560
15 44 23.039
15 45 1.078
15 46 92.162
15 47 17.577
15 48 21.313
15 49 63.929
15 50 21.628
15 51 93.474
15 52 89.282
15 53 0.275
15 54 82.209
15 55 34.093
15 56 8.197
15 57 5.968
15 58 36.060
15 59 58.471
15 60 0.935
15 61 46.648
15 62 27.655
15 63 91.988
15 64 55.505
15 65 46.166
15 66 9.272
15 67 42.843
15 68 29.039
15 69 53.953
15 70 81.011
15 71 76.306
15 72 18.033
15 73 0.004
15 74 18.460
15 75 92.516
15 76 90.509
15 77 31.779
15 78 3.825
15 79 44.568
15 80 76.206
15 81 28.589
15 82 59.652
15 83 30.199
15 84 2.063
15 85 5.935
15 86 8.150
15 87 52.593
15 88 41.975
15 89 54.788
15 90 43.734
15 91 73.675
15 92 22.164
15 93 8.939
15 94 11.527
15 95 76.683
15 96 86.518
15 97 97.314
15 98 30.402
15 99 13.935
15 100 79.821
15 101 17.562
15 102 85.549
15 103 40.379
15 104 51.089
15 105 62.213
15 106 42.609
15 107 23.860
15 108 14.052
15 109 39.376
15 110 3.091
15 111 78.999
15 112 27.316
15 113 56.207
15 114 29.095
15 115 93.156
15 116 72.865
15 117 75.255
15 118 14.280
15 119 0.146
16 17 18.301
16 18 11.350
16 19 67.570
16 20 10.240
16 21 45.555
16 22 9.794
16 23 6.283
16 24 23.397
16 25 16.839
16 26 35.442
16 27 26.128
16 28 36.790
16 29 27.170
16 30 6.590
16 31 26.996
16 32 7.383
16 33 62.082
16 34 27.667
16 35 25.475
16 36 45.647
16 37 38.964
16 38 10.338
16 39 77.710
16 40 97.452
16 41 60.985
16 42 23.891
16 43 69.550
16 44 17.787
16 45 53.660
16 46 82.705
16 47 4.820
16 48 52.117
16 49 85.849
16 50 61.087
16 51 37.110
16 52 19.060
16 53 99.363
16 54 23.920
16 55 45.684
16 56 31.508
16 57 84.307
16 58 75.338
16 59 51.860
16 60 2.392
16 61 40.943
16 62 57.042
16 63 8.677
16 64 56.011
16 65 63.060
16 66 72.863
16 67 73.709
16 68 6.169
16 69 62.715
16 70 76.867
16 71 92.539
16 72 68.315
16 73 31.711
16 74 38.527
16 75 78.736
16 76 44.492
16 77 1.253
16 78 90.404
16 79 75.091
16 80 57.054
16 81 18.014
16 82 71.288
16 83 20.418
16 84 10.012
16 85 2.154
16 86 0.901
16 87 26.394
16 88 25.258
16 89 90.863
16 90 61.030
16 91 89.738
16 92 35.049
16 93 99.589
16 94 12.352
16 95 26.427
16 96 11.817
16 97 52.361
16 98 46.235
16 99 16.714
16 100 81.696
16 101 42.472
16 102 56.447
16 103 92.377
16 104 99.150
16 105 85.290
16 106 16.954
16 107 80.951
16 108 56.609
16 109 16.058
16 110 68.923
16 111 45.591
16 112 65.296
16 113 67.305
16 114 52.519
16 115 23.784
16 116 71.194
16 117 32.822
16 118 67.261
16 119 73.302
17 18 63.617
17 19 88.193
17 20 8.463
17 21 79.588
17 22 92.883
17 23 91.425
17 24 6.680
17 25 65.179
17 26 38.329
17 27 31.515
17 28 92.089
17 29 68.846
17 30 58.216
17 31 27.613
17 32 16.398
17 33 29.793
17 34 9.051
17 35 6.959
17 36 91.142
17 37 20.538
17 38 43.413
17 39 5.862
17 40 43.088
17 41 21.080
17 42 82.590
17 43 44.742
17 44 45.051
17 45 16.435
17 46 13.164
17 47 25.612
17 48 53.503
17 49 29.865
17 50 75.146
17 51 88.374
17 52 73.174
17 53 74.879
17 54 93.314
17 55 40.902
17 56 73.216
17 57 20.539
17 58 53.164
17 59 47.132
17 60 99.517
17 61 16.629
17 62 38.166
17 63 17.251
17 64 63.425
17 65 17.960
17 66 26.011
17 67 94.545
17 68 38.364
17 69 80.334
17 70 88.095
17 71 74.596
17 72 62.776
17 73 74.660
17 74 48.701
17 75 24.249
17 76 30.285
17 77 80.240
17 78 38.179
17 79 90.134
17 80 46.168
17 81 73.431
17 82 17.861
17 83 99.517
17 84 42.969
17 85 23.682
17 86 63.553
17 87 59.874
17 88 77.478
17 89 45.375
17 90 69.142
17 91 57.799
17 92 76.336
17 93 30.953
17 94 72.180
17 95 42.751
17 96 58.166
17 97 8.486
17 98 9.284
17 99 56.605
17 100 36.376
17 101 25.128
17 102 80.755
17 103 36.106
17 104 98.721
17 105 56.858
17 106 41.030
17 107 72.052
17 108 67.179
17 109 84.417
17 110 34.431
17 111 56.388
17 112 64.883
17 113 55.577
17 114 64.094
17 115 86.412
17 116 55.596
17 117 74.622
17 118 16.086
17 119 23.871
18 19 75.613
18 20 21.395
18 21 60.396
18 22 25.976
18 23 48.003
18 24 4.290
18 25 15.820
18 26 75.250
18 27 54.748
18 28 94.248
18 29 96.749
18 30 35.572
18 31 43.591
18 32 70.125
18 33 56.389
18 34 52.922
18 35 63.311
18 36 29.708
18 37 3.222
18 38 1.068
18 39 53.672
18 40 85.240
18 41 95.287
18 42 44.780
18 43 64.411
18 44 67.437
18 45 10.360
18 46 56.173
18 47 41.425
18 48 7.841
18 49 49.167
18 50 73.364
18 51 97.700
18 52 55.731
18 53 53.486
18 54 34.888
18 55 81.545
18 56 12.895
18 57 11.318
18 58 58.180
18 59 65.334
18 60 37.223
18 61 77.271
18 62 55.903
18 63 4.252
18 64 74.392
18 65 57.879
18 66 0.025
18 67 56.391
18 68 25.835
18 69 98.782
18 70 50.302
18 71 13.114
18 72 50.748
18 73 63.527
18 74 61.143
18 75 61.704
18 76 30.038
18 77 12.217
18 78 68.882
18 79 91.120
18 80 90.951
18 81 72.302
18 82 40.038
18 83 56.051
18 84 2.518
18 85 43.517
18 86 30.420
18 87 34.486
18 88 4.015
18 89 94.311
18 90 64.781
18 91 49.676
18 92 21.319
18 93 88.067
18 94 97.216
18 95 78.614
18 96 59.325
18 97 23.979
18 98 53.621
18 99 36.063
18 100 32.533
18 101 89.690
18 102 89.244
18 103 5.683
18 104 10.448
18 105 0.583
18 106 16.757
18 107 87.949
18 108 9.627
18 109 44.132
18 110 73.234
18 111 48.317
18 112 59.994
18 113 56.740
18 114 98.062
18 115 78.508
18 116 9.481
18 117 35.245
18 118 88.014
18 119 28.772
19 20 8.097
19 21 25.584
19 22 80.624
19 23 29.663
19 24 30.208
19 25 37.067
19 26 92.444
19 27 98.112
19 28 52.101
19 29 2.304
19 30 4.907
19 31 14.484
19 32 0.849
19 33 40.009
19 34 47.261
19 35 64.822
19 36 30.027
19 37 80.775
19 38 73.366
19 39 65.626
19 40 58.009
19 41 84.340
19 42 67.181
19 43 27.299
19 44 25.396
19 45 10.959
19 46 40.353
19 47 66.746
19 48 89.511
19 49 9.196
19 50 4.560
19 51 49.694
19 52 75.992
19 53 47.803
19 54 11.134
19 55 28.875
19 56 50.157
19 57 50.282
19 58 50.969
19 59 45.545
19 60 54.135
19 61 87.318
19 62 98.841
19 63 78.674
19 64 79.667
19 65 44.504
19 66 67.991
19 67 58.655
19 68 11.054
19 69 10.552
19 70 13.201
19 71 10.553
19 72 77.874
19 73 24.714
19 74 83.577
19 75 55.670
19 76 2.926
19 77 81.157
19 78 79.854
19 79 79.576
19 80 17.253
19 81 12.776
19 82 15.294
19 83 69.818
19 84 41.165
19 85 67.259
19 86 14.103
19 87 37.131
19 88 97.863
19 89 44.159
19 90 6.778
19 91 60.246
19 92 34.538
19 93 83.324
19 94 97.914
19 95 36.309
19 96 74.787
19 97 82.252
19 98 88.738
19 99 76.419
19 100 15.692
19 101 72.728
19 102 33.997
19 103 58.939
19 104 13.132
19 105 5.621
19 106 0.822
19 107 42.036
19 108 69.653
19 109 76.738
19 110 75.794
19 111 41.241
19 112 50.683
19 113 76.387
19 114 35.687
19 115 97.909
19 116 6.902
19 117 60.601
19 118 57.213
19 119 0.043
20 21 73.281
20 22 22.951
20 23 91.597
20 24 68.258
20 25 48.576
20 26 92.450
20 27 70.916
20 28 86.526
20 29 33.007
20 30 95.256
20 31 44.869
20 32 39.887
20 33 16.400
20 34 95.723
20 35 69.013
20 36 19.435
20 37 64.241
20 38 75.790
20 39 78.507
20 40 68.675
20 41 44.901
20 42 20.801
20 43 84.967
20 44 74.721
20 45 77.693
20 46 54.536
20 47 28.348
20 48 52.854
20 49 58.514
20 50 6.576
20 51 0.556
20 52 33.563
20 53 37.460
20 54 1.081
20 55 33.042
20 56 37.514
20 57 81.123
20 58 27.639
20 59 6.709
20 60 15.722
20 61 51.209
20 62 92.060
20 63 99.204
20 64 39.795
20 65 70.644
20 66 47.797
20 67 32.054
20 68 50.183
20 69 28.547
20 70 77.174
20 71 18.059
20 72 9.215
20 73 96.210
20 74 25.630
20 75 37.995
20 76 60.033
20 77 87.674
20 78 91.955
20 79 94.910
20 80 62.593
20 81 0.549
20 82 42.770
20 83 4.152
20 84 63.538
20 85 15.371
20 86 50.497
20 87 77.762
20 88 58.008
20 89 15.121
20 90 50.635
20 91 52.992
20 92 18.358
20 93 10.435
20 94 76.357
20 95 96.416
20 96 97.267
20 97 20.603
20 98 56.294
20 99 87.486
20 100 60.869
20 101 65.608
20 102 54.813
20 103 48.385
20 104 71.312
20 105 70.288
20 106 93.178
20 107 40.600
20 108 17.529
20 109 68.093
20 110 14.706
20 111 92.932
20 112 88.041
20 113 18.993
20 114 47.341
20 115 60.469
20 116 90.254
20 117 23.743
20 118 73.047
20 119 39.581
21 22 46.974
21 23 25.036
21 24 34.976
21 25 80.077
21 26 42.754
21 27 34.977
21 28 0.610
21 29 42.420
21 30 50.240
21 31 17.874
21 32 51.875
21 33 45.259
21 34 39.773
21 35 87.528
21 36 91.698
21 37 36.514
21 38 64.322
21 39 48.972
21 40 40.561
21 41 99.871
21 42 16.200
21 43 26.081
21 44 46.301
21 45 77.785
21 46 72.015
21 47 68.481
21 48 45.763
21 49 51.944
21 50 77.997
21 51 23.890
21 52 97.831
21 53 72.649
21 54 79.060
21 55 95.314
21 56 53.975
21 57 69.652
21 58 61.896
21 59 76.449
21 60 44.658
21 61 8.771
21 62 64.893
21 63 73.183
21 64 37.759
21 65 80.925
21 66 5.818
21 67 74.293
21 68 68.634
21 69 23.248
21 70 91.979
21 71 30.184
21 72 50.540
21 73 75.540
21 74 6.975
21 75 35.011
21 76 48.813
21 77 69.556
21 78 13.161
21 79 84.505
21 80 42.561
21 81 33.501
21 82 69.594
21 83 99.550
21 84 3.572
21 85 69.577
21 86 41.505
21 87 63.842
21 88 93.715
21 89 28.554
21 90 69.232
21 91 22.878
21 92 19.335
21 93 62.058
21 94 72.070
21 95 31.088
21 96 83.960
21 97 80.659
21 98 85.625
21 99 14.097
21 100 49.102
21 101 83.800
21 102 70.070
21 103 33.887
21 104 47.017
21 105 56.243
21 106 81.022
21 107 6.082
21 108 88.989
21 109 44.935
21 110 64.876
21 111 20.617
21 112 78.049
21 113 40.069
21 114 25.968
21 115 59.711
21 116 65.977
21 117 84.591
21 118 14.313
21 119 90.399
22 23 91.035
22 24 27.539
22 25 99.477
22 26 32.781
22 27 95.079
22 28 18.298
22 29 28.704
22 30 69.688
22 31 46.527
22 32 11.276
22 33 15.560
22 34 68.682
22 35 89.124
22 36 13.441
22 37 69.111
22 38 33.043
22 39 95.514
22 40 60.796
22 41 53.052
22 42 84.901
22 43 29.363
22 44 54.114
22 45 59.238
22 46 10.640
22 47 10.070
22 48 19.104
22 49 90.690
22 50 66.445
22 51 30.099
22 52 81.671
22 53 75.432
22 54 50.119
22 55 96.517
22 56 65.049
22 57 74.408
22 58 94.248
22 59 55.548
22 60 22.330
22 61 4.247
22 62 25.330
22 63 11.782
22 64 15.254
22 65 68.785
22 66 63.659
22 67 72.125
22 68 38.146
22 69 82.024
22 70 9.570
22 71 28.669
22 72 64.461
22 73 69.612
22 74 73.062
22 75 44.369
22 76 62.680
22 77 55.930
22 78 55.871
22 79 20.732
22 80 88.111
22 81 79.529
22 82 87.740
22 83 7.702
22 84 7.696
22 85 30.926
22 86 51.942
22 87 62.475
22 88 55.985
22 89 73.672
22 90 9.027
22 91 76.233
22 92 52.212
22 93 92.096
22 94 42.316
22 95 65.556
22 96 30.751
22 97 7.310
22 98 3.850
22 99 68.798
22 100 50.235
22 101 16.811
22 102 35.298
22 103 96.720
22 104 50.218
22 105 42.395
22 106 74.734
22 107 61.456
22 108 18.507
22 109 16.166
22 110 37.294
22 111 48.150
22 112 17.155
22 113 94.999
22 114 75.335
22 115 99.622
22 116 90.589
22 117 70.153
22 118 82.079
22 119 55.945
23 24 45.472
23 25 30.581
23 26 1.600
23 27 28.068
23 28 48.611
23 29 46.012
23 30 47.608
23 31 87.430
23 32 36.623
23 33 59.045
23 34 13.617
23 35 21.966
23 36 69.022
23 37 14.229
23 38 77.928
23 39 42.997
23 40 85.032
23 41 6.534
23 42 68.237
23 43 27.200
23 44 43.657
23 45 1.615
23 46 52.778
23 47 43.180
23 48 36.390
23 49 65.915
23 50 67.546
23 51 43.134
23 52 62.465
23 53 45.941
23 54 72.459
23 55 96.669
23 56 47.633
23 57 52.915
23 58 53.271
23 59 6.049
23 60 69.204
23 61 41.555
23 62 50.540
23 63 69.971
23 64 22.449
23 65 19.848
23 66 2.191
23 67 56.445
23 68 26.455
23 69 90.470
23 70 31.986
23 71 4.405
23 72 21.125
23 73 3.907
23 74 2.626
23 75 98.418
23 76 51.268
23 77 98.331
23 78 79.295
23 79 51.160
23 80 68.573
23 81 11.943
23 82 17.102
23 83 84.312
23 84 7.769
23 85 79.761
23 86 94.196
23 87 20.090
23 88 9.356
23 89 68.723
23 90 61.245
23 91 82.842
23 92 68.065
23 93 62.503
23 94 67.519
23 95 62.971
23 96 83.545
23 97 80.577
23 98 54.007
23 99 13.907
23 100 77.765
23 101 4.831
23 102 74.785
23 103 36.917
23 104 22.243
23 105 91.433
23 106 19.277
23 107 58.281
23 108 87.451
23 109 65.673
23 110 60.117
23 111 18.648
23 112 86.585
23 113 33.147
23 114 43.978
23 115 75.393
23 116 36.426
23 117 91.908
23 118 76.039
23 119 65.333
24 25 99.063
24 26 97.123
24 27 22.710
24 28 87.400
24 29 0.066
24 30 12.281
24 31 71.737
24 32 42.689
24 33 40.987
24 34 79.142
24 35 44.036
24 36 12.746
24 37 37.106
24 38 52.396
24 39 47.376
24 40 66.060
24 41 14.928
24 42 74.379
24 43 98.462
24 44 57.425
24 45 98.185
24 46 10.237
24 47 17.031
24 48 25.160
24 49 95.951
24 50 24.544
24 51 13.223
24 52 97.142
24 53 81.982
24 54 56.672
24 55 47.831
24 56 88.198
24 57 20.482
24 58 44.104
24 59 43.920
24 60 8.574
24 61 50.268
24 62 50.384
24 63 67.875
24 64 6.083
24 65 86.628
24 66 77.553
24 67 78.115
24 68 32.938
24 69 38.204
24 70 81.706
24 71 60.508
24 72 62.404
24 73 64.786
24 74 64.657
24 75 30.937
24 76 80.069
24 77 21.213
24 78 84.778
24 79 87.539
24 80 39.906
24 81 42.359
24 82 15.650
24 83 37.797
24 84 6.213
24 85 24.752
24 86 82.514
24 87 8.969
24 88 99.147
24 89 51.416
24 90 23.326
24 91 74.277
24 92 23.727
24 93 88.316
24 94 53.807
24 95 91.811
24 96 90.050
24 97 53.121
24 98 63.974
24 99 58.283
24 100 25.906
24 101 19.997
24 102 37.437
24 103 25.588
24 104 42.049
24 105 77.757
24 106 64.124
24 107 14.520
24 108 35.125
24 109 2.931
24 110 12.134
24 111 87.071
24 112 3.533
24 113 44.178
24 114 35.039
24 115 6.398
24 116 7.514
24 117 39.961
24 118 17.246
24 119 21.855
25 26 26.293
25 27 7.509
25 28 1.919
25 29 65.412
25 30 52.348
25 31 47.834
25 32 3.467
25 33 35.326
25 34 15.671
25 35 8.933
25 36 79.771
25 37 73.107
25 38 49.382
25 39 37.283
25 40 28.079
25 41 10.631
25 42 92.117
25 43 26.384
25 44 72.885
25 45 75.676
25 46 72.311
25 47 40.290
25 48 34.158
25 49 96.189
25 50 34.860
25 51 49.981
25 52 99.883
25 53 36.298
25 54 51.567
25 55 70.890
25 56 78.202
25 57 30.359
25 58 3.385
25 59 31.020
25 60 71.288
25 61 55.269
25 62 34.663
25 63 30.822
25 64 95.631
25 65 95.815
25 66 57.437
25 67 78.370
25 68 71.565
25 69 13.020
25 70 27.274
25 71 96.364
25 72 18.606
25 73 21.224
25 74 21.235
25 75 1.084
25 76 22.593
25 77 16.097
25 78 23.266
25 79 47.685
25 80 85.637
25 81 72.794
25 82 62.616
25 83 21.062
25 84 30.513
25 85 51.173
25 86 56.878
25 87 27.022
25 88 7.418
25 89 3.273
25 90 82.802
25 91 4.591
25 92 42.909
25 93 77.183
25 94 35.252
25 95 37.043
25 96 78.340
25 97 50.988
25 98 37.500
25 99 86.595
25 100 68.281
25 101 10.650
25 102 34.522
25 103 15.690
25 104 48.156
25 105 6.480
25 106 35.027
25 107 86.416
25 108 34.750
25 109 84.285
25 110 67.662
25 111 48.850
25 112 93.224
25 113 89.333
25 114 82.179
25 115 38.956
25 116 89.962
25 117 83.936
25 118 57.292
25 119 7.185
26 27 51.802
26 28 2.769
26 29 73.535
26 30 90.016
26 31 69.134
26 32 93.968
26 33 71.658
26 34 18.428
26 35 12.837
26 36 58.582
26 37 44.901
26 38 29.646
26 39 83.199
26 40 6.153
26 41 6.970
26 42 11.501
26 43 72.705
26 44 89.992
26 45 36.601
26 46 62.350
26 47 4.006
26 48 72.134
26 49 24.318
26 50 93.757
26 51 99.357
26 52 95.008
26 53 37.317
26 54 37.959
26 55 48.520
26 56 4.567
26 57 74.364
26 58 47.694
26 59 68.316
26 60 77.855
26 61 4.181
26 62 92.009
26 63 88.988
26 64 56.995
26 65 68.004
26 66 58.461
26 67 59.990
26 68 81.064
26 69 79.815
26 70 69.456
26 71 41.007
26 72 37.542
26 73 76.222
26 74 8.476
26 75 32.745
26 76 25.798
26 77 52.037
26 78 30.540
26 79 6.462
26 80 36.511
26 81 67.314
26 82 0.504
26 83 11.192
26 84 2.982
26 85 26.922
26 86 62.647
26 87 73.285
26 88 72.949
26 89 14.716
26 90 95.503
26 91 54.150
26 92 82.832
26 93 10.927
26 94 46.979
26 95 98.974
26 96 90.273
26 97 33.605
26 98 76.580
26 99 91.722
26 100 35.343
26 101 22.788
26 102 53.874
26 103 29.849
26 104 56.025
26 105 29.510
26 106 75.376
26 107 45.955
26 108 79.328
26 109 80.878
26 110 65.589
26 111 32.972
26 112 45.840
26 113 67.103
26 114 22.215
26 115 74.523
26 116 2.584
26 117 36.749
26 118 50.396
26 119 42.710
27 28 16.695
27 29 92.404
27 30 6.340
27 31 1.893
27 32 20.754
27 33 50.540
27 34 36.794
27 35 48.870
27 36 99.534
27 37 66.580
27 38 57.568
27 39 27.430
27 40 67.472
27 41 28.970
27 42 61.682
27 43 78.377
27 44 66.332
27 45 94.555
27 46 85.687
27 47 24.881
27 48 33.370
27 49 71.613
27 50 91.322
27 51 47.439
27 52 51.682
27 53 56.623
27 54 38.932
27 55 72.709
27 56 96.518
27 57 96.158
27 58 38.901
27 59 86.159
27 60 33.985
27 61 76.280
27 62 67.859
27 63 79.717
27 64 11.879
27 65 38.356
27 66 27.550
27 67 62.531
27 68 6.316
27 69 82.466
27 70 5.948
27 71 95.419
27 72 52.358
27 73 47.362
27 74 72.618
27 75 57.802
27 76 92.049
27 77 49.431
27 78 3.265
27 79 19.612
27 80 19.022
27 81 22.171
27 82 82.052
27 83 70.121
27 84 85.319
27 85 22.414
27 86 74.510
27 87 50.605
27 88 63.072
27 89 59.848
27 90 98.696
27 91 48.452
27 92 21.394
27 93 62.355
27 94 47.782
27 95 36.546
27 96 87.134
27 97 11.267
27 98 33.347
27 99 83.690
27 100 7.039
27 101 67.833
27 102 25.381
27 103 19.321
27 104 18.469
27 105 65.048
27 106 62.393
27 107 8.944
27 108 65.948
27 109 57.428
27 110 92.982
27 111 85.453
27 112 71.650
27 113 5.404
27 114 88.855
27 115 85.927
27 116 79.334
27 117 20.728
27 118 38.511
27 119 63.479
28 29 43.319
28 30 14.596
28 31 90.673
28 32 79.421
28 33 26.727
28 34 71.165
28 35 67.042
28 36 32.235
28 37 6.565
28 38 15.709
28 39 5.053
28 40 46.760
28 41 57.094
28 42 58.894
28 43 23.055
28 44 29.524
28 45 97.538
28 46 76.435
28 47 22.710
28 48 94.283
28 49 45.325
28 50 26.915
28 51 56.370
28 52 75.602
28 53 11.846
28 54 19.580
28 55 90.834
28 56 77.721
28 57 14.194
28 58 18.644
28 59 93.099
28 60 50.944
28 61 53.330
28 62 11.000
28 63 48.602
28 64 48.459
28 65 26.849
28 66 70.129
28 67 97.929
28 68 92.745
28 69 2.798
28 70 20.653
28 71 44.073
28 72 72.633
28 73 79.920
28 74 45.121
28 75 39.083
28 76 99.599
28 77 99.276
28 78 77.490
28 79 6.286
28 80 75.012
28 81 52.322
28 82 96.205
28 83 92.265
28 84 58.827
28 85 51.383
28 86 63.868
28 87 71.391
28 88 84.624
28 89 89.832
28 90 60.181
28 91 44.935
28 92 35.884
28 93 21.380
28 94 20.208
28 95 86.652
28 96 84.069
28 97 30.518
28 98 20.917
28 99 87.236
28 100 90.318
28 101 49.493
28 102 55.590
28 103 41.124
28 104 89.480
28 105 1.091
28 106 97.859
28 107 0.898
28 108 7.721
28 109 11.071
28 110 84.983
28 111 96.869
28 112 13.083
28 113 39.270
28 114 43.416
28 115 82.450
28 116 62.139
28 117 24.174
28 118 38.828
28 119 19.497
29 30 85.310
29 31 22.230
29 32 57.411
29 33 62.070
29 34 48.375
29 35 50.152
29 36 15.667
29 37 31.906
29 38 38.416
29 39 6.216
29 40 51.812
29 41 4.399
29 42 48.654
29 43 54.806
29 44 73.520
29 45 39.999
29 46 78.555
29 47 7.391
29 48 23.936
29 49 2.644
29 50 23.100
29 51 22.704
29 52 80.719
29 53 4.259
29 54 98.262
29 55 79.012
29 56 21.335
29 57 2.303
29 58 38.472
29 59 42.230
29 60 71.899
29 61 55.961
29 62 6.311
29 63 64.999
29 64 6.572
29 65 15.843
29 66 74.615
29 67 3.946
29 68 79.853
29 69 81.885
29 70 76.880
29 71 34.983
29 72 55.072
29 73 14.649
29 74 73.088
29 75 79.839
29 76 38.942
29 77 26.339
29 78 44.992
29 79 30.903
29 80 44.276
29 81 9.575
29 82 17.404
29 83 76.046
29 84 80.780
29 85 84.329
29 86 0.178
29 87 80.242
29 88 17.282
29 89 56.440
29 90 59.353
29 91 76.613
29 92 67.887
29 93 84.698
29 94 55.315
29 95 55.963
29 96 29.180
29 97 47.771
29 98 30.849
29 99 20.886
29 100 36.013
29 101 87.067
29 102 92.603
29 103 88.248
29 104 9.294
29 105 77.146
29 106 5.763
29 107 82.106
29 108 40.840
29 109 41.402
29 110 13.611
29 111 58.088
29 112 97.519
29 113 87.446
29 114 1.185
29 115 39.776
29 116 29.763
29 117 84.041
29 118 45.375
29 119 27.831
30 31 37.973
30 32 39.357
30 33 32.584
30 34 63.396
30 35 84.452
30 36 69.001
30 37 79.471
30 38 88.739
30 39 38.148
30 40 61.446
30 41 62.293
30 42 50.128
30 43 4.903
30 44 58.404
30 45 46.041
30 46 30.659
30 47 26.778
30 48 68.136
30 49 5.805
30 50 83.980
30 51 30.674
30 52 20.832
30 53 49.712
30 54 63.866
30 55 68.627
30 56 56.911
30 57 85.306
30 58 9.079
30 59 20.017
30 60 11.466
30 61 19.361
30 62 48.164
30 63 19.384
30 64 21.080
30 65 44.913
30 66 34.621
30 67 32.598
30 68 32.810
30 69 48.682
30 70 9.320
30 71 28.891
30 72 39.430
30 73 67.061
30 74 14.066
30 75 86.525
30 76 99.844
30 77 29.517
30 78 47.919
30 79 25.891
30 80 29.084
30 81 54.503
30 82 66.158
30 83 85.366
30 84 58.432
30 85 4.881
30 86 70.700
30 87 42.498
30 88 72.912
30 89 67.365
30 90 30.357
30 91 35.883
30 92 30.809
30 93 93.659
30 94 99.469
30 95 61.610
30 96 57.804
30 97 29.713
30 98 74.254
30 99 2.163
30 100 86.979
30 101 63.916
30 102 37.660
30 103 95.446
30 104 85.147
30 105 45.093
30 106 95.537
30 107 66.868
30 108 65.848
30 109 56.770
30 110 99.615
30 111 28.426
30 112 39.826
30 113 85.484
30 114 86.113
30 115 95.289
30 116 94.926
30 117 87.788
30 118 32.675
30 119 82.584
31 32 29.080
31 33 43.121
31 34 50.937
31 35 22.931
31 36 82.420
31 37 77.861
31 38 87.151
31 39 88.735
31 40 27.540
31 41 59.655
31 42 99.140
31 43 12.303
31 44 80.549
31 45 90.498
31 46 14.250
31 47 71.582
31 48 89.782
31 49 72.076
31 50 50.031
31 51 49.642
31 52 43.914
31 53 77.504
31 54 97.052
31 55 81.970
31 56 16.712
31 57 39.882
31 58 21.555
31 59 77.255
31 60 31.739
31 61 59.990
31 62 44.587
31 63 34.500
31 64 87.126
31 65 42.923
31 66 93.775
31 67 82.198
31 68 27.820
31 69 96.674
31 70 4.121
31 71 33.692
31 72 90.761
31 73 64.386
31 74 64.966
31 75 86.983
31 76 77.017
31 77 16.415
31 78 71.705
31 79 96.914
31 80 24.170
31 81 98.374
31 82 42.899
31 83 13.021
31 84 62.092
31 85 16.942
31 86 6.082
31 87 7.268
31 88 35.746
31 89 46.525
31 90 38.886
31 91 12.503
31 92 69.756
31 93 56.730
31 94 76.016
31 95 54.639
31 96 31.235
31 97 93.131
31 98 57.164
31 99 89.427
31 100 19.720
31 101 91.974
31 102 96.132
31 103 48.124
31 104 76.043
31 105 73.204
31 106 97.213
31 107 55.464
31 108 55.601
31 109 35.617
31 110 31.344
31 111 8.017
31 112 55.694
31 113 72.951
31 114 11.556
31 115 91.377
31 116 21.504
31 117 40.376
31 118 74.940
31 119 70.579
32 33 80.738
32 34 27.102
32 35 86.655
32 36 9.690
32 37 73.098
32 38 32.738
32 39 30.413
32 40 63.786
32 41 47.461
32 42 2.545
32 43 39.445
32 44 39.306
32 45 97.034
32 46 49.855
32 47 52.108
32 48 37.251
32 49 90.713
32 50 82.733
32 51 47.114
32 52 77.793
32 53 37.518
32 54 56.314
32 55 24.772
32 56 54.536
32 57 90.181
32 58 92.299
32 59 52.691
32 60 82.023
32 61 53.867
32 62 42.717
32 63 87.074
32 64 81.048
32 65 16.443
32 66 26.340
32 67 14.019
32 68 92.874
32 69 57.891
32 70 33.033
32 71 29.183
32 72 25.728
32 73 28.126
32 74 73.829
32 75 88.706
32 76 14.704
32 77 4.909
32 78 52.682
32 79 19.478
32 80 19.731
32 81 56.491
32 82 49.601
32 83 72.614
32 84 95.291
32 85 37.243
32 86 34.284
32 87 40.462
32 88 40.305
32 89 38.792
32 90 74.362
32 91 34.471
32 92 76.946
32 93 4.008
32 94 63.044
32 95 38.975
32 96 13.063
32 97 86.708
32 98 67.184
32 99 14.198
32 100 14.509
32 101 6.033
32 102 88.723
32 103 20.765
32 104 50.871
32 105 1.205
32 106 39.940
32 107 77.499
32 108 80.913
32 109 39.737
32 110 56.139
32 111 44.505
32 112 12.526
32 113 70.136
32 114 8.113
32 115 44.322
32 116 6.037
32 117 38.790
32 118 31.164
32 119 95.338
33 34 89.455
33 35 9.920
33 36 57.462
33 37 33.755
33 38 19.549
33 39 37.389
33 40 24.159
33 41 43.014
33 42 53.623
33 43 37.615
33 44 30.971
33 45 92.932
33 46 93.427
33 47 3.965
33 48 37.804
33 49 14.713
33 50 24.851
33 51 84.731
33 52 25.547
33 53 2.536
33 54 4.881
33 55 19.174
33 56 91.282
33 57 37.624
33 58 40.760
33 59 89.090
33 60 12.928
33 61 76.472
33 62 65.365
33 63 96.972
33 64 97.762
33 65 31.357
33 66 37.532
33 67 26.082
33 68 24.227
33 69 98.291
33 70 86.388
33 71 72.619
33 72 97.135
33 73 55.268
33 74 74.698
33 75 65.627
33 76 62.601
33 77 61.938
33 78 77.830
33 79 6.441
33 80 70.964
33 81 40.780
33 82 62.150
33 83 66.182
33 84 33.466
33 85 9.406
33 86 99.457
33 87 77.166
33 88 91.588
33 89 63.767
33 90 72.589
33 91 42.123
33 92 6.735
33 93 82.880
33 94 11.343
33 95 63.674
33 96 82.346
33 97 37.090
33 98 47.605
33 99 65.817
33 100 50.514
33 101 33.932
33 102 93.911
33 103 38.982
33 104 90.868
33 105 28.360
33 106 30.592
33 107 90.730
33 108 0.720
33 109 57.367
33 110 33.278
33 111 25.297
33 112 2.383
33 113 33.001
33 114 84.704
33 115 6.879
33 116 56.078
33 117 42.276
33 118 92.621
33 119 83.963
34 35 45.008
34 36 57.698
34 37 79.059
34 38 64.975
34 39 12.930
34 40 57.897
34 41 15.267
34 42 39.125
34 43 63.955
34 44 94.303
34 45 51.383
34 46 30.578
34 47 79.335
34 48 16.838
34 49 30.194
34 50 58.949
34 51 66.625
34 52 89.281
34 53 80.309
34 54 54.583
34 55 32.893
34 56 83.262
34 57 55.673
34 58 43.220
34 59 65.532
34 60 38.772
34 61 25.522
34 62 71.379
34 63 11.758
34 64 18.601
34 65 21.732
34 66 91.139
34 67 71.016
34 68 64.348
34 69 18.971
34 70 61.006
34 71 53.289
34 72 82.371
34 73 57.147
34 74 48.163
34 75 10.694
34 76 49.543
34 77 15.328
34 78 36.626
34 79 19.785
34 80 30.683
34 81 11.682
34 82 55.704
34 83 77.598
34 84 42.230
34 85 34.914
34 86 43.655
34 87 75.776
34 88 80.015
34 89 9.256
34 90 52.519
34 91 33.974
34 92 52.933
34 93 57.298
34 94 81.873
34 95 6.302
34 96 28.828
34 97 52.756
34 98 1.615
34 99 22.661
34 100 4.142
34 101 48.746
34 102 86.835
34 103 90.644
34 104 54.601
34 105 26.197
34 106 41.509
34 107 63.035
34 108 10.715
34 109 31.765
34 110 31.926
34 111 70.966
34 112 28.865
34 113 64.928
34 114 85.659
34 115 33.456
34 116 96.443
34 117 29.899
34 118 37.377
34 119 80.298
35 36 17.822
35 37 89.586
35 38 18.891
35 39 67.167
35 40 76.852
35 41 46.019
35 42 97.575
35 43 19.349
35 44 61.107
35 45 24.514
35 46 64.674
35 47 13.615
35 48 63.334
35 49 57.286
35 50 62.987
35 51 96.564
35 52 46.295
35 53 46.323
35 54 22.033
35 55 42.121
35 56 68.670
35 57 35.002
35 58 38.041
35 59 70.912
35 60 21.712
35 61 33.327
35 62 95.973
35 63 89.889
35 64 19.025
35 65 22.543
35 66 81.281
35 67 61.833
35 68 15.142
35 69 11.535
35 70 70.198
35 71 81.264
35 72 2.504
35 73 29.587
35 74 19.120
35 75 15.811
35 76 50.994
35 77 17.912
35 78 95.984
35 79 70.227
35 80 9.339
35 81 25.838
35 82 9.537
35 83 44.023
35 84 83.527
35 85 26.607
35 86 96.025
35 87 83.065
35 88 43.780
35 89 42.436
35 90 17.028
35 91 70.519
35 92 88.687
35 93 8.858
35 94 7.077
35 95 63.168
35 96 12.783
35 97 14.275
35 98 85.145
35 99 55.376
35 100 82.152
35 101 22.272
35 102 10.226
35 103 44.911
35 104 21.558
35 105 21.426
35 106 17.958
35 107 82.296
35 108 56.161
35 109 50.186
35 110 22.616
35 111 8.574
35 112 31.063
35 113 12.857
35 114 6.757
35 115 25.081
35 116 52.695
35 117 36.801
35 118 49.465
35 119 93.248
36 37 57.526
36 38 20.669
36 39 63.330
36 40 32.465
36 41 15.596
36 42 88.820
36 43 20.189
36 44 69.686
36 45 19.057
36 46 98.042
36 47 46.143
36 48 95.722
36 49 89.209
36 50 39.254
36 51 57.464
36 52 0.051
36 53 59.451
36 54 39.096
36 55 90.749
36 56 88.534
36 57 56.102
36 58 94.134
36 59 53.064
36 60 36.508
36 61 4.238
36 62 63.870
36 63 80.755
36 64 93.558
36 65 31.474
36 66 7.815
36 67 49.291
36 68 35.624
36 69 29.076
36 70 76.625
36 71 20.670
36 72 55.138
36 73 56.798
36 74 57.574
36 75 49.832
36 76 90.519
36 77 45.553
36 78 30.668
36 79 96.982
36 80 22.634
36 81 60.300
36 82 13.212
36 83 8.868
36 84 7.725
36 85 34.478
36 86 57.908
36 87 38.757
36 88 73.806
36 89 76.840
36 90 22.361
36 91 72.263
36 92 80.712
36 93 81.751
36 94 46.338
36 95 14.124
36 96 32.711
36 97 44.780
36 98 57.201
36 99 69.670
36 100 37.021
36 101 96.871
36 102 73.656
36 103 23.952
36 104 21.565
36 105 22.407
36 106 93.276
36 107 81.360
36 108 60.967
36 109 19.172
36 110 30.218
36 111 79.052
36 112 11.030
36 113 91.504
36 114 16.141
36 115 28.633
36 116 18.870
36 117 41.869
36 118 89.537
36 119 72.244
37 38 58.365
37 39 40.633
37 40 76.513
37 41 61.613
37 42 38.745
37 43 8.978
37 44 9.522
37 45 81.587
37 46 47.907
37 47 45.719
37 48 39.643
37 49 43.266
37 50 21.435
37 51 65.201
37 52 72.662
37 53 66.145
37 54 73.334
37 55 90.502
37 56 99.619
37 57 53.470
37 58 85.113
37 59 63.848
37 60 98.363
37 61 40.569
37 62 26.149
37 63 94.447
37 64 54.289
37 65 61.962
37 66 70.121
37 67 62.875
37 68 85.636
37 69 39.864
37 70 79.863
37 71 40.684
37 72 61.513
37 73 43.993
37 74 56.098
37 75 64.117
37 76 69.344
37 77 10.638
37 78 84.303
37 79 21.552
37 80 22.447
37 81 37.514
37 82 68.342
37 83 75.796
37 84 98.201
37 85 90.187
37 86 9.519
37 87 44.335
37 88 62.571
37 89 65.729
37 90 75.368
37 91 3.374
37 92 67.740
37 93 59.717
37 94 3.732
37 95 64.761
37 96 6.143
37 97 73.835
37 98 4.615
37 99 98.844
37 100 66.445
37 101 83.060
37 102 54.781
37 103 40.844
37 104 64.806
37 105 53.782
37 106 28.241
37 107 23.515
37 108 18.248
37 109 67.190
37 110 69.518
37 111 24.645
37 112 86.029
37 113 55.881
37 114 95.987
37 115 4.397
37 116 29.601
37 117 5.875
37 118 10.611
37 119 34.535
38 39 32.111
38 40 11.086
38 41 17.025
38 42 89.239
38 43 74.320
38 44 92.796
38 45 55.196
38 46 75.539
38 47 85.418
38 48 12.777
38 49 17.784
38 50 30.311
38 51 74.411
38 52 15.457
38 53 64.848
38 54 0.323
38 55 0.592
38 56 31.882
38 57 27.677
38 58 52.008
38 59 60.071
38 60 66.216
38 61 81.310
38 62 28.430
38 63 49.402
38 64 64.145
38 65 69.693
38 66 82.349
38 67 17.078
38 68 31.760
38 69 87.437
38 70 66.318
38 71 28.970
38 72 33.397
38 73 57.807
38 74 53.454
38 75 54.767
38 76 47.366
38 77 97.809
38 78 95.790
38 79 29.047
38 80 99.633
38 81 28.165
38 82 1.072
38 83 52.795
38 84 27.257
38 85 68.474
38 86 23.393
38 87 79.067
38 88 45.733
38 89 55.990
38 90 18.244
38 91 69.896
38 92 7.397
38 93 40.254
38 94 8.363
38 95 20.664
38 96 41.657
38 97 35.159
38 98 43.174
38 99 22.844
38 100 62.043
38 101 55.092
38 102 11.692
38 103 76.367
38 104 9.944
38 105 22.422
38 106 86.391
38 107 68.804
38 108 80.390
38 109 9.869
38 110 33.903
38 111 10.165
38 112 41.331
38 113 73.196
38 114 27.274
38 115 49.288
38 116 14.632
38 117 37.168
38 118 34.100
38 119 0.658
39 40 34.335
39 41 20.896
39 42 35.024
39 43 78.924
39 44 35.764
39 45 27.413
39 46 47.876
39 47 72.487
39 48 57.615
39 49 76.759
39 50 94.160
39 51 87.225
39 52 58.466
39 53 31.860
39 54 46.664
39 55 56.750
39 56 58.950
39 57 52.109
39 58 39.610
39 59 46.574
39 60 21.379
39 61 10.877
39 62 6.097
39 63 76.104
39 64 69.656
39 65 30.013
39 66 31.489
39 67 44.628
39 68 34.119
39 69 16.971
39 70 75.966
39 71 75.267
39 72 78.269
39 73 38.296
39 74 24.627
39 75 84.334
39 76 27.345
39 77 27.018
39 78 69.340
39 79 42.607
39 80 72.333
39 81 0.848
39 82 12.937
39 83 19.768
39 84 67.211
39 85 63.143
39 86 13.449
39 87 93.531
39 88 72.106
39 89 69.193
39 90 53.693
39 91 61.005
39 92 20.537
39 93 66.712
39 94 29.882
39 95 11.375
39 96 5.016
39 97 61.261
39 98 1.802
39 99 6.205
39 100 82.018
39 101 14.878
39 102 36.698
39 103 66.503
39 104 94.712
39 105 59.326
39 106 9.145
39 107 84.143
39 108 99.807
39 109 94.143
39 110 90.017
39 111 59.309
39 112 63.509
39 113 44.057
39 114 69.064
39 115 15.362
39 116 60.792
39 117 70.386
39 118 7.675
39 119 57.826
40 41 72.081
40 42 66.633
40 43 11.076
40 44 25.172
40 45 21.906
40 46 19.811
40 47 42.513
40 48 25.659
40 49 45.215
40 50 85.885
40 51 75.891
40 52 66.681
40 53 98.781
40 54 10.264
40 55 97.898
40 56 60.924
40 57 57.459
40 58 22.406
40 59 25.816
40 60 37.076
40 61 48.102
40 62 47.379
40 63 3.023
40 64 91.917
40 65 77.494
40 66 6.596
40 67 70.608
40 68 95.347
40 69 4.951
40 70 25.000
40 71 90.590
40 72 0.196
40 73 95.053
40 74 22.573
40 75 13.879
40 76 14.664
40 77 61.508
40 78 44.339
40 79 44.451
40 80 66.796
40 81 79.222
40 82 74.934
40 83 50.109
40 84 27.601
40 85 98.411
40 86 91.310
40 87 9.765
40 88 62.275
40 89 41.946
40 90 30.293
40 91 67.353
40 92 47.423
40 93 5.110
40 94 86.511
40 95 83.276
40 96 26.283
40 97 5.564
40 98 10.555
40 99 35.728
40 100 73.626
40 101 50.548
40 102 47.293
40 103 26.273
40 104 7.378
40 105 98.218
40 106 39.894
40 107 86.744
40 108 14.941
40 109 90.495
40 110 26.369
40 111 67.817
40 112 58.772
40 113 25.938
40 114 72.366
40 115 13.564
40 116 88.007
40 117 22.854
40 118 16.429
40 119 90.804
41 42 10.723
41 43 95.262
41 44 52.129
41 45 47.279
41 46 74.908
41 47 27.287
41 48 35.195
41 49 18.463
41 50 65.274
41 51 85.189
41 52 83.206
41 53 89.255
41 54 47.780
41 55 50.464
41 56 30.391
41 57 43.835
41 58 84.031
41 59 92.315
41 60 10.764
41 61 4.657
41 62 93.702
41 63 23.286
41 64 69.059
41 65 69.849
41 66 64.707
41 67 97.967
41 68 40.842
41 69 7.206
41 70 98.049
41 71 21.395
41 72 0.693
41 73 52.536
41 74 27.102
41 75 31.176
41 76 50.495
41 77 90.257
41 78 69.545
41 79 5.305
41 80 8.631
41 81 64.989
41 82 54.260
41 83 26.301
41 84 65.302
41 85 84.275
41 86 15.184
41 87 1.487
41 88 89.166
41 89 24.629
41 90 59.471
41 91 99.145
41 92 6.190
41 93 45.791
41 94 98.246
41 95 10.718
41 96 22.821
41 97 51.361
41 98 74.843
41 99 90.385
41 100 32.531
41 101 7.905
41 102 37.602
41 103 55.050
41 104 27.257
41 105 49.199
41 106 82.144
41 107 50.151
41 108 33.461
41 109 47.424
41 110 31.511
41 111 99.701
41 112 6.242
41 113 28.941
41 114 31.605
41 115 62.563
41 116 44.377
41 117 48.713
41 118 14.116
41 119 11.211
42 43 34.162
42 44 14.458
42 45 19.408
42 46 34.090
42 47 90.566
42 48 69.330
42 49 77.839
42 50 38.187
42 51 40.505
42 52 0.198
42 53 19.537
42 54 94.514
42 55 84.909
42 56 37.533
42 57 19.875
42 58 25.965
42 59 83.784
42 60 52.462
42 61 90.721
42 62 84.366
42 63 31.634
42 64 36.720
42 65 95.998
42 66 1.516
42 67 29.345
42 68 72.038
42 69 4.152
42 70 27.643
42 71 13.051
42 72 56.910
42 73 89.870
42 74 89.930
42 75 70.520
42 76 60.780
42 77 62.685
42 78 13.632
42 79 61.226
42 80 18.305
42 81 31.071
42 82 48.794
42 83 57.568
42 84 59.696
42 85 7.241
42 86 36.682
42 87 41.561
42 88 97.048
42 89 20.028
42 90 31.806
42 91 23.874
42 92 51.124
42 93 31.085
42 94 67.737
42 95 0.214
42 96 8.225
42 97 43.086
42 98 17.947
42 99 23.833
42 100 42.593
42 101 47.711
42 102 56.478
42 103 52.325
42 104 26.211
42 105 85.875
42 106 67.533
42 107 21.903
42 108 74.918
42 109 83.019
42 110 87.875
42 111 12.996
42 112 47.425
42 113 78.224
42 114 91.488
42 115 97.255
42 116 22.134
42 117 87.497
42 118 42.002
42 119 97.982
43 44 25.576
43 45 28.785
43 46 45.156
43 47 53.487
43 48 75.831
43 49 89.101
43 50 30.934
43 51 46.038
43 52 34.485
43 53 32.601
43 54 82.983
43 55 47.846
43 56 31.469
43 57 32.552
43 58 11.547
43 59 39.885
43 60 38.543
43 61 59.802
43 62 35.395
43 63 79.425
43 64 19.262
43 65 75.737
43 66 98.059
43 67 27.741
43 68 75.907
43 69 58.635
43 70 94.214
43 71 0.771
43 72 47.197
43 73 38.922
43 74 23.137
43 75 72.376
43 76 84.492
43 77 31.043
43 78 17.910
43 79 42.369
43 80 48.773
43 81 27.489
43 82 21.401
43 83 79.638
43 84 25.848
43 85 63.981
43 86 93.057
43 87 64.448
43 88 53.034
43 89 73.888
43 90 34.139
43 91 83.404
43 92 86.998
43 93 24.679
43 94 13.278
43 95 75.573
43 96 19.481
43 97 69.512
43 98 59.086
43 99 88.919
43 100 65.313
43 101 53.057
43 102 62.052
43 103 82.460
43 104 5.427
43 105 82.199
43 106 94.071
43 107 1.459
43 108 66.500
43 109 9.491
43 110 10.668
43 111 60.481
43 112 58.397
43 113 80.064
43 114 48.375
43 115 92.285
43 116 70.795
43 117 61.136
43 118 67.686
43 119 59.305
44 45 51.122
44 46 7.367
44 47 20.623
44 48 78.841
44 49 47.416
44 50 15.008
44 51 41.219
44 52 83.135
44 53 1.727
44 54 83.107
44 55 67.036
44 56 21.130
44 57 22.376
44 58 31.025
44 59 0.367
44 60 9.976
44 61 46.686
44 62 18.061
44 63 8.875
44 64 61.256
44 65 29.721
44 66 73.219
44 67 47.128
44 68 39.419
44 69 59.115
44 70 70.970
44 71 52.909
44 72 58.047
44 73 1.273
44 74 82.315
44 75 35.117
44 76 83.358
44 77 29.985
44 78 89.557
44 79 23.718
44 80 93.740
44 81 74.966
44 82 77.872
44 83 96.428
44 84 39.124
44 85 54.846
44 86 7.107
44 87 31.686
44 88 54.668
44 89 26.839
44 90 23.216
44 91 62.951
44 92 9.465
44 93 93.609
44 94 90.284
44 95 25.482
44 96 12.907
44 97 56.767
44 98 11.335
44 99 93.485
44 100 58.845
44 101 96.004
44 102 58.919
44 103 2.886
44 104 60.831
44 105 83.024
44 106 54.965
44 107 42.973
44 108 20.499
44 109 10.255
44 110 23.437
44 111 78.763
44 112 75.534
44 113 25.728
44 114 89.054
44 115 35.183
44 116 93.706
44 117 17.577
44 118 10.662
44 119 34.033
45 46 15.071
45 47 84.279
45 48 18.815
45 49 25.167
45 50 95.736
45 51 60.061
45 52 73.673
45 53 94.454
45 54 73.465
45 55 38.832
45 56 71.574
45 57 62.823
45 58 57.911
45 59 54.521
45 60 6.433
45 61 13.044
45 62 46.442
45 63 30.920
45 64 35.600
45 65 93.894
45 66 80.247
45 67 9.896
45 68 8.884
45 69 54.983
45 70 84.846
45 71 3.276
45 72 94.147
45 73 59.721
45 74 84.125
45 75 90.770
45 76 73.225
45 77 8.810
45 78 37.671
45 79 3.945
45 80 87.879
45 81 82.093
45 82 27.439
45 83 94.597
45 84 87.049
45 85 72.749
45 86 11.694
45 87 84.766
45 88 63.914
45 89 44.509
45 90 71.684
45 91 35.207
45 92 74.077
45 93 89.991
45 94 99.631
45 95 49.296
45 96 94.660
45 97 6.184
45 98 15.428
45 99 50.166
45 100 18.162
45 101 31.763
45 102 53.786
45 103 30.259
45 104 74.668
45 105 10.138
45 106 33.628
45 107 74.582
45 108 41.286
45 109 52.006
45 110 7.149
45 111 1.588
45 112 28.697
45 113 71.671
45 114 87.240
45 115 48.916
45 116 31.240
45 117 62.495
45 118 68.878
45 119 55.162
46 47 89.190
46 48 58.587
46 49 92.572
46 50 53.390
46 51 39.703
46 52 2.228
46 53 46.142
46 54 97.278
46 55 26.373
46 56 99.456
46 57 64.842
46 58 86.571
46 59 96.409
46 60 99.916
46 61 69.256
46 62 44.982
46 63 39.171
46 64 81.277
46 65 75.391
46 66 30.693
46 67 10.114
46 68 53.387
46 69 22.078
46 70 27.294
46 71 40.154
46 72 22.847
46 73 86.997
46 74 71.320
46 75 52.067
46 76 74.756
46 77 4.611
46 78 21.435
46 79 92.705
46 80 35.177
46 81 56.750
46 82 63.901
46 83 42.684
46 84 75.167
46 85 79.767
46 86 79.118
46 87 83.624
46 88 5.275
46 89 20.948
46 90 64.822
46 91 87.126
46 92 87.951
46 93 81.246
46 94 22.993
46 95 39.363
46 96 64.628
46 97 1.446
46 98 69.507
46 99 30.495
46 100 54.016
46 101 84.481
46 102 18.314
46 103 19.098
46 104 28.714
46 105 97.935
46 106 25.169
46 107 28.334
46 108 18.305
46 109 67.607
46 110 49.907
46 111 42.845
46 112 18.862
46 113 55.588
46 114 10.772
46 115 53.152
46 116 11.150
46 117 14.399
46 118 59.523
46 119 37.813
47 48 2.802
47 49 22.533
47 50 1.795
47 51 82.667
47 52 13.345
47 53 36.142
47 54 23.659
47 55 11.211
47 56 15.222
47 57 36.604
47 58 62.363
47 59 40.470
47 60 28.770
47 61 14.381
47 62 76.898
47 63 82.698
47 64 44.664
47 65 5.824
47 66 32.342
47 67 84.814
47 68 13.390
47 69 91.495
47 70 10.886
47 71 34.690
47 72 98.090
47 73 72.073
47 74 1.948
47 75 66.240
47 76 34.470
47 77 61.074
47 78 3.994
47 79 63.721
47 80 79.442
47 81 72.392
47 82 91.482
47 83 99.725
47 84 58.811
47 85 35.019
47 86 61.749
47 87 41.063
47 88 43.520
47 89 37.385
47 90 78.739
47 91 22.072
47 92 93.860
47 93 89.345
47 94 73.124
47 95 15.812
47 96 11.525
47 97 91.152
47 98 41.688
47 99 30.242
47 100 30.505
47 101 15.624
47 102 12.752
47 103 18.632
47 104 59.565
47 105 42.235
47 106 8.993
47 107 21.318
47 108 61.387
47 109 30.033
47 110 44.150
47 111 49.372
47 112 16.484
47 113 80.002
47 114 35.956
47 115 79.819
47 116 73.566
47 117 16.947
47 118 4.022
47 119 56.757
48 49 32.315
48 50 15.939
48 51 48.461
48 52 83.067
48 53 39.355
48 54 9.043
48 55 72.737
48 56 43.347
48 57 3.709
48 58 34.303
48 59 22.489
48 60 20.298
48 61 54.160
48 62 30.858
48 63 61.035
48 64 53.982
48 65 67.640
48 66 41.578
48 67 91.796
48 68 46.229
48 69 95.154
48 70 57.761
48 71 68.062
48 72 30.897
48 73 99.749
48 74 29.196
48 75 1.322
48 76 14.786
48 77 99.605
48 78 67.288
48 79 90.800
48 80 43.732
48 81 78.623
48 82 88.976
48 83 48.909
48 84 63.688
48 85 86.693
48 86 84.796
48 87 89.971
48 88 27.624
48 89 2.356
48 90 45.732
48 91 82.912
48 92 45.596
48 93 71.650
48 94 50.385
48 95 42.497
48 96 87.588
48 97 68.714
48 98 96.500
48 99 48.280
48 100 26.533
48 101 46.031
48 102 59.050
48 103 35.590
48 104 52.396
48 105 55.232
48 106 70.844
48 107 98.675
48 108 97.269
48 109 22.966
48 110 51.002
48 111 82.558
48 112 86.146
48 113 60.574
48 114 51.690
48 115 17.224
48 116 68.377
48 117 71.211
48 118 54.124
48 119 65.391
49 50 90.739
49 51 93.479
49 52 21.139
49 53 13.472
49 54 44.676
49 55 86.825
49 56 5.510
49 57 34.218
49 58 57.448
49 59 20.628
49 60 20.720
49 61 89.107
49 62 99.741
49 63 76.305
49 64 4.040
49 65 18.710
49 66 50.805
49 67 9.751
49 68 40.523
49 69 90.059
49 70 96.200
49 71 50.002
49 72 70.942
49 73 31.501
49 74 32.990
49 75 29.315
49 76 76.683
49 77 87.518
49 78 22.524
49 79 49.654
49 80 20.300
49 81 68.717
49 82 61.929
49 83 91.109
49 84 21.649
49 85 55.481
49 86 41.990
49 87 58.859
49 88 66.460
49 89 37.675
49 90 21.318
49 91 47.054
49 92 76.706
49 93 37.388
49 94 74.552
49 95 70.314
49 96 20.273
49 97 66.845
49 98 65.754
49 99 76.583
49 100 1.197
49 101 19.423
49 102 57.296
49 103 8.651
49 104 51.157
49 105 78.148
49 106 89.193
49 107 25.897
49 108 37.894
49 109 53.075
49 110 54.200
49 111 32.703
49 112 16.901
49 113 26.662
49 114 49.936
49 115 85.435
49 116 78.983
49 117 94.514
49 118 10.888
49 119 66.019
50 51 88.183
50 52 37.825
50 53 10.335
50 54 16.896
50 55 62.100
50 56 53.385
50 57 75.096
50 58 29.459
50 59 19.746
50 60 97.203
50 61 74.434
50 62 66.119
50 63 10.890
50 64 68.579
50 65 28.541
50 66 74.702
50 67 45.196
50 68 72.913
50 69 31.747
50 70 23.171
50 71 59.523
50 72 53.563
50 73 0.901
50 74 42.490
50 75 97.356
50 76 75.759
50 77 40.367
50 78 15.956
50 79 25.636
50 80 78.857
50 81 61.611
50 82 94.437
50 83 81.150
50 84 87.185
50 85 7.619
50 86 48.680
50 87 21.141
50 88 84.224
50 89 10.170
50 90 92.233
50 91 50.960
50 92 10.104
50 93 51.459
50 94 21.501
50 95 15.363
50 96 38.156
50 97 10.677
50 98 23.070
50 99 69.404
50 100 22.689
50 101 50.809
50 102 92.688
50 103 89.958
50 104 87.242
50 105 41.284
50 106 95.118
50 107 49.498
50 108 40.197
50 109 18.057
50 110 69.619
50 111 50.055
50 112 62.973
50 113 54.274
50 114 51.875
50 115 7.157
50 116 14.918
50 117 51.896
50 118 39.949
50 119 81.094
51 52 38.596
51 53 67.473
51 54 79.231
51 55 75.970
51 56 29.314
51 57 53.729
51 58 79.267
51 59 65.790
51 60 53.560
51 61 32.692
51 62 4.061
51 63 61.224
51 64 62.428
51 65 15.823
51 66 96.584
51 67 0.697
51 68 48.163
51 69 51.904
51 70 8.181
51 71 35.118
51 72 34.652
51 73 14.437
51 74 3.969
51 75 76.811
51 76 75.951
51 77 36.861
51 78 6.499
51 79 0.122
51 80 60.912
51 81 66.106
51 82 21.662
51 83 13.676
51 84 86.469
51 85 32.852
51 86 63.175
51 87 72.436
51 88 67.374
51 89 30.294
51 90 55.002
51 91 61.434
51 92 95.931
51 93 52.309
51 94 44.642
51 95 62.500
51 96 51.724
51 97 66.629
51 98 4.485
51 99 10.279
51 100 88.387
51 101 88.954
51 102 33.286
51 103 54.509
51 104 92.116
51 105 79.894
51 106 95.287
51 107 71.776
51 108 14.969
51 109 8.205
51 110 50.648
51 111 11.887
51 112 34.862
51 113 11.015
51 114 37.581
51 115 21.480
51 116 83.794
51 117 34.532
51 118 63.935
51 119 60.675
52 53 15.939
52 54 57.219
52 55 53.974
52 56 17.321
52 57 58.097
52 58 81.472
52 59 74.713
52 60 27.775
52 61 96.395
52 62 29.576
52 63 35.392
52 64 33.208
52 65 5.180
52 66 95.003
52 67 13.568
52 68 36.023
52 69 16.736
52 70 81.132
52 71 11.741
52 72 72.300
52 73 63.747
52 74 5.984
52 75 89.600
52 76 83.023
52 77 0.354
52 78 63.835
52 79 48.672
52 80 49.399
52 81 22.209
52 82 12.360
52 83 68.543
52 84 55.712
52 85 61.101
52 86 97.441
52 87 6.785
52 88 56.917
52 89 25.536
52 90 36.838
52 91 78.375
52 92 57.595
52 93 95.065
52 94 58.637
52 95 24.583
52 96 53.876
52 97 53.230
52 98 30.735
52 99 66.213
52 100 50.620
52 101 61.637
52 102 23.542
52 103 11.527
52 104 42.386
52 105 36.007
52 106 19.704
52 107 55.345
52 108 38.625
52 109 83.945
52 110 21.829
52 111 62.498
52 112 21.057
52 113 3.749
52 114 12.040
52 115 76.217
52 116 44.328
52 117 23.729
52 118 85.641
52 119 30.011
53 54 29.806
53 55 82.327
53 56 15.260
53 57 70.199
53 58 56.806
53 59 10.745
53 60 1.522
53 61 15.503
53 62 25.493
53 63 81.847
53 64 31.684
53 65 89.974
53 66 51.418
53 67 31.762
53 68 98.558
53 69 66.014
53 70 52.864
53 71 43.928
53 72 28.691
53 73 45.354
53 74 9.115
53 75 9.247
53 76 30.931
53 77 87.609
53 78 0.232
53 79 40.554
53 80 4.372
53 81 68.378
53 82 87.114
53 83 24.797
53 84 38.100
53 85 11.850
53 86 54.361
53 87 42.113
53 88 94.281
53 89 96.498
53 90 17.857
53 91 67.416
53 92 90.792
53 93 76.659
53 94 94.010
53 95 97.175
53 96 89.977
53 97 97.696
53 98 38.242
53 99 11.699
53 100 56.024
53 101 7.889
53 102 86.571
53 103 91.604
53 104 65.074
53 105 86.347
53 106 76.045
53 107 56.006
53 108 39.356
53 109 12.944
53 110 77.278
53 111 79.571
53 112 29.493
53 113 3.671
53 114 45.520
53 115 75.715
53 116 87.567
53 117 22.765
53 118 85.424
53 119 4.053
54 55 57.618
54 56 61.592
54 57 29.101
54 58 71.613
54 59 59.968
54 60 43.518
54 61 47.045
54 62 49.393
54 63 61.068
54 64 73.830
54 65 47.179
54 66 18.514
54 67 1.559
54 68 4.301
54 69 68.522
54 70 93.500
54 71 1.781
54 72 23.063
54 73 42.893
54 74 44.188
54 75 76.213
54 76 12.219
54 77 80.559
54 78 52.267
54 79 66.112
54 80 37.986
54 81 33.907
54 82 93.665
54 83 43.118
54 84 51.128
54 85 6.979
54 86 33.784
54 87 45.653
54 88 79.083
54 89 8.094
54 90 59.002
54 91 84.651
54 92 85.396
54 93 87.810
54 94 44.931
54 95 95.481
54 96 56.956
54 97 65.126
54 98 79.586
54 99 18.915
54 100 55.008
54 101 21.090
54 102 17.912
54 103 65.520
54 104 32.032
54 105 30.870
54 106 43.058
54 107 55.120
54 108 73.328
54 109 12.867
54 110 49.332
54 111 25.748
54 112 69.473
54 113 96.595
54 114 41.929
54 115 75.023
54 116 63.865
54 117 49.830
54 118 69.374
54 119 30.920
55 56 48.119
55 57 59.899
55 58 65.967
55 59 48.628
55 60 97.358
55 61 34.036
55 62 83.667
55 63 95.542
55 64 47.302
55 65 69.341
55 66 35.435
55 67 17.345
55 68 15.515
55 69 44.178
55 70 55.419
55 71 74.773
55 72 60.342
55 73 99.715
55 74 5.264
55 75 2.815
55 76 52.728
55 77 12.852
55 78 20.387
55 79 71.972
55 80 8.564
55 81 9.919
55 82 95.224
55 83 24.610
55 84 92.101
55 85 34.274
55 86 52.278
55 87 18.593
55 88 54.668
55 89 60.382
55 90 26.189
55 91 34.994
55 92 17.110
55 93 41.899
55 94 21.142
55 95 97.123
55 96 39.261
55 97 91.996
55 98 67.557
55 99 3.965
55 100 45.228
55 101 20.398
55 102 12.344
55 103 2.777
55 104 89.406
55 105 93.498
55 106 25.916
55 107 12.773
55 108 54.846
55 109 41.449
55 110 98.693
55 111 64.640
55 112 72.996
55 113 9.273
55 114 30.032
55 115 39.124
55 116 41.806
55 117 37.781
55 118 83.301
55 119 71.974
56 57 97.786
56 58 64.518
56 59 92.231
56 60 42.256
56 61 66.891
56 62 54.945
56 63 55.763
56 64 76.378
56 65 78.914
56 66 9.723
56 67 51.253
56 68 81.115
56 69 80.590
56 70 45.244
56 71 29.211
56 72 65.523
56 73 23.739
56 74 11.421
56 75 26.672
56 76 23.816
56 77 36.461
56 78 93.297
56 79 50.854
56 80 29.138
56 81 7.824
56 82 41.167
56 83 39.934
56 84 31.592
56 85 29.434
56 86 87.665
56 87 3.550
56 88 62.983
56 89 40.886
56 90 39.688
56 91 82.115
56 92 25.452
56 93 20.374
56 94 78.017
56 95 41.010
56 96 81.481
56 97 46.547
56 98 58.170
56 99 33.466
56 100 68.728
56 101 33.231
56 102 82.271
56 103 24.200
56 104 34.733
56 105 4.721
56 106 3.621
56 107 64.817
56 108 23.725
56 109 36.108
56 110 33.174
56 111 51.530
56 112 50.614
56 113 30.446
56 114 40.274
56 115 75.938
56 116 65.688
56 117 42.574
56 118 78.764
56 119 0.393
57 58 47.647
57 59 88.007
57 60 23.981
57 61 50.910
57 62 62.264
57 63 94.553
57 64 76.181
57 65 22.645
57 66 89.363
57 67 64.173
57 68 71.549
57 69 35.606
57 70 51.684
57 71 13.109
57 72 43.268
57 73 61.605
57 74 75.856
57 75 49.368
57 76 91.965
57 77 67.348
57 78 77.860
57 79 28.468
57 80 57.414
57 81 83.137
57 82 93.218
57 83 0.618
57 84 31.482
57 85 11.818
57 86 65.596
57 87 25.592
57 88 16.111
57 89 38.413
57 90 66.582
57 91 85.087
57 92 9.496
57 93 87.310
57 94 44.129
57 95 66.643
57 96 98.650
57 97 0.918
57 98 87.455
57 99 28.050
57 100 47.187
57 101 81.390
57 102 52.184
57 103 76.656
57 104 93.433
57 105 45.291
57 106 11.053
57 107 14.105
57 108 15.857
57 109 90.052
57 110 82.764
57 111 3.762
57 112 80.341
57 113 60.559
57 114 44.343
57 115 15.477
57 116 56.945
57 117 34.439
57 118 50.870
57 119 90.273
58 59 82.616
58 60 15.371
58 61 70.491
58 62 46.227
58 63 50.641
58 64 35.216
58 65 92.353
58 66 15.972
58 67 27.711
58 68 17.774
58 69 80.421
58 70 66.197
58 71 35.077
58 72 49.666
58 73 27.104
58 74 99.925
58 75 81.553
58 76 37.150
58 77 7.187
58 78 83.528
58 79 3.035
58 80 1.590
58 81 44.785
58 82 72.150
58 83 45.687
58 84 80.854
58 85 83.861
58 86 29.560
58 87 28.134
58 88 59.093
58 89 96.302
58 90 51.471
58 91 31.736
58 92 43.157
58 93 70.644
58 94 4.964
58 95 97.433
58 96 40.322
58 97 99.227
58 98 90.878
58 99 52.651
58 100 69.059
58 101 21.900
58 102 20.923
58 103 52.429
58 104 52.252
58 105 90.366
58 106 76.729
58 107 95.177
58 108 0.562
58 109 88.809
58 110 84.183
58 111 65.373
58 112 92.583
58 113 83.683
58 114 93.120
58 115 63.024
58 116 97.960
58 117 78.360
58 118 99.822
58 119 2.885
59 60 69.830
59 61 16.781
59 62 87.748
59 63 5.155
59 64 53.751
59 65 14.370
59 66 90.543
59 67 53.803
59 68 21.692
59 69 94.134
59 70 0.600
59 71 68.681
59 72 41.730
59 73 71.240
59 74 56.336
59 75 23.221
59 76 36.764
59 77 60.293
59 78 41.792
59 79 40.791
59 80 68.846
59 81 76.147
59 82 23.329
59 83 19.680
59 84 9.685
59 85 61.248
59 86 29.886
59 87 69.186
59 88 22.401
59 89 0.386
59 90 55.657
59 91 87.455
59 92 84.790
59 93 77.160
59 94 27.022
59 95 75.456
59 96 30.178
59 97 85.545
59 98 29.179
59 99 60.891
59 100 68.344
59 101 34.672
59 102 32.175
59 103 0.865
59 104 76.058
59 105 75.242
59 106 90.869
59 107 42.749
59 108 14.448
59 109 31.982
59 110 18.886
59 111 48.996
59 112 38.721
59 113 48.098
59 114 52.708
59 115 33.505
59 116 14.675
59 117 34.907
59 118 28.782
59 119 14.697
60 61 45.999
60 62 72.678
60 63 93.917
60 64 63.568
60 65 46.535
60 66 27.116
60 67 57.210
60 68 13.799
60 69 62.466
60 70 30.081
60 71 70.336
60 72 5.353
60 73 60.836
60 74 22.756
60 75 92.331
60 76 53.043
60 77 52.839
60 78 74.894
60 79 54.797
60 80 67.179
60 81 13.015
60 82 74.659
60 83 93.985
60 84 4.680
60 85 88.763
60 86 30.209
60 87 57.318
60 88 95.934
60 89 68.530
60 90 36.346
60 91 23.654
60 92 75.195
60 93 91.575
60 94 37.407
60 95 98.931
60 96 40.468
60 97 37.381
60 98 61.016
60 99 61.872
60 100 82.598
60 101 28.603
60 102 6.410
60 103 37.987
60 104 52.656
60 105 17.839
60 106 45.740
60 107 74.384
60 108 81.758
60 109 5.597
60 110 37.110
60 111 72.759
60 112 28.096
60 113 54.470
60 114 54.046
60 115 13.399
60 116 2.201
60 117 22.861
60 118 7.673
60 119 69.180
61 62 13.392
61 63 40.516
61 64 75.115
61 65 65.260
61 66 87.858
61 67 87.660
61 68 50.416
61 69 87.525
61 70 31.970
61 71 19.730
61 72 2.779
61 73 80.860
61 74 53.195
61 75 0.492
61 76 60.979
61 77 6.890
61 78 5.381
61 79 67.729
61 80 42.526
61 81 50.129
61 82 95.181
61 83 57.796
61 84 11.471
61 85 71.274
61 86 72.056
61 87 57.945
61 88 79.723
61 89 6.927
61 90 25.553
61 91 38.674
61 92 63.311
61 93 6.106
61 94 30.443
61 95 42.262
61 96 67.246
61 97 75.658
61 98 12.833
61 99 68.199
61 100 0.456
61 101 79.042
61 102 58.509
61 103 1.404
61 104 15.738
61 105 95.955
61 106 48.535
61 107 74.911
61 108 28.734
61 109 3.858
61 110 86.528
61 111 45.162
61 112 94.680
61 113 86.739
61 114 77.038
61 115 85.043
61 116 11.959
61 117 11.263
61 118 25.137
61 119 67.532
62 63 77.493
62 64 35.997
62 65 53.551
62 66 21.087
62 67 40.564
62 68 35.472
62 69 75.593
62 70 86.846
62 71 88.865
62 72 27.606
62 73 19.656
62 74 97.263
62 75 53.427
62 76 90.361
62 77 74.192
62 78 25.972
62 79 37.505
62 80 41.518
62 81 10.844
62 82 29.470
62 83 58.608
62 84 34.023
62 85 47.808
62 86 12.658
62 87 42.541
62 88 88.653
62 89 35.534
62 90 2.294
62 91 23.698
62 92 45.567
62 93 82.489
62 94 5.114
62 95 86.746
62 96 66.813
62 97 90.001
62 98 60.672
62 99 31.481
62 100 62.987
62 101 32.087
62 102 72.878
62 103 54.806
62 104 48.953
62 105 98.682
62 106 18.750
62 107 21.611
62 108 55.917
62 109 18.851
62 110 88.087
62 111 39.836
62 112 40.131
62 113 94.302
62 114 3.563
62 115 64.011
62 116 32.109
62 117 2.951
62 118 7.186
62 119 26.340
63 64 64.479
63 65 77.281
63 66 76.068
63 67 34.692
63 68 1.469
63 69 22.885
63 70 48.196
63 71 82.816
63 72 68.498
63 73 18.878
63 74 97.139
63 75 89.706
63 76 46.460
63 77 33.715
63 78 93.579
63 79 22.222
63 80 52.035
63 81 97.512
63 82 31.096
63 83 57.918
63 84 72.718
63 85 95.088
63 86 73.816
63 87 13.490
63 88 63.244
63 89 82.721
63 90 4.334
63 91 98.318
63 92 38.704
63 93 86.006
63 94 11.741
63 95 52.308
63 96 18.881
63 97 6.222
63 98 61.644
63 99 92.563
63 100 88.211
63 101 48.273
63 102 32.739
63 103 24.354
63 104 36.238
63 105 84.501
63 106 87.799
63 107 68.467
63 108 34.570
63 109 85.607
63 110 70.865
63 111 19.202
63 112 88.069
63 113 82.413
63 114 86.980
63 115 75.118
63 116 70.370
63 117 70.333
63 118 25.973
63 119 78.096
64 65 16.817
64 66 32.223
64 67 37.625
64 68 55.357
64 69 1.524
64 70 34.636
64 71 51.930
64 72 83.793
64 73 69.478
64 74 47.558
64 75 65.279
64 76 86.290
64 77 29.514
64 78 48.324
64 79 80.994
64 80 25.682
64 81 39.428
64 82 96.709
64 83 1.018
64 84 83.562
64 85 30.640
64 86 10.040
64 87 14.429
64 88 98.380
64 89 26.550
64 90 24.749
64 91 18.032
64 92 90.081
64 93 6.090
64 94 3.887
64 95 34.450
64 96 17.012
64 97 51.966
64 98 38.909
64 99 63.937
64 100 94.896
64 101 1.686
64 102 98.428
64 103 17.552
64 104 57.370
64 105 88.736
64 106 96.672
64 107 31.404
64 108 52.944
64 109 21.099
64 110 89.986
64 111 54.326
64 112 54.162
64 113 94.817
64 114 61.037
64 115 34.673
64 116 1.353
64 117 81.400
64 118 17.231
64 119 5.822
65 66 15.553
65 67 59.639
65 68 12.406
65 69 84.541
65 70 93.016
65 71 84.732
65 72 98.981
65 73 51.549
65 74 37.195
65 75 0.607
65 76 31.540
65 77 79.389
65 78 93.135
65 79 4.977
65 80 72.185
65 81 9.181
65 82 23.958
65 83 70.864
65 84 93.056
65 85 54.840
65 86 9.432
65 87 13.205
65 88 32.032
65 89 31.056
65 90 52.559
65 91 64.650
65 92 33.892
65 93 59.612
65 94 51.748
65 95 90.760
65 96 1.146
65 97 7.536
65 98 33.289
65 99 31.567
65 100 86.214
65 101 50.160
65 102 41.711
65 103 3.801
65 104 79.820
65 105 32.314
65 106 54.057
65 107 36.101
65 108 89.214
65 109 21.673
65 110 18.189
65 111 38.125
65 112 54.233
65 113 9.747
65 114 14.932
65 115 23.710
65 116 19.240
65 117 18.000
65 118 9.230
65 119 18.109
66 67 64.612
66 68 9.286
66 69 86.401
66 70 79.814
66 71 2.728
66 72 88.108
66 73 66.193
66 74 58.581
66 75 60.295
66 76 97.084
66 77 49.546
66 78 93.020
66 79 1.379
66 80 81.615
66 81 80.766
66 82 23.475
66 83 93.637
66 84 99.863
66 85 1.334
66 86 58.899
66 87 84.035
66 88 1.007
66 89 30.580
66 90 90.065
66 91 29.717
66 92 81.120
66 93 33.232
66 94 85.651
66 95 24.709
66 96 53.098
66 97 24.124
66 98 42.645
66 99 73.805
66 100 34.735
66 101 16.344
66 102 87.985
66 103 91.222
66 104 67.318
66 105 40.659
66 106 44.442
66 107 43.536
66 108 26.087
66 109 51.279
66 110 80.542
66 111 13.904
66 112 73.409
66 113 85.837
66 114 61.624
66 115 37.743
66 116 35.724
66 117 65.945
66 118 7.185
66 119 48.797
67 68 56.102
67 69 8.726
67 70 38.211
67 71 78.906
67 72 85.688
67 73 69.484
67 74 67.491
67 75 74.839
67 76 29.356
67 77 50.949
67 78 45.725
67 79 31.168
67 80 53.568
67 81 95.538
67 82 26.766
67 83 89.452
67 84 97.741
67 85 23.631
67 86 56.409
67 87 20.874
67 88 4.350
67 89 93.059
67 90 20.921
67 91 92.015
67 92 97.533
67 93 32.871
67 94 13.832
67 95 11.579
67 96 95.158
67 97 47.858
67 98 92.521
67 99 69.654
67 100 35.107
67 101 99.426
67 102 99.724
67 103 10.492
67 104 32.945
67 105 43.107
67 106 19.355
67 107 24.815
67 108 65.209
67 109 43.323
67 110 20.858
67 111 8.287
67 112 90.229
67 113 91.986
67 114 21.840
67 115 9.067
67 116 76.672
67 117 29.094
67 118 64.807
67 119 79.260
68 69 8.948
68 70 0.683
68 71 60.591
68 72 52.589
68 73 78.170
68 74 92.345
68 75 98.412
68 76 93.765
68 77 47.501
68 78 44.953
68 79 60.493
68 80 3.798
68 81 1.578
68 82 93.350
68 83 7.785
68 84 19.890
68 85 51.067
68 86 68.429
68 87 22.584
68 88 18.563
68 89 65.515
68 90 68.391
68 91 3.668
68 92 16.329
68 93 50.277
68 94 35.909
68 95 10.107
68 96 63.471
68 97 66.660
68 98 74.525
68 99 40.987
68 100 43.399
68 101 18.307
68 102 99.789
68 103 20.025
68 104 22.580
68 105 91.404
68 106 48.503
68 107 26.430
68 108 44.151
68 109 41.490
68 110 62.883
68 111 76.353
68 112 22.134
68 113 65.423
68 114 25.528
68 115 12.860
68 116 72.539
68 117 83.500
68 118 45.801
68 119 6.628
69 70 12.669
69 71 83.760
69 72 88.559
69 73 4.414
69 74 70.591
69 75 48.210
69 76 92.110
69 77 87.833
69 78 72.990
69 79 88.968
69 80 43.879
69 81 21.099
69 82 21.542
69 83 71.284
69 84 69.468
69 85 73.123
69 86 25.441
69 87 89.924
69 88 43.600
69 89 96.720
69 90 30.869
69 91 95.595
69 92 49.942
69 93 35.668
69 94 76.957
69 95 38.871
69 96 0.836
69 97 8.973
69 98 12.204
69 99 10.535
69 100 77.707
69 101 90.942
69 102 25.312
69 103 9.265
69 104 68.236
69 105 65.514
69 106 80.053
69 107 60.304
69 108 57.336
69 109 83.793
69 110 95.055
69 111 42.025
69 112 75.578
69 113 94.857
69 114 76.291
69 115 51.252
69 116 20.876
69 117 51.617
69 118 92.555
69 119 52.737
70 71 47.131
70 72 15.909
70 73 82.384
70 74 13.355
70 75 56.922
70 76 99.957
70 77 94.626
70 78 17.419
70 79 44.487
70 80 84.971
70 81 94.276
70 82 95.897
70 83 9.880
70 84 51.878
70 85 10.183
70 86 79.396
70 87 5.566
70 88 44.056
70 89 61.925
70 90 2.444
70 91 82.643
70 92 57.417
70 93 79.375
70 94 44.887
70 95 75.496
70 96 19.313
70 97 20.402
70 98 95.183
70 99 0.853
70 100 74.456
70 101 99.656
70 102 59.868
70 103 50.077
70 104 43.430
70 105 64.541
70 106 23.707
70 107 21.981
70 108 57.344
70 109 93.243
70 110 85.795
70 111 77.518
70 112 0.802
70 113 44.074
70 114 58.322
70 115 97.417
70 116 14.584
70 117 55.417
70 118 16.767
70 119 89.174
71 72 19.325
71 73 81.203
71 74 32.951
71 75 20.757
71 76 21.931
71 77 48.111
71 78 5.693
71 79 54.955
71 80 57.623
71 81 37.580
71 82 27.723
71 83 20.527
71 84 2.208
71 85 28.257
71 86 92.070
71 87 84.139
71 88 61.548
71 89 82.623
71 90 46.318
71 91 80.507
71 92 8.197
71 93 25.325
71 94 48.913
71 95 17.279
71 96 88.774
71 97 40.141
71 98 68.142
71 99 95.885
71 100 69.895
71 101 7.512
71 102 91.447
71 103 79.899
71 104 25.320
71 105 15.216
71 106 80.421
71 107 98.440
71 108 92.504
71 109 1.054
71 110 15.122
71 111 93.704
71 112 42.818
71 113 28.285
71 114 20.284
71 115 8.937
71 116 16.449
71 117 52.078
71 118 55.534
71 119 65.980
72 73 70.376
72 74 8.393
72 75 81.918
72 76 99.974
72 77 75.773
72 78 45.479
72 79 87.830
72 80 2.919
72 81 79.834
72 82 22.553
72 83 68.865
72 84 77.445
72 85 16.227
72 86 20.263
72 87 8.173
72 88 17.536
72 89 8.272
72 90 43.178
72 91 96.552
72 92 13.850
72 93 59.396
72 94 45.802
72 95 64.848
72 96 27.914
72 97 66.574
72 98 80.531
72 99 75.118
72 100 91.641
72 101 24.161
72 102 48.466
72 103 31.591
72 104 66.459
72 105 7.893
72 106 32.153
72 107 27.632
72 108 39.816
72 109 41.865
72 110 3.086
72 111 40.703
72 112 45.876
72 113 54.829
72 114 26.212
72 115 23.760
72 116 71.955
72 117 26.476
72 118 28.680
72 119 18.549
73 74 52.568
73 75 9.165
73 76 60.737
73 77 33.978
73 78 58.906
73 79 86.093
73 80 52.930
73 81 91.001
73 82 63.164
73 83 92.982
73 84 65.685
73 85 34.403
73 86 94.328
73 87 87.123
73 88 34.827
73 89 51.423
73 90 4.872
73 91 94.969
73 92 39.788
73 93 17.311
73 94 36.281
73 95 7.445
73 96 59.965
73 97 8.748
73 98 5.367
73 99 20.783
73 100 39.151
73 101 87.433
73 102 33.090
73 103 39.906
73 104 47.919
73 105 58.258
73 106 2.913
73 107 71.258
73 108 19.531
73 109 49.102
73 110 66.655
73 111 32.463
73 112 36.175
73 113 42.620
73 114 12.430
73 115 97.313
73 116 59.270
73 117 14.324
73 118 71.435
73 119 76.311
74 75 30.048
74 76 95.765
74 77 68.190
74 78 5.379
74 79 14.821
74 80 86.866
74 81 12.300
74 82 78.309
74 83 33.058
74 84 87.193
74 85 88.872
74 86 12.162
74 87 85.833
74 88 2.418
74 89 29.453
74 90 79.049
74 91 97.205
74 92 9.270
74 93 35.656
74 94 72.597
74 95 91.731
74 96 29.924
74 97 83.627
74 98 2.892
74 99 57.603
74 100 75.113
74 101 59.070
74 102 29.796
74 103 86.766
74 104 64.154
74 105 59.759
74 106 51.288
74 107 40.924
74 108 19.620
74 109 55.296
74 110 60.824
74 111 65.464
74 112 64.598
74 113 12.346
74 114 75.720
74 115 62.102
74 116 21.238
74 117 77.627
74 118 17.145
74 119 35.454
75 76 20.751
75 77 60.687
75 78 91.598
75 79 48.758
75 80 87.044
75 81 73.787
75 82 83.545
75 83 59.600
75 84 48.879
75 85 67.205
75 86 19.432
75 87 57.789
75 88 68.713
75 89 44.817
75 90 4.379
75 91 94.408
75 92 50.339
75 93 57.069
75 94 64.599
75 95 73.582
75 96 1.959
75 97 46.226
75 98 50.954
75 99 76.665
75 100 86.531
75 101 62.302
75 102 72.054
75 103 2.305
75 104 87.014
75 105 77.109
75 106 28.894
75 107 35.242
75 108 50.555
75 109 98.590
75 110 17.301
75 111 1.721
75 112 52.739
75 113 27.945
75 114 49.292
75 115 30.036
75 116 40.663
75 117 7.986
75 118 19.945
75 119 10.993
76 77 71.934
76 78 82.765
76 79 12.503
76 80 44.992
76 81 65.577
76 82 25.721
76 83 91.166
76 84 69.911
76 85 20.429
76 86 96.403
76 87 78.383
76 88 87.163
76 89 36.744
76 90 54.321
76 91 51.447
76 92 42.021
76 93 97.533
76 94 92.525
76 95 21.822
76 96 68.756
76 97 27.623
76 98 53.230
76 99 79.855
76 100 81.084
76 101 50.419
76 102 53.150
76 103 97.380
76 104 74.129
76 105 5.071
76 106 77.144
76 107 81.247
76 108 5.334
76 109 70.030
76 110 95.357
76 111 61.871
76 112 38.669
76 113 62.900
76 114 21.270
76 115 82.687
76 116 68.984
76 117 51.065
76 118 55.879
76 119 28.710
77 78 91.534
77 79 12.702
77 80 56.690
77 81 95.432
77 82 45.430
77 83 33.653
77 84 29.301
77 85 52.864
77 86 39.192
77 87 12.001
77 88 64.053
77 89 3.801
77 90 61.609
77 91 69.264
77 92 30.546
77 93 70.222
77 94 91.708
77 95 34.824
77 96 98.796
77 97 67.254
77 98 47.968
77 99 78.449
77 100 77.374
77 101 40.217
77 102 58.750
77 103 14.760
77 104 46.085
77 105 47.020
77 106 93.484
77 107 92.990
77 108 13.574
77 109 65.539
77 110 67.249
77 111 15.590
77 112 48.692
77 113 93.593
77 114 20.206
77 115 0.031
77 116 18.569
77 117 87.746
77 118 77.678
77 119 9.564
78 79 16.001
78 80 56.419
78 81 16.757
78 82 30.771
78 83 74.135
78 84 82.618
78 85 0.895
78 86 68.402
78 87 47.359
78 88 2.126
78 89 95.261
78 90 61.295
78 91 83.922
78 92 4.077
78 93 42.509
78 94 97.106
78 95 27.960
78 96 52.590
78 97 61.132
78 98 18.128
78 99 66.508
78 100 50.500
78 101 26.718
78 102 65.645
78 103 80.473
78 104 79.201
78 105 10.201
78 106 6.079
78 107 67.659
78 108 52.254
78 109 76.579
78 110 18.606
78 111 80.625
78 112 14.623
78 113 92.615
78 114 0.965
78 115 62.518
78 116 4.280
78 117 52.652
78 118 67.880
78 119 69.922
79 80 68.409
79 81 7.967
79 82 74.781
79 83 43.423
79 84 92.555
79 85 76.976
79 86 98.470
79 87 23.727
79 88 57.775
79 89 21.110
79 90 45.908
79 91 14.047
79 92 88.265
79 93 94.343
79 94 42.485
79 95 57.903
79 96 89.865
79 97 13.116
79 98 71.924
79 99 35.580
79 100 8.504
79 101 47.796
79 102 1.416
79 103 82.195
79 104 56.854
79 105 6.819
79 106 27.605
79 107 95.634
79 108 67.346
79 109 70.333
79 110 21.754
79 111 33.600
79 112 30.185
79 113 31.403
79 114 35.685
79 115 95.600
79 116 66.096
79 117 19.747
79 118 54.044
79 119 47.874
80 81 65.301
80 82 15.490
80 83 42.971
80 84 77.138
80 85 96.569
80 86 8.569
80 87 50.443
80 88 52.436
80 89 53.174
80 90 23.178
80 91 59.363
80 92 33.516
80 93 56.213
80 94 6.066
80 95 80.863
80 96 88.817
80 97 79.975
80 98 72.481
80 99 2.391
80 100 76.496
80 101 98.905
80 102 14.238
80 103 72.777
80 104 97.904
80 105 81.210
80 106 0.625
80 107 14.812
80 108 54.467
80 109 70.254
80 110 44.777
80 111 4.769
80 112 26.153
80 113 1.642
80 114 65.658
80 115 47.877
80 116 42.545
80 117 1.232
80 118 48.936
80 119 8.901
81 82 35.980
81 83 97.339
81 84 98.816
81 85 27.821
81 86 50.311
81 87 58.965
81 88 77.265
81 89 61.979
81 90 28.542
81 91 41.167
81 92 47.116
81 93 48.172
81 94 17.930
81 95 78.512
81 96 71.160
81 97 70.792
81 98 12.104
81 99 18.063
81 100 70.604
81 101 55.447
81 102 96.320
81 103 24.464
81 104 13.187
81 105 81.413
81 106 74.195
81 107 21.409
81 108 83.737
81 109 20.815
81 110 32.090
81 111 56.176
81 112 88.129
81 113 67.619
81 114 40.755
81 115 86.842
81 116 55.336
81 117 15.306
81 118 2.955
81 119 95.483
82 83 31.707
82 84 78.536
82 85 30.484
82 86 24.821
82 87 6.566
82 88 31.151
82 89 74.315
82 90 20.709
82 91 68.936
82 92 50.560
82 93 37.587
82 94 38.290
82 95 71.401
82 96 16.813
82 97 72.717
82 98 35.805
82 99 69.060
82 100 13.650
82 101 1.124
82 102 36.749
82 103 9.020
82 104 18.305
82 105 96.892
82 106 88.443
82 107 69.025
82 108 47.067
82 109 44.159
82 110 83.079
82 111 82.598
82 112 44.371
82 113 12.076
82 114 35.901
82 115 42.445
82 116 64.634
82 117 90.931
82 118 34.436
82 119 43.927
83 84 98.095
83 85 98.319
83 86 82.546
83 87 16.000
83 88 34.593
83 89 95.227
83 90 63.546
83 91 88.342
83 92 42.527
83 93 48.477
83 94 37.778
83 95 60.244
83 96 64.148
83 97 38.169
83 98 71.734
83 99 69.388
83 100 92.910
83 101 36.603
83 102 68.220
83 103 6.752
83 104 3.760
83 105 78.629
83 106 30.003
83 107 87.689
83 108 53.065
83 109 2.427
83 110 43.026
83 111 68.572
83 112 51.280
83 113 64.459
83 114 9.509
83 115 93.473
83 116 38.537
83 117 22.637
83 118 96.099
83 119 65.932
84 85 60.991
84 86 37.741
84 87 87.744
84 88 67.196
84 89 54.062
84 90 64.660
84 91 54.069
84 92 84.153
84 93 87.650
84 94 92.280
84 95 41.760
84 96 67.739
84 97 17.940
84 98 43.648
84 99 3.852
84 100 15.732
84 101 20.588
84 102 66.508
84 103 64.768
84 104 62.604
84 105 50.894
84 106 28.375
84 107 98.616
84 108 63.524
84 109 87.969
84 110 80.042
84 111 67.433
84 112 79.584
84 113 71.990
84 114 66.733
84 115 25.988
84 116 7.009
84 117 36.268
84 118 47.061
84 119 50.194
85 86 44.351
85 87 69.196
85 88 26.559
85 89 87.322
85 90 58.568
85 91 15.051
85 92 24.737
85 93 57.942
85 94 93.418
85 95 37.158
85 96 72.462
85 97 61.865
85 98 61.734
85 99 22.147
85 100 79.904
85 101 53.380
85 102 76.917
85 103 99.776
85 104 24.385
85 105 54.645
85 106 8.376
85 107 89.270
85 108 82.171
85 109 70.391
85 110 90.672
85 111 60.148
85 112 68.573
85 113 51.901
85 114 76.759
85 115 13.185
85 116 56.688
85 117 33.752
85 118 1.988
85 119 45.476
86 87 16.687
86 88 32.908
86 89 17.435
86 90 62.485
86 91 54.768
86 92 56.504
86 93 58.633
86 94 39.492
86 95 33.729
86 96 11.988
86 97 38.927
86 98 15.073
86 99 25.555
86 100 51.331
86 101 95.458
86 102 19.999
86 103 80.515
86 104 9.571
86 105 70.146
86 106 6.403
86 107 96.962
86 108 17.250
86 109 78.103
86 110 44.096
86 111 41.368
86 112 76.110
86 113 1.504
86 114 93.585
86 115 99.064
86 116 87.962
86 117 48.254
86 118 48.672
86 119 32.767
87 88 17.693
87 89 31.670
87 90 65.407
87 91 88.158
87 92 53.178
87 93 59.891
87 94 58.737
87 95 13.620
87 96 97.166
87 97 71.931
87 98 53.373
87 99 54.694
87 100 89.252
87 101 20.990
87 102 21.178
87 103 42.899
87 104 9.611
87 105 85.097
87 106 23.826
87 107 23.274
87 108 60.454
87 109 80.128
87 110 6.516
87 111 55.310
87 112 55.992
87 113 60.919
87 114 56.223
87 115 77.928
87 116 77.203
87 117 22.446
87 118 46.233
87 119 50.718
88 89 63.810
88 90 54.955
88 91 37.670
88 92 70.865
88 93 22.596
88 94 64.418
88 95 98.263
88 96 18.032
88 97 28.586
88 98 42.862
88 99 28.759
88 100 97.909
88 101 83.555
88 102 61.884
88 103 58.214
88 104 39.240
88 105 75.005
88 106 67.034
88 107 80.811
88 108 48.818
88 109 47.922
88 110 70.805
88 111 58.895
88 112 44.309
88 113 61.545
88 114 77.579
88 115 9.599
88 116 65.683
88 117 53.830
88 118 25.179
88 119 25.747
89 90 12.645
89 91 77.424
89 92 94.546
89 93 55.615
89 94 67.632
89 95 2.687
89 96 21.584
89 97 80.726
89 98 41.824
89 99 5.692
89 100 43.389
89 101 85.975
89 102 25.010
89 103 72.077
89 104 24.794
89 105 12.244
89 106 29.292
89 107 51.289
89 108 40.608
89 109 18.034
89 110 91.272
89 111 89.940
89 112 33.925
89 113 53.731
89 114 37.734
89 115 57.914
89 116 31.510
89 117 69.788
89 118 25.761
89 119 56.323
90 91 73.566
90 92 38.395
90 93 39.826
90 94 62.508
90 95 7.063
90 96 67.145
90 97 65.602
90 98 24.068
90 99 99.335
90 100 22.768
90 101 63.059
90 102 61.206
90 103 51.784
90 104 63.135
90 105 29.889
90 106 74.725
90 107 32.334
90 108 96.608
90 109 80.354
90 110 85.564
90 111 99.615
90 112 49.149
90 113 64.395
90 114 51.055
90 115 61.941
90 116 21.741
90 117 17.151
90 118 12.906
90 119 99.740
91 92 63.275
91 93 59.981
91 94 32.426
91 95 81.390
91 96 67.411
91 97 70.702
91 98 59.609
91 99 19.303
91 100 25.813
91 101 2.928
91 102 64.440
91 103 45.610
91 104 34.730
91 105 62.240
91 106 31.150
91 107 34.970
91 108 57.053
91 109 40.385
91 110 79.118
91 111 65.754
91 112 87.798
91 113 67.755
91 114 27.763
91 115 90.297
91 116 57.376
91 117 69.141
91 118 66.973
91 119 79.889
92 93 34.066
92 94 98.059
92 95 29.511
92 96 20.849
92 97 54.782
92 98 80.917
92 99 87.297
92 100 64.285
92 101 21.536
92 102 23.864
92 103 9.614
92 104 74.030
92 105 49.900
92 106 22.390
92 107 27.985
92 108 74.775
92 109 45.359
92 110 66.548
92 111 49.861
92 112 75.572
92 113 13.572
92 114 53.146
92 115 51.236
92 116 32.615
92 117 81.419
92 118 0.344
92 119 56.924
93 94 19.645
93 95 17.080
93 96 9.768
93 97 86.450
93 98 94.318
93 99 89.482
93 100 36.631
93 101 3.419
93 102 84.523
93 103 0.109
93 104 9.258
93 105 56.649
93 106 69.909
93 107 53.478
93 108 86.040
93 109 42.529
93 110 0.783
93 111 6.500
93 112 50.007
93 113 49.758
93 114 79.044
93 115 51.509
93 116 19.080
93 117 70.014
93 118 23.971
93 119 42.899
94 95 93.495
94 96 71.064
94 97 59.463
94 98 73.145
94 99 70.978
94 100 32.457
94 101 88.695
94 102 40.353
94 103 34.957
94 104 38.187
94 105 67.214
94 106 26.602
94 107 61.448
94 108 5.544
94 109 46.099
94 110 23.955
94 111 96.175
94 112 4.896
94 113 33.117
94 114 3.366
94 115 25.087
94 116 91.237
94 117 11.675
94 118 20.601
94 119 98.647
95 96 25.081
95 97 64.905
95 98 92.854
95 99 73.089
95 100 7.641
95 101 75.352
95 102 59.939
95 103 0.290
95 104 93.230
95 105 9.508
95 106 64.675
95 107 32.008
95 108 70.416
95 109 50.834
95 110 48.598
95 111 3.920
95 112 22.727
95 113 14.925
95 114 61.087
95 115 30.245
95 116 89.541
95 117 66.122
95 118 22.759
95 119 70.681
96 97 48.297
96 98 56.142
96 99 67.211
96 100 27.975
96 101 30.277
96 102 22.191
96 103 9.164
96 104 96.647
96 105 63.939
96 106 14.549
96 107 51.595
96 108 11.222
96 109 12.149
96 110 71.756
96 111 49.621
96 112 35.790
96 113 32.660
96 114 25.300
96 115 94.694
96 116 95.773
96 117 44.766
96 118 95.098
96 119 69.108
97 98 77.519
97 99 29.345
97 100 32.089
97 101 47.852
97 102 11.640
97 103 24.323
97 104 74.892
97 105 92.528
97 106 11.994
97 107 3.100
97 108 13.768
97 109 90.357
97 110 63.779
97 111 39.610
97 112 96.992
97 113 40.211
97 114 41.419
97 115 70.374
97 116 72.290
97 117 77.162
97 118 89.757
97 119 61.341
98 99 29.129
98 100 57.237
98 101 20.515
98 102 75.212
98 103 96.401
98 104 94.824
98 105 60.080
98 106 13.653
98 107 54.473
98 108 56.653
98 109 34.373
98 110 77.949
98 111 40.556
98 112 68.271
98 113 91.879
98 114 51.587
98 115 62.015
98 116 81.668
98 117 46.904
98 118 58.690
98 119 83.506
99 100 85.945
99 101 71.665
99 102 93.385
99 103 20.714
99 104 16.902
99 105 78.070
99 106 46.881
99 107 55.998
99 108 35.925
99 109 7.842
99 110 81.433
99 111 89.375
99 112 3.767
99 113 93.112
99 114 13.329
99 115 52.063
99 116 70.586
99 117 58.700
99 118 70.675
99 119 39.196
100 101 40.055
100 102 11.976
100 103 85.969
100 104 63.319
100 105 42.387
100 106 6.573
100 107 68.327
100 108 90.955
100 109 68.819
100 110 72.132
100 111 75.726
100 112 0.768
100 113 78.366
100 114 73.878
100 115 73.715
100 116 93.771
100 117 86.621
100 118 3.009
100 119 23.799
101 102 93.520
101 103 85.902
101 104 1.732
101 105 92.079
101 106 97.406
101 107 26.218
101 108 95.220
101 109 6.679
101 110 78.906
101 111 7.354
101 112 36.851
101 113 21.152
101 114 95.056
101 115 93.776
101 116 72.808
101 117 60.252
101 118 23.436
101 119 66.118
102 103 97.432
102 104 34.357
102 105 38.585
102 106 65.686
102 107 1.697
102 108 9.295
102 109 39.049
102 110 71.716
102 111 13.733
102 112 9.442
102 113 53.153
102 114 75.054
102 115 92.565
102 116 13.708
102 117 84.105
102 118 76.462
102 119 64.032
103 104 76.384
103 105 3.193
103 106 42.950
103 107 81.328
103 108 67.800
103 109 63.589
103 110 1.314
103 111 51.690
103 112 83.391
103 113 86.695
103 114 34.499
103 115 95.449
103 116 13.960
103 117 67.957
103 118 73.463
103 119 94.011
104 105 4.831
104 106 59.736
104 107 44.870
104 108 39.276
104 109 57.049
104 110 15.094
104 111 43.259
104 112 18.600
104 113 39.909
104 114 18.227
104 115 45.272
104 116 56.598
104 117 90.825
104 118 84.834
104 119 73.035
105 106 87.927
105 107 75.928
105 108 88.816
105 109 44.014
105 110 53.642
105 111 72.745
105 112 60.490
105 113 15.420
105 114 97.799
105 115 14.961
105 116 5.907
105 117 42.706
105 118 90.694
105 119 8.463
106 107 16.847
106 108 23.709
106 109 20.441
106 110 87.760
106 111 76.749
106 112 92.699
106 113 75.570
106 114 32.354
106 115 19.080
106 116 61.880
106 117 87.895
106 118 3.728
106 119 61.541
107 108 81.817
107 109 17.114
107 110 95.395
107 111 22.043
107 112 6.819
107 113 36.429
107 114 10.784
107 115 20.515
107 116 6.476
107 117 21.947
107 118 96.728
107 119 84.380
108 109 60.352
108 110 57.673
108 111 63.960
108 112 4.942
108 113 9.266
108 114 42.661
108 115 20.231
108 116 36.918
108 117 13.641
108 118 27.171
108 119 26.534
109 110 94.027
109 111 87.066
109 112 10.665
109 113 62.431
109 114 69.791
109 115 31.542
109 116 6.066
109 117 52.549
109 118 4.622
109 119 99.779
110 111 11.875
110 112 63.089
110 113 27.748
110 114 49.486
110 115 36.610
110 116 24.539
110 117 25.740
110 118 34.758
110 119 88.472
111 112 74.766
111 113 28.098
111 114 0.471
111 115 77.211
111 116 45.285
111 117 54.804
111 118 7.012
111 119 74.911
112 113 32.731
112 114 40.750
112 115 14.745
112 116 47.705
112 117 7.439
112 118 37.582
112 119 0.253
113 114 1.396
113 115 11.505
113 116 94.792
113 117 59.744
113 118 80.582
113 119 89.832
114 115 38.775
114 116 78.880
114 117 23.015
114 118 79.393
114 119 1.073
115 116 12.888
115 117 98.842
115 118 54.308
115 119 95.206
116 117 25.964
116 118 57.751
116 119 87.325
117 118 5.229
117 119 84.779
118 119 66.200
