30 5 ds 6 10 5 10 6 8 5 8 6 6 
0 1 68.498
0 2 81.268
0 3 63.301
0 4 59.941
0 5 64.846
0 6 3.039
0 7 17.946
0 8 63.530
0 9 99.095
0 10 17.608
0 11 31.606
0 12 87.916
0 13 78.868
0 14 56.511
0 15 24.825
0 16 11.759
0 17 66.682
0 18 65.560
0 19 61.372
0 20 7.680
0 21 69.049
0 22 51.920
0 23 34.798
0 24 83.220
0 25 6.461
0 26 58.280
0 27 41.140
0 28 6.663
0 29 46.308
1 2 50.583
1 3 0.741
1 4 24.557
1 5 24.631
1 6 59.800
1 7 12.562
1 8 70.850
1 9 4.589
1 10 75.364
1 11 72.896
1 12 13.727
1 13 19.629
1 14 48.129
1 15 67.062
1 16 85.570
1 17 27.539
1 18 24.083
1 19 47.432
1 20 93.883
1 21 57.953
1 22 96.578
1 23 44.063
1 24 16.619
1 25 70.301
1 26 34.450
1 27 15.223
1 28 44.012
1 29 51.854
2 3 16.151
2 4 34.303
2 5 40.842
2 6 76.168
2 7 75.912
2 8 26.827
2 9 68.006
2 10 11.149
2 11 46.939
2 12 16.748
2 13 20.335
2 14 12.874
2 15 68.796
2 16 14.708
2 17 8.776
2 18 66.436
2 19 11.366
2 20 82.619
2 21 39.392
2 22 38.294
2 23 56.149
2 24 38.705
2 25 19.064
2 26 85.956
2 27 67.212
2 28 25.053
2 29 48.342
3 4 30.294
3 5 78.653
3 6 45.759
3 7 45.595
3 8 33.388
3 9 23.279
3 10 97.910
3 11 83.419
3 12 40.529
3 13 28.018
3 14 59.932
3 15 8.200
3 16 38.833
3 17 5.606
3 18 72.244
3 19 56.807
3 20 56.930
3 21 79.242
3 22 43.702
3 23 80.564
3 24 80.246
3 25 87.113
3 26 43.945
3 27 35.992
3 28 84.655
3 29 27.115
4 5 96.590
4 6 4.221
4 7 97.598
4 8 18.571
4 9 71.085
4 10 56.571
4 11 80.267
4 12 77.379
4 13 82.098
4 14 92.462
4 15 87.016
4 16 23.794
4 17 44.464
4 18 37.658
4 19 98.915
4 20 67.911
4 21 98.995
4 22 5.768
4 23 47.187
4 24 46.922
4 25 19.886
4 26 94.013
4 27 39.264
4 28 20.347
4 29 37.961
5 6 5.433
5 7 75.265
5 8 64.716
5 9 65.677
5 10 64.062
5 11 95.957
5 12 47.510
5 13 89.601
5 14 17.003
5 15 34.574
5 16 1.730
5 17 3.950
5 18 97.921
5 19 54.368
5 20 67.049
5 21 94.856
5 22 60.176
5 23 41.352
5 24 11.265
5 25 49.155
5 26 74.582
5 27 87.409
5 28 96.680
5 29 53.804
6 7 26.808
6 8 42.815
6 9 9.986
6 10 72.405
6 11 42.394
6 12 39.163
6 13 31.410
6 14 33.899
6 15 13.656
6 16 83.799
6 17 79.106
6 18 45.109
6 19 1.981
6 20 5.100
6 21 28.146
6 22 43.628
6 23 41.508
6 24 84.245
6 25 70.013
6 26 40.428
6 27 75.743
6 28 43.654
6 29 48.064
7 8 62.637
7 9 17.334
7 10 74.803
7 11 77.241
7 12 96.058
7 13 33.072
7 14 78.915
7 15 32.151
7 16 44.308
7 17 21.103
7 18 62.806
7 19 66.666
7 20 66.865
7 21 65.425
7 22 79.203
7 23 10.288
7 24 31.829
7 25 23.904
7 26 25.889
7 27 71.831
7 28 20.890
7 29 30.404
8 9 21.301
8 10 69.281
8 11 53.759
8 12 69.014
8 13 55.520
8 14 96.277
8 15 57.230
8 16 8.974
8 17 75.095
8 18 30.216
8 19 90.105
8 20 72.551
8 21 97.701
8 22 84.781
8 23 49.317
8 24 44.959
8 25 68.404
8 26 10.553
8 27 24.936
8 28 25.352
8 29 63.106
9 10 51.382
9 11 42.109
9 12 60.966
9 13 16.750
9 14 71.310
9 15 26.530
9 16 2.723
9 17 3.937
9 18 77.095
9 19 56.711
9 20 69.866
9 21 27.851
9 22 74.776
9 23 21.091
9 24 13.694
9 25 79.731
9 26 15.201
9 27 80.940
9 28 25.984
9 29 15.578
10 11 3.098
10 12 51.044
10 13 46.421
10 14 59.424
10 15 66.993
10 16 49.342
10 17 85.130
10 18 83.173
10 19 13.171
10 20 33.912
10 21 91.384
10 22 31.903
10 23 15.892
10 24 41.196
10 25 67.610
10 26 60.465
10 27 28.184
10 28 62.809
10 29 49.003
11 12 22.333
11 13 32.794
11 14 49.997
11 15 43.377
11 16 4.867
11 17 91.258
11 18 14.555
11 19 53.340
11 20 36.512
11 21 90.567
11 22 2.952
11 23 83.426
11 24 0.912
11 25 31.514
11 26 56.428
11 27 68.500
11 28 80.533
11 29 50.567
12 13 33.997
12 14 46.617
12 15 18.099
12 16 18.011
12 17 67.572
12 18 39.387
12 19 28.001
12 20 9.076
12 21 38.845
12 22 96.030
12 23 11.806
12 24 1.912
12 25 16.072
12 26 3.455
12 27 32.089
12 28 16.546
12 29 65.599
13 14 64.018
13 15 77.047
13 16 72.278
13 17 57.723
13 18 95.091
13 19 4.683
13 20 7.550
13 21 19.421
13 22 10.078
13 23 89.832
13 24 75.887
13 25 47.486
13 26 99.271
13 27 9.897
13 28 4.310
13 29 84.793
14 15 40.701
14 16 95.889
14 17 76.462
14 18 79.680
14 19 36.128
14 20 44.202
14 21 81.721
14 22 93.876
14 23 85.326
14 24 31.532
14 25 53.695
14 26 97.890
14 27 83.079
14 28 0.463
14 29 6.731
15 16 94.486
15 17 47.545
15 18 86.423
15 19 67.473
15 20 40.629
15 21 66.148
15 22 38.124
15 23 89.997
15 24 96.192
15 25 75.699
15 26 43.000
15 27 37.675
15 28 13.770
15 29 77.120
16 17 6.821
16 18 12.683
16 19 98.079
16 20 22.009
16 21 52.338
16 22 14.947
16 23 5.747
16 24 98.175
16 25 95.683
16 26 16.308
16 27 26.652
16 28 84.372
16 29 31.212
17 18 42.846
17 19 86.560
17 20 40.641
17 21 5.590
17 22 68.524
17 23 37.435
17 24 49.977
17 25 90.115
17 26 36.724
17 27 56.587
17 28 29.503
17 29 66.654
18 19 42.718
18 20 58.754
18 21 84.868
18 22 27.012
18 23 29.773
18 24 36.218
18 25 90.309
18 26 48.177
18 27 74.334
18 28 81.234
18 29 38.607
19 20 46.580
19 21 61.595
19 22 12.342
19 23 20.122
19 24 33.376
19 25 81.797
19 26 21.517
19 27 58.167
19 28 89.721
19 29 9.698
20 21 82.681
20 22 49.142
20 23 56.112
20 24 64.930
20 25 13.724
20 26 30.203
20 27 83.086
20 28 89.317
20 29 64.003
21 22 24.656
21 23 21.912
21 24 18.767
21 25 7.171
21 26 95.838
21 27 43.401
21 28 71.933
21 29 55.225
22 23 73.949
22 24 60.533
22 25 25.635
22 26 73.857
22 27 7.103
22 28 96.344
22 29 97.892
23 24 71.413
23 25 27.811
23 26 82.348
23 27 13.408
23 28 54.242
23 29 19.179
24 25 94.749
24 26 83.520
24 27 89.709
24 28 11.293
24 29 35.804
25 26 92.821
25 27 94.821
25 28 37.575
25 29 45.893
26 27 48.106
26 28 73.197
26 29 33.344
27 28 88.236
27 29 11.730
28 29 56.028
