10 2 ds 3 6 5 5 
0 1 37.776
0 2 0.286
0 3 43.391
0 4 92.748
0 5 93.496
0 6 74.990
0 7 88.173
0 8 30.562
0 9 10.864
1 2 36.470
1 3 9.848
1 4 53.189
1 5 18.799
1 6 50.723
1 7 87.629
1 8 90.082
1 9 32.058
2 3 77.995
2 4 98.484
2 5 49.751
2 6 5.718
2 7 78.136
2 8 81.870
2 9 74.286
3 4 92.131
3 5 34.403
3 6 19.528
3 7 91.525
3 8 47.987
3 9 77.591
4 5 26.409
4 6 62.860
4 7 99.326
4 8 69.084
4 9 48.158
5 6 2.869
5 7 35.755
5 8 6.178
5 9 13.018
6 7 3.331
6 8 71.614
6 9 45.943
7 8 91.553
7 9 28.634
8 9 81.463
