120 10 ds 9 14 10 15 11 16 8 16 10 12 8 14 12 13 8 13 10 12 12 16 
0 1 4.937
0 2 42.537
0 3 8.222
0 4 68.395
0 5 90.422
0 6 0.268
0 7 76.467
0 8 7.820
0 9 55.596
0 10 16.388
0 11 96.022
0 12 11.294
0 13 19.369
0 14 34.950
0 15 6.057
0 16 48.838
0 17 58.393
0 18 52.916
0 19 82.824
0 20 57.600
0 21 7.519
0 22 14.127
0 23 93.331
0 24 42.814
0 25 44.116
0 26 84.373
0 27 71.839
0 28 5.237
0 29 19.748
0 30 45.793
0 31 16.715
0 32 31.776
0 33 2.820
0 34 9.099
0 35 81.846
0 36 85.347
0 37 74.009
0 38 5.487
0 39 41.600
0 40 82.448
0 41 72.651
0 42 86.610
0 43 41.213
0 44 52.486
0 45 26.740
0 46 30.617
0 47 5.541
0 48 31.602
0 49 11.768
0 50 25.012
0 51 68.265
0 52 55.545
0 53 74.379
0 54 72.955
0 55 0.915
0 56 81.084
0 57 25.648
0 58 48.665
0 59 66.500
0 60 83.534
0 61 55.770
0 62 9.670
0 63 96.069
0 64 49.134
0 65 47.038
0 66 58.945
0 67 88.165
0 68 5.356
0 69 65.224
0 70 38.315
0 71 60.961
0 72 9.655
0 73 90.808
0 74 26.043
0 75 44.719
0 76 47.730
0 77 10.986
0 78 6.136
0 79 88.319
0 80 76.074
0 81 30.981
0 82 74.642
0 83 67.690
0 84 80.393
0 85 78.893
0 86 49.114
0 87 26.327
0 88 11.422
0 89 72.204
0 90 51.407
0 91 48.443
0 92 2.727
0 93 85.974
0 94 41.110
0 95 63.857
0 96 71.285
0 97 12.923
0 98 87.150
0 99 10.383
0 100 50.939
0 101 33.765
0 102 78.523
0 103 34.262
0 104 11.263
0 105 22.532
0 106 91.564
0 107 92.091
0 108 69.958
0 109 96.106
0 110 50.836
0 111 28.743
0 112 15.575
0 113 79.749
0 114 43.439
0 115 44.925
0 116 19.169
0 117 1.174
0 118 72.455
0 119 35.312
1 2 28.462
1 3 44.509
1 4 64.214
1 5 73.600
1 6 6.126
1 7 92.535
1 8 76.215
1 9 44.363
1 10 95.004
1 11 60.610
1 12 87.789
1 13 73.251
1 14 67.402
1 15 78.969
1 16 93.959
1 17 86.859
1 18 43.025
1 19 11.405
1 20 64.468
1 21 41.502
1 22 40.698
1 23 7.830
1 24 74.572
1 25 96.166
1 26 62.699
1 27 75.783
1 28 61.933
1 29 69.067
1 30 97.358
1 31 21.721
1 32 14.864
1 33 9.540
1 34 65.507
1 35 56.721
1 36 51.132
1 37 37.375
1 38 29.434
1 39 83.242
1 40 3.693
1 41 50.278
1 42 29.194
1 43 79.666
1 44 89.978
1 45 76.757
1 46 10.436
1 47 77.566
1 48 4.709
1 49 56.565
1 50 60.352
1 51 83.005
1 52 42.751
1 53 63.697
1 54 73.915
1 55 27.628
1 56 28.130
1 57 48.012
1 58 31.279
1 59 47.913
1 60 98.083
1 61 60.672
1 62 79.006
1 63 81.684
1 64 66.918
1 65 45.920
1 66 72.754
1 67 39.808
1 68 73.428
1 69 27.085
1 70 57.094
1 71 57.997
1 72 97.763
1 73 88.270
1 74 29.364
1 75 58.716
1 76 18.905
1 77 54.821
1 78 58.717
1 79 56.432
1 80 72.256
1 81 5.466
1 82 9.030
1 83 20.783
1 84 58.398
1 85 6.927
1 86 44.865
1 87 71.712
1 88 48.641
1 89 47.836
1 90 83.365
1 91 18.219
1 92 30.813
1 93 62.945
1 94 91.817
1 95 68.106
1 96 39.545
1 97 80.920
1 98 20.512
1 99 29.924
1 100 19.375
1 101 99.402
1 102 3.638
1 103 0.321
1 104 76.071
1 105 89.551
1 106 57.099
1 107 80.078
1 108 81.864
1 109 58.983
1 110 51.498
1 111 90.347
1 112 13.642
1 113 56.740
1 114 40.949
1 115 66.944
1 116 19.665
1 117 86.894
1 118 83.941
1 119 95.038
2 3 29.991
2 4 8.395
2 5 1.196
2 6 9.161
2 7 48.548
2 8 37.933
2 9 77.247
2 10 24.187
2 11 90.688
2 12 39.882
2 13 27.430
2 14 81.793
2 15 59.037
2 16 82.793
2 17 20.030
2 18 93.857
2 19 82.594
2 20 65.441
2 21 64.531
2 22 39.386
2 23 79.294
2 24 67.096
2 25 51.215
2 26 24.741
2 27 40.624
2 28 56.471
2 29 54.820
2 30 48.322
2 31 78.370
2 32 1.691
2 33 95.519
2 34 20.312
2 35 18.228
2 36 59.714
2 37 84.168
2 38 75.705
2 39 72.749
2 40 87.718
2 41 65.606
2 42 84.531
2 43 76.963
2 44 11.337
2 45 13.714
2 46 7.082
2 47 24.054
2 48 4.964
2 49 25.021
2 50 63.875
2 51 95.554
2 52 87.934
2 53 3.817
2 54 90.222
2 55 40.812
2 56 17.018
2 57 31.076
2 58 23.457
2 59 23.839
2 60 60.466
2 61 61.901
2 62 27.264
2 63 22.170
2 64 71.747
2 65 1.808
2 66 91.995
2 67 31.976
2 68 42.151
2 69 70.814
2 70 62.456
2 71 6.447
2 72 0.606
2 73 76.153
2 74 35.404
2 75 30.316
2 76 46.322
2 77 79.354
2 78 37.785
2 79 12.424
2 80 45.299
2 81 61.488
2 82 43.776
2 83 60.329
2 84 95.268
2 85 61.607
2 86 13.744
2 87 86.248
2 88 65.299
2 89 87.666
2 90 41.497
2 91 81.962
2 92 46.073
2 93 76.720
2 94 77.507
2 95 91.853
2 96 4.761
2 97 11.695
2 98 55.301
2 99 7.842
2 100 24.463
2 101 85.769
2 102 85.783
2 103 7.780
2 104 22.318
2 105 42.197
2 106 99.986
2 107 59.691
2 108 82.698
2 109 7.345
2 110 14.602
2 111 18.294
2 112 12.301
2 113 77.791
2 114 66.592
2 115 47.359
2 116 22.490
2 117 18.517
2 118 13.314
2 119 11.681
3 4 70.881
3 5 78.540
3 6 22.782
3 7 95.866
3 8 48.994
3 9 32.795
3 10 85.055
3 11 23.620
3 12 85.652
3 13 14.595
3 14 60.209
3 15 70.829
3 16 46.877
3 17 11.749
3 18 40.948
3 19 88.527
3 20 52.184
3 21 61.189
3 22 48.625
3 23 77.680
3 24 94.465
3 25 91.910
3 26 0.311
3 27 86.741
3 28 46.038
3 29 34.113
3 30 81.497
3 31 35.061
3 32 57.018
3 33 33.603
3 34 34.129
3 35 0.472
3 36 3.779
3 37 84.822
3 38 22.901
3 39 47.783
3 40 25.107
3 41 23.358
3 42 74.059
3 43 16.371
3 44 91.495
3 45 99.298
3 46 90.462
3 47 29.743
3 48 89.148
3 49 86.521
3 50 34.239
3 51 37.642
3 52 64.333
3 53 69.824
3 54 34.092
3 55 52.192
3 56 66.079
3 57 91.721
3 58 18.157
3 59 93.559
3 60 45.578
3 61 33.812
3 62 95.304
3 63 17.734
3 64 19.213
3 65 53.835
3 66 7.848
3 67 59.303
3 68 78.783
3 69 98.804
3 70 56.870
3 71 85.461
3 72 37.274
3 73 67.079
3 74 57.698
3 75 23.990
3 76 31.463
3 77 97.815
3 78 17.572
3 79 97.607
3 80 63.633
3 81 24.873
3 82 40.096
3 83 69.792
3 84 53.883
3 85 44.140
3 86 51.833
3 87 83.110
3 88 91.767
3 89 8.125
3 90 15.221
3 91 50.043
3 92 21.435
3 93 79.765
3 94 38.974
3 95 38.474
3 96 67.946
3 97 48.568
3 98 22.223
3 99 79.210
3 100 14.139
3 101 36.540
3 102 71.880
3 103 11.330
3 104 67.166
3 105 98.787
3 106 14.055
3 107 72.628
3 108 11.770
3 109 54.230
3 110 79.822
3 111 37.067
3 112 33.355
3 113 65.593
3 114 83.238
3 115 98.889
3 116 8.134
3 117 24.610
3 118 25.225
3 119 3.948
4 5 99.846
4 6 88.365
4 7 50.808
4 8 32.774
4 9 73.007
4 10 55.721
4 11 59.117
4 12 47.083
4 13 31.158
4 14 69.011
4 15 15.725
4 16 21.617
4 17 15.248
4 18 75.448
4 19 45.056
4 20 96.657
4 21 52.076
4 22 85.191
4 23 86.997
4 24 2.993
4 25 25.611
4 26 18.541
4 27 86.275
4 28 30.804
4 29 55.068
4 30 43.435
4 31 45.795
4 32 36.629
4 33 2.761
4 34 66.244
4 35 15.829
4 36 8.515
4 37 2.037
4 38 53.800
4 39 9.818
4 40 38.406
4 41 91.022
4 42 32.644
4 43 34.496
4 44 82.975
4 45 61.431
4 46 32.708
4 47 97.175
4 48 29.372
4 49 83.356
4 50 16.905
4 51 6.209
4 52 20.709
4 53 46.732
4 54 65.609
4 55 12.054
4 56 37.632
4 57 68.104
4 58 65.515
4 59 45.772
4 60 76.947
4 61 47.325
4 62 86.097
4 63 99.438
4 64 16.022
4 65 23.002
4 66 13.687
4 67 58.644
4 68 2.577
4 69 67.782
4 70 53.131
4 71 41.130
4 72 63.449
4 73 84.975
4 74 0.062
4 75 17.533
4 76 83.092
4 77 16.557
4 78 33.004
4 79 90.373
4 80 62.783
4 81 49.242
4 82 73.847
4 83 85.589
4 84 34.911
4 85 10.119
4 86 17.683
4 87 67.299
4 88 73.214
4 89 76.233
4 90 38.529
4 91 20.940
4 92 9.477
4 93 83.544
4 94 36.189
4 95 62.502
4 96 39.933
4 97 9.852
4 98 1.313
4 99 22.360
4 100 80.510
4 101 23.562
4 102 40.625
4 103 20.980
4 104 9.055
4 105 35.572
4 106 22.416
4 107 0.810
4 108 14.810
4 109 65.096
4 110 73.518
4 111 3.726
4 112 60.654
4 113 31.912
4 114 83.363
4 115 86.639
4 116 52.009
4 117 17.292
4 118 48.106
4 119 49.225
5 6 97.821
5 7 93.786
5 8 18.422
5 9 7.193
5 10 43.644
5 11 10.074
5 12 98.211
5 13 82.123
5 14 54.613
5 15 31.252
5 16 78.325
5 17 94.613
5 18 26.967
5 19 77.211
5 20 79.333
5 21 41.338
5 22 10.804
5 23 72.169
5 24 20.404
5 25 8.576
5 26 33.853
5 27 16.951
5 28 27.621
5 29 24.877
5 30 26.317
5 31 22.292
5 32 44.294
5 33 83.752
5 34 60.227
5 35 96.195
5 36 8.345
5 37 73.624
5 38 33.227
5 39 61.299
5 40 17.343
5 41 36.739
5 42 46.372
5 43 89.260
5 44 10.519
5 45 41.359
5 46 48.234
5 47 78.282
5 48 58.856
5 49 92.238
5 50 43.535
5 51 67.234
5 52 69.315
5 53 23.288
5 54 93.489
5 55 75.216
5 56 77.334
5 57 13.247
5 58 67.199
5 59 78.930
5 60 22.901
5 61 40.334
5 62 38.670
5 63 91.916
5 64 79.835
5 65 45.022
5 66 62.429
5 67 89.472
5 68 35.359
5 69 1.467
5 70 2.188
5 71 30.995
5 72 97.593
5 73 7.582
5 74 31.670
5 75 67.515
5 76 42.304
5 77 91.325
5 78 74.427
5 79 86.354
5 80 97.058
5 81 96.526
5 82 0.395
5 83 37.123
5 84 0.864
5 85 55.408
5 86 50.900
5 87 3.698
5 88 70.469
5 89 76.915
5 90 20.992
5 91 35.314
5 92 50.643
5 93 80.100
5 94 88.211
5 95 26.619
5 96 25.125
5 97 79.995
5 98 40.280
5 99 41.291
5 100 17.329
5 101 89.783
5 102 20.725
5 103 6.730
5 104 15.481
5 105 37.525
5 106 81.045
5 107 68.380
5 108 15.561
5 109 8.318
5 110 0.817
5 111 81.399
5 112 87.208
5 113 13.473
5 114 12.984
5 115 34.673
5 116 32.726
5 117 57.148
5 118 50.607
5 119 47.575
6 7 27.371
6 8 17.848
6 9 13.452
6 10 53.421
6 11 0.297
6 12 87.300
6 13 38.072
6 14 85.228
6 15 39.852
6 16 12.432
6 17 43.404
6 18 9.156
6 19 84.374
6 20 67.538
6 21 15.408
6 22 8.929
6 23 90.165
6 24 43.177
6 25 88.910
6 26 10.592
6 27 52.063
6 28 75.949
6 29 82.553
6 30 51.064
6 31 88.803
6 32 59.036
6 33 43.654
6 34 36.300
6 35 95.326
6 36 67.208
6 37 63.753
6 38 5.223
6 39 7.256
6 40 1.994
6 41 32.788
6 42 14.175
6 43 18.950
6 44 12.810
6 45 10.057
6 46 83.256
6 47 45.845
6 48 78.052
6 49 3.544
6 50 0.721
6 51 24.278
6 52 36.512
6 53 65.643
6 54 64.531
6 55 97.502
6 56 43.952
6 57 32.993
6 58 51.153
6 59 45.333
6 60 92.268
6 61 60.851
6 62 40.899
6 63 76.655
6 64 69.390
6 65 28.331
6 66 96.354
6 67 18.987
6 68 56.919
6 69 19.830
6 70 85.878
6 71 7.336
6 72 59.487
6 73 20.101
6 74 67.673
6 75 95.804
6 76 34.889
6 77 95.675
6 78 1.587
6 79 89.674
6 80 47.295
6 81 73.726
6 82 35.612
6 83 23.209
6 84 97.179
6 85 70.957
6 86 21.929
6 87 88.897
6 88 91.080
6 89 69.750
6 90 53.396
6 91 57.616
6 92 1.898
6 93 86.523
6 94 75.548
6 95 15.992
6 96 36.175
6 97 28.178
6 98 21.439
6 99 87.154
6 100 68.619
6 101 86.470
6 102 37.076
6 103 94.169
6 104 26.151
6 105 77.302
6 106 13.746
6 107 71.643
6 108 3.804
6 109 92.176
6 110 20.175
6 111 30.250
6 112 73.070
6 113 92.414
6 114 32.242
6 115 31.447
6 116 99.588
6 117 43.284
6 118 90.911
6 119 35.147
7 8 21.603
7 9 54.773
7 10 80.046
7 11 41.854
7 12 53.160
7 13 68.515
7 14 4.945
7 15 62.555
7 16 66.758
7 17 6.252
7 18 69.728
7 19 14.618
7 20 79.035
7 21 74.227
7 22 97.093
7 23 60.006
7 24 9.999
7 25 0.019
7 26 7.535
7 27 73.308
7 28 11.462
7 29 63.585
7 30 76.731
7 31 51.417
7 32 63.511
7 33 72.673
7 34 19.622
7 35 54.099
7 36 19.238
7 37 24.245
7 38 7.602
7 39 95.293
7 40 37.385
7 41 88.201
7 42 11.294
7 43 88.657
7 44 80.200
7 45 47.441
7 46 75.502
7 47 87.694
7 48 69.481
7 49 29.166
7 50 75.279
7 51 50.738
7 52 87.660
7 53 66.366
7 54 72.389
7 55 4.137
7 56 82.746
7 57 35.505
7 58 90.046
7 59 73.171
7 60 86.035
7 61 26.740
7 62 50.416
7 63 99.556
7 64 79.733
7 65 16.331
7 66 74.185
7 67 66.830
7 68 57.960
7 69 27.441
7 70 24.408
7 71 10.465
7 72 9.113
7 73 85.131
7 74 87.859
7 75 98.275
7 76 10.126
7 77 94.118
7 78 26.300
7 79 28.467
7 80 63.917
7 81 93.751
7 82 97.352
7 83 7.663
7 84 30.132
7 85 73.644
7 86 40.048
7 87 39.244
7 88 96.302
7 89 65.551
7 90 43.726
7 91 73.604
7 92 11.594
7 93 62.322
7 94 70.529
7 95 46.178
7 96 58.581
7 97 53.134
7 98 81.598
7 99 56.579
7 100 69.795
7 101 5.734
7 102 24.951
7 103 22.731
7 104 5.301
7 105 71.026
7 106 79.055
7 107 77.572
7 108 95.129
7 109 33.105
7 110 10.283
7 111 62.738
7 112 16.124
7 113 78.711
7 114 94.725
7 115 13.553
7 116 16.615
7 117 14.095
7 118 75.220
7 119 22.743
8 9 24.287
8 10 14.395
8 11 73.025
8 12 16.456
8 13 72.734
8 14 50.896
8 15 50.205
8 16 75.523
8 17 60.389
8 18 4.910
8 19 23.580
8 20 87.285
8 21 11.873
8 22 43.529
8 23 64.017
8 24 18.942
8 25 46.295
8 26 2.127
8 27 75.858
8 28 61.999
8 29 69.615
8 30 91.231
8 31 40.446
8 32 9.274
8 33 98.899
8 34 21.287
8 35 25.012
8 36 90.807
8 37 95.173
8 38 17.821
8 39 3.560
8 40 13.133
8 41 28.524
8 42 81.634
8 43 9.961
8 44 17.523
8 45 24.205
8 46 33.944
8 47 45.099
8 48 97.158
8 49 41.730
8 50 74.729
8 51 89.716
8 52 90.610
8 53 20.290
8 54 74.067
8 55 32.494
8 56 99.583
8 57 83.277
8 58 10.861
8 59 8.972
8 60 62.565
8 61 32.334
8 62 71.135
8 63 61.029
8 64 52.841
8 65 77.030
8 66 18.918
8 67 68.975
8 68 59.280
8 69 40.156
8 70 56.770
8 71 78.673
8 72 51.346
8 73 50.553
8 74 0.130
8 75 44.690
8 76 26.020
8 77 85.538
8 78 99.897
8 79 37.085
8 80 83.576
8 81 53.172
8 82 61.063
8 83 14.278
8 84 81.658
8 85 10.990
8 86 21.702
8 87 47.314
8 88 72.619
8 89 2.267
8 90 76.255
8 91 91.897
8 92 37.810
8 93 53.507
8 94 49.803
8 95 43.710
8 96 94.307
8 97 17.553
8 98 55.897
8 99 79.846
8 100 64.508
8 101 65.571
8 102 99.526
8 103 84.554
8 104 67.093
8 105 28.126
8 106 18.925
8 107 81.071
8 108 9.056
8 109 60.678
8 110 95.174
8 111 42.939
8 112 32.791
8 113 62.032
8 114 96.942
8 115 38.036
8 116 99.703
8 117 5.643
8 118 69.192
8 119 66.394
9 10 72.343
9 11 53.129
9 12 19.343
9 13 88.991
9 14 90.779
9 15 6.960
9 16 2.097
9 17 8.790
9 18 25.733
9 19 25.005
9 20 55.035
9 21 57.640
9 22 30.931
9 23 63.469
9 24 91.091
9 25 63.029
9 26 10.211
9 27 36.719
9 28 11.147
9 29 17.230
9 30 61.105
9 31 82.611
9 32 60.218
9 33 48.038
9 34 55.937
9 35 0.129
9 36 14.122
9 37 95.078
9 38 73.908
9 39 82.522
9 40 49.981
9 41 28.578
9 42 3.223
9 43 3.573
9 44 23.576
9 45 8.542
9 46 90.994
9 47 27.246
9 48 49.296
9 49 71.391
9 50 30.475
9 51 1.675
9 52 54.319
9 53 48.472
9 54 40.116
9 55 67.317
9 56 57.673
9 57 66.196
9 58 7.010
9 59 56.030
9 60 6.923
9 61 51.133
9 62 38.480
9 63 82.991
9 64 90.526
9 65 65.047
9 66 89.866
9 67 36.537
9 68 32.238
9 69 24.625
9 70 14.048
9 71 52.384
9 72 65.487
9 73 18.579
9 74 8.751
9 75 18.161
9 76 80.235
9 77 20.831
9 78 21.426
9 79 91.778
9 80 32.626
9 81 12.646
9 82 8.279
9 83 32.863
9 84 8.575
9 85 68.875
9 86 33.977
9 87 40.380
9 88 36.469
9 89 33.866
9 90 41.626
9 91 61.484
9 92 51.290
9 93 11.142
9 94 18.803
9 95 86.774
9 96 22.689
9 97 17.611
9 98 34.744
9 99 75.343
9 100 72.969
9 101 7.850
9 102 26.234
9 103 59.347
9 104 27.382
9 105 56.920
9 106 65.290
9 107 62.310
9 108 58.837
9 109 1.199
9 110 50.469
9 111 27.959
9 112 11.801
9 113 75.885
9 114 25.383
9 115 97.128
9 116 16.123
9 117 55.113
9 118 43.002
9 119 89.102
10 11 30.451
10 12 96.009
10 13 62.360
10 14 40.740
10 15 87.100
10 16 11.593
10 17 85.481
10 18 31.839
10 19 45.426
10 20 49.049
10 21 16.652
10 22 78.395
10 23 99.194
10 24 29.690
10 25 53.633
10 26 6.773
10 27 24.884
10 28 14.874
10 29 0.920
10 30 31.295
10 31 2.549
10 32 98.113
10 33 28.909
10 34 45.306
10 35 88.554
10 36 87.836
10 37 89.608
10 38 1.547
10 39 70.442
10 40 37.500
10 41 39.471
10 42 1.479
10 43 88.152
10 44 0.188
10 45 13.035
10 46 35.191
10 47 62.936
10 48 33.354
10 49 37.176
10 50 13.627
10 51 35.617
10 52 56.041
10 53 75.179
10 54 13.061
10 55 79.156
10 56 65.665
10 57 42.196
10 58 8.141
10 59 17.037
10 60 54.406
10 61 39.289
10 62 4.253
10 63 48.596
10 64 26.235
10 65 11.904
10 66 92.585
10 67 55.171
10 68 4.808
10 69 50.462
10 70 41.967
10 71 36.829
10 72 39.717
10 73 15.682
10 74 10.443
10 75 8.448
10 76 64.005
10 77 89.335
10 78 6.471
10 79 66.018
10 80 29.394
10 81 22.281
10 82 54.759
10 83 19.340
10 84 47.323
10 85 76.024
10 86 24.979
10 87 75.620
10 88 93.694
10 89 31.374
10 90 62.930
10 91 49.997
10 92 93.117
10 93 68.457
10 94 23.191
10 95 73.673
10 96 84.484
10 97 5.948
10 98 39.935
10 99 68.031
10 100 83.885
10 101 24.233
10 102 88.258
10 103 54.058
10 104 3.127
10 105 87.173
10 106 82.242
10 107 70.347
10 108 52.545
10 109 20.158
10 110 27.956
10 111 80.117
10 112 55.350
10 113 98.389
10 114 99.673
10 115 57.908
10 116 27.378
10 117 48.592
10 118 35.816
10 119 60.033
11 12 30.913
11 13 69.846
11 14 57.498
11 15 99.320
11 16 94.181
11 17 34.748
11 18 96.982
11 19 64.352
11 20 99.106
11 21 40.849
11 22 86.000
11 23 46.138
11 24 79.121
11 25 44.092
11 26 94.568
11 27 61.039
11 28 36.090
11 29 20.943
11 30 29.812
11 31 87.773
11 32 80.809
11 33 73.964
11 34 1.272
11 35 68.460
11 36 25.094
11 37 16.765
11 38 34.252
11 39 58.899
11 40 5.125
11 41 48.589
11 42 66.016
11 43 51.686
11 44 95.488
11 45 56.237
11 46 90.957
11 47 37.243
11 48 81.292
11 49 61.593
11 50 30.377
11 51 12.495
11 52 91.740
11 53 66.703
11 54 90.056
11 55 94.656
11 56 62.725
11 57 35.183
11 58 34.577
11 59 48.481
11 60 88.283
11 61 88.675
11 62 51.163
11 63 89.350
11 64 41.164
11 65 90.119
11 66 97.793
11 67 81.646
11 68 91.297
11 69 31.824
11 70 30.448
11 71 12.197
11 72 27.613
11 73 45.625
11 74 82.556
11 75 81.872
11 76 93.434
11 77 4.846
11 78 26.058
11 79 24.973
11 80 78.598
11 81 93.380
11 82 78.002
11 83 35.664
11 84 72.482
11 85 75.859
11 86 29.140
11 87 53.445
11 88 71.257
11 89 14.728
11 90 61.750
11 91 35.554
11 92 50.013
11 93 44.963
11 94 92.753
11 95 23.187
11 96 55.779
11 97 35.245
11 98 25.151
11 99 90.553
11 100 50.999
11 101 35.599
11 102 15.916
11 103 51.023
11 104 38.712
11 105 35.807
11 106 71.702
11 107 83.048
11 108 30.430
11 109 36.364
11 110 65.064
11 111 29.969
11 112 75.650
11 113 64.302
11 114 23.369
11 115 22.529
11 116 57.955
11 117 49.902
11 118 80.180
11 119 70.596
12 13 76.819
12 14 17.121
12 15 94.591
12 16 71.541
12 17 76.537
12 18 30.527
12 19 37.872
12 20 86.666
12 21 54.069
12 22 84.568
12 23 18.735
12 24 44.245
12 25 76.169
12 26 17.215
12 27 68.639
12 28 37.971
12 29 62.802
12 30 79.340
12 31 36.762
12 32 2.992
12 33 48.638
12 34 93.599
12 35 50.632
12 36 68.231
12 37 17.338
12 38 92.205
12 39 82.873
12 40 3.280
12 41 14.370
12 42 31.616
12 43 27.125
12 44 0.966
12 45 83.245
12 46 44.025
12 47 26.899
12 48 62.506
12 49 37.375
12 50 0.443
12 51 20.014
12 52 81.223
12 53 75.137
12 54 28.263
12 55 58.199
12 56 52.891
12 57 69.281
12 58 47.362
12 59 36.562
12 60 76.045
12 61 13.469
12 62 63.121
12 63 20.838
12 64 43.969
12 65 88.515
12 66 82.198
12 67 91.691
12 68 71.579
12 69 18.836
12 70 97.432
12 71 34.801
12 72 45.038
12 73 25.601
12 74 21.964
12 75 93.070
12 76 29.715
12 77 47.293
12 78 39.472
12 79 63.019
12 80 22.953
12 81 90.626
12 82 77.360
12 83 61.263
12 84 92.138
12 85 95.211
12 86 2.808
12 87 8.964
12 88 95.666
12 89 43.872
12 90 87.768
12 91 82.215
12 92 44.692
12 93 27.190
12 94 88.341
12 95 54.581
12 96 26.885
12 97 75.634
12 98 36.371
12 99 14.324
12 100 79.945
12 101 5.539
12 102 46.677
12 103 73.333
12 104 72.261
12 105 86.241
12 106 2.057
12 107 97.389
12 108 20.836
12 109 24.835
12 110 89.960
12 111 78.097
12 112 52.482
12 113 82.288
12 114 29.728
12 115 35.668
12 116 93.314
12 117 80.091
12 118 47.321
12 119 88.719
13 14 53.666
13 15 30.111
13 16 25.669
13 17 52.345
13 18 60.839
13 19 22.033
13 20 83.080
13 21 28.947
13 22 80.450
13 23 32.498
13 24 9.610
13 25 37.641
13 26 58.654
13 27 78.010
13 28 21.827
13 29 87.546
13 30 12.161
13 31 19.678
13 32 80.126
13 33 37.860
13 34 90.696
13 35 42.052
13 36 49.549
13 37 3.335
13 38 37.452
13 39 70.574
13 40 75.015
13 41 57.622
13 42 77.068
13 43 62.586
13 44 84.920
13 45 58.932
13 46 67.816
13 47 5.367
13 48 33.285
13 49 72.546
13 50 64.926
13 51 81.338
13 52 39.903
13 53 92.947
13 54 55.339
13 55 15.355
13 56 90.416
13 57 74.661
13 58 40.710
13 59 1.917
13 60 13.811
13 61 65.420
13 62 65.106
13 63 21.153
13 64 63.498
13 65 97.799
13 66 6.569
13 67 91.622
13 68 89.962
13 69 36.244
13 70 77.643
13 71 75.224
13 72 7.933
13 73 95.242
13 74 8.913
13 75 44.960
13 76 29.060
13 77 41.346
13 78 21.784
13 79 49.774
13 80 52.293
13 81 66.887
13 82 31.944
13 83 62.418
13 84 78.461
13 85 76.403
13 86 63.349
13 87 76.018
13 88 43.018
13 89 58.194
13 90 94.082
13 91 22.977
13 92 41.451
13 93 22.842
13 94 0.036
13 95 25.835
13 96 55.566
13 97 78.183
13 98 10.170
13 99 53.912
13 100 75.678
13 101 75.896
13 102 37.913
13 103 51.826
13 104 53.661
13 105 8.746
13 106 7.346
13 107 26.368
13 108 14.888
13 109 59.489
13 110 49.886
13 111 26.799
13 112 3.294
13 113 2.537
13 114 7.465
13 115 30.244
13 116 33.089
13 117 37.704
13 118 41.563
13 119 48.679
14 15 73.101
14 16 91.714
14 17 13.987
14 18 6.896
14 19 95.304
14 20 57.605
14 21 74.874
14 22 1.878
14 23 77.761
14 24 54.784
14 25 66.191
14 26 43.173
14 27 64.034
14 28 83.182
14 29 24.858
14 30 91.130
14 31 46.066
14 32 13.835
14 33 48.627
14 34 55.302
14 35 55.586
14 36 5.174
14 37 70.000
14 38 88.805
14 39 20.294
14 40 59.400
14 41 68.685
14 42 16.140
14 43 65.400
14 44 36.555
14 45 41.509
14 46 61.725
14 47 18.521
14 48 25.241
14 49 40.179
14 50 4.310
14 51 6.515
14 52 28.418
14 53 81.930
14 54 68.497
14 55 16.527
14 56 60.295
14 57 35.837
14 58 78.723
14 59 30.320
14 60 66.062
14 61 88.475
14 62 43.365
14 63 30.928
14 64 70.070
14 65 96.572
14 66 7.028
14 67 23.722
14 68 30.007
14 69 41.472
14 70 7.619
14 71 10.169
14 72 24.742
14 73 10.451
14 74 1.473
14 75 1.885
14 76 31.735
14 77 43.317
14 78 74.557
14 79 65.033
14 80 56.222
14 81 99.231
14 82 40.728
14 83 40.662
14 84 58.908
14 85 18.316
14 86 39.026
14 87 95.294
14 88 91.459
14 89 75.359
14 90 81.150
14 91 17.877
14 92 89.822
14 93 48.820
14 94 67.557
14 95 94.158
14 96 94.251
14 97 57.333
14 98 86.032
14 99 57.596
14 100 61.884
14 101 48.033
14 102 30.103
14 103 37.143
14 104 12.817
14 105 56.304
14 106 26.344
14 107 96.511
14 108 3.850
14 109 94.883
14 110 39.404
14 111 87.014
14 112 55.405
14 113 71.820
14 114 31.474
14 115 16.602
14 116 66.620
14 117 81.355
14 118 88.991
14 119 71.446
15 16 41.200
15 17 59.592
15 18 93.492
15 19 13.198
15 20 12.327
15 21 47.670
15 22 5.842
15 23 15.027
15 24 98.796
15 25 59.183
15 26 53.460
15 27 92.587
15 28 46.503
15 29 5.702
15 30 58.711
15 31 32.257
15 32 9.499
15 33 94.506
15 34 23.280
15 35 18.318
15 36 3.086
15 37 76.029
15 38 88.139
15 39 13.182
15 40 17.722
15 41 85.013
15 42 21.623
15 43 50.324
15 44 17.028
15 45 88.992
15 46 49.170
15 47 58.301
15 48 55.750
15 49 30.487
15 50 27.437
15 51 46.019
15 52 44.272
15 53 25.179
15 54 82.786
15 55 44.382
15 56 55.120
15 57 57.307
15 58 79.557
15 59 17.502
15 60 13.862
15 61 95.701
15 62 57.065
15 63 27.844
15 64 41.910
15 65 39.082
15 66 75.925
15 67 64.016
15 68 21.963
15 69 87.659
15 70 44.098
15 71 17.322
15 72 38.167
15 73 29.554
15 74 50.951
15 75 23.791
15 76 2.533
15 77 25.202
15 78 23.667
15 79 72.076
15 80 16.777
15 81 70.651
15 82 34.510
15 83 14.423
15 84 34.439
15 85 21.544
15 86 29.698
15 87 7.876
15 88 82.014
15 89 63.578
15 90 21.110
15 91 55.923
15 92 69.767
15 93 22.361
15 94 80.514
15 95 17.003
15 96 73.047
15 97 15.851
15 98 2.732
15 99 95.584
15 100 93.089
15 101 65.926
15 102 58.895
15 103 34.006
15 104 12.671
15 105 2.147
15 106 43.868
15 107 78.791
15 108 46.468
15 109 10.402
15 110 32.972
15 111 3.865
15 112 48.517
15 113 1.875
15 114 2.264
15 115 34.934
15 116 79.953
15 117 3.661
15 118 33.951
15 119 34.182
16 17 59.023
16 18 1.350
16 19 23.891
16 20 72.556
16 21 12.332
16 22 96.037
16 23 31.705
16 24 38.065
16 25 21.417
16 26 73.463
16 27 65.655
16 28 2.866
16 29 11.915
16 30 21.385
16 31 74.238
16 32 99.319
16 33 63.989
16 34 72.740
16 35 24.367
16 36 35.782
16 37 32.106
16 38 96.861
16 39 82.029
16 40 16.610
16 41 49.900
16 42 8.676
16 43 75.475
16 44 17.617
16 45 61.530
16 46 16.787
16 47 13.292
16 48 8.225
16 49 64.826
16 50 85.240
16 51 50.095
16 52 4.575
16 53 73.486
16 54 41.014
16 55 41.149
16 56 84.074
16 57 5.658
16 58 19.435
16 59 3.839
16 60 91.171
16 61 84.489
16 62 3.158
16 63 8.745
16 64 16.577
16 65 92.570
16 66 76.814
16 67 55.958
16 68 37.743
16 69 56.658
16 70 89.108
16 71 53.305
16 72 67.073
16 73 51.683
16 74 86.829
16 75 2.330
16 76 66.174
16 77 3.734
16 78 61.197
16 79 15.164
16 80 49.397
16 81 40.615
16 82 25.912
16 83 30.787
16 84 17.974
16 85 85.476
16 86 28.419
16 87 72.785
16 88 37.256
16 89 14.172
16 90 81.183
16 91 92.311
16 92 93.868
16 93 0.206
16 94 88.091
16 95 69.763
16 96 47.055
16 97 52.442
16 98 32.665
16 99 6.616
16 100 19.021
16 101 10.281
16 102 89.346
16 103 24.853
16 104 52.810
16 105 98.571
16 106 16.900
16 107 5.621
16 108 3.041
16 109 60.234
16 110 93.851
16 111 41.021
16 112 14.783
16 113 78.475
16 114 59.864
16 115 43.335
16 116 88.913
16 117 72.368
16 118 34.133
16 119 54.547
17 18 28.488
17 19 99.755
17 20 92.060
17 21 25.673
17 22 9.987
17 23 29.568
17 24 94.919
17 25 90.181
17 26 25.705
17 27 52.089
17 28 83.689
17 29 38.718
17 30 99.174
17 31 80.081
17 32 67.860
17 33 13.381
17 34 84.142
17 35 56.355
17 36 62.788
17 37 78.933
17 38 19.488
17 39 24.052
17 40 55.045
17 41 95.643
17 42 27.384
17 43 34.757
17 44 4.214
17 45 13.859
17 46 10.064
17 47 66.558
17 48 21.697
17 49 33.932
17 50 21.778
17 51 99.223
17 52 2.389
17 53 26.794
17 54 66.811
17 55 46.933
17 56 23.420
17 57 90.248
17 58 1.882
17 59 80.330
17 60 65.670
17 61 23.985
17 62 1.826
17 63 79.115
17 64 58.425
17 65 42.318
17 66 81.129
17 67 44.036
17 68 95.251
17 69 7.839
17 70 50.715
17 71 62.820
17 72 20.081
17 73 61.452
17 74 29.339
17 75 68.466
17 76 36.482
17 77 44.669
17 78 21.961
17 79 50.269
17 80 50.223
17 81 58.567
17 82 23.733
17 83 78.043
17 84 15.502
17 85 80.498
17 86 7.481
17 87 78.271
17 88 18.580
17 89 64.391
17 90 5.065
17 91 57.197
17 92 99.063
17 93 83.426
17 94 98.509
17 95 0.399
17 96 78.720
17 97 34.878
17 98 95.541
17 99 90.953
17 100 40.449
17 101 16.089
17 102 75.951
17 103 79.034
17 104 75.918
17 105 97.833
17 106 60.147
17 107 4.633
17 108 99.379
17 109 66.707
17 110 69.348
17 111 22.056
17 112 7.310
17 113 81.771
17 114 18.030
17 115 99.961
17 116 48.770
17 117 92.258
17 118 3.588
17 119 73.918
18 19 59.748
18 20 93.028
18 21 35.578
18 22 9.815
18 23 6.278
18 24 52.277
18 25 77.512
18 26 95.905
18 27 75.737
18 28 32.128
18 29 57.835
18 30 18.916
18 31 53.476
18 32 36.803
18 33 43.549
18 34 95.310
18 35 22.838
18 36 65.442
18 37 59.891
18 38 22.696
18 39 30.587
18 40 16.989
18 41 82.522
18 42 88.314
18 43 66.944
18 44 93.126
18 45 24.895
18 46 21.630
18 47 19.642
18 48 71.890
18 49 92.773
18 50 6.330
18 51 74.804
18 52 79.386
18 53 80.318
18 54 73.280
18 55 53.969
18 56 69.944
18 57 37.731
18 58 80.574
18 59 96.189
18 60 36.058
18 61 49.121
18 62 49.330
18 63 16.895
18 64 8.662
18 65 21.086
18 66 64.631
18 67 1.105
18 68 75.532
18 69 97.459
18 70 69.880
18 71 17.551
18 72 41.045
18 73 83.688
18 74 79.777
18 75 72.419
18 76 74.043
18 77 85.569
18 78 12.243
18 79 56.677
18 80 42.237
18 81 41.323
18 82 92.835
18 83 79.310
18 84 11.321
18 85 53.471
18 86 16.539
18 87 20.315
18 88 94.941
18 89 7.514
18 90 61.313
18 91 81.923
18 92 77.639
18 93 98.139
18 94 35.330
18 95 64.271
18 96 97.097
18 97 70.462
18 98 5.609
18 99 42.623
18 100 64.263
18 101 23.768
18 102 99.574
18 103 77.257
18 104 20.360
18 105 18.299
18 106 93.027
18 107 44.238
18 108 78.325
18 109 71.784
18 110 98.156
18 111 35.585
18 112 72.867
18 113 31.773
18 114 43.389
18 115 40.679
18 116 48.127
18 117 62.240
18 118 93.269
18 119 87.308
19 20 44.835
19 21 88.509
19 22 91.001
19 23 90.329
19 24 9.897
19 25 3.234
19 26 18.903
19 27 28.712
19 28 40.485
19 29 47.992
19 30 62.734
19 31 47.600
19 32 92.020
19 33 49.987
19 34 34.710
19 35 61.024
19 36 24.819
19 37 11.411
19 38 56.991
19 39 13.030
19 40 37.737
19 41 20.237
19 42 32.520
19 43 40.253
19 44 38.763
19 45 75.498
19 46 33.330
19 47 67.327
19 48 32.358
19 49 97.566
19 50 17.755
19 51 58.038
19 52 61.189
19 53 24.513
19 54 47.493
19 55 39.750
19 56 25.979
19 57 79.320
19 58 13.021
19 59 16.399
19 60 21.337
19 61 29.511
19 62 91.628
19 63 86.204
19 64 67.729
19 65 50.758
19 66 56.146
19 67 84.283
19 68 90.145
19 69 49.024
19 70 24.453
19 71 77.454
19 72 92.570
19 73 92.058
19 74 89.912
19 75 48.789
19 76 4.012
19 77 50.313
19 78 1.129
19 79 22.840
19 80 26.644
19 81 49.847
19 82 65.768
19 83 98.975
19 84 99.497
19 85 95.320
19 86 37.623
19 87 79.892
19 88 2.213
19 89 29.863
19 90 8.771
19 91 5.123
19 92 62.490
19 93 60.467
19 94 69.303
19 95 25.226
19 96 98.177
19 97 92.419
19 98 16.038
19 99 81.366
19 100 20.342
19 101 84.435
19 102 88.551
19 103 87.115
19 104 47.208
19 105 57.288
19 106 85.959
19 107 44.552
19 108 30.498
19 109 63.072
19 110 71.150
19 111 65.129
19 112 75.504
19 113 49.668
19 114 0.446
19 115 7.258
19 116 44.131
19 117 35.564
19 118 26.212
19 119 87.235
20 21 66.180
20 22 43.846
20 23 7.480
20 24 67.821
20 25 48.298
20 26 31.017
20 27 29.409
20 28 79.739
20 29 62.322
20 30 86.228
20 31 76.225
20 32 85.290
20 33 15.133
20 34 69.581
20 35 24.284
20 36 50.470
20 37 50.697
20 38 4.347
20 39 21.972
20 40 52.189
20 41 11.595
20 42 37.264
20 43 1.396
20 44 10.593
20 45 92.166
20 46 33.516
20 47 23.173
20 48 2.980
20 49 48.280
20 50 78.574
20 51 90.064
20 52 85.441
20 53 89.781
20 54 17.746
20 55 77.847
20 56 21.108
20 57 70.826
20 58 76.132
20 59 22.492
20 60 89.758
20 61 10.614
20 62 66.586
20 63 71.605
20 64 32.542
20 65 22.409
20 66 11.392
20 67 55.018
20 68 67.741
20 69 2.308
20 70 74.511
20 71 54.569
20 72 98.670
20 73 30.855
20 74 25.612
20 75 56.268
20 76 23.280
20 77 70.382
20 78 34.509
20 79 49.455
20 80 46.468
20 81 98.892
20 82 25.215
20 83 96.979
20 84 90.768
20 85 7.299
20 86 2.504
20 87 38.071
20 88 98.817
20 89 1.039
20 90 0.686
20 91 1.249
20 92 21.901
20 93 89.312
20 94 94.257
20 95 98.512
20 96 92.866
20 97 15.661
20 98 53.133
20 99 43.985
20 100 88.824
20 101 82.104
20 102 21.380
20 103 90.311
20 104 99.322
20 105 45.703
20 106 47.668
20 107 4.320
20 108 29.042
20 109 21.245
20 110 98.113
20 111 9.802
20 112 80.576
20 113 6.615
20 114 37.741
20 115 9.750
20 116 82.477
20 117 58.469
20 118 75.499
20 119 62.978
21 22 50.530
21 23 84.992
21 24 29.559
21 25 30.775
21 26 96.049
21 27 89.795
21 28 84.591
21 29 28.102
21 30 24.044
21 31 96.429
21 32 80.755
21 33 10.790
21 34 96.196
21 35 6.507
21 36 95.355
21 37 5.326
21 38 68.867
21 39 96.124
21 40 52.415
21 41 41.006
21 42 54.704
21 43 35.004
21 44 22.871
21 45 75.605
21 46 97.963
21 47 20.740
21 48 58.638
21 49 15.170
21 50 98.243
21 51 56.543
21 52 37.520
21 53 16.155
21 54 65.114
21 55 65.026
21 56 82.735
21 57 23.827
21 58 37.006
21 59 22.887
21 60 60.752
21 61 44.722
21 62 51.684
21 63 21.739
21 64 54.243
21 65 72.914
21 66 12.833
21 67 8.866
21 68 53.107
21 69 89.937
21 70 57.452
21 71 38.361
21 72 5.861
21 73 36.444
21 74 92.214
21 75 67.880
21 76 26.119
21 77 10.018
21 78 33.385
21 79 69.139
21 80 54.474
21 81 78.035
21 82 54.564
21 83 81.357
21 84 34.741
21 85 7.073
21 86 19.259
21 87 25.955
21 88 75.395
21 89 1.068
21 90 51.157
21 91 18.164
21 92 31.931
21 93 9.298
21 94 74.008
21 95 56.547
21 96 63.961
21 97 12.221
21 98 35.110
21 99 45.019
21 100 92.054
21 101 18.297
21 102 11.690
21 103 3.599
21 104 3.636
21 105 8.161
21 106 87.811
21 107 53.887
21 108 34.714
21 109 43.830
21 110 80.971
21 111 23.211
21 112 84.749
21 113 20.149
21 114 92.176
21 115 97.395
21 116 5.689
21 117 73.220
21 118 51.009
21 119 66.260
22 23 43.020
22 24 76.328
22 25 28.134
22 26 48.277
22 27 96.579
22 28 47.708
22 29 91.630
22 30 51.178
22 31 12.003
22 32 66.455
22 33 90.721
22 34 23.867
22 35 9.828
22 36 43.011
22 37 60.693
22 38 81.662
22 39 8.593
22 40 18.851
22 41 56.180
22 42 41.643
22 43 0.753
22 44 76.353
22 45 36.519
22 46 87.820
22 47 95.736
22 48 24.327
22 49 46.455
22 50 96.860
22 51 53.222
22 52 87.226
22 53 58.300
22 54 94.278
22 55 91.485
22 56 66.855
22 57 67.468
22 58 78.267
22 59 70.622
22 60 64.163
22 61 62.348
22 62 43.769
22 63 18.539
22 64 45.751
22 65 21.583
22 66 62.930
22 67 88.753
22 68 14.769
22 69 27.104
22 70 29.700
22 71 13.406
22 72 99.128
22 73 19.618
22 74 56.188
22 75 42.297
22 76 1.294
22 77 64.772
22 78 16.235
22 79 39.337
22 80 63.397
22 81 42.834
22 82 67.738
22 83 41.497
22 84 88.998
22 85 22.493
22 86 49.399
22 87 72.158
22 88 28.569
22 89 30.257
22 90 39.878
22 91 40.687
22 92 79.587
22 93 80.924
22 94 87.712
22 95 53.160
22 96 74.136
22 97 91.746
22 98 68.923
22 99 5.315
22 100 26.973
22 101 63.137
22 102 5.884
22 103 28.163
22 104 95.282
22 105 72.187
22 106 85.802
22 107 9.096
22 108 57.636
22 109 91.710
22 110 50.078
22 111 16.923
22 112 54.209
22 113 17.212
22 114 86.861
22 115 17.946
22 116 42.842
22 117 56.913
22 118 48.248
22 119 81.999
23 24 16.315
23 25 15.820
23 26 30.878
23 27 42.325
23 28 94.994
23 29 83.874
23 30 4.090
23 31 91.230
23 32 56.030
23 33 20.307
23 34 43.317
23 35 64.633
23 36 85.368
23 37 11.610
23 38 28.098
23 39 92.966
23 40 42.030
23 41 68.879
23 42 93.821
23 43 73.306
23 44 5.519
23 45 21.829
23 46 84.258
23 47 48.187
23 48 36.634
23 49 61.361
23 50 37.981
23 51 60.247
23 52 19.597
23 53 80.380
23 54 55.886
23 55 88.654
23 56 69.121
23 57 63.363
23 58 39.375
23 59 63.232
23 60 79.867
23 61 79.248
23 62 59.124
23 63 95.233
23 64 67.757
23 65 39.318
23 66 12.906
23 67 59.937
23 68 2.669
23 69 91.978
23 70 57.624
23 71 15.533
23 72 60.271
23 73 39.776
23 74 55.450
23 75 45.218
23 76 27.115
23 77 80.430
23 78 56.917
23 79 64.990
23 80 77.570
23 81 93.340
23 82 54.828
23 83 48.296
23 84 3.762
23 85 15.746
23 86 81.994
23 87 80.557
23 88 20.446
23 89 78.631
23 90 93.129
23 91 71.472
23 92 85.538
23 93 1.421
23 94 66.612
23 95 21.119
23 96 74.041
23 97 76.695
23 98 85.377
23 99 57.035
23 100 18.189
23 101 11.374
23 102 7.842
23 103 33.787
23 104 79.838
23 105 29.207
23 106 19.585
23 107 13.977
23 108 52.511
23 109 80.906
23 110 64.370
23 111 30.206
23 112 99.946
23 113 52.900
23 114 89.184
23 115 61.181
23 116 25.623
23 117 13.429
23 118 2.071
23 119 42.023
24 25 33.438
24 26 85.579
24 27 33.873
24 28 68.701
24 29 83.566
24 30 90.871
24 31 15.372
24 32 49.650
24 33 69.516
24 34 64.131
24 35 29.872
24 36 3.788
24 37 42.472
24 38 0.638
24 39 77.916
24 40 3.461
24 41 87.258
24 42 59.912
24 43 95.624
24 44 13.305
24 45 10.583
24 46 17.021
24 47 1.045
24 48 81.575
24 49 36.726
24 50 21.902
24 51 3.943
24 52 99.157
24 53 18.387
24 54 99.950
24 55 3.619
24 56 53.352
24 57 61.188
24 58 3.022
24 59 16.626
24 60 68.388
24 61 29.119
24 62 98.972
24 63 21.679
24 64 42.752
24 65 45.226
24 66 70.004
24 67 82.555
24 68 64.584
24 69 26.918
24 70 75.354
24 71 11.485
24 72 10.692
24 73 98.498
24 74 22.199
24 75 65.290
24 76 12.224
24 77 4.882
24 78 80.201
24 79 24.428
24 80 0.545
24 81 9.911
24 82 69.719
24 83 91.183
24 84 30.612
24 85 0.305
24 86 51.468
24 87 57.338
24 88 15.919
24 89 31.980
24 90 46.301
24 91 34.014
24 92 99.038
24 93 49.346
24 94 17.772
24 95 6.712
24 96 24.861
24 97 80.132
24 98 57.287
24 99 77.181
24 100 79.808
24 101 58.412
24 102 21.888
24 103 80.359
24 104 9.622
24 105 56.725
24 106 88.106
24 107 19.438
24 108 30.779
24 109 14.504
24 110 1.815
24 111 45.000
24 112 6.126
24 113 34.546
24 114 23.651
24 115 15.226
24 116 64.047
24 117 81.804
24 118 92.312
24 119 13.319
25 26 2.278
25 27 59.550
25 28 53.941
25 29 65.582
25 30 32.418
25 31 56.763
25 32 34.783
25 33 98.992
25 34 89.269
25 35 57.612
25 36 66.459
25 37 0.660
25 38 50.317
25 39 78.957
25 40 8.419
25 41 93.205
25 42 84.991
25 43 55.056
25 44 50.561
25 45 19.881
25 46 80.760
25 47 19.978
25 48 20.464
25 49 41.183
25 50 73.729
25 51 47.721
25 52 64.335
25 53 80.713
25 54 45.042
25 55 97.618
25 56 18.521
25 57 22.231
25 58 31.256
25 59 78.336
25 60 39.312
25 61 52.111
25 62 36.773
25 63 87.629
25 64 12.766
25 65 61.825
25 66 29.472
25 67 6.970
25 68 23.416
25 69 73.626
25 70 46.911
25 71 30.299
25 72 20.978
25 73 29.243
25 74 39.737
25 75 84.315
25 76 87.542
25 77 86.200
25 78 31.426
25 79 54.137
25 80 74.263
25 81 99.276
25 82 79.024
25 83 62.577
25 84 46.153
25 85 25.661
25 86 78.235
25 87 63.912
25 88 46.376
25 89 81.515
25 90 68.053
25 91 3.735
25 92 67.290
25 93 94.936
25 94 55.054
25 95 65.323
25 96 94.512
25 97 45.741
25 98 95.521
25 99 69.935
25 100 72.380
25 101 56.000
25 102 44.807
25 103 23.554
25 104 24.479
25 105 96.933
25 106 7.594
25 107 5.783
25 108 51.236
25 109 7.563
25 110 0.225
25 111 78.002
25 112 18.127
25 113 78.402
25 114 66.778
25 115 47.309
25 116 42.644
25 117 39.536
25 118 74.289
25 119 60.415
26 27 85.935
26 28 6.575
26 29 49.337
26 30 17.354
26 31 55.915
26 32 80.264
26 33 8.138
26 34 88.726
26 35 32.631
26 36 65.940
26 37 75.366
26 38 92.168
26 39 33.808
26 40 77.558
26 41 83.109
26 42 33.844
26 43 48.758
26 44 17.672
26 45 90.690
26 46 48.958
26 47 82.201
26 48 79.541
26 49 68.521
26 50 81.660
26 51 66.058
26 52 0.446
26 53 44.710
26 54 29.169
26 55 16.912
26 56 6.318
26 57 21.870
26 58 37.545
26 59 39.569
26 60 26.970
26 61 33.344
26 62 77.266
26 63 3.052
26 64 28.484
26 65 23.055
26 66 45.600
26 67 44.336
26 68 4.728
26 69 1.204
26 70 39.765
26 71 87.305
26 72 93.499
26 73 49.284
26 74 19.919
26 75 99.607
26 76 34.478
26 77 22.144
26 78 34.300
26 79 48.524
26 80 65.925
26 81 22.311
26 82 10.140
26 83 58.426
26 84 64.997
26 85 2.334
26 86 23.472
26 87 17.039
26 88 72.565
26 89 84.615
26 90 48.543
26 91 25.499
26 92 7.604
26 93 74.975
26 94 53.261
26 95 38.051
26 96 68.491
26 97 86.202
26 98 50.965
26 99 91.229
26 100 38.961
26 101 80.828
26 102 40.761
26 103 79.531
26 104 65.008
26 105 88.635
26 106 68.791
26 107 94.807
26 108 45.688
26 109 53.664
26 110 20.996
26 111 9.985
26 112 85.541
26 113 17.952
26 114 14.297
26 115 54.259
26 116 89.290
26 117 54.808
26 118 87.599
26 119 96.492
27 28 40.482
27 29 23.106
27 30 6.597
27 31 26.328
27 32 94.919
27 33 25.894
27 34 87.106
27 35 98.409
27 36 36.998
27 37 21.576
27 38 10.477
27 39 84.084
27 40 92.488
27 41 53.974
27 42 51.632
27 43 57.116
27 44 64.827
27 45 38.768
27 46 65.358
27 47 25.167
27 48 63.648
27 49 68.141
27 50 79.703
27 51 7.212
27 52 24.068
27 53 72.882
27 54 26.686
27 55 48.526
27 56 73.147
27 57 11.784
27 58 0.000
27 59 59.538
27 60 85.987
27 61 41.846
27 62 66.975
27 63 62.576
27 64 88.087
27 65 59.622
27 66 77.792
27 67 31.428
27 68 2.853
27 69 93.988
27 70 8.809
27 71 12.635
27 72 13.591
27 73 73.670
27 74 48.803
27 75 24.563
27 76 7.816
27 77 89.072
27 78 87.038
27 79 40.555
27 80 98.401
27 81 17.255
27 82 90.309
27 83 75.844
27 84 70.852
27 85 81.345
27 86 62.443
27 87 14.421
27 88 88.917
27 89 71.252
27 90 64.199
27 91 31.649
27 92 1.776
27 93 61.226
27 94 34.149
27 95 91.219
27 96 35.196
27 97 21.643
27 98 91.791
27 99 20.875
27 100 16.355
27 101 37.292
27 102 23.032
27 103 0.358
27 104 77.423
27 105 12.580
27 106 45.149
27 107 27.165
27 108 6.524
27 109 65.187
27 110 23.392
27 111 60.936
27 112 66.383
27 113 84.064
27 114 64.686
27 115 85.694
27 116 80.726
27 117 55.109
27 118 45.165
27 119 70.649
28 29 96.422
28 30 38.388
28 31 37.797
28 32 54.913
28 33 65.391
28 34 14.503
28 35 93.931
28 36 29.221
28 37 54.449
28 38 4.491
28 39 98.310
28 40 38.644
28 41 83.574
28 42 7.603
28 43 60.989
28 44 84.259
28 45 13.456
28 46 94.357
28 47 31.498
28 48 58.911
28 49 51.752
28 50 38.476
28 51 20.760
28 52 12.407
28 53 24.109
28 54 70.607
28 55 94.440
28 56 4.901
28 57 60.822
28 58 89.192
28 59 57.786
28 60 73.712
28 61 82.893
28 62 69.406
28 63 86.478
28 64 8.447
28 65 32.286
28 66 69.767
28 67 70.593
28 68 2.070
28 69 80.351
28 70 47.856
28 71 29.546
28 72 21.414
28 73 65.661
28 74 61.522
28 75 24.676
28 76 19.657
28 77 57.917
28 78 49.987
28 79 43.139
28 80 95.397
28 81 18.123
28 82 60.503
28 83 51.884
28 84 88.231
28 85 26.871
28 86 10.498
28 87 23.670
28 88 89.100
28 89 82.393
28 90 52.585
28 91 18.461
28 92 35.194
28 93 27.913
28 94 40.401
28 95 63.008
28 96 53.806
28 97 53.891
28 98 76.919
28 99 9.004
28 100 17.313
28 101 34.901
28 102 63.680
28 103 65.938
28 104 72.313
28 105 3.171
28 106 59.360
28 107 98.621
28 108 9.972
28 109 31.233
28 110 99.134
28 111 51.320
28 112 51.739
28 113 94.644
28 114 22.500
28 115 10.540
28 116 34.872
28 117 12.424
28 118 6.528
28 119 46.718
29 30 95.575
29 31 17.623
29 32 3.971
29 33 81.438
29 34 64.046
29 35 93.362
29 36 41.198
29 37 11.246
29 38 5.392
29 39 20.684
29 40 39.643
29 41 81.754
29 42 63.090
29 43 23.783
29 44 86.251
29 45 46.419
29 46 87.573
29 47 65.374
29 48 93.356
29 49 63.265
29 50 61.506
29 51 40.469
29 52 56.496
29 53 79.759
29 54 65.477
29 55 40.277
29 56 39.841
29 57 31.166
29 58 63.033
29 59 9.680
29 60 93.259
29 61 30.926
29 62 22.421
29 63 1.450
29 64 32.454
29 65 62.941
29 66 33.869
29 67 38.352
29 68 94.200
29 69 95.143
29 70 25.864
29 71 30.252
29 72 12.374
29 73 21.286
29 74 31.673
29 75 57.560
29 76 47.303
29 77 3.677
29 78 8.192
29 79 24.577
29 80 40.906
29 81 33.338
29 82 63.233
29 83 6.771
29 84 63.145
29 85 46.141
29 86 4.493
29 87 64.501
29 88 61.519
29 89 33.489
29 90 83.686
29 91 72.398
29 92 24.622
29 93 64.386
29 94 72.707
29 95 18.375
29 96 23.275
29 97 92.051
29 98 75.202
29 99 59.174
29 100 98.237
29 101 52.745
29 102 46.550
29 103 80.360
29 104 22.276
29 105 77.022
29 106 67.997
29 107 97.862
29 108 76.115
29 109 24.399
29 110 96.597
29 111 55.434
29 112 42.778
29 113 21.237
29 114 91.578
29 115 17.810
29 116 42.878
29 117 28.626
29 118 99.913
29 119 32.883
30 31 4.611
30 32 92.159
30 33 69.112
30 34 37.878
30 35 86.518
30 36 28.698
30 37 43.631
30 38 14.286
30 39 48.538
30 40 86.580
30 41 92.808
30 42 54.238
30 43 97.409
30 44 75.202
30 45 12.856
30 46 87.015
30 47 16.211
30 48 97.493
30 49 43.197
30 50 28.579
30 51 24.607
30 52 34.535
30 53 38.301
30 54 59.267
30 55 6.343
30 56 25.409
30 57 40.209
30 58 5.220
30 59 83.564
30 60 57.352
30 61 4.025
30 62 97.640
30 63 13.757
30 64 31.372
30 65 38.934
30 66 10.649
30 67 34.411
30 68 96.721
30 69 40.685
30 70 33.269
30 71 82.933
30 72 53.952
30 73 7.954
30 74 14.011
30 75 74.941
30 76 10.766
30 77 54.676
30 78 27.537
30 79 32.714
30 80 37.470
30 81 53.142
30 82 52.053
30 83 17.438
30 84 9.544
30 85 68.564
30 86 13.382
30 87 33.791
30 88 43.727
30 89 74.818
30 90 47.038
30 91 43.491
30 92 30.939
30 93 73.183
30 94 53.209
30 95 45.631
30 96 44.503
30 97 71.153
30 98 71.162
30 99 55.928
30 100 55.331
30 101 16.812
30 102 79.427
30 103 44.458
30 104 17.083
30 105 25.702
30 106 35.965
30 107 72.022
30 108 93.801
30 109 81.803
30 110 8.620
30 111 98.965
30 112 90.088
30 113 41.972
30 114 10.268
30 115 27.104
30 116 9.652
30 117 24.052
30 118 45.382
30 119 75.358
31 32 11.870
31 33 12.907
31 34 95.152
31 35 82.716
31 36 57.993
31 37 75.719
31 38 16.810
31 39 78.412
31 40 38.734
31 41 38.182
31 42 9.483
31 43 58.458
31 44 53.167
31 45 36.570
31 46 3.694
31 47 60.141
31 48 65.259
31 49 27.191
31 50 64.509
31 51 31.662
31 52 98.781
31 53 4.338
31 54 59.403
31 55 52.760
31 56 43.982
31 57 50.632
31 58 31.042
31 59 74.035
31 60 40.106
31 61 19.502
31 62 32.487
31 63 7.545
31 64 66.700
31 65 28.573
31 66 27.734
31 67 19.409
31 68 23.610
31 69 24.857
31 70 34.015
31 71 46.257
31 72 4.681
31 73 67.881
31 74 83.981
31 75 81.746
31 76 73.395
31 77 65.285
31 78 15.656
31 79 56.764
31 80 30.016
31 81 86.922
31 82 55.942
31 83 67.530
31 84 19.298
31 85 78.101
31 86 49.534
31 87 89.488
31 88 65.408
31 89 90.408
31 90 99.219
31 91 51.691
31 92 36.424
31 93 49.374
31 94 25.852
31 95 36.343
31 96 34.644
31 97 82.293
31 98 26.690
31 99 11.204
31 100 80.877
31 101 36.616
31 102 9.314
31 103 98.777
31 104 11.025
31 105 29.594
31 106 5.022
31 107 35.496
31 108 31.452
31 109 83.220
31 110 20.362
31 111 76.582
31 112 86.014
31 113 15.045
31 114 68.385
31 115 57.811
31 116 72.063
31 117 75.040
31 118 32.236
31 119 34.098
32 33 5.378
32 34 41.461
32 35 52.861
32 36 76.667
32 37 74.655
32 38 14.519
32 39 99.876
32 40 25.457
32 41 45.070
32 42 75.710
32 43 80.092
32 44 61.545
32 45 67.381
32 46 12.727
32 47 61.681
32 48 85.505
32 49 24.140
32 50 45.183
32 51 43.660
32 52 61.962
32 53 97.809
32 54 24.727
32 55 80.144
32 56 18.053
32 57 76.925
32 58 24.642
32 59 76.725
32 60 64.046
32 61 25.914
32 62 78.645
32 63 12.375
32 64 38.076
32 65 31.787
32 66 76.361
32 67 4.436
32 68 63.779
32 69 6.627
32 70 73.835
32 71 26.527
32 72 49.524
32 73 68.668
32 74 31.419
32 75 9.629
32 76 51.035
32 77 46.710
32 78 48.537
32 79 5.140
32 80 65.372
32 81 52.723
32 82 25.062
32 83 65.327
32 84 23.552
32 85 45.718
32 86 42.414
32 87 1.432
32 88 1.552
32 89 66.302
32 90 24.016
32 91 12.559
32 92 74.983
32 93 55.815
32 94 4.351
32 95 39.525
32 96 1.414
32 97 86.540
32 98 8.627
32 99 87.014
32 100 26.172
32 101 20.205
32 102 20.927
32 103 74.651
32 104 72.340
32 105 80.828
32 106 97.748
32 107 23.042
32 108 93.780
32 109 74.956
32 110 65.926
32 111 54.333
32 112 41.176
32 113 17.422
32 114 29.236
32 115 88.527
32 116 15.420
32 117 23.969
32 118 96.300
32 119 46.571
33 34 60.101
33 35 13.465
33 36 33.969
33 37 29.134
33 38 75.427
33 39 21.862
33 40 44.956
33 41 26.036
33 42 19.587
33 43 67.684
33 44 66.256
33 45 25.454
33 46 0.413
33 47 24.543
33 48 85.769
33 49 34.295
33 50 50.082
33 51 50.018
33 52 78.548
33 53 91.566
33 54 18.742
33 55 92.222
33 56 71.211
33 57 55.083
33 58 19.060
33 59 45.463
33 60 53.332
33 61 68.525
33 62 3.069
33 63 54.643
33 64 67.980
33 65 70.637
33 66 55.087
33 67 74.378
33 68 30.096
33 69 91.285
33 70 40.082
33 71 73.290
33 72 41.026
33 73 90.098
33 74 55.523
33 75 36.535
33 76 90.263
33 77 32.599
33 78 96.588
33 79 60.339
33 80 61.364
33 81 66.018
33 82 59.528
33 83 51.167
33 84 87.976
33 85 52.376
33 86 76.082
33 87 39.123
33 88 38.059
33 89 39.965
33 90 92.980
33 91 90.284
33 92 39.634
33 93 6.038
33 94 84.945
33 95 55.868
33 96 99.778
33 97 83.252
33 98 16.985
33 99 27.525
33 100 10.063
33 101 90.383
33 102 52.404
33 103 77.470
33 104 76.307
33 105 23.810
33 106 36.576
33 107 49.806
33 108 58.214
33 109 30.466
33 110 73.402
33 111 35.087
33 112 55.403
33 113 75.212
33 114 51.282
33 115 4.036
33 116 30.281
33 117 36.020
33 118 68.510
33 119 98.291
34 35 15.396
34 36 8.868
34 37 54.181
34 38 76.158
34 39 13.123
34 40 80.929
34 41 80.035
34 42 89.568
34 43 58.916
34 44 35.404
34 45 11.083
34 46 24.793
34 47 85.896
34 48 84.270
34 49 48.445
34 50 73.921
34 51 98.134
34 52 86.245
34 53 76.496
34 54 16.739
34 55 32.761
34 56 96.437
34 57 38.275
34 58 83.333
34 59 66.924
34 60 11.414
34 61 27.998
34 62 36.605
34 63 4.586
34 64 18.871
34 65 7.634
34 66 60.878
34 67 60.321
34 68 34.565
34 69 25.666
34 70 67.826
34 71 42.507
34 72 10.898
34 73 40.467
34 74 34.225
34 75 26.667
34 76 31.261
34 77 28.205
34 78 67.348
34 79 1.264
34 80 62.204
34 81 85.703
34 82 53.307
34 83 62.843
34 84 21.516
34 85 22.409
34 86 81.232
34 87 35.178
34 88 34.450
34 89 72.442
34 90 51.928
34 91 87.977
34 92 92.626
34 93 47.597
34 94 73.449
34 95 34.678
34 96 0.559
34 97 95.305
34 98 18.063
34 99 96.010
34 100 93.278
34 101 21.671
34 102 65.125
34 103 26.259
34 104 35.171
34 105 89.105
34 106 82.623
34 107 12.518
34 108 64.986
34 109 0.430
34 110 6.517
34 111 73.767
34 112 34.800
34 113 36.969
34 114 61.444
34 115 6.180
34 116 1.845
34 117 26.782
34 118 28.968
34 119 43.895
35 36 71.193
35 37 81.045
35 38 10.282
35 39 30.278
35 40 54.628
35 41 51.497
35 42 49.114
35 43 23.790
35 44 6.418
35 45 29.963
35 46 77.552
35 47 94.631
35 48 20.242
35 49 32.139
35 50 22.615
35 51 3.650
35 52 23.194
35 53 82.149
35 54 64.609
35 55 93.333
35 56 82.558
35 57 41.817
35 58 69.663
35 59 62.217
35 60 48.972
35 61 9.172
35 62 28.306
35 63 38.711
35 64 95.625
35 65 44.399
35 66 19.542
35 67 18.034
35 68 77.292
35 69 68.240
35 70 85.617
35 71 76.874
35 72 25.299
35 73 17.831
35 74 46.501
35 75 34.387
35 76 14.925
35 77 37.991
35 78 5.085
35 79 85.250
35 80 90.277
35 81 32.189
35 82 94.212
35 83 90.789
35 84 8.321
35 85 96.729
35 86 94.846
35 87 77.506
35 88 68.582
35 89 14.127
35 90 11.067
35 91 58.928
35 92 27.871
35 93 87.233
35 94 22.023
35 95 66.234
35 96 60.491
35 97 54.334
35 98 43.594
35 99 45.946
35 100 13.505
35 101 37.284
35 102 23.224
35 103 58.801
35 104 23.928
35 105 39.669
35 106 60.240
35 107 92.950
35 108 10.144
35 109 30.056
35 110 90.936
35 111 86.748
35 112 23.348
35 113 16.593
35 114 2.811
35 115 41.649
35 116 46.511
35 117 43.508
35 118 45.565
35 119 94.128
36 37 58.113
36 38 17.547
36 39 87.806
36 40 6.997
36 41 35.830
36 42 2.905
36 43 27.892
36 44 35.185
36 45 61.382
36 46 6.922
36 47 4.935
36 48 18.741
36 49 1.911
36 50 15.641
36 51 71.712
36 52 56.743
36 53 85.535
36 54 28.244
36 55 85.073
36 56 19.765
36 57 59.161
36 58 82.463
36 59 41.422
36 60 65.721
36 61 15.137
36 62 59.243
36 63 34.920
36 64 34.114
36 65 0.014
36 66 4.273
36 67 44.318
36 68 7.144
36 69 73.465
36 70 6.413
36 71 60.630
36 72 42.592
36 73 68.304
36 74 28.627
36 75 52.374
36 76 3.052
36 77 13.612
36 78 95.733
36 79 27.677
36 80 28.829
36 81 22.105
36 82 5.075
36 83 93.266
36 84 27.695
36 85 10.186
36 86 41.174
36 87 29.232
36 88 83.703
36 89 14.535
36 90 43.495
36 91 95.403
36 92 19.401
36 93 92.605
36 94 97.630
36 95 60.288
36 96 81.003
36 97 46.064
36 98 94.541
36 99 96.735
36 100 54.513
36 101 86.031
36 102 29.928
36 103 19.844
36 104 62.234
36 105 66.813
36 106 96.367
36 107 52.105
36 108 33.785
36 109 50.933
36 110 54.546
36 111 88.362
36 112 93.452
36 113 32.385
36 114 56.751
36 115 98.900
36 116 56.621
36 117 37.306
36 118 35.681
36 119 52.813
37 38 82.009
37 39 41.732
37 40 64.767
37 41 65.788
37 42 83.557
37 43 94.561
37 44 42.312
37 45 76.532
37 46 66.113
37 47 10.573
37 48 51.148
37 49 34.278
37 50 12.370
37 51 3.102
37 52 97.891
37 53 36.185
37 54 15.088
37 55 58.879
37 56 41.473
37 57 87.892
37 58 18.204
37 59 18.603
37 60 79.318
37 61 73.090
37 62 3.219
37 63 15.947
37 64 71.329
37 65 8.710
37 66 33.117
37 67 45.002
37 68 46.820
37 69 31.163
37 70 45.083
37 71 71.568
37 72 57.572
37 73 6.038
37 74 65.414
37 75 77.228
37 76 11.388
37 77 78.766
37 78 5.250
37 79 26.819
37 80 44.852
37 81 86.989
37 82 84.183
37 83 79.677
37 84 71.415
37 85 36.703
37 86 20.239
37 87 22.974
37 88 71.520
37 89 3.725
37 90 19.410
37 91 91.451
37 92 75.158
37 93 59.647
37 94 95.641
37 95 52.074
37 96 24.064
37 97 37.127
37 98 53.065
37 99 74.373
37 100 90.694
37 101 43.254
37 102 66.272
37 103 77.653
37 104 74.227
37 105 1.669
37 106 1.552
37 107 44.810
37 108 89.974
37 109 54.232
37 110 32.265
37 111 19.138
37 112 17.931
37 113 81.254
37 114 14.918
37 115 55.286
37 116 78.652
37 117 5.636
37 118 8.987
37 119 78.455
38 39 60.154
38 40 30.775
38 41 43.197
38 42 16.944
38 43 28.303
38 44 24.637
38 45 53.670
38 46 12.331
38 47 14.903
38 48 3.173
38 49 45.301
38 50 78.831
38 51 92.683
38 52 85.061
38 53 56.649
38 54 78.828
38 55 14.423
38 56 86.757
38 57 40.829
38 58 5.054
38 59 14.668
38 60 1.929
38 61 10.092
38 62 11.618
38 63 46.777
38 64 62.545
38 65 30.193
38 66 15.801
38 67 55.515
38 68 10.292
38 69 92.126
38 70 0.509
38 71 65.946
38 72 16.399
38 73 33.458
38 74 83.256
38 75 3.085
38 76 75.610
38 77 29.228
38 78 81.749
38 79 43.584
38 80 65.716
38 81 23.269
38 82 98.415
38 83 40.664
38 84 7.944
38 85 24.798
38 86 66.612
38 87 56.570
38 88 85.445
38 89 52.279
38 90 49.825
38 91 83.030
38 92 77.237
38 93 66.778
38 94 61.787
38 95 29.495
38 96 43.186
38 97 0.445
38 98 80.257
38 99 11.401
38 100 51.928
38 101 52.230
38 102 60.096
38 103 76.234
38 104 78.147
38 105 92.600
38 106 12.330
38 107 63.908
38 108 8.187
38 109 91.748
38 110 5.027
38 111 9.732
38 112 83.720
38 113 61.685
38 114 59.107
38 115 63.234
38 116 82.027
38 117 81.606
38 118 57.637
38 119 14.147
39 40 78.439
39 41 58.032
39 42 60.663
39 43 88.051
39 44 61.554
39 45 56.523
39 46 19.308
39 47 98.504
39 48 75.096
39 49 30.083
39 50 12.663
39 51 19.912
39 52 41.627
39 53 60.940
39 54 88.883
39 55 75.975
39 56 82.762
39 57 26.951
39 58 77.948
39 59 22.220
39 60 88.195
39 61 1.703
39 62 57.713
39 63 37.956
39 64 1.500
39 65 98.196
39 66 97.151
39 67 32.933
39 68 84.573
39 69 70.040
39 70 71.097
39 71 17.050
39 72 94.521
39 73 91.218
39 74 39.356
39 75 77.629
39 76 56.917
39 77 45.710
39 78 9.665
39 79 58.130
39 80 47.552
39 81 71.655
39 82 58.825
39 83 34.581
39 84 1.178
39 85 21.247
39 86 69.196
39 87 41.589
39 88 50.188
39 89 17.171
39 90 48.795
39 91 8.483
39 92 58.793
39 93 9.149
39 94 42.403
39 95 27.948
39 96 58.980
39 97 60.037
39 98 8.366
39 99 94.465
39 100 13.366
39 101 19.936
39 102 31.181
39 103 17.935
39 104 27.045
39 105 78.879
39 106 63.503
39 107 39.035
39 108 5.635
39 109 23.947
39 110 42.860
39 111 47.205
39 112 9.936
39 113 65.002
39 114 8.157
39 115 29.590
39 116 88.956
39 117 34.780
39 118 48.952
39 119 59.808
40 41 82.567
40 42 13.663
40 43 56.526
40 44 69.149
40 45 72.597
40 46 77.252
40 47 9.927
40 48 29.581
40 49 26.942
40 50 15.697
40 51 22.466
40 52 17.924
40 53 25.091
40 54 27.785
40 55 94.521
40 56 23.573
40 57 75.447
40 58 49.881
40 59 67.083
40 60 8.392
40 61 34.920
40 62 40.096
40 63 47.103
40 64 26.667
40 65 19.492
40 66 1.424
40 67 80.501
40 68 65.498
40 69 50.799
40 70 94.088
40 71 81.607
40 72 71.526
40 73 18.253
40 74 56.981
40 75 88.833
40 76 88.630
40 77 48.818
40 78 30.829
40 79 5.545
40 80 43.008
40 81 67.281
40 82 51.575
40 83 2.373
40 84 77.012
40 85 98.708
40 86 61.517
40 87 2.630
40 88 51.192
40 89 11.744
40 90 67.820
40 91 46.019
40 92 5.147
40 93 26.509
40 94 63.312
40 95 27.501
40 96 92.156
40 97 14.081
40 98 12.835
40 99 37.939
40 100 79.959
40 101 95.887
40 102 99.927
40 103 91.091
40 104 40.642
40 105 10.807
40 106 23.243
40 107 7.513
40 108 36.274
40 109 55.381
40 110 29.881
40 111 40.136
40 112 43.753
40 113 18.260
40 114 73.642
40 115 68.538
40 116 52.267
40 117 23.838
40 118 90.286
40 119 59.344
41 42 9.825
41 43 72.044
41 44 88.936
41 45 88.745
41 46 91.539
41 47 11.301
41 48 69.074
41 49 49.751
41 50 11.610
41 51 9.933
41 52 85.925
41 53 21.616
41 54 3.448
41 55 97.623
41 56 3.544
41 57 61.757
41 58 47.912
41 59 33.003
41 60 94.538
41 61 91.529
41 62 38.332
41 63 16.063
41 64 68.126
41 65 86.388
41 66 32.818
41 67 4.764
41 68 34.099
41 69 48.250
41 70 59.280
41 71 14.135
41 72 39.254
41 73 33.266
41 74 6.662
41 75 73.043
41 76 45.022
41 77 31.773
41 78 57.079
41 79 88.979
41 80 50.226
41 81 48.831
41 82 87.865
41 83 24.401
41 84 1.324
41 85 13.549
41 86 99.982
41 87 19.509
41 88 73.964
41 89 53.317
41 90 9.795
41 91 5.838
41 92 54.339
41 93 5.084
41 94 74.938
41 95 42.612
41 96 96.541
41 97 99.993
41 98 11.774
41 99 73.553
41 100 83.039
41 101 49.959
41 102 1.923
41 103 45.669
41 104 69.378
41 105 85.202
41 106 78.392
41 107 53.532
41 108 51.333
41 109 40.261
41 110 28.013
41 111 72.644
41 112 53.008
41 113 62.695
41 114 46.252
41 115 23.715
41 116 97.754
41 117 23.449
41 118 32.841
41 119 66.026
42 43 90.274
42 44 40.784
42 45 22.299
42 46 52.525
42 47 7.912
42 48 90.681
42 49 2.075
42 50 91.887
42 51 71.888
42 52 65.836
42 53 82.860
42 54 53.518
42 55 45.108
42 56 62.592
42 57 50.569
42 58 20.305
42 59 82.197
42 60 20.608
42 61 47.555
42 62 40.904
42 63 39.498
42 64 13.574
42 65 1.806
42 66 58.440
42 67 38.090
42 68 90.956
42 69 47.195
42 70 95.737
42 71 61.198
42 72 0.536
42 73 55.294
42 74 58.517
42 75 58.908
42 76 79.415
42 77 29.831
42 78 77.509
42 79 27.726
42 80 87.191
42 81 98.553
42 82 47.978
42 83 30.255
42 84 69.186
42 85 74.084
42 86 40.929
42 87 21.164
42 88 79.865
42 89 45.314
42 90 54.078
42 91 49.610
42 92 67.029
42 93 3.888
42 94 42.651
42 95 15.428
42 96 15.857
42 97 6.604
42 98 20.186
42 99 66.612
42 100 78.587
42 101 23.806
42 102 47.714
42 103 39.052
42 104 70.353
42 105 26.322
42 106 36.058
42 107 55.931
42 108 94.652
42 109 19.045
42 110 70.460
42 111 23.863
42 112 72.923
42 113 37.975
42 114 29.338
42 115 85.592
42 116 91.889
42 117 89.315
42 118 9.697
42 119 14.934
43 44 49.604
43 45 24.200
43 46 90.577
43 47 68.671
43 48 76.538
43 49 10.672
43 50 62.876
43 51 42.228
43 52 31.598
43 53 85.714
43 54 29.004
43 55 11.216
43 56 24.607
43 57 44.488
43 58 29.032
43 59 79.294
43 60 96.586
43 61 51.335
43 62 81.342
43 63 94.326
43 64 97.063
43 65 37.687
43 66 35.284
43 67 39.428
43 68 33.684
43 69 85.719
43 70 20.914
43 71 53.242
43 72 33.559
43 73 83.386
43 74 46.623
43 75 84.682
43 76 48.057
43 77 76.441
43 78 39.321
43 79 41.366
43 80 53.183
43 81 36.081
43 82 43.788
43 83 48.108
43 84 46.193
43 85 7.074
43 86 97.947
43 87 92.081
43 88 15.771
43 89 0.528
43 90 78.970
43 91 94.635
43 92 67.877
43 93 47.903
43 94 71.559
43 95 16.281
43 96 22.283
43 97 38.445
43 98 44.125
43 99 70.961
43 100 55.853
43 101 20.902
43 102 31.272
43 103 98.478
43 104 57.769
43 105 62.187
43 106 11.653
43 107 19.860
43 108 79.214
43 109 20.638
43 110 39.138
43 111 79.401
43 112 5.422
43 113 9.528
43 114 32.216
43 115 59.289
43 116 51.516
43 117 97.726
43 118 51.626
43 119 37.959
44 45 85.266
44 46 18.696
44 47 99.454
44 48 51.685
44 49 9.643
44 50 36.470
44 51 54.271
44 52 10.469
44 53 95.957
44 54 47.796
44 55 16.367
44 56 13.844
44 57 44.441
44 58 83.356
44 59 74.730
44 60 10.040
44 61 63.241
44 62 7.768
44 63 23.130
44 64 42.775
44 65 99.125
44 66 8.012
44 67 46.544
44 68 33.990
44 69 23.571
44 70 3.015
44 71 71.103
44 72 57.918
44 73 76.483
44 74 3.286
44 75 20.847
44 76 72.208
44 77 96.401
44 78 98.842
44 79 52.811
44 80 85.113
44 81 20.892
44 82 56.083
44 83 48.293
44 84 54.337
44 85 23.680
44 86 59.851
44 87 22.642
44 88 32.715
44 89 66.160
44 90 45.603
44 91 78.483
44 92 98.666
44 93 80.042
44 94 28.431
44 95 68.052
44 96 35.247
44 97 65.209
44 98 50.618
44 99 49.124
44 100 50.634
44 101 82.239
44 102 37.479
44 103 16.017
44 104 64.975
44 105 42.619
44 106 72.422
44 107 62.228
44 108 23.834
44 109 51.296
44 110 76.497
44 111 84.520
44 112 36.804
44 113 36.037
44 114 5.113
44 115 69.574
44 116 81.391
44 117 5.936
44 118 55.209
44 119 13.829
45 46 56.875
45 47 17.489
45 48 9.825
45 49 14.734
45 50 20.632
45 51 90.770
45 52 33.832
45 53 37.322
45 54 90.267
45 55 10.578
45 56 74.571
45 57 3.908
45 58 48.914
45 59 67.775
45 60 14.138
45 61 76.650
45 62 48.184
45 63 44.624
45 64 66.323
45 65 2.838
45 66 63.515
45 67 24.576
45 68 10.465
45 69 70.973
45 70 20.021
45 71 11.717
45 72 6.975
45 73 82.069
45 74 73.478
45 75 78.048
45 76 44.799
45 77 75.061
45 78 0.698
45 79 17.741
45 80 29.834
45 81 57.823
45 82 26.283
45 83 76.748
45 84 35.076
45 85 86.006
45 86 88.660
45 87 43.351
45 88 98.269
45 89 0.751
45 90 27.267
45 91 30.704
45 92 70.844
45 93 83.328
45 94 54.924
45 95 55.941
45 96 93.171
45 97 9.822
45 98 64.648
45 99 22.059
45 100 95.427
45 101 92.222
45 102 8.566
45 103 38.609
45 104 0.856
45 105 73.627
45 106 78.076
45 107 75.107
45 108 38.729
45 109 4.728
45 110 9.044
45 111 27.130
45 112 58.051
45 113 66.357
45 114 33.573
45 115 89.216
45 116 69.816
45 117 18.582
45 118 0.745
45 119 70.967
46 47 35.615
46 48 50.712
46 49 92.780
46 50 63.175
46 51 63.425
46 52 78.508
46 53 70.138
46 54 59.321
46 55 67.617
46 56 85.027
46 57 89.375
46 58 64.455
46 59 99.534
46 60 29.735
46 61 50.939
46 62 78.246
46 63 57.431
46 64 56.864
46 65 50.574
46 66 21.924
46 67 40.135
46 68 18.483
46 69 27.668
46 70 89.836
46 71 17.475
46 72 90.333
46 73 26.593
46 74 45.521
46 75 52.350
46 76 99.196
46 77 12.993
46 78 49.507
46 79 24.240
46 80 99.433
46 81 15.969
46 82 1.395
46 83 72.035
46 84 33.286
46 85 99.243
46 86 2.389
46 87 95.250
46 88 84.639
46 89 99.623
46 90 96.046
46 91 27.004
46 92 89.152
46 93 9.498
46 94 24.834
46 95 19.591
46 96 95.042
46 97 21.563
46 98 47.968
46 99 64.026
46 100 78.242
46 101 98.629
46 102 2.070
46 103 98.654
46 104 3.277
46 105 79.114
46 106 50.309
46 107 48.719
46 108 86.919
46 109 79.689
46 110 58.006
46 111 78.725
46 112 65.517
46 113 10.568
46 114 53.076
46 115 32.502
46 116 88.900
46 117 76.042
46 118 78.210
46 119 82.072
47 48 63.801
47 49 93.137
47 50 18.389
47 51 5.726
47 52 48.035
47 53 24.620
47 54 92.067
47 55 68.165
47 56 52.951
47 57 89.114
47 58 27.303
47 59 81.136
47 60 46.190
47 61 80.699
47 62 5.144
47 63 81.662
47 64 59.363
47 65 3.115
47 66 41.715
47 67 76.806
47 68 95.995
47 69 99.592
47 70 97.773
47 71 68.825
47 72 3.911
47 73 38.310
47 74 49.874
47 75 92.677
47 76 23.234
47 77 95.633
47 78 30.859
47 79 68.972
47 80 46.251
47 81 64.518
47 82 48.999
47 83 99.849
47 84 28.626
47 85 3.861
47 86 24.945
47 87 12.638
47 88 72.786
47 89 36.071
47 90 43.536
47 91 86.767
47 92 63.786
47 93 94.779
47 94 3.536
47 95 83.069
47 96 75.548
47 97 22.325
47 98 62.560
47 99 31.429
47 100 81.101
47 101 17.595
47 102 16.703
47 103 22.690
47 104 94.277
47 105 38.717
47 106 24.831
47 107 93.776
47 108 42.322
47 109 72.319
47 110 85.983
47 111 91.193
47 112 18.948
47 113 91.254
47 114 5.044
47 115 47.389
47 116 95.599
47 117 36.114
47 118 36.591
47 119 6.880
48 49 75.025
48 50 72.330
48 51 79.756
48 52 94.641
48 53 55.764
48 54 94.301
48 55 7.956
48 56 27.913
48 57 38.699
48 58 70.752
48 59 56.533
48 60 34.446
48 61 47.597
48 62 51.383
48 63 58.598
48 64 55.089
48 65 54.379
48 66 83.881
48 67 14.817
48 68 76.735
48 69 96.851
48 70 22.516
48 71 6.371
48 72 62.811
48 73 51.699
48 74 44.758
48 75 12.037
48 76 22.816
48 77 78.812
48 78 30.775
48 79 70.065
48 80 89.866
48 81 84.310
48 82 2.125
48 83 33.473
48 84 55.743
48 85 59.141
48 86 60.644
48 87 3.411
48 88 46.673
48 89 37.721
48 90 16.223
48 91 89.390
48 92 9.845
48 93 86.778
48 94 43.098
48 95 37.481
48 96 20.631
48 97 78.457
48 98 58.253
48 99 87.969
48 100 13.553
48 101 23.666
48 102 72.668
48 103 72.516
48 104 86.204
48 105 41.789
48 106 26.403
48 107 37.525
48 108 24.662
48 109 21.065
48 110 81.894
48 111 85.180
48 112 51.395
48 113 80.323
48 114 16.318
48 115 56.562
48 116 2.172
48 117 77.217
48 118 23.545
48 119 42.273
49 50 97.245
49 51 20.688
49 52 8.915
49 53 95.145
49 54 83.847
49 55 36.136
49 56 35.994
49 57 36.912
49 58 91.990
49 59 0.607
49 60 63.424
49 61 96.135
49 62 63.641
49 63 12.275
49 64 92.154
49 65 88.187
49 66 86.525
49 67 83.613
49 68 28.557
49 69 49.783
49 70 88.113
49 71 50.851
49 72 57.345
49 73 70.322
49 74 22.820
49 75 73.671
49 76 9.679
49 77 20.204
49 78 15.987
49 79 58.581
49 80 6.502
49 81 62.348
49 82 11.910
49 83 76.969
49 84 54.894
49 85 47.255
49 86 10.002
49 87 64.604
49 88 76.101
49 89 34.305
49 90 63.125
49 91 83.161
49 92 47.914
49 93 52.315
49 94 55.170
49 95 96.348
49 96 51.198
49 97 10.990
49 98 71.178
49 99 63.300
49 100 20.615
49 101 1.502
49 102 22.605
49 103 80.109
49 104 12.979
49 105 79.263
49 106 92.764
49 107 6.756
49 108 23.171
49 109 4.829
49 110 23.058
49 111 1.113
49 112 97.193
49 113 29.936
49 114 69.309
49 115 44.362
49 116 14.648
49 117 54.820
49 118 19.286
49 119 82.818
50 51 38.882
50 52 50.245
50 53 77.506
50 54 30.065
50 55 61.954
50 56 33.102
50 57 91.416
50 58 70.228
50 59 3.781
50 60 7.938
50 61 14.285
50 62 78.343
50 63 60.042
50 64 38.485
50 65 74.429
50 66 26.983
50 67 31.787
50 68 92.981
50 69 47.847
50 70 79.661
50 71 11.241
50 72 15.052
50 73 11.908
50 74 80.992
50 75 42.878
50 76 7.904
50 77 91.415
50 78 41.215
50 79 26.621
50 80 83.767
50 81 95.199
50 82 78.365
50 83 80.896
50 84 22.805
50 85 81.333
50 86 25.257
50 87 37.273
50 88 6.121
50 89 82.113
50 90 30.428
50 91 95.550
50 92 36.018
50 93 66.163
50 94 82.232
50 95 28.398
50 96 33.334
50 97 14.319
50 98 63.570
50 99 88.059
50 100 6.472
50 101 38.406
50 102 1.026
50 103 34.097
50 104 19.621
50 105 77.565
50 106 6.694
50 107 70.817
50 108 48.749
50 109 65.506
50 110 23.565
50 111 55.752
50 112 3.047
50 113 73.863
50 114 76.041
50 115 16.457
50 116 6.860
50 117 1.761
50 118 96.050
50 119 91.883
51 52 82.477
51 53 99.796
51 54 42.141
51 55 96.725
51 56 47.752
51 57 87.795
51 58 54.079
51 59 92.381
51 60 44.145
51 61 50.059
51 62 88.676
51 63 36.549
51 64 40.568
51 65 69.220
51 66 63.927
51 67 75.000
51 68 16.355
51 69 90.407
51 70 98.003
51 71 33.674
51 72 12.662
51 73 91.139
51 74 67.255
51 75 67.007
51 76 55.822
51 77 69.120
51 78 23.102
51 79 19.293
51 80 98.404
51 81 50.122
51 82 1.504
51 83 59.864
51 84 94.187
51 85 61.149
51 86 30.739
51 87 60.018
51 88 21.771
51 89 10.302
51 90 93.246
51 91 89.859
51 92 98.196
51 93 64.074
51 94 25.573
51 95 26.625
51 96 78.757
51 97 15.229
51 98 46.757
51 99 82.546
51 100 22.083
51 101 90.014
51 102 90.006
51 103 79.930
51 104 10.602
51 105 52.119
51 106 75.076
51 107 23.914
51 108 55.661
51 109 22.628
51 110 99.521
51 111 49.207
51 112 83.869
51 113 50.147
51 114 45.812
51 115 46.149
51 116 96.631
51 117 33.356
51 118 98.279
51 119 3.532
52 53 18.374
52 54 19.419
52 55 38.979
52 56 40.905
52 57 0.641
52 58 76.031
52 59 44.746
52 60 41.440
52 61 28.993
52 62 62.262
52 63 39.102
52 64 37.951
52 65 87.593
52 66 4.010
52 67 62.107
52 68 49.292
52 69 72.354
52 70 13.476
52 71 8.883
52 72 12.100
52 73 7.726
52 74 78.962
52 75 53.239
52 76 3.740
52 77 14.439
52 78 91.191
52 79 16.673
52 80 6.309
52 81 95.986
52 82 65.445
52 83 65.010
52 84 18.681
52 85 60.101
52 86 64.964
52 87 15.030
52 88 83.835
52 89 68.201
52 90 30.433
52 91 11.655
52 92 62.086
52 93 10.518
52 94 72.754
52 95 92.620
52 96 47.337
52 97 37.564
52 98 91.914
52 99 92.022
52 100 93.104
52 101 39.601
52 102 43.434
52 103 46.735
52 104 87.825
52 105 54.967
52 106 85.706
52 107 60.420
52 108 94.826
52 109 5.367
52 110 6.453
52 111 48.675
52 112 51.338
52 113 1.673
52 114 44.637
52 115 35.868
52 116 3.092
52 117 37.294
52 118 95.310
52 119 99.292
53 54 36.237
53 55 87.854
53 56 9.223
53 57 59.483
53 58 56.755
53 59 65.675
53 60 76.473
53 61 96.924
53 62 59.016
53 63 35.515
53 64 13.987
53 65 34.788
53 66 19.758
53 67 83.988
53 68 60.387
53 69 65.016
53 70 51.519
53 71 49.315
53 72 18.558
53 73 10.705
53 74 50.454
53 75 60.291
53 76 76.199
53 77 11.673
53 78 77.440
53 79 3.793
53 80 77.696
53 81 91.992
53 82 18.522
53 83 38.668
53 84 16.862
53 85 18.425
53 86 81.013
53 87 0.528
53 88 69.377
53 89 86.892
53 90 94.900
53 91 96.727
53 92 86.241
53 93 80.454
53 94 5.779
53 95 73.743
53 96 25.080
53 97 26.767
53 98 65.102
53 99 50.189
53 100 4.867
53 101 45.568
53 102 46.314
53 103 47.868
53 104 31.421
53 105 17.466
53 106 41.332
53 107 20.551
53 108 55.986
53 109 24.167
53 110 20.810
53 111 75.572
53 112 97.272
53 113 7.217
53 114 73.764
53 115 6.872
53 116 78.527
53 117 67.485
53 118 77.410
53 119 9.791
54 55 5.501
54 56 80.778
54 57 86.395
54 58 27.671
54 59 38.655
54 60 36.364
54 61 72.175
54 62 88.265
54 63 93.480
54 64 14.646
54 65 87.850
54 66 23.973
54 67 36.523
54 68 7.819
54 69 81.580
54 70 34.088
54 71 31.505
54 72 53.061
54 73 32.541
54 74 39.506
54 75 29.883
54 76 91.680
54 77 37.424
54 78 0.802
54 79 93.252
54 80 89.584
54 81 32.558
54 82 19.062
54 83 81.185
54 84 54.555
54 85 97.057
54 86 15.545
54 87 37.431
54 88 64.022
54 89 45.697
54 90 91.054
54 91 59.812
54 92 73.394
54 93 86.802
54 94 98.757
54 95 44.761
54 96 9.446
54 97 89.997
54 98 25.272
54 99 56.087
54 100 65.911
54 101 81.463
54 102 63.987
54 103 79.422
54 104 9.083
54 105 60.200
54 106 81.847
54 107 88.697
54 108 70.139
54 109 7.821
54 110 26.284
54 111 69.106
54 112 47.843
54 113 46.502
54 114 92.461
54 115 12.166
54 116 70.368
54 117 84.999
54 118 72.713
54 119 22.830
55 56 68.247
55 57 81.000
55 58 39.794
55 59 56.032
55 60 91.752
55 61 39.586
55 62 73.501
55 63 30.628
55 64 65.521
55 65 62.221
55 66 26.244
55 67 52.353
55 68 10.832
55 69 58.416
55 70 37.323
55 71 14.285
55 72 81.621
55 73 33.123
55 74 47.920
55 75 33.191
55 76 54.255
55 77 66.891
55 78 39.262
55 79 23.237
55 80 82.955
55 81 12.961
55 82 14.931
55 83 4.719
55 84 82.945
55 85 45.734
55 86 74.935
55 87 94.786
55 88 31.570
55 89 8.404
55 90 83.991
55 91 29.580
55 92 83.993
55 93 24.075
55 94 19.320
55 95 22.766
55 96 84.567
55 97 54.301
55 98 94.344
55 99 74.143
55 100 17.538
55 101 11.739
55 102 93.791
55 103 3.806
55 104 81.511
55 105 59.482
55 106 23.034
55 107 2.310
55 108 90.897
55 109 58.655
55 110 69.876
55 111 55.326
55 112 4.599
55 113 57.977
55 114 0.535
55 115 22.486
55 116 57.216
55 117 54.244
55 118 63.257
55 119 24.410
56 57 21.355
56 58 91.067
56 59 52.746
56 60 19.385
56 61 60.899
56 62 4.713
56 63 96.526
56 64 31.690
56 65 44.619
56 66 70.523
56 67 60.386
56 68 27.287
56 69 77.091
56 70 51.110
56 71 34.211
56 72 19.393
56 73 69.585
56 74 98.464
56 75 51.787
56 76 26.401
56 77 17.477
56 78 16.056
56 79 18.593
56 80 97.681
56 81 72.672
56 82 44.183
56 83 70.105
56 84 68.973
56 85 99.653
56 86 92.036
56 87 59.822
56 88 8.430
56 89 81.972
56 90 3.370
56 91 80.976
56 92 66.769
56 93 2.353
56 94 9.136
56 95 58.854
56 96 50.588
56 97 54.063
56 98 90.090
56 99 11.612
56 100 96.588
56 101 53.781
56 102 45.120
56 103 66.721
56 104 36.246
56 105 16.935
56 106 36.933
56 107 37.371
56 108 5.441
56 109 25.322
56 110 65.741
56 111 8.653
56 112 71.584
56 113 63.796
56 114 3.707
56 115 56.811
56 116 22.027
56 117 27.897
56 118 8.173
56 119 26.562
57 58 81.795
57 59 7.543
57 60 20.077
57 61 21.235
57 62 6.165
57 63 33.224
57 64 45.449
57 65 18.410
57 66 24.172
57 67 30.635
57 68 12.534
57 69 9.759
57 70 92.801
57 71 67.258
57 72 94.812
57 73 77.971
57 74 58.460
57 75 90.156
57 76 91.091
57 77 65.901
57 78 12.250
57 79 48.060
57 80 57.847
57 81 63.512
57 82 68.639
57 83 62.822
57 84 96.086
57 85 36.722
57 86 93.304
57 87 65.389
57 88 5.309
57 89 48.891
57 90 55.267
57 91 39.703
57 92 30.492
57 93 80.523
57 94 80.843
57 95 24.243
57 96 44.516
57 97 35.608
57 98 42.526
57 99 5.424
57 100 28.126
57 101 34.122
57 102 24.603
57 103 99.659
57 104 32.212
57 105 29.312
57 106 69.115
57 107 61.608
57 108 33.137
57 109 55.720
57 110 20.726
57 111 74.995
57 112 20.785
57 113 9.281
57 114 57.120
57 115 79.331
57 116 91.175
57 117 84.377
57 118 12.743
57 119 60.996
58 59 50.727
58 60 44.395
58 61 78.021
58 62 90.350
58 63 77.622
58 64 82.108
58 65 83.629
58 66 17.881
58 67 27.243
58 68 34.116
58 69 59.952
58 70 51.881
58 71 13.283
58 72 49.625
58 73 95.565
58 74 27.740
58 75 43.869
58 76 77.986
58 77 5.380
58 78 44.668
58 79 42.926
58 80 31.724
58 81 59.056
58 82 89.486
58 83 41.026
58 84 2.165
58 85 13.319
58 86 89.140
58 87 77.060
58 88 53.349
58 89 38.041
58 90 33.643
58 91 12.373
58 92 96.522
58 93 25.243
58 94 89.401
58 95 22.337
58 96 52.340
58 97 22.630
58 98 79.230
58 99 96.862
58 100 40.791
58 101 38.817
58 102 39.816
58 103 50.983
58 104 99.883
58 105 26.125
58 106 80.002
58 107 19.383
58 108 23.321
58 109 58.608
58 110 53.979
58 111 84.632
58 112 24.672
58 113 87.947
58 114 32.326
58 115 67.888
58 116 80.911
58 117 77.892
58 118 0.808
58 119 92.962
59 60 81.813
59 61 89.121
59 62 41.940
59 63 19.890
59 64 13.275
59 65 10.727
59 66 57.543
59 67 32.529
59 68 32.469
59 69 11.956
59 70 71.879
59 71 56.222
59 72 50.626
59 73 18.404
59 74 14.408
59 75 76.172
59 76 25.271
59 77 0.563
59 78 18.821
59 79 24.948
59 80 77.919
59 81 99.433
59 82 90.712
59 83 8.404
59 84 95.507
59 85 3.845
59 86 90.122
59 87 43.317
59 88 44.244
59 89 37.208
59 90 47.134
59 91 87.154
59 92 23.112
59 93 7.611
59 94 78.811
59 95 50.653
59 96 10.904
59 97 24.474
59 98 3.990
59 99 97.272
59 100 15.460
59 101 87.445
59 102 58.797
59 103 50.065
59 104 16.689
59 105 8.755
59 106 0.207
59 107 46.175
59 108 5.990
59 109 38.969
59 110 47.576
59 111 1.882
59 112 63.850
59 113 27.871
59 114 52.812
59 115 77.032
59 116 84.671
59 117 67.156
59 118 8.674
59 119 56.677
60 61 53.309
60 62 29.697
60 63 1.667
60 64 99.865
60 65 1.321
60 66 41.310
60 67 91.123
60 68 40.806
60 69 22.597
60 70 95.287
60 71 49.235
60 72 65.983
60 73 7.809
60 74 47.380
60 75 28.210
60 76 32.320
60 77 65.064
60 78 9.522
60 79 30.135
60 80 36.106
60 81 30.135
60 82 94.222
60 83 42.780
60 84 90.163
60 85 33.842
60 86 48.412
60 87 70.260
60 88 17.601
60 89 86.420
60 90 55.473
60 91 31.352
60 92 24.531
60 93 59.114
60 94 77.195
60 95 20.207
60 96 71.197
60 97 91.818
60 98 53.666
60 99 24.316
60 100 21.297
60 101 32.170
60 102 78.369
60 103 72.805
60 104 12.583
60 105 16.362
60 106 18.217
60 107 44.477
60 108 58.382
60 109 34.793
60 110 53.815
60 111 99.494
60 112 59.278
60 113 86.755
60 114 73.955
60 115 11.206
60 116 76.966
60 117 17.473
60 118 70.125
60 119 65.317
61 62 98.157
61 63 48.141
61 64 41.797
61 65 62.476
61 66 95.428
61 67 54.973
61 68 41.296
61 69 7.307
61 70 74.027
61 71 26.846
61 72 58.244
61 73 92.031
61 74 78.912
61 75 32.761
61 76 67.926
61 77 86.016
61 78 24.656
61 79 60.128
61 80 45.307
61 81 23.974
61 82 2.401
61 83 42.820
61 84 77.048
61 85 44.969
61 86 12.614
61 87 83.929
61 88 87.535
61 89 72.020
61 90 70.197
61 91 92.362
61 92 31.747
61 93 37.789
61 94 29.361
61 95 94.671
61 96 97.758
61 97 55.696
61 98 79.688
61 99 53.942
61 100 4.695
61 101 7.782
61 102 71.926
61 103 26.082
61 104 78.203
61 105 70.738
61 106 42.309
61 107 10.516
61 108 34.756
61 109 29.723
61 110 17.607
61 111 7.098
61 112 8.615
61 113 35.969
61 114 99.564
61 115 73.927
61 116 10.787
61 117 48.628
61 118 47.056
61 119 91.825
62 63 18.031
62 64 63.906
62 65 97.027
62 66 80.359
62 67 51.789
62 68 75.272
62 69 91.154
62 70 77.609
62 71 21.838
62 72 27.369
62 73 4.189
62 74 91.267
62 75 77.541
62 76 23.210
62 77 2.060
62 78 52.203
62 79 30.766
62 80 19.367
62 81 93.056
62 82 53.290
62 83 88.853
62 84 97.077
62 85 73.826
62 86 36.060
62 87 63.447
62 88 28.504
62 89 13.382
62 90 95.680
62 91 1.595
62 92 66.933
62 93 62.975
62 94 10.769
62 95 19.188
62 96 77.195
62 97 27.429
62 98 68.741
62 99 3.628
62 100 88.410
62 101 84.415
62 102 49.637
62 103 92.596
62 104 94.941
62 105 92.148
62 106 51.818
62 107 28.778
62 108 53.433
62 109 83.107
62 110 91.450
62 111 36.694
62 112 23.936
62 113 1.666
62 114 84.328
62 115 67.003
62 116 81.278
62 117 6.848
62 118 23.417
62 119 6.169
63 64 79.271
63 65 27.976
63 66 98.368
63 67 54.888
63 68 84.737
63 69 30.583
63 70 64.311
63 71 37.399
63 72 10.997
63 73 22.712
63 74 56.399
63 75 15.608
63 76 71.149
63 77 7.623
63 78 63.831
63 79 46.888
63 80 40.319
63 81 67.908
63 82 22.538
63 83 42.499
63 84 63.068
63 85 48.167
63 86 59.200
63 87 54.756
63 88 67.177
63 89 88.629
63 90 20.964
63 91 45.381
63 92 48.331
63 93 50.510
63 94 55.002
63 95 64.934
63 96 71.491
63 97 65.361
63 98 59.945
63 99 3.773
63 100 94.292
63 101 35.343
63 102 17.293
63 103 58.681
63 104 55.329
63 105 9.058
63 106 25.029
63 107 96.135
63 108 85.988
63 109 58.514
63 110 97.984
63 111 83.091
63 112 98.260
63 113 86.727
63 114 69.880
63 115 99.290
63 116 73.003
63 117 2.666
63 118 30.525
63 119 41.207
64 65 23.171
64 66 10.450
64 67 58.307
64 68 77.150
64 69 34.795
64 70 73.112
64 71 62.893
64 72 15.400
64 73 94.797
64 74 27.731
64 75 35.974
64 76 2.899
64 77 99.251
64 78 48.375
64 79 18.912
64 80 80.643
64 81 98.240
64 82 76.055
64 83 35.328
64 84 83.776
64 85 74.236
64 86 60.745
64 87 3.917
64 88 89.327
64 89 69.741
64 90 89.557
64 91 42.248
64 92 82.578
64 93 76.907
64 94 7.273
64 95 95.765
64 96 34.255
64 97 76.973
64 98 70.683
64 99 77.936
64 100 55.055
64 101 70.542
64 102 16.581
64 103 87.233
64 104 21.455
64 105 71.108
64 106 64.742
64 107 74.562
64 108 47.310
64 109 43.674
64 110 21.873
64 111 70.792
64 112 9.460
64 113 57.945
64 114 0.231
64 115 48.180
64 116 22.357
64 117 91.267
64 118 15.548
64 119 81.797
65 66 96.682
65 67 60.343
65 68 82.832
65 69 97.441
65 70 9.980
65 71 82.731
65 72 85.807
65 73 41.091
65 74 63.536
65 75 69.238
65 76 55.968
65 77 81.592
65 78 99.028
65 79 26.509
65 80 60.625
65 81 63.043
65 82 0.940
65 83 5.510
65 84 65.804
65 85 56.308
65 86 16.283
65 87 66.029
65 88 9.508
65 89 20.042
65 90 81.847
65 91 39.952
65 92 93.594
65 93 70.854
65 94 61.060
65 95 66.769
65 96 78.400
65 97 79.455
65 98 57.431
65 99 43.627
65 100 43.255
65 101 55.093
65 102 89.650
65 103 79.213
65 104 58.147
65 105 54.072
65 106 84.587
65 107 65.858
65 108 97.062
65 109 49.864
65 110 68.776
65 111 87.451
65 112 11.898
65 113 32.043
65 114 16.372
65 115 62.135
65 116 77.358
65 117 59.242
65 118 42.185
65 119 78.199
66 67 11.844
66 68 77.331
66 69 12.033
66 70 19.191
66 71 77.163
66 72 28.186
66 73 79.522
66 74 90.002
66 75 60.673
66 76 16.700
66 77 48.262
66 78 49.516
66 79 47.579
66 80 74.113
66 81 1.625
66 82 27.381
66 83 98.143
66 84 54.241
66 85 38.319
66 86 52.583
66 87 54.879
66 88 25.888
66 89 1.386
66 90 49.695
66 91 18.159
66 92 79.461
66 93 90.663
66 94 65.041
66 95 45.166
66 96 48.764
66 97 4.312
66 98 69.484
66 99 46.746
66 100 59.950
66 101 63.728
66 102 47.140
66 103 79.503
66 104 58.780
66 105 37.929
66 106 20.050
66 107 56.300
66 108 34.638
66 109 98.495
66 110 77.670
66 111 27.396
66 112 55.130
66 113 4.176
66 114 77.056
66 115 16.525
66 116 48.663
66 117 35.489
66 118 54.655
66 119 31.522
67 68 24.032
67 69 73.923
67 70 43.896
67 71 7.431
67 72 95.858
67 73 47.847
67 74 24.087
67 75 81.595
67 76 92.591
67 77 47.744
67 78 35.603
67 79 44.788
67 80 59.878
67 81 47.102
67 82 83.961
67 83 60.264
67 84 36.193
67 85 52.118
67 86 21.075
67 87 93.435
67 88 69.985
67 89 43.308
67 90 35.870
67 91 48.920
67 92 67.932
67 93 65.154
67 94 8.360
67 95 68.817
67 96 12.499
67 97 66.170
67 98 81.433
67 99 6.319
67 100 63.591
67 101 91.019
67 102 82.788
67 103 52.161
67 104 63.936
67 105 78.802
67 106 85.816
67 107 57.903
67 108 0.692
67 109 27.190
67 110 32.704
67 111 69.667
67 112 36.850
67 113 40.754
67 114 55.620
67 115 58.712
67 116 15.130
67 117 93.674
67 118 22.574
67 119 11.109
68 69 54.386
68 70 1.957
68 71 3.391
68 72 17.772
68 73 3.906
68 74 18.336
68 75 98.215
68 76 88.240
68 77 94.574
68 78 34.231
68 79 96.026
68 80 96.858
68 81 27.477
68 82 97.483
68 83 33.940
68 84 58.382
68 85 70.362
68 86 31.971
68 87 9.333
68 88 21.523
68 89 90.234
68 90 75.834
68 91 56.362
68 92 63.610
68 93 36.423
68 94 38.685
68 95 36.024
68 96 67.267
68 97 2.634
68 98 15.023
68 99 4.627
68 100 60.897
68 101 38.732
68 102 81.003
68 103 19.386
68 104 8.768
68 105 53.483
68 106 44.774
68 107 11.849
68 108 43.629
68 109 47.944
68 110 16.800
68 111 9.919
68 112 45.025
68 113 45.910
68 114 15.887
68 115 17.511
68 116 79.872
68 117 42.580
68 118 29.083
68 119 67.183
69 70 38.346
69 71 75.521
69 72 99.184
69 73 45.584
69 74 17.786
69 75 33.044
69 76 22.273
69 77 54.144
69 78 30.036
69 79 54.275
69 80 99.537
69 81 8.156
69 82 33.570
69 83 42.474
69 84 2.528
69 85 96.262
69 86 20.699
69 87 8.577
69 88 79.145
69 89 19.302
69 90 22.340
69 91 85.460
69 92 48.745
69 93 2.602
69 94 28.033
69 95 5.111
69 96 9.173
69 97 28.998
69 98 57.314
69 99 10.627
69 100 5.882
69 101 71.229
69 102 60.013
69 103 82.936
69 104 93.919
69 105 11.816
69 106 67.715
69 107 98.111
69 108 57.243
69 109 26.147
69 110 66.350
69 111 95.347
69 112 36.625
69 113 70.177
69 114 10.763
69 115 27.941
69 116 57.364
69 117 58.058
69 118 56.123
69 119 90.025
70 71 41.094
70 72 36.925
70 73 38.160
70 74 60.339
70 75 32.142
70 76 66.201
70 77 94.463
70 78 80.993
70 79 68.245
70 80 86.999
70 81 82.457
70 82 93.952
70 83 77.842
70 84 23.533
70 85 16.192
70 86 90.885
70 87 91.740
70 88 92.944
70 89 13.680
70 90 93.047
70 91 15.640
70 92 12.524
70 93 19.297
70 94 67.055
70 95 21.834
70 96 84.054
70 97 41.628
70 98 99.656
70 99 83.312
70 100 3.829
70 101 26.143
70 102 0.035
70 103 91.586
70 104 93.890
70 105 64.220
70 106 71.723
70 107 70.748
70 108 75.106
70 109 25.296
70 110 97.851
70 111 24.568
70 112 5.958
70 113 87.275
70 114 13.232
70 115 30.897
70 116 92.235
70 117 31.868
70 118 94.732
70 119 28.212
71 72 32.298
71 73 66.134
71 74 87.359
71 75 22.802
71 76 0.219
71 77 29.260
71 78 97.707
71 79 81.948
71 80 84.752
71 81 44.502
71 82 28.652
71 83 68.365
71 84 96.018
71 85 80.196
71 86 99.617
71 87 14.251
71 88 23.687
71 89 90.900
71 90 95.254
71 91 29.477
71 92 80.596
71 93 19.949
71 94 12.054
71 95 87.765
71 96 93.926
71 97 58.128
71 98 27.186
71 99 37.156
71 100 12.429
71 101 69.629
71 102 96.749
71 103 36.616
71 104 82.658
71 105 16.114
71 106 1.712
71 107 29.334
71 108 9.758
71 109 32.449
71 110 98.907
71 111 25.081
71 112 59.094
71 113 33.558
71 114 1.789
71 115 78.932
71 116 73.842
71 117 60.840
71 118 11.035
71 119 21.733
72 73 80.636
72 74 8.744
72 75 38.632
72 76 18.868
72 77 30.476
72 78 7.310
72 79 20.739
72 80 8.219
72 81 75.309
72 82 74.921
72 83 94.393
72 84 95.633
72 85 12.045
72 86 96.946
72 87 21.049
72 88 66.796
72 89 35.255
72 90 30.648
72 91 75.987
72 92 8.080
72 93 27.378
72 94 84.441
72 95 86.746
72 96 15.779
72 97 81.012
72 98 70.474
72 99 96.071
72 100 13.060
72 101 91.664
72 102 83.535
72 103 45.240
72 104 87.036
72 105 81.381
72 106 16.367
72 107 22.189
72 108 4.561
72 109 13.698
72 110 81.775
72 111 95.498
72 112 64.664
72 113 38.627
72 114 75.268
72 115 60.109
72 116 97.965
72 117 62.728
72 118 78.465
72 119 53.534
73 74 29.004
73 75 73.777
73 76 73.167
73 77 62.355
73 78 76.093
73 79 62.157
73 80 8.707
73 81 27.990
73 82 75.117
73 83 71.799
73 84 41.087
73 85 77.959
73 86 78.657
73 87 82.377
73 88 41.429
73 89 54.318
73 90 99.873
73 91 71.405
73 92 53.367
73 93 84.451
73 94 41.767
73 95 29.995
73 96 64.280
73 97 41.072
73 98 76.787
73 99 9.264
73 100 43.646
73 101 68.084
73 102 19.134
73 103 55.712
73 104 93.285
73 105 6.831
73 106 62.751
73 107 53.373
73 108 48.915
73 109 43.338
73 110 41.612
73 111 28.138
73 112 70.156
73 113 11.278
73 114 5.794
73 115 85.368
73 116 57.056
73 117 27.694
73 118 96.714
73 119 45.781
74 75 35.147
74 76 8.927
74 77 48.014
74 78 16.524
74 79 58.237
74 80 12.704
74 81 34.744
74 82 84.506
74 83 88.338
74 84 79.042
74 85 42.824
74 86 47.224
74 87 25.559
74 88 97.375
74 89 33.195
74 90 2.707
74 91 77.249
74 92 10.240
74 93 30.652
74 94 4.657
74 95 75.356
74 96 74.880
74 97 76.031
74 98 51.464
74 99 73.666
74 100 43.307
74 101 42.232
74 102 18.505
74 103 82.521
74 104 88.606
74 105 29.526
74 106 61.961
74 107 27.571
74 108 0.738
74 109 23.633
74 110 19.398
74 111 51.268
74 112 98.563
74 113 21.268
74 114 7.410
74 115 11.074
74 116 56.521
74 117 2.161
74 118 69.885
74 119 66.699
75 76 24.166
75 77 53.993
75 78 61.770
75 79 90.227
75 80 24.667
75 81 37.278
75 82 62.708
75 83 77.589
75 84 54.409
75 85 10.875
75 86 2.506
75 87 87.617
75 88 70.027
75 89 25.677
75 90 46.118
75 91 85.765
75 92 41.436
75 93 33.920
75 94 29.668
75 95 23.627
75 96 69.882
75 97 54.656
75 98 61.030
75 99 42.467
75 100 18.537
75 101 82.104
75 102 98.550
75 103 49.259
75 104 79.843
75 105 22.925
75 106 99.752
75 107 77.103
75 108 8.583
75 109 0.889
75 110 88.189
75 111 8.398
75 112 82.573
75 113 72.996
75 114 21.079
75 115 8.757
75 116 13.906
75 117 59.768
75 118 52.987
75 119 92.430
76 77 22.832
76 78 4.290
76 79 81.496
76 80 15.870
76 81 3.648
76 82 39.472
76 83 29.697
76 84 75.073
76 85 57.384
76 86 61.107
76 87 67.273
76 88 64.465
76 89 39.596
76 90 75.480
76 91 97.063
76 92 40.347
76 93 73.260
76 94 14.587
76 95 37.212
76 96 20.317
76 97 6.510
76 98 89.481
76 99 10.361
76 100 41.543
76 101 52.912
76 102 82.824
76 103 10.801
76 104 95.454
76 105 37.971
76 106 65.412
76 107 58.116
76 108 54.102
76 109 89.751
76 110 58.252
76 111 61.561
76 112 4.383
76 113 53.751
76 114 51.732
76 115 13.265
76 116 10.281
76 117 82.610
76 118 36.459
76 119 0.334
77 78 30.423
77 79 49.736
77 80 96.562
77 81 76.012
77 82 28.511
77 83 62.626
77 84 65.560
77 85 58.284
77 86 27.551
77 87 6.406
77 88 47.327
77 89 30.667
77 90 75.322
77 91 31.070
77 92 60.276
77 93 4.381
77 94 8.139
77 95 6.888
77 96 71.552
77 97 63.716
77 98 22.737
77 99 11.637
77 100 49.855
77 101 57.123
77 102 91.971
77 103 80.608
77 104 80.448
77 105 15.391
77 106 89.020
77 107 45.705
77 108 53.978
77 109 75.275
77 110 16.947
77 111 13.548
77 112 61.923
77 113 62.011
77 114 75.673
77 115 84.092
77 116 5.793
77 117 37.381
77 118 36.845
77 119 91.121
78 79 54.669
78 80 51.359
78 81 38.562
78 82 53.813
78 83 66.209
78 84 44.812
78 85 56.542
78 86 64.694
78 87 19.957
78 88 38.351
78 89 56.087
78 90 3.365
78 91 98.604
78 92 8.131
78 93 80.084
78 94 57.760
78 95 92.785
78 96 93.274
78 97 82.249
78 98 55.039
78 99 98.073
78 100 1.520
78 101 71.998
78 102 52.780
78 103 19.016
78 104 79.856
78 105 97.544
78 106 17.801
78 107 94.370
78 108 95.055
78 109 57.225
78 110 24.712
78 111 10.153
78 112 25.430
78 113 95.546
78 114 39.223
78 115 72.670
78 116 99.575
78 117 10.079
78 118 12.244
78 119 72.386
79 80 30.454
79 81 68.083
79 82 0.014
79 83 81.313
79 84 83.930
79 85 7.615
79 86 42.737
79 87 91.551
79 88 89.673
79 89 76.894
79 90 79.641
79 91 20.644
79 92 49.356
79 93 47.799
79 94 51.909
79 95 80.649
79 96 22.154
79 97 24.660
79 98 46.571
79 99 32.109
79 100 70.756
79 101 57.864
79 102 64.263
79 103 21.554
79 104 32.498
79 105 63.291
79 106 51.639
79 107 31.747
79 108 39.641
79 109 43.259
79 110 25.276
79 111 57.563
79 112 50.463
79 113 2.370
79 114 28.067
79 115 57.204
79 116 68.515
79 117 52.559
79 118 1.376
79 119 18.420
80 81 21.286
80 82 5.637
80 83 26.648
80 84 22.426
80 85 41.441
80 86 58.746
80 87 88.704
80 88 84.458
80 89 43.950
80 90 88.412
80 91 39.595
80 92 99.160
80 93 20.585
80 94 82.244
80 95 96.695
80 96 21.498
80 97 79.684
80 98 53.840
80 99 91.602
80 100 69.413
80 101 43.479
80 102 6.095
80 103 97.481
80 104 43.151
80 105 77.940
80 106 30.845
80 107 1.599
80 108 18.003
80 109 70.782
80 110 58.672
80 111 57.139
80 112 82.150
80 113 92.126
80 114 1.700
80 115 43.740
80 116 59.342
80 117 69.304
80 118 64.321
80 119 89.791
81 82 77.375
81 83 82.358
81 84 32.086
81 85 61.127
81 86 17.599
81 87 40.049
81 88 87.314
81 89 0.587
81 90 8.185
81 91 27.492
81 92 41.542
81 93 10.796
81 94 4.376
81 95 26.054
81 96 19.514
81 97 8.565
81 98 32.722
81 99 93.707
81 100 77.191
81 101 43.467
81 102 63.038
81 103 59.784
81 104 87.137
81 105 65.427
81 106 11.812
81 107 31.906
81 108 78.631
81 109 46.587
81 110 73.848
81 111 34.849
81 112 76.999
81 113 11.225
81 114 25.105
81 115 1.190
81 116 46.894
81 117 4.176
81 118 39.031
81 119 11.810
82 83 7.650
82 84 32.993
82 85 11.109
82 86 40.684
82 87 55.341
82 88 51.986
82 89 91.924
82 90 92.836
82 91 95.767
82 92 17.320
82 93 87.733
82 94 36.972
82 95 65.411
82 96 31.502
82 97 99.336
82 98 24.984
82 99 93.215
82 100 12.898
82 101 35.006
82 102 59.410
82 103 35.091
82 104 71.287
82 105 51.277
82 106 16.863
82 107 95.161
82 108 44.050
82 109 46.599
82 110 60.582
82 111 33.013
82 112 49.195
82 113 57.183
82 114 78.447
82 115 44.618
82 116 41.254
82 117 81.785
82 118 64.164
82 119 96.057
83 84 13.963
83 85 92.777
83 86 18.804
83 87 83.839
83 88 79.685
83 89 74.494
83 90 87.459
83 91 93.363
83 92 69.704
83 93 66.724
83 94 61.512
83 95 27.915
83 96 41.783
83 97 81.092
83 98 70.879
83 99 84.634
83 100 51.809
83 101 1.196
83 102 62.516
83 103 60.999
83 104 44.869
83 105 73.523
83 106 11.628
83 107 85.619
83 108 47.775
83 109 45.502
83 110 40.201
83 111 80.532
83 112 99.819
83 113 9.469
83 114 23.853
83 115 78.676
83 116 41.482
83 117 66.931
83 118 52.445
83 119 39.861
84 85 91.818
84 86 36.147
84 87 72.535
84 88 31.299
84 89 84.428
84 90 87.923
84 91 80.414
84 92 64.645
84 93 99.202
84 94 9.403
84 95 53.385
84 96 10.496
84 97 22.431
84 98 63.742
84 99 3.866
84 100 43.432
84 101 91.410
84 102 34.734
84 103 16.003
84 104 5.920
84 105 31.334
84 106 19.758
84 107 77.738
84 108 17.812
84 109 72.059
84 110 61.881
84 111 52.569
84 112 99.633
84 113 40.208
84 114 92.505
84 115 44.764
84 116 22.518
84 117 58.159
84 118 89.631
84 119 99.342
85 86 45.395
85 87 45.578
85 88 43.647
85 89 43.907
85 90 50.880
85 91 11.480
85 92 62.474
85 93 23.213
85 94 45.381
85 95 45.187
85 96 40.980
85 97 99.362
85 98 46.015
85 99 63.091
85 100 65.750
85 101 90.596
85 102 37.196
85 103 44.812
85 104 25.634
85 105 99.893
85 106 43.150
85 107 97.083
85 108 50.927
85 109 40.909
85 110 29.094
85 111 16.653
85 112 9.594
85 113 3.282
85 114 13.459
85 115 84.497
85 116 47.662
85 117 11.925
85 118 46.288
85 119 12.800
86 87 72.700
86 88 25.638
86 89 84.816
86 90 83.466
86 91 44.266
86 92 89.238
86 93 76.242
86 94 62.303
86 95 53.245
86 96 0.351
86 97 39.845
86 98 46.589
86 99 43.224
86 100 77.137
86 101 25.826
86 102 5.358
86 103 51.330
86 104 16.433
86 105 16.664
86 106 1.557
86 107 23.423
86 108 13.122
86 109 28.246
86 110 43.120
86 111 89.111
86 112 71.045
86 113 62.709
86 114 96.038
86 115 65.701
86 116 73.356
86 117 62.614
86 118 6.672
86 119 97.076
87 88 95.932
87 89 17.035
87 90 22.846
87 91 23.380
87 92 41.306
87 93 74.070
87 94 73.645
87 95 20.489
87 96 42.577
87 97 21.476
87 98 66.405
87 99 44.419
87 100 36.828
87 101 7.334
87 102 86.024
87 103 65.156
87 104 35.806
87 105 86.062
87 106 36.517
87 107 76.818
87 108 27.992
87 109 91.581
87 110 47.642
87 111 26.636
87 112 30.624
87 113 59.077
87 114 80.467
87 115 13.928
87 116 72.872
87 117 39.539
87 118 4.892
87 119 72.053
88 89 32.047
88 90 77.161
88 91 89.461
88 92 61.292
88 93 63.608
88 94 48.678
88 95 39.151
88 96 68.634
88 97 62.692
88 98 95.827
88 99 40.427
88 100 31.677
88 101 69.970
88 102 17.413
88 103 24.456
88 104 78.134
88 105 87.896
88 106 25.801
88 107 39.188
88 108 99.915
88 109 4.717
88 110 14.180
88 111 28.928
88 112 61.267
88 113 33.123
88 114 25.570
88 115 56.021
88 116 74.213
88 117 57.996
88 118 62.295
88 119 63.477
89 90 61.293
89 91 53.430
89 92 25.524
89 93 69.624
89 94 65.563
89 95 73.067
89 96 28.485
89 97 6.282
89 98 60.914
89 99 39.750
89 100 84.092
89 101 60.505
89 102 61.891
89 103 60.591
89 104 27.969
89 105 56.585
89 106 31.593
89 107 71.775
89 108 1.248
89 109 19.800
89 110 38.593
89 111 73.785
89 112 83.996
89 113 96.298
89 114 19.461
89 115 52.179
89 116 39.797
89 117 64.549
89 118 62.095
89 119 91.670
90 91 4.719
90 92 62.946
90 93 36.940
90 94 81.970
90 95 29.817
90 96 75.435
90 97 68.073
90 98 82.709
90 99 65.304
90 100 62.456
90 101 54.224
90 102 61.722
90 103 56.650
90 104 98.007
90 105 20.983
90 106 46.079
90 107 8.152
90 108 75.320
90 109 9.764
90 110 28.462
90 111 57.837
90 112 73.403
90 113 86.534
90 114 52.857
90 115 99.145
90 116 34.631
90 117 83.889
90 118 62.968
90 119 79.385
91 92 89.584
91 93 73.745
91 94 34.382
91 95 2.783
91 96 79.517
91 97 4.716
91 98 27.251
91 99 66.758
91 100 69.099
91 101 28.234
91 102 90.047
91 103 64.122
91 104 12.494
91 105 80.471
91 106 16.991
91 107 90.978
91 108 34.394
91 109 83.371
91 110 11.804
91 111 10.390
91 112 14.237
91 113 77.384
91 114 38.671
91 115 35.235
91 116 16.685
91 117 0.940
91 118 47.643
91 119 10.186
92 93 94.300
92 94 87.281
92 95 46.206
92 96 92.387
92 97 99.405
92 98 57.946
92 99 51.297
92 100 53.132
92 101 81.299
92 102 54.021
92 103 96.808
92 104 48.749
92 105 12.240
92 106 61.220
92 107 90.457
92 108 37.891
92 109 81.061
92 110 52.918
92 111 10.859
92 112 54.556
92 113 16.781
92 114 96.446
92 115 10.757
92 116 81.429
92 117 56.271
92 118 42.290
92 119 45.568
93 94 6.495
93 95 49.788
93 96 43.259
93 97 77.780
93 98 87.408
93 99 6.119
93 100 31.269
93 101 17.160
93 102 92.689
93 103 15.105
93 104 13.063
93 105 44.382
93 106 36.617
93 107 49.477
93 108 33.026
93 109 31.378
93 110 75.537
93 111 40.222
93 112 91.185
93 113 15.560
93 114 87.310
93 115 40.104
93 116 97.532
93 117 7.055
93 118 12.782
93 119 38.505
94 95 90.039
94 96 8.167
94 97 98.362
94 98 67.408
94 99 43.015
94 100 2.526
94 101 42.223
94 102 43.122
94 103 44.910
94 104 27.715
94 105 13.117
94 106 21.281
94 107 30.243
94 108 79.643
94 109 80.427
94 110 3.658
94 111 9.016
94 112 9.540
94 113 66.836
94 114 24.511
94 115 48.779
94 116 65.155
94 117 10.874
94 118 61.458
94 119 29.489
95 96 96.596
95 97 5.612
95 98 61.296
95 99 9.334
95 100 94.230
95 101 61.880
95 102 44.694
95 103 10.902
95 104 51.140
95 105 29.669
95 106 55.378
95 107 61.390
95 108 45.876
95 109 99.732
95 110 49.187
95 111 97.997
95 112 22.579
95 113 98.917
95 114 76.302
95 115 80.192
95 116 5.024
95 117 87.391
95 118 95.986
95 119 34.253
96 97 18.736
96 98 63.659
96 99 77.322
96 100 92.292
96 101 11.046
96 102 84.177
96 103 81.735
96 104 77.917
96 105 52.808
96 106 8.344
96 107 93.480
96 108 33.745
96 109 77.470
96 110 86.808
96 111 62.830
96 112 82.172
96 113 63.283
96 114 21.250
96 115 53.344
96 116 60.138
96 117 92.663
96 118 37.207
96 119 39.383
97 98 71.044
97 99 29.070
97 100 27.999
97 101 82.957
97 102 52.555
97 103 36.230
97 104 47.438
97 105 30.021
97 106 67.721
97 107 27.125
97 108 51.774
97 109 5.488
97 110 88.647
97 111 70.922
97 112 17.188
97 113 53.524
97 114 56.906
97 115 4.819
97 116 88.160
97 117 65.104
97 118 72.933
97 119 94.795
98 99 44.175
98 100 58.315
98 101 87.849
98 102 64.332
98 103 7.462
98 104 28.592
98 105 45.473
98 106 63.398
98 107 52.864
98 108 65.831
98 109 49.704
98 110 81.330
98 111 22.422
98 112 43.230
98 113 13.066
98 114 16.749
98 115 91.900
98 116 18.779
98 117 75.841
98 118 5.184
98 119 84.215
99 100 54.429
99 101 72.091
99 102 70.874
99 103 75.636
99 104 50.298
99 105 58.763
99 106 13.009
99 107 94.601
99 108 11.668
99 109 17.161
99 110 58.663
99 111 70.142
99 112 15.040
99 113 82.269
99 114 14.786
99 115 47.150
99 116 16.228
99 117 54.699
99 118 29.813
99 119 49.107
100 101 48.187
100 102 2.495
100 103 31.824
100 104 35.406
100 105 89.247
100 106 65.604
100 107 44.635
100 108 69.999
100 109 43.419
100 110 34.479
100 111 95.837
100 112 90.899
100 113 63.605
100 114 86.133
100 115 21.466
100 116 45.892
100 117 65.851
100 118 25.891
100 119 40.896
101 102 38.880
101 103 28.162
101 104 1.137
101 105 22.474
101 106 13.339
101 107 40.952
101 108 24.572
101 109 85.528
101 110 84.686
101 111 77.863
101 112 68.804
101 113 87.618
101 114 21.693
101 115 85.460
101 116 71.513
101 117 27.218
101 118 68.606
101 119 48.223
102 103 21.042
102 104 51.514
102 105 94.252
102 106 71.313
102 107 75.920
102 108 96.588
102 109 52.161
102 110 37.704
102 111 8.642
102 112 2.987
102 113 36.637
102 114 38.610
102 115 54.011
102 116 43.517
102 117 23.671
102 118 46.510
102 119 85.358
103 104 72.078
103 105 92.774
103 106 98.616
103 107 38.180
103 108 52.463
103 109 36.005
103 110 85.310
103 111 50.062
103 112 54.249
103 113 73.888
103 114 92.827
103 115 88.157
103 116 9.260
103 117 14.407
103 118 32.401
103 119 91.091
104 105 6.581
104 106 10.882
104 107 99.114
104 108 60.838
104 109 66.647
104 110 97.293
104 111 42.834
104 112 1.944
104 113 75.710
104 114 5.514
104 115 0.956
104 116 20.385
104 117 80.800
104 118 97.890
104 119 38.009
105 106 62.460
105 107 42.272
105 108 80.741
105 109 60.786
105 110 95.264
105 111 16.140
105 112 99.635
105 113 29.270
105 114 4.627
105 115 91.624
105 116 55.629
105 117 63.450
105 118 13.856
105 119 40.659
106 107 23.204
106 108 53.994
106 109 7.148
106 110 45.613
106 111 95.231
106 112 20.817
106 113 75.274
106 114 59.059
106 115 28.071
106 116 27.715
106 117 87.922
106 118 15.141
106 119 10.795
107 108 53.537
107 109 37.035
107 110 55.952
107 111 36.481
107 112 40.774
107 113 88.567
107 114 58.309
107 115 10.730
107 116 90.968
107 117 26.223
107 118 46.383
107 119 92.738
108 109 53.028
108 110 70.134
108 111 53.901
108 112 27.687
108 113 55.292
108 114 5.785
108 115 55.960
108 116 95.689
108 117 65.126
108 118 64.147
108 119 24.966
109 110 72.167
109 111 20.833
109 112 52.602
109 113 77.837
109 114 67.299
109 115 69.869
109 116 48.111
109 117 72.274
109 118 88.035
109 119 64.586
110 111 28.973
110 112 78.830
110 113 45.204
110 114 12.174
110 115 39.633
110 116 2.401
110 117 10.340
110 118 48.990
110 119 54.154
111 112 51.921
111 113 12.141
111 114 11.142
111 115 28.294
111 116 60.227
111 117 50.820
111 118 2.936
111 119 7.594
112 113 37.427
112 114 0.134
112 115 22.772
112 116 89.403
112 117 0.583
112 118 61.497
112 119 92.047
113 114 20.506
113 115 60.083
113 116 32.337
113 117 46.813
113 118 48.797
113 119 58.846
114 115 51.739
114 116 94.237
114 117 37.414
114 118 54.323
114 119 90.417
115 116 6.277
115 117 92.797
115 118 5.222
115 119 59.187
116 117 21.565
116 118 54.320
116 119 75.017
117 118 20.373
117 119 53.135
118 119 42.491
