60 6 ss 10 10 10 10 10 10 10 10 10 10 10 10 
0 1 38.927
0 2 76.212
0 3 63.339
0 4 65.697
0 5 47.923
0 6 18.768
0 7 33.378
0 8 94.050
0 9 58.733
0 10 5.270
0 11 58.761
0 12 6.068
0 13 50.509
0 14 44.986
0 15 73.352
0 16 2.023
0 17 27.447
0 18 44.011
0 19 9.906
0 20 20.470
0 21 71.033
0 22 50.720
0 23 88.371
0 24 64.275
0 25 81.651
0 26 64.291
0 27 4.060
0 28 3.619
0 29 45.255
0 30 37.243
0 31 59.259
0 32 37.342
0 33 89.811
0 34 98.331
0 35 49.903
0 36 90.985
0 37 28.318
0 38 45.682
0 39 40.118
0 40 4.962
0 41 20.525
0 42 11.713
0 43 31.785
0 44 19.552
0 45 23.764
0 46 81.149
0 47 63.667
0 48 94.697
0 49 44.905
0 50 51.395
0 51 55.277
0 52 12.124
0 53 50.001
0 54 60.509
0 55 44.284
0 56 94.857
0 57 35.984
0 58 72.239
0 59 53.126
1 2 44.933
1 3 19.631
1 4 99.805
1 5 60.407
1 6 43.986
1 7 53.046
1 8 70.584
1 9 45.750
1 10 83.318
1 11 32.000
1 12 82.345
1 13 22.923
1 14 90.184
1 15 23.761
1 16 78.360
1 17 75.435
1 18 95.251
1 19 4.392
1 20 73.491
1 21 61.187
1 22 42.516
1 23 62.024
1 24 96.288
1 25 58.348
1 26 77.456
1 27 92.232
1 28 73.130
1 29 83.328
1 30 61.788
1 31 84.378
1 32 69.645
1 33 23.522
1 34 53.905
1 35 73.706
1 36 21.878
1 37 92.448
1 38 62.953
1 39 12.922
1 40 35.146
1 41 32.956
1 42 31.443
1 43 99.179
1 44 2.003
1 45 65.399
1 46 26.405
1 47 77.589
1 48 92.428
1 49 1.957
1 50 22.323
1 51 30.806
1 52 99.114
1 53 25.738
1 54 40.429
1 55 55.688
1 56 78.675
1 57 63.880
1 58 68.395
1 59 22.723
2 3 15.592
2 4 67.527
2 5 22.086
2 6 11.594
2 7 49.885
2 8 48.397
2 9 26.736
2 10 17.214
2 11 51.819
2 12 11.605
2 13 88.773
2 14 24.486
2 15 97.297
2 16 67.433
2 17 1.474
2 18 57.241
2 19 96.194
2 20 0.984
2 21 77.752
2 22 17.015
2 23 52.502
2 24 27.924
2 25 31.576
2 26 40.725
2 27 89.958
2 28 66.996
2 29 35.891
2 30 22.802
2 31 59.743
2 32 15.524
2 33 69.365
2 34 66.974
2 35 57.852
2 36 22.844
2 37 26.896
2 38 55.641
2 39 18.928
2 40 18.401
2 41 9.530
2 42 50.651
2 43 20.610
2 44 66.187
2 45 28.291
2 46 68.322
2 47 27.863
2 48 85.279
2 49 53.396
2 50 3.655
2 51 30.314
2 52 97.410
2 53 15.422
2 54 13.937
2 55 77.230
2 56 36.841
2 57 18.223
2 58 10.336
2 59 94.623
3 4 85.212
3 5 54.737
3 6 47.577
3 7 76.818
3 8 74.662
3 9 26.291
3 10 46.403
3 11 80.888
3 12 36.155
3 13 53.623
3 14 31.315
3 15 16.526
3 16 56.790
3 17 33.547
3 18 16.935
3 19 16.171
3 20 49.817
3 21 39.051
3 22 30.343
3 23 90.659
3 24 34.124
3 25 82.572
3 26 13.885
3 27 24.187
3 28 66.184
3 29 62.307
3 30 13.180
3 31 39.017
3 32 66.735
3 33 89.634
3 34 18.455
3 35 65.182
3 36 36.930
3 37 52.060
3 38 93.821
3 39 83.310
3 40 64.259
3 41 0.598
3 42 98.747
3 43 69.760
3 44 77.214
3 45 63.055
3 46 78.732
3 47 62.406
3 48 19.516
3 49 75.458
3 50 78.069
3 51 82.679
3 52 79.645
3 53 92.671
3 54 6.572
3 55 94.926
3 56 29.481
3 57 86.245
3 58 74.299
3 59 57.626
4 5 97.057
4 6 62.627
4 7 93.537
4 8 22.710
4 9 22.760
4 10 38.093
4 11 35.686
4 12 68.995
4 13 25.718
4 14 88.098
4 15 22.219
4 16 13.654
4 17 37.711
4 18 48.223
4 19 23.481
4 20 31.679
4 21 45.634
4 22 81.500
4 23 36.865
4 24 27.460
4 25 20.331
4 26 42.598
4 27 16.797
4 28 44.886
4 29 99.581
4 30 63.223
4 31 32.925
4 32 72.778
4 33 36.088
4 34 55.041
4 35 40.079
4 36 1.004
4 37 17.496
4 38 76.557
4 39 53.794
4 40 9.294
4 41 14.792
4 42 38.552
4 43 38.579
4 44 25.531
4 45 17.880
4 46 29.102
4 47 32.619
4 48 73.252
4 49 72.688
4 50 23.609
4 51 52.223
4 52 39.071
4 53 42.857
4 54 7.907
4 55 42.077
4 56 29.938
4 57 80.883
4 58 83.221
4 59 63.268
5 6 57.430
5 7 8.511
5 8 40.610
5 9 40.004
5 10 81.637
5 11 74.261
5 12 89.477
5 13 18.133
5 14 70.820
5 15 77.157
5 16 99.854
5 17 23.775
5 18 84.583
5 19 20.022
5 20 71.379
5 21 48.795
5 22 68.180
5 23 83.188
5 24 73.224
5 25 31.318
5 26 53.412
5 27 89.987
5 28 8.719
5 29 44.146
5 30 97.645
5 31 69.124
5 32 45.999
5 33 51.658
5 34 56.641
5 35 5.811
5 36 21.753
5 37 46.693
5 38 79.157
5 39 13.519
5 40 68.951
5 41 32.874
5 42 31.683
5 43 51.240
5 44 41.458
5 45 75.001
5 46 10.260
5 47 57.361
5 48 8.489
5 49 0.370
5 50 72.910
5 51 70.562
5 52 70.120
5 53 97.262
5 54 31.072
5 55 60.599
5 56 1.392
5 57 23.348
5 58 71.289
5 59 97.378
6 7 67.030
6 8 6.388
6 9 39.460
6 10 45.450
6 11 61.402
6 12 92.360
6 13 9.108
6 14 82.845
6 15 19.045
6 16 72.008
6 17 72.434
6 18 8.116
6 19 9.952
6 20 95.852
6 21 38.287
6 22 17.536
6 23 80.788
6 24 69.770
6 25 94.771
6 26 5.562
6 27 28.275
6 28 8.575
6 29 95.819
6 30 66.037
6 31 94.248
6 32 13.338
6 33 60.890
6 34 48.980
6 35 53.186
6 36 29.758
6 37 34.833
6 38 58.448
6 39 22.546
6 40 39.463
6 41 40.991
6 42 60.597
6 43 63.773
6 44 33.929
6 45 74.810
6 46 7.904
6 47 57.629
6 48 21.532
6 49 27.467
6 50 75.457
6 51 31.290
6 52 22.293
6 53 99.456
6 54 48.276
6 55 86.669
6 56 11.984
6 57 62.622
6 58 94.823
6 59 29.496
7 8 87.524
7 9 55.756
7 10 11.183
7 11 26.917
7 12 38.970
7 13 53.692
7 14 22.830
7 15 27.724
7 16 29.902
7 17 32.721
7 18 86.455
7 19 63.795
7 20 7.668
7 21 66.194
7 22 43.046
7 23 13.929
7 24 87.647
7 25 23.342
7 26 35.193
7 27 51.972
7 28 81.629
7 29 11.617
7 30 16.566
7 31 19.990
7 32 69.372
7 33 98.277
7 34 49.558
7 35 64.208
7 36 44.547
7 37 70.474
7 38 8.286
7 39 46.533
7 40 1.526
7 41 44.763
7 42 78.447
7 43 97.719
7 44 67.851
7 45 16.722
7 46 73.003
7 47 9.535
7 48 28.725
7 49 49.305
7 50 63.172
7 51 72.838
7 52 34.497
7 53 34.574
7 54 57.970
7 55 55.975
7 56 29.859
7 57 27.614
7 58 52.299
7 59 83.728
8 9 94.365
8 10 43.716
8 11 3.556
8 12 20.806
8 13 37.873
8 14 30.351
8 15 89.792
8 16 85.918
8 17 51.644
8 18 73.943
8 19 48.646
8 20 22.499
8 21 76.099
8 22 78.166
8 23 95.584
8 24 30.433
8 25 9.587
8 26 55.229
8 27 72.429
8 28 19.440
8 29 49.044
8 30 4.551
8 31 82.732
8 32 79.268
8 33 23.048
8 34 14.252
8 35 29.205
8 36 74.436
8 37 50.514
8 38 10.040
8 39 80.292
8 40 61.991
8 41 34.173
8 42 93.385
8 43 57.856
8 44 99.597
8 45 76.970
8 46 56.244
8 47 56.049
8 48 58.226
8 49 91.642
8 50 33.169
8 51 72.625
8 52 78.861
8 53 59.006
8 54 53.266
8 55 58.251
8 56 15.784
8 57 78.851
8 58 84.282
8 59 66.841
9 10 90.431
9 11 48.838
9 12 18.982
9 13 20.482
9 14 39.218
9 15 1.437
9 16 40.027
9 17 86.225
9 18 76.381
9 19 26.698
9 20 13.733
9 21 98.820
9 22 8.555
9 23 9.508
9 24 5.347
9 25 53.431
9 26 31.706
9 27 14.015
9 28 78.921
9 29 35.411
9 30 12.972
9 31 55.004
9 32 43.380
9 33 50.442
9 34 10.074
9 35 6.289
9 36 33.034
9 37 67.611
9 38 9.194
9 39 9.548
9 40 65.589
9 41 90.491
9 42 68.549
9 43 63.530
9 44 3.616
9 45 26.827
9 46 39.364
9 47 93.204
9 48 56.450
9 49 36.114
9 50 98.557
9 51 21.169
9 52 98.695
9 53 96.209
9 54 68.159
9 55 89.512
9 56 48.746
9 57 45.004
9 58 15.343
9 59 9.324
10 11 46.190
10 12 21.318
10 13 23.916
10 14 47.200
10 15 90.463
10 16 50.288
10 17 3.208
10 18 93.306
10 19 54.801
10 20 92.925
10 21 53.537
10 22 93.969
10 23 69.311
10 24 6.880
10 25 38.765
10 26 73.271
10 27 74.911
10 28 46.076
10 29 25.926
10 30 12.725
10 31 85.883
10 32 60.538
10 33 39.514
10 34 5.893
10 35 63.007
10 36 44.556
10 37 43.748
10 38 55.668
10 39 91.464
10 40 21.282
10 41 9.960
10 42 35.957
10 43 78.143
10 44 44.912
10 45 48.243
10 46 96.617
10 47 31.524
10 48 47.798
10 49 82.576
10 50 50.765
10 51 63.947
10 52 59.155
10 53 26.891
10 54 46.958
10 55 60.880
10 56 74.474
10 57 75.857
10 58 95.230
10 59 94.705
11 12 60.293
11 13 58.677
11 14 85.622
11 15 21.569
11 16 37.716
11 17 16.737
11 18 10.578
11 19 89.024
11 20 99.832
11 21 56.724
11 22 78.469
11 23 99.437
11 24 83.174
11 25 99.630
11 26 84.511
11 27 19.600
11 28 31.390
11 29 93.062
11 30 87.465
11 31 0.460
11 32 60.520
11 33 79.366
11 34 25.758
11 35 72.597
11 36 59.556
11 37 15.295
11 38 95.067
11 39 12.813
11 40 37.431
11 41 20.289
11 42 0.876
11 43 35.157
11 44 58.144
11 45 89.942
11 46 94.175
11 47 45.699
11 48 89.398
11 49 48.772
11 50 96.210
11 51 14.560
11 52 26.979
11 53 32.201
11 54 19.068
11 55 60.969
11 56 47.016
11 57 81.427
11 58 92.898
11 59 17.545
12 13 81.348
12 14 6.915
12 15 17.693
12 16 38.522
12 17 7.396
12 18 26.266
12 19 67.799
12 20 43.306
12 21 93.276
12 22 10.500
12 23 90.719
12 24 41.530
12 25 41.324
12 26 79.091
12 27 58.261
12 28 68.689
12 29 28.743
12 30 68.604
12 31 47.729
12 32 72.477
12 33 52.831
12 34 62.358
12 35 53.590
12 36 29.087
12 37 50.002
12 38 9.256
12 39 55.947
12 40 36.050
12 41 72.796
12 42 78.806
12 43 1.134
12 44 23.572
12 45 77.131
12 46 96.279
12 47 81.896
12 48 49.882
12 49 93.224
12 50 77.096
12 51 39.858
12 52 97.758
12 53 27.957
12 54 32.726
12 55 51.368
12 56 69.172
12 57 73.858
12 58 51.735
12 59 99.311
13 14 82.928
13 15 80.501
13 16 69.110
13 17 78.104
13 18 16.185
13 19 77.738
13 20 24.551
13 21 26.864
13 22 94.922
13 23 27.075
13 24 76.188
13 25 36.571
13 26 30.674
13 27 17.372
13 28 79.979
13 29 31.122
13 30 21.325
13 31 14.177
13 32 67.069
13 33 79.224
13 34 82.202
13 35 18.142
13 36 51.434
13 37 54.393
13 38 50.452
13 39 87.326
13 40 78.411
13 41 23.657
13 42 10.414
13 43 30.601
13 44 81.020
13 45 12.104
13 46 20.645
13 47 84.973
13 48 45.470
13 49 60.011
13 50 84.255
13 51 48.286
13 52 99.860
13 53 62.062
13 54 93.418
13 55 50.632
13 56 30.766
13 57 54.052
13 58 96.154
13 59 12.698
14 15 1.298
14 16 91.440
14 17 78.940
14 18 57.370
14 19 91.144
14 20 46.297
14 21 32.196
14 22 12.091
14 23 4.248
14 24 34.390
14 25 67.393
14 26 63.799
14 27 92.972
14 28 72.580
14 29 84.285
14 30 5.699
14 31 28.943
14 32 58.163
14 33 44.699
14 34 45.706
14 35 10.265
14 36 56.453
14 37 95.327
14 38 30.058
14 39 32.369
14 40 80.635
14 41 96.157
14 42 72.467
14 43 65.489
14 44 48.807
14 45 53.438
14 46 69.045
14 47 75.630
14 48 7.125
14 49 26.485
14 50 22.383
14 51 97.809
14 52 15.109
14 53 76.201
14 54 94.292
14 55 20.523
14 56 99.397
14 57 49.788
14 58 56.074
14 59 68.551
15 16 95.643
15 17 50.982
15 18 7.605
15 19 77.585
15 20 14.735
15 21 27.978
15 22 92.087
15 23 38.652
15 24 89.144
15 25 22.323
15 26 42.033
15 27 52.870
15 28 77.985
15 29 61.144
15 30 53.834
15 31 77.836
15 32 35.219
15 33 42.424
15 34 3.226
15 35 65.735
15 36 74.456
15 37 58.402
15 38 82.028
15 39 90.318
15 40 95.942
15 41 25.738
15 42 57.719
15 43 34.891
15 44 76.555
15 45 42.735
15 46 31.733
15 47 66.776
15 48 62.021
15 49 73.685
15 50 99.795
15 51 54.986
15 52 42.076
15 53 68.340
15 54 98.190
15 55 97.360
15 56 33.913
15 57 60.509
15 58 53.549
15 59 10.993
16 17 47.004
16 18 53.991
16 19 40.540
16 20 5.518
16 21 53.296
16 22 96.281
16 23 91.814
16 24 2.653
16 25 40.740
16 26 60.948
16 27 97.603
16 28 87.383
16 29 85.276
16 30 8.085
16 31 78.571
16 32 76.258
16 33 36.639
16 34 68.912
16 35 14.835
16 36 66.509
16 37 76.721
16 38 5.379
16 39 66.497
16 40 86.024
16 41 75.744
16 42 28.551
16 43 26.624
16 44 98.706
16 45 41.117
16 46 20.563
16 47 6.282
16 48 32.329
16 49 26.607
16 50 94.115
16 51 63.047
16 52 86.738
16 53 45.335
16 54 40.761
16 55 49.371
16 56 49.072
16 57 9.101
16 58 64.638
16 59 75.240
17 18 89.671
17 19 98.698
17 20 71.838
17 21 50.745
17 22 37.435
17 23 55.090
17 24 87.271
17 25 98.517
17 26 36.605
17 27 69.742
17 28 0.664
17 29 3.410
17 30 68.296
17 31 43.873
17 32 1.235
17 33 97.381
17 34 79.586
17 35 81.050
17 36 46.642
17 37 61.218
17 38 0.564
17 39 75.270
17 40 25.928
17 41 61.566
17 42 45.441
17 43 57.576
17 44 18.518
17 45 31.665
17 46 87.714
17 47 68.260
17 48 21.686
17 49 47.252
17 50 71.313
17 51 28.813
17 52 17.479
17 53 45.306
17 54 69.766
17 55 98.051
17 56 76.730
17 57 82.590
17 58 33.662
17 59 10.232
18 19 52.574
18 20 33.428
18 21 72.993
18 22 9.467
18 23 98.806
18 24 81.682
18 25 5.490
18 26 14.355
18 27 59.446
18 28 70.622
18 29 64.608
18 30 69.560
18 31 15.026
18 32 36.158
18 33 1.567
18 34 66.866
18 35 38.422
18 36 63.895
18 37 34.713
18 38 47.323
18 39 8.444
18 40 78.482
18 41 96.406
18 42 28.152
18 43 52.945
18 44 94.964
18 45 2.758
18 46 33.400
18 47 44.864
18 48 36.138
18 49 24.776
18 50 45.654
18 51 54.396
18 52 47.361
18 53 70.784
18 54 37.680
18 55 68.415
18 56 20.827
18 57 99.500
18 58 87.432
18 59 24.288
19 20 75.014
19 21 70.721
19 22 27.676
19 23 69.384
19 24 21.829
19 25 6.308
19 26 32.322
19 27 49.878
19 28 93.915
19 29 77.992
19 30 95.565
19 31 52.846
19 32 97.649
19 33 60.517
19 34 17.086
19 35 74.191
19 36 3.544
19 37 88.707
19 38 66.788
19 39 61.595
19 40 85.114
19 41 35.297
19 42 65.940
19 43 86.483
19 44 69.662
19 45 82.692
19 46 88.105
19 47 31.890
19 48 70.042
19 49 96.293
19 50 52.848
19 51 44.157
19 52 25.142
19 53 19.643
19 54 57.982
19 55 85.544
19 56 88.628
19 57 2.358
19 58 71.983
19 59 42.141
20 21 70.454
20 22 40.642
20 23 87.216
20 24 86.850
20 25 53.695
20 26 57.186
20 27 16.733
20 28 70.755
20 29 80.458
20 30 72.329
20 31 2.675
20 32 17.882
20 33 24.939
20 34 21.581
20 35 92.654
20 36 28.070
20 37 49.143
20 38 55.973
20 39 32.055
20 40 50.677
20 41 67.325
20 42 21.149
20 43 14.750
20 44 77.785
20 45 28.953
20 46 48.725
20 47 32.540
20 48 19.808
20 49 66.748
20 50 9.173
20 51 64.478
20 52 68.633
20 53 46.340
20 54 69.304
20 55 51.245
20 56 23.875
20 57 97.136
20 58 69.434
20 59 6.870
21 22 56.332
21 23 0.180
21 24 85.391
21 25 30.360
21 26 9.418
21 27 58.100
21 28 68.742
21 29 93.154
21 30 94.094
21 31 74.702
21 32 64.995
21 33 94.853
21 34 15.781
21 35 27.294
21 36 93.952
21 37 99.272
21 38 82.716
21 39 23.566
21 40 39.055
21 41 85.647
21 42 84.430
21 43 96.619
21 44 33.218
21 45 75.682
21 46 96.259
21 47 6.723
21 48 47.543
21 49 26.147
21 50 61.248
21 51 86.409
21 52 86.260
21 53 8.842
21 54 24.331
21 55 86.718
21 56 66.335
21 57 35.022
21 58 45.316
21 59 56.746
22 23 13.411
22 24 19.748
22 25 97.007
22 26 16.047
22 27 37.116
22 28 23.112
22 29 62.709
22 30 60.039
22 31 58.196
22 32 49.947
22 33 83.371
22 34 72.243
22 35 47.588
22 36 37.371
22 37 68.807
22 38 4.007
22 39 3.224
22 40 10.378
22 41 79.721
22 42 22.297
22 43 34.231
22 44 39.728
22 45 7.642
22 46 19.214
22 47 44.151
22 48 93.471
22 49 28.449
22 50 23.084
22 51 4.910
22 52 33.752
22 53 81.804
22 54 50.286
22 55 91.485
22 56 73.858
22 57 33.594
22 58 89.415
22 59 3.567
23 24 77.023
23 25 11.411
23 26 14.963
23 27 34.986
23 28 48.116
23 29 64.110
23 30 86.367
23 31 64.274
23 32 42.084
23 33 85.668
23 34 0.115
23 35 30.443
23 36 88.916
23 37 60.841
23 38 27.523
23 39 26.925
23 40 13.885
23 41 35.517
23 42 88.869
23 43 93.584
23 44 13.970
23 45 88.231
23 46 85.771
23 47 11.803
23 48 36.588
23 49 80.912
23 50 37.987
23 51 10.884
23 52 95.176
23 53 96.789
23 54 48.295
23 55 75.325
23 56 47.641
23 57 31.221
23 58 49.633
23 59 2.045
24 25 58.340
24 26 87.308
24 27 72.408
24 28 94.192
24 29 62.001
24 30 42.271
24 31 6.675
24 32 93.902
24 33 48.872
24 34 92.870
24 35 23.851
24 36 50.244
24 37 94.401
24 38 58.566
24 39 65.655
24 40 90.527
24 41 63.850
24 42 19.643
24 43 4.222
24 44 13.263
24 45 32.552
24 46 94.171
24 47 26.574
24 48 49.302
24 49 75.830
24 50 12.491
24 51 99.155
24 52 43.996
24 53 99.169
24 54 30.795
24 55 23.630
24 56 97.716
24 57 98.808
24 58 36.412
24 59 3.900
25 26 64.669
25 27 65.709
25 28 36.587
25 29 6.052
25 30 50.652
25 31 71.713
25 32 89.809
25 33 7.943
25 34 69.250
25 35 5.720
25 36 34.149
25 37 3.162
25 38 12.948
25 39 59.831
25 40 90.632
25 41 45.304
25 42 70.731
25 43 0.683
25 44 71.294
25 45 92.823
25 46 76.965
25 47 99.538
25 48 1.382
25 49 42.158
25 50 7.693
25 51 36.241
25 52 73.061
25 53 17.392
25 54 49.965
25 55 36.747
25 56 84.012
25 57 18.413
25 58 57.419
25 59 51.707
26 27 78.499
26 28 16.334
26 29 71.030
26 30 34.451
26 31 0.724
26 32 24.898
26 33 27.827
26 34 30.739
26 35 90.741
26 36 69.639
26 37 2.315
26 38 49.752
26 39 1.698
26 40 22.783
26 41 25.473
26 42 46.074
26 43 93.877
26 44 71.163
26 45 4.381
26 46 5.773
26 47 65.741
26 48 36.890
26 49 21.914
26 50 96.212
26 51 15.151
26 52 76.063
26 53 30.389
26 54 8.836
26 55 84.907
26 56 39.524
26 57 65.666
26 58 96.941
26 59 35.987
27 28 91.439
27 29 98.906
27 30 86.307
27 31 9.063
27 32 46.470
27 33 12.057
27 34 15.590
27 35 80.369
27 36 4.339
27 37 30.103
27 38 45.481
27 39 91.456
27 40 31.791
27 41 68.205
27 42 60.905
27 43 34.085
27 44 66.271
27 45 55.096
27 46 78.918
27 47 1.263
27 48 93.081
27 49 75.422
27 50 66.439
27 51 73.348
27 52 78.345
27 53 33.215
27 54 66.612
27 55 94.172
27 56 23.792
27 57 76.275
27 58 30.337
27 59 6.323
28 29 46.203
28 30 36.939
28 31 50.371
28 32 56.971
28 33 74.293
28 34 38.603
28 35 99.427
28 36 56.058
28 37 98.870
28 38 89.293
28 39 80.826
28 40 67.205
28 41 8.305
28 42 33.723
28 43 10.483
28 44 38.345
28 45 90.670
28 46 63.448
28 47 62.434
28 48 33.874
28 49 86.328
28 50 91.123
28 51 26.567
28 52 13.027
28 53 30.338
28 54 79.308
28 55 46.880
28 56 10.221
28 57 32.727
28 58 76.880
28 59 31.337
29 30 12.263
29 31 6.485
29 32 56.834
29 33 50.259
29 34 94.608
29 35 68.107
29 36 68.084
29 37 69.209
29 38 74.267
29 39 3.541
29 40 10.882
29 41 94.444
29 42 60.493
29 43 13.615
29 44 20.531
29 45 44.270
29 46 36.037
29 47 27.328
29 48 97.319
29 49 98.012
29 50 81.545
29 51 98.814
29 52 51.947
29 53 15.816
29 54 63.593
29 55 84.395
29 56 45.171
29 57 67.126
29 58 42.878
29 59 29.767
30 31 88.014
30 32 53.434
30 33 23.235
30 34 84.261
30 35 34.590
30 36 61.779
30 37 54.463
30 38 98.973
30 39 43.459
30 40 39.488
30 41 22.334
30 42 58.707
30 43 5.384
30 44 37.754
30 45 7.686
30 46 43.799
30 47 35.471
30 48 31.923
30 49 73.187
30 50 17.253
30 51 5.891
30 52 89.736
30 53 41.113
30 54 85.038
30 55 51.722
30 56 25.265
30 57 58.428
30 58 82.963
30 59 16.952
31 32 45.928
31 33 6.441
31 34 2.249
31 35 20.235
31 36 72.708
31 37 1.533
31 38 77.723
31 39 10.759
31 40 89.584
31 41 50.674
31 42 27.504
31 43 53.398
31 44 57.189
31 45 70.917
31 46 51.123
31 47 29.331
31 48 7.841
31 49 55.531
31 50 64.195
31 51 63.354
31 52 24.329
31 53 71.155
31 54 72.096
31 55 92.398
31 56 93.246
31 57 0.097
31 58 62.531
31 59 71.059
32 33 15.135
32 34 99.826
32 35 27.439
32 36 69.447
32 37 48.360
32 38 37.748
32 39 8.381
32 40 56.261
32 41 61.361
32 42 73.508
32 43 96.376
32 44 75.698
32 45 68.838
32 46 3.343
32 47 7.082
32 48 20.671
32 49 31.403
32 50 51.434
32 51 95.285
32 52 76.783
32 53 5.374
32 54 91.723
32 55 68.872
32 56 61.584
32 57 39.639
32 58 10.331
32 59 11.740
33 34 11.884
33 35 29.896
33 36 73.510
33 37 27.581
33 38 78.227
33 39 57.080
33 40 48.939
33 41 72.008
33 42 70.103
33 43 56.409
33 44 39.244
33 45 49.213
33 46 58.092
33 47 86.251
33 48 25.759
33 49 11.136
33 50 79.822
33 51 91.874
33 52 87.850
33 53 12.081
33 54 15.516
33 55 88.165
33 56 58.507
33 57 39.783
33 58 95.826
33 59 17.510
34 35 0.473
34 36 65.108
34 37 79.789
34 38 74.301
34 39 38.821
34 40 26.908
34 41 93.951
34 42 25.911
34 43 65.678
34 44 95.956
34 45 55.033
34 46 1.464
34 47 40.717
34 48 42.497
34 49 8.025
34 50 64.382
34 51 47.047
34 52 65.615
34 53 99.142
34 54 32.428
34 55 26.325
34 56 29.428
34 57 68.861
34 58 59.854
34 59 9.172
35 36 91.095
35 37 94.029
35 38 50.243
35 39 77.399
35 40 98.643
35 41 30.081
35 42 25.806
35 43 43.074
35 44 82.856
35 45 4.454
35 46 39.101
35 47 6.143
35 48 66.752
35 49 90.516
35 50 76.554
35 51 57.059
35 52 68.627
35 53 47.702
35 54 69.653
35 55 23.850
35 56 80.223
35 57 47.973
35 58 99.314
35 59 24.017
36 37 60.243
36 38 21.371
36 39 51.670
36 40 70.875
36 41 95.282
36 42 44.110
36 43 59.427
36 44 1.199
36 45 45.152
36 46 61.532
36 47 41.921
36 48 36.459
36 49 7.680
36 50 85.204
36 51 39.132
36 52 63.469
36 53 9.220
36 54 28.542
36 55 20.192
36 56 21.916
36 57 51.454
36 58 48.567
36 59 35.279
37 38 16.054
37 39 22.490
37 40 42.753
37 41 71.299
37 42 25.707
37 43 10.836
37 44 9.375
37 45 66.385
37 46 77.818
37 47 44.518
37 48 17.406
37 49 36.015
37 50 53.902
37 51 14.433
37 52 47.685
37 53 64.395
37 54 51.051
37 55 30.945
37 56 60.962
37 57 18.787
37 58 84.565
37 59 5.845
38 39 20.393
38 40 51.576
38 41 18.810
38 42 47.929
38 43 46.130
38 44 65.133
38 45 39.555
38 46 9.827
38 47 7.912
38 48 27.897
38 49 35.829
38 50 26.088
38 51 67.880
38 52 46.619
38 53 42.281
38 54 38.170
38 55 70.324
38 56 19.321
38 57 3.989
38 58 10.594
38 59 37.679
39 40 16.301
39 41 64.912
39 42 4.417
39 43 72.776
39 44 62.367
39 45 48.391
39 46 89.050
39 47 86.241
39 48 22.515
39 49 93.559
39 50 41.567
39 51 64.888
39 52 25.358
39 53 35.037
39 54 3.806
39 55 72.035
39 56 93.922
39 57 64.954
39 58 41.905
39 59 23.938
40 41 91.733
40 42 96.127
40 43 80.336
40 44 17.831
40 45 33.691
40 46 53.127
40 47 63.091
40 48 96.585
40 49 55.814
40 50 54.005
40 51 28.332
40 52 22.549
40 53 85.697
40 54 9.615
40 55 69.669
40 56 98.903
40 57 6.423
40 58 59.747
40 59 97.150
41 42 20.662
41 43 60.651
41 44 85.696
41 45 4.110
41 46 59.478
41 47 98.741
41 48 87.431
41 49 92.244
41 50 86.441
41 51 35.035
41 52 90.187
41 53 6.547
41 54 15.359
41 55 39.786
41 56 50.087
41 57 84.239
41 58 5.288
41 59 60.729
42 43 61.307
42 44 27.343
42 45 95.598
42 46 37.922
42 47 28.349
42 48 67.274
42 49 59.435
42 50 48.240
42 51 56.119
42 52 1.622
42 53 52.167
42 54 91.773
42 55 27.823
42 56 48.255
42 57 0.264
42 58 11.402
42 59 86.078
43 44 79.911
43 45 23.006
43 46 18.935
43 47 6.190
43 48 73.676
43 49 4.533
43 50 86.454
43 51 52.196
43 52 34.034
43 53 36.978
43 54 49.890
43 55 36.059
43 56 25.622
43 57 36.743
43 58 63.373
43 59 58.328
44 45 82.397
44 46 95.483
44 47 37.488
44 48 94.575
44 49 43.613
44 50 64.941
44 51 92.370
44 52 6.120
44 53 3.802
44 54 90.506
44 55 57.415
44 56 95.819
44 57 53.930
44 58 2.212
44 59 53.414
45 46 0.103
45 47 33.934
45 48 43.869
45 49 0.016
45 50 6.993
45 51 13.050
45 52 71.120
45 53 1.709
45 54 16.477
45 55 63.663
45 56 77.432
45 57 78.876
45 58 14.421
45 59 96.843
46 47 13.377
46 48 26.976
46 49 14.085
46 50 83.297
46 51 49.040
46 52 6.545
46 53 30.376
46 54 92.170
46 55 91.990
46 56 89.464
46 57 91.093
46 58 41.928
46 59 13.949
47 48 12.800
47 49 56.746
47 50 72.514
47 51 58.175
47 52 20.564
47 53 15.899
47 54 16.017
47 55 96.524
47 56 5.827
47 57 46.562
47 58 64.300
47 59 80.269
48 49 0.910
48 50 85.782
48 51 6.349
48 52 81.953
48 53 1.727
48 54 29.396
48 55 35.526
48 56 56.942
48 57 53.882
48 58 91.803
48 59 7.509
49 50 62.760
49 51 72.728
49 52 91.649
49 53 63.361
49 54 61.950
49 55 17.375
49 56 93.485
49 57 19.009
49 58 99.868
49 59 89.488
50 51 27.743
50 52 62.343
50 53 92.707
50 54 81.739
50 55 31.772
50 56 92.216
50 57 82.994
50 58 57.896
50 59 3.235
51 52 79.820
51 53 19.929
51 54 6.783
51 55 33.800
51 56 32.219
51 57 0.118
51 58 75.746
51 59 95.867
52 53 90.276
52 54 60.638
52 55 55.721
52 56 87.976
52 57 98.768
52 58 50.822
52 59 59.683
53 54 5.561
53 55 45.174
53 56 21.761
53 57 8.961
53 58 92.903
53 59 75.440
54 55 63.233
54 56 17.809
54 57 49.391
54 58 59.971
54 59 86.622
55 56 45.628
55 57 8.642
55 58 1.157
55 59 99.367
56 57 68.341
56 58 82.529
56 59 44.935
57 58 41.565
57 59 5.705
58 59 63.855
