30 5 ds 5 6 6 9 5 6 5 8 5 8 
0 1 32.437
0 2 23.414
0 3 18.675
0 4 98.083
0 5 33.728
0 6 80.725
0 7 85.310
0 8 11.200
0 9 26.019
0 10 29.491
0 11 83.740
0 12 7.806
0 13 68.050
0 14 57.536
0 15 87.706
0 16 93.935
0 17 97.930
0 18 68.568
0 19 72.206
0 20 23.173
0 21 38.332
0 22 78.000
0 23 10.844
0 24 6.216
0 25 96.235
0 26 16.146
0 27 0.243
0 28 31.353
0 29 60.541
1 2 30.480
1 3 98.060
1 4 54.021
1 5 86.879
1 6 62.352
1 7 98.764
1 8 11.348
1 9 73.100
1 10 10.382
1 11 87.044
1 12 18.473
1 13 71.241
1 14 82.668
1 15 2.563
1 16 7.436
1 17 52.147
1 18 83.042
1 19 21.750
1 20 76.566
1 21 37.476
1 22 72.773
1 23 12.425
1 24 28.538
1 25 40.471
1 26 98.438
1 27 45.260
1 28 88.656
1 29 11.671
2 3 79.150
2 4 52.443
2 5 11.422
2 6 68.641
2 7 1.847
2 8 8.375
2 9 3.086
2 10 99.831
2 11 82.089
2 12 69.825
2 13 10.608
2 14 71.848
2 15 9.598
2 16 53.708
2 17 53.360
2 18 36.698
2 19 12.721
2 20 49.462
2 21 2.895
2 22 30.965
2 23 44.064
2 24 60.032
2 25 48.231
2 26 82.438
2 27 10.747
2 28 40.498
2 29 19.367
3 4 91.352
3 5 47.023
3 6 56.656
3 7 80.110
3 8 33.192
3 9 54.474
3 10 17.198
3 11 42.802
3 12 37.920
3 13 15.537
3 14 42.586
3 15 2.184
3 16 36.526
3 17 19.821
3 18 21.356
3 19 33.345
3 20 29.958
3 21 29.491
3 22 70.254
3 23 49.631
3 24 27.772
3 25 49.923
3 26 58.523
3 27 70.359
3 28 24.255
3 29 64.924
4 5 78.559
4 6 5.322
4 7 28.304
4 8 41.976
4 9 45.314
4 10 23.330
4 11 40.022
4 12 12.301
4 13 85.003
4 14 35.401
4 15 71.740
4 16 82.970
4 17 30.053
4 18 89.722
4 19 44.134
4 20 43.861
4 21 71.674
4 22 45.140
4 23 49.097
4 24 90.941
4 25 34.048
4 26 62.675
4 27 60.205
4 28 99.188
4 29 24.860
5 6 30.451
5 7 88.916
5 8 43.390
5 9 85.722
5 10 16.428
5 11 30.011
5 12 83.136
5 13 13.033
5 14 25.448
5 15 13.368
5 16 99.503
5 17 44.902
5 18 22.371
5 19 80.782
5 20 95.257
5 21 12.995
5 22 71.451
5 23 36.356
5 24 47.825
5 25 39.508
5 26 33.599
5 27 76.876
5 28 34.875
5 29 18.937
6 7 57.825
6 8 94.638
6 9 36.011
6 10 61.924
6 11 0.881
6 12 59.343
6 13 50.930
6 14 94.177
6 15 10.041
6 16 27.967
6 17 64.306
6 18 97.299
6 19 7.911
6 20 1.910
6 21 30.755
6 22 50.350
6 23 25.346
6 24 49.291
6 25 49.400
6 26 81.059
6 27 38.747
6 28 36.885
6 29 46.910
7 8 63.807
7 9 81.444
7 10 71.003
7 11 90.278
7 12 7.891
7 13 15.329
7 14 29.516
7 15 6.221
7 16 63.997
7 17 68.568
7 18 78.272
7 19 92.731
7 20 39.463
7 21 67.953
7 22 4.295
7 23 70.162
7 24 53.590
7 25 20.337
7 26 65.464
7 27 34.148
7 28 83.140
7 29 26.609
8 9 51.752
8 10 40.725
8 11 45.110
8 12 43.789
8 13 76.674
8 14 75.241
8 15 38.978
8 16 46.062
8 17 69.224
8 18 30.909
8 19 23.846
8 20 73.985
8 21 16.376
8 22 50.345
8 23 37.241
8 24 2.566
8 25 14.145
8 26 63.980
8 27 71.805
8 28 3.565
8 29 21.217
9 10 92.917
9 11 13.729
9 12 25.116
9 13 73.347
9 14 70.638
9 15 12.467
9 16 62.651
9 17 8.965
9 18 77.901
9 19 95.157
9 20 49.104
9 21 76.903
9 22 78.227
9 23 61.114
9 24 49.498
9 25 45.620
9 26 87.576
9 27 91.877
9 28 5.299
9 29 10.022
10 11 11.133
10 12 90.505
10 13 37.260
10 14 96.723
10 15 32.541
10 16 20.185
10 17 82.014
10 18 1.514
10 19 46.519
10 20 46.642
10 21 7.288
10 22 53.855
10 23 84.471
10 24 1.501
10 25 23.370
10 26 92.335
10 27 94.513
10 28 74.414
10 29 84.334
11 12 52.362
11 13 2.291
11 14 10.663
11 15 51.540
11 16 12.737
11 17 97.023
11 18 37.875
11 19 74.051
11 20 21.303
11 21 58.402
11 22 70.628
11 23 25.859
11 24 21.530
11 25 64.290
11 26 44.919
11 27 28.195
11 28 31.660
11 29 96.603
12 13 15.818
12 14 76.706
12 15 85.979
12 16 93.335
12 17 11.125
12 18 87.899
12 19 33.793
12 20 78.352
12 21 71.401
12 22 77.027
12 23 5.842
12 24 37.443
12 25 22.533
12 26 80.429
12 27 0.197
12 28 98.998
12 29 20.755
13 14 39.411
13 15 10.074
13 16 20.809
13 17 82.115
13 18 69.794
13 19 14.534
13 20 80.635
13 21 58.388
13 22 51.595
13 23 79.710
13 24 17.508
13 25 49.715
13 26 86.619
13 27 72.986
13 28 73.214
13 29 50.583
14 15 88.291
14 16 75.439
14 17 38.907
14 18 10.209
14 19 87.657
14 20 88.935
14 21 20.554
14 22 51.027
14 23 62.238
14 24 73.386
14 25 98.682
14 26 29.668
14 27 20.339
14 28 16.983
14 29 72.885
15 16 43.689
15 17 2.345
15 18 37.627
15 19 49.560
15 20 84.275
15 21 92.750
15 22 37.324
15 23 52.585
15 24 10.223
15 25 71.845
15 26 82.933
15 27 10.942
15 28 71.772
15 29 74.421
16 17 66.502
16 18 4.722
16 19 44.146
16 20 64.324
16 21 6.277
16 22 31.543
16 23 40.194
16 24 78.326
16 25 85.545
16 26 89.070
16 27 59.074
16 28 40.539
16 29 90.612
17 18 56.182
17 19 93.666
17 20 99.481
17 21 1.511
17 22 95.219
17 23 63.263
17 24 93.891
17 25 9.438
17 26 90.875
17 27 60.013
17 28 10.531
17 29 83.456
18 19 87.428
18 20 97.742
18 21 57.471
18 22 85.665
18 23 85.364
18 24 29.968
18 25 39.713
18 26 38.825
18 27 10.867
18 28 60.279
18 29 90.543
19 20 83.304
19 21 77.223
19 22 2.727
19 23 81.591
19 24 21.313
19 25 15.876
19 26 62.469
19 27 7.376
19 28 35.483
19 29 66.686
20 21 97.629
20 22 15.951
20 23 86.179
20 24 81.891
20 25 92.193
20 26 36.300
20 27 37.322
20 28 16.330
20 29 16.714
21 22 35.247
21 23 34.046
21 24 47.677
21 25 78.724
21 26 21.891
21 27 57.165
21 28 94.764
21 29 67.939
22 23 5.989
22 24 9.206
22 25 79.499
22 26 82.737
22 27 8.160
22 28 44.700
22 29 8.453
23 24 83.804
23 25 14.465
23 26 43.425
23 27 33.892
23 28 58.499
23 29 65.647
24 25 39.472
24 26 90.830
24 27 95.165
24 28 72.180
24 29 61.295
25 26 96.644
25 27 60.492
25 28 50.315
25 29 8.307
26 27 42.822
26 28 44.990
26 29 81.414
27 28 88.116
27 29 4.656
28 29 91.744
