30 5 ds 6 9 5 6 5 6 6 9 6 7 
0 1 41.872
0 2 24.252
0 3 63.392
0 4 42.085
0 5 18.405
0 6 79.254
0 7 5.188
0 8 41.134
0 9 62.974
0 10 54.066
0 11 81.762
0 12 30.575
0 13 9.709
0 14 23.032
0 15 40.281
0 16 80.439
0 17 65.070
0 18 32.438
0 19 57.798
0 20 27.702
0 21 24.886
0 22 87.708
0 23 33.579
0 24 2.082
0 25 52.504
0 26 78.468
0 27 5.305
0 28 71.978
0 29 16.256
1 2 99.980
1 3 89.367
1 4 4.243
1 5 8.002
1 6 50.635
1 7 20.583
1 8 66.755
1 9 16.180
1 10 59.517
1 11 19.865
1 12 41.126
1 13 6.540
1 14 25.473
1 15 49.741
1 16 54.381
1 17 71.695
1 18 29.725
1 19 27.089
1 20 83.085
1 21 46.618
1 22 17.706
1 23 50.046
1 24 31.140
1 25 51.411
1 26 32.664
1 27 61.770
1 28 33.349
1 29 14.920
2 3 23.485
2 4 17.598
2 5 90.859
2 6 53.206
2 7 42.266
2 8 44.092
2 9 1.725
2 10 25.410
2 11 93.369
2 12 78.582
2 13 10.066
2 14 66.213
2 15 94.984
2 16 56.025
2 17 60.697
2 18 98.856
2 19 66.687
2 20 66.363
2 21 12.607
2 22 65.638
2 23 62.031
2 24 40.004
2 25 34.277
2 26 73.802
2 27 23.924
2 28 31.696
2 29 76.601
3 4 43.901
3 5 52.326
3 6 63.731
3 7 95.034
3 8 65.018
3 9 38.776
3 10 58.313
3 11 71.620
3 12 6.631
3 13 40.307
3 14 35.864
3 15 69.655
3 16 10.421
3 17 36.499
3 18 81.153
3 19 39.001
3 20 87.029
3 21 37.741
3 22 82.354
3 23 78.468
3 24 72.502
3 25 90.215
3 26 29.494
3 27 53.155
3 28 57.112
3 29 53.676
4 5 18.197
4 6 59.280
4 7 85.264
4 8 11.799
4 9 42.271
4 10 26.795
4 11 39.346
4 12 11.676
4 13 74.370
4 14 50.946
4 15 62.691
4 16 18.992
4 17 27.825
4 18 47.944
4 19 47.202
4 20 18.473
4 21 64.718
4 22 37.052
4 23 9.758
4 24 85.384
4 25 65.358
4 26 61.636
4 27 8.133
4 28 3.189
4 29 2.545
5 6 75.103
5 7 2.008
5 8 4.904
5 9 70.362
5 10 34.184
5 11 47.497
5 12 71.257
5 13 1.693
5 14 61.595
5 15 24.703
5 16 27.457
5 17 71.283
5 18 62.920
5 19 36.939
5 20 42.183
5 21 21.858
5 22 8.391
5 23 87.561
5 24 47.353
5 25 69.685
5 26 19.286
5 27 35.747
5 28 65.300
5 29 42.922
6 7 30.755
6 8 56.114
6 9 51.165
6 10 81.190
6 11 38.172
6 12 78.702
6 13 32.643
6 14 78.059
6 15 72.464
6 16 65.672
6 17 56.656
6 18 79.438
6 19 91.393
6 20 88.927
6 21 33.089
6 22 60.378
6 23 18.375
6 24 8.946
6 25 99.421
6 26 90.358
6 27 8.193
6 28 19.264
6 29 16.905
7 8 62.879
7 9 69.833
7 10 13.304
7 11 48.874
7 12 9.001
7 13 30.663
7 14 50.690
7 15 64.843
7 16 36.478
7 17 83.329
7 18 48.716
7 19 60.238
7 20 36.195
7 21 16.976
7 22 1.276
7 23 80.926
7 24 75.870
7 25 97.780
7 26 32.374
7 27 94.155
7 28 57.310
7 29 30.313
8 9 24.226
8 10 53.053
8 11 47.998
8 12 0.828
8 13 21.013
8 14 60.580
8 15 10.373
8 16 76.386
8 17 98.491
8 18 50.583
8 19 42.890
8 20 9.551
8 21 6.959
8 22 68.588
8 23 15.813
8 24 77.437
8 25 40.493
8 26 53.024
8 27 31.629
8 28 65.981
8 29 58.895
9 10 88.729
9 11 65.107
9 12 95.609
9 13 90.452
9 14 28.972
9 15 41.228
9 16 72.800
9 17 73.392
9 18 59.586
9 19 90.568
9 20 43.583
9 21 51.854
9 22 9.446
9 23 81.169
9 24 19.633
9 25 28.185
9 26 95.166
9 27 63.574
9 28 45.361
9 29 87.564
10 11 24.741
10 12 81.371
10 13 75.305
10 14 53.247
10 15 74.767
10 16 93.478
10 17 35.100
10 18 1.097
10 19 98.973
10 20 26.362
10 21 46.463
10 22 60.647
10 23 21.967
10 24 24.472
10 25 6.868
10 26 56.569
10 27 21.420
10 28 95.408
10 29 27.955
11 12 99.220
11 13 4.364
11 14 52.677
11 15 53.244
11 16 15.846
11 17 38.823
11 18 43.374
11 19 95.348
11 20 25.065
11 21 10.720
11 22 10.716
11 23 55.608
11 24 96.395
11 25 37.782
11 26 82.079
11 27 14.990
11 28 3.890
11 29 87.144
12 13 92.042
12 14 14.059
12 15 78.365
12 16 11.385
12 17 46.910
12 18 71.990
12 19 86.202
12 20 38.951
12 21 12.281
12 22 29.818
12 23 14.408
12 24 29.211
12 25 58.462
12 26 41.519
12 27 21.384
12 28 29.847
12 29 29.860
13 14 78.017
13 15 20.753
13 16 54.851
13 17 13.972
13 18 53.818
13 19 1.653
13 20 35.071
13 21 73.183
13 22 33.773
13 23 53.053
13 24 80.087
13 25 68.303
13 26 28.299
13 27 51.923
13 28 30.137
13 29 46.624
14 15 39.423
14 16 95.523
14 17 69.860
14 18 89.258
14 19 77.143
14 20 6.591
14 21 21.831
14 22 12.597
14 23 25.824
14 24 16.877
14 25 37.188
14 26 96.980
14 27 3.772
14 28 39.259
14 29 53.070
15 16 71.977
15 17 25.593
15 18 71.584
15 19 92.154
15 20 22.201
15 21 46.589
15 22 36.403
15 23 38.304
15 24 90.123
15 25 41.202
15 26 49.957
15 27 34.110
15 28 43.117
15 29 43.384
16 17 31.012
16 18 11.074
16 19 40.792
16 20 55.787
16 21 5.599
16 22 81.255
16 23 85.647
16 24 16.784
16 25 37.212
16 26 90.373
16 27 65.184
16 28 99.593
16 29 13.704
17 18 56.695
17 19 96.835
17 20 6.153
17 21 51.884
17 22 97.456
17 23 68.400
17 24 9.917
17 25 38.748
17 26 75.157
17 27 26.179
17 28 96.317
17 29 14.298
18 19 79.737
18 20 0.573
18 21 47.470
18 22 15.069
18 23 99.481
18 24 74.637
18 25 18.515
18 26 39.774
18 27 23.410
18 28 94.945
18 29 57.016
19 20 68.868
19 21 61.030
19 22 96.076
19 23 23.964
19 24 68.397
19 25 61.437
19 26 60.135
19 27 85.203
19 28 35.131
19 29 63.168
20 21 60.944
20 22 55.427
20 23 94.779
20 24 8.550
20 25 48.895
20 26 93.471
20 27 47.996
20 28 11.941
20 29 16.913
21 22 67.176
21 23 69.909
21 24 79.891
21 25 50.591
21 26 28.919
21 27 8.082
21 28 43.096
21 29 6.268
22 23 68.741
22 24 91.088
22 25 74.955
22 26 79.686
22 27 41.030
22 28 55.291
22 29 39.595
23 24 24.808
23 25 92.834
23 26 20.976
23 27 33.448
23 28 57.503
23 29 57.143
24 25 0.600
24 26 58.741
24 27 32.020
24 28 12.841
24 29 1.762
25 26 94.731
25 27 9.503
25 28 54.562
25 29 95.359
26 27 13.084
26 28 47.298
26 29 60.270
27 28 55.467
27 29 17.461
28 29 25.381
