60 6 ds 9 11 8 14 9 14 7 12 10 11 9 12 
0 1 1.958
0 2 18.505
0 3 94.655
0 4 11.774
0 5 77.972
0 6 86.924
0 7 27.747
0 8 67.830
0 9 26.694
0 10 73.378
0 11 82.447
0 12 61.345
0 13 50.171
0 14 72.769
0 15 52.133
0 16 39.012
0 17 18.150
0 18 56.410
0 19 55.681
0 20 25.953
0 21 53.978
0 22 87.334
0 23 86.032
0 24 45.380
0 25 68.154
0 26 22.485
0 27 88.408
0 28 61.143
0 29 10.488
0 30 16.913
0 31 83.140
0 32 2.702
0 33 41.232
0 34 81.526
0 35 22.763
0 36 26.240
0 37 66.559
0 38 23.007
0 39 13.385
0 40 50.569
0 41 44.403
0 42 12.174
0 43 36.273
0 44 81.893
0 45 42.967
0 46 85.362
0 47 77.201
0 48 7.673
0 49 26.063
0 50 82.339
0 51 8.283
0 52 96.532
0 53 47.005
0 54 63.801
0 55 69.892
0 56 88.527
0 57 55.900
0 58 31.698
0 59 68.674
1 2 98.076
1 3 63.956
1 4 96.404
1 5 41.773
1 6 80.484
1 7 62.808
1 8 96.210
1 9 37.102
1 10 32.204
1 11 66.924
1 12 76.631
1 13 24.793
1 14 4.860
1 15 32.732
1 16 79.734
1 17 85.944
1 18 13.543
1 19 9.446
1 20 76.955
1 21 21.356
1 22 10.999
1 23 93.415
1 24 2.829
1 25 85.155
1 26 81.068
1 27 90.358
1 28 11.594
1 29 76.025
1 30 77.105
1 31 37.997
1 32 83.805
1 33 12.251
1 34 94.075
1 35 5.357
1 36 55.906
1 37 75.826
1 38 16.678
1 39 64.407
1 40 32.114
1 41 35.610
1 42 30.032
1 43 24.723
1 44 65.044
1 45 49.848
1 46 14.369
1 47 32.520
1 48 59.156
1 49 4.299
1 50 70.644
1 51 61.640
1 52 59.427
1 53 63.847
1 54 40.087
1 55 66.013
1 56 36.566
1 57 2.624
1 58 87.465
1 59 20.583
2 3 69.625
2 4 30.549
2 5 15.191
2 6 50.890
2 7 57.085
2 8 52.617
2 9 63.377
2 10 40.214
2 11 58.224
2 12 81.367
2 13 29.592
2 14 7.620
2 15 78.071
2 16 72.657
2 17 11.265
2 18 70.247
2 19 61.252
2 20 70.222
2 21 33.588
2 22 38.834
2 23 52.731
2 24 25.420
2 25 76.226
2 26 46.730
2 27 16.748
2 28 5.184
2 29 53.272
2 30 79.558
2 31 79.170
2 32 13.381
2 33 32.626
2 34 55.199
2 35 73.046
2 36 28.626
2 37 3.323
2 38 1.907
2 39 22.306
2 40 5.049
2 41 12.342
2 42 96.160
2 43 94.357
2 44 91.597
2 45 96.030
2 46 51.211
2 47 88.762
2 48 0.156
2 49 25.515
2 50 92.349
2 51 6.225
2 52 93.123
2 53 70.358
2 54 15.522
2 55 59.785
2 56 66.992
2 57 60.145
2 58 2.221
2 59 48.434
3 4 80.130
3 5 89.899
3 6 55.453
3 7 12.281
3 8 10.092
3 9 71.847
3 10 29.124
3 11 27.947
3 12 28.695
3 13 83.522
3 14 46.302
3 15 83.054
3 16 51.482
3 17 0.106
3 18 40.617
3 19 89.454
3 20 52.337
3 21 27.565
3 22 9.419
3 23 56.306
3 24 33.682
3 25 72.361
3 26 37.371
3 27 46.105
3 28 8.035
3 29 93.382
3 30 34.761
3 31 79.500
3 32 77.670
3 33 82.227
3 34 36.119
3 35 38.008
3 36 95.687
3 37 9.086
3 38 21.598
3 39 37.641
3 40 54.016
3 41 53.210
3 42 56.104
3 43 11.073
3 44 71.718
3 45 9.309
3 46 89.313
3 47 41.068
3 48 50.380
3 49 24.223
3 50 23.469
3 51 33.774
3 52 22.520
3 53 71.809
3 54 35.257
3 55 6.837
3 56 43.579
3 57 18.239
3 58 33.067
3 59 94.411
4 5 68.452
4 6 64.753
4 7 41.609
4 8 38.756
4 9 9.439
4 10 80.412
4 11 32.108
4 12 46.451
4 13 94.087
4 14 53.502
4 15 58.193
4 16 36.173
4 17 28.614
4 18 96.981
4 19 15.134
4 20 94.521
4 21 25.408
4 22 40.724
4 23 13.206
4 24 86.575
4 25 71.590
4 26 31.306
4 27 44.741
4 28 38.638
4 29 99.671
4 30 38.678
4 31 28.813
4 32 22.088
4 33 71.077
4 34 38.342
4 35 37.531
4 36 19.251
4 37 98.622
4 38 97.468
4 39 43.556
4 40 44.956
4 41 14.979
4 42 43.901
4 43 79.722
4 44 30.668
4 45 40.777
4 46 38.130
4 47 68.540
4 48 52.066
4 49 18.162
4 50 0.002
4 51 61.889
4 52 95.457
4 53 53.479
4 54 64.350
4 55 29.332
4 56 13.613
4 57 56.216
4 58 52.676
4 59 47.272
5 6 17.393
5 7 70.407
5 8 51.664
5 9 70.551
5 10 85.973
5 11 69.405
5 12 83.511
5 13 13.123
5 14 55.522
5 15 25.278
5 16 37.947
5 17 25.075
5 18 63.860
5 19 70.027
5 20 11.296
5 21 29.524
5 22 86.934
5 23 37.411
5 24 64.039
5 25 74.840
5 26 1.854
5 27 11.369
5 28 65.087
5 29 65.145
5 30 50.816
5 31 9.873
5 32 38.328
5 33 55.174
5 34 60.374
5 35 1.472
5 36 65.007
5 37 34.392
5 38 91.363
5 39 85.915
5 40 24.107
5 41 79.612
5 42 56.170
5 43 69.903
5 44 72.128
5 45 25.394
5 46 42.123
5 47 34.385
5 48 73.555
5 49 87.171
5 50 22.421
5 51 20.744
5 52 93.750
5 53 73.279
5 54 19.360
5 55 59.832
5 56 57.155
5 57 39.000
5 58 8.503
5 59 29.986
6 7 55.413
6 8 68.208
6 9 17.010
6 10 58.006
6 11 62.376
6 12 16.397
6 13 74.527
6 14 70.552
6 15 75.966
6 16 12.598
6 17 20.808
6 18 62.445
6 19 60.459
6 20 97.115
6 21 60.701
6 22 73.137
6 23 7.017
6 24 67.011
6 25 84.159
6 26 52.870
6 27 65.123
6 28 11.933
6 29 36.610
6 30 56.073
6 31 23.108
6 32 49.134
6 33 33.347
6 34 21.070
6 35 32.028
6 36 8.425
6 37 60.487
6 38 82.419
6 39 73.921
6 40 75.338
6 41 94.639
6 42 15.004
6 43 72.815
6 44 73.902
6 45 3.556
6 46 27.490
6 47 34.860
6 48 59.228
6 49 60.881
6 50 6.799
6 51 82.560
6 52 94.457
6 53 19.514
6 54 65.009
6 55 17.332
6 56 6.682
6 57 40.148
6 58 55.365
6 59 4.463
7 8 52.087
7 9 64.254
7 10 5.105
7 11 25.052
7 12 71.790
7 13 54.040
7 14 59.321
7 15 80.601
7 16 86.829
7 17 95.875
7 18 42.347
7 19 67.703
7 20 63.175
7 21 78.193
7 22 20.941
7 23 62.580
7 24 75.876
7 25 10.087
7 26 97.026
7 27 68.282
7 28 15.140
7 29 42.588
7 30 66.817
7 31 80.903
7 32 6.614
7 33 91.068
7 34 57.874
7 35 25.454
7 36 63.088
7 37 34.232
7 38 95.945
7 39 96.891
7 40 45.542
7 41 82.866
7 42 59.442
7 43 17.245
7 44 87.679
7 45 69.792
7 46 50.940
7 47 85.984
7 48 30.026
7 49 11.410
7 50 52.331
7 51 57.402
7 52 17.168
7 53 30.763
7 54 33.077
7 55 26.246
7 56 34.840
7 57 12.226
7 58 49.467
7 59 40.754
8 9 2.385
8 10 78.740
8 11 6.866
8 12 90.902
8 13 90.442
8 14 43.911
8 15 56.652
8 16 38.887
8 17 3.800
8 18 93.376
8 19 64.865
8 20 68.744
8 21 54.945
8 22 92.474
8 23 20.563
8 24 32.478
8 25 55.139
8 26 0.613
8 27 48.428
8 28 61.218
8 29 66.739
8 30 96.593
8 31 52.426
8 32 91.606
8 33 92.995
8 34 83.745
8 35 45.095
8 36 30.045
8 37 29.704
8 38 48.886
8 39 10.550
8 40 40.372
8 41 66.882
8 42 94.911
8 43 8.328
8 44 94.170
8 45 7.978
8 46 53.266
8 47 49.940
8 48 67.150
8 49 69.209
8 50 9.583
8 51 70.299
8 52 99.902
8 53 32.230
8 54 43.459
8 55 72.181
8 56 66.813
8 57 49.593
8 58 91.632
8 59 43.422
9 10 13.049
9 11 44.395
9 12 92.762
9 13 33.799
9 14 26.240
9 15 2.992
9 16 61.549
9 17 31.343
9 18 6.884
9 19 32.814
9 20 70.120
9 21 96.307
9 22 89.447
9 23 46.100
9 24 85.400
9 25 95.090
9 26 44.778
9 27 34.740
9 28 22.610
9 29 26.127
9 30 63.672
9 31 21.455
9 32 27.099
9 33 45.077
9 34 81.308
9 35 8.169
9 36 89.382
9 37 77.611
9 38 52.727
9 39 93.720
9 40 31.554
9 41 54.680
9 42 30.693
9 43 99.929
9 44 77.177
9 45 17.341
9 46 28.961
9 47 27.580
9 48 31.305
9 49 16.071
9 50 76.369
9 51 62.004
9 52 52.457
9 53 72.928
9 54 80.158
9 55 61.724
9 56 94.183
9 57 84.030
9 58 20.531
9 59 93.030
10 11 30.256
10 12 14.508
10 13 92.689
10 14 18.346
10 15 54.615
10 16 78.426
10 17 97.482
10 18 6.922
10 19 64.819
10 20 2.134
10 21 57.255
10 22 12.633
10 23 96.116
10 24 41.072
10 25 99.611
10 26 55.582
10 27 72.104
10 28 57.277
10 29 8.555
10 30 51.689
10 31 77.571
10 32 67.666
10 33 89.819
10 34 57.648
10 35 39.227
10 36 41.624
10 37 35.188
10 38 37.340
10 39 20.869
10 40 60.508
10 41 99.236
10 42 10.231
10 43 0.939
10 44 51.393
10 45 21.134
10 46 12.289
10 47 2.481
10 48 72.705
10 49 34.049
10 50 85.589
10 51 88.191
10 52 60.357
10 53 5.140
10 54 14.058
10 55 16.542
10 56 39.568
10 57 40.275
10 58 39.705
10 59 78.889
11 12 69.782
11 13 69.329
11 14 26.183
11 15 2.039
11 16 17.894
11 17 0.290
11 18 84.711
11 19 5.900
11 20 48.488
11 21 93.371
11 22 41.105
11 23 51.664
11 24 78.849
11 25 59.971
11 26 2.110
11 27 2.392
11 28 71.225
11 29 35.537
11 30 74.213
11 31 44.909
11 32 25.146
11 33 10.252
11 34 98.760
11 35 89.597
11 36 88.576
11 37 26.973
11 38 93.504
11 39 73.003
11 40 28.225
11 41 71.936
11 42 32.558
11 43 37.050
11 44 86.595
11 45 90.508
11 46 54.289
11 47 48.244
11 48 6.138
11 49 57.593
11 50 59.796
11 51 50.412
11 52 19.364
11 53 20.340
11 54 53.424
11 55 15.319
11 56 87.839
11 57 9.357
11 58 81.121
11 59 66.934
12 13 22.691
12 14 83.915
12 15 42.497
12 16 7.181
12 17 34.591
12 18 36.472
12 19 88.067
12 20 63.646
12 21 42.145
12 22 32.336
12 23 64.441
12 24 13.074
12 25 14.176
12 26 1.399
12 27 37.112
12 28 8.351
12 29 33.630
12 30 30.625
12 31 3.019
12 32 51.267
12 33 48.633
12 34 28.312
12 35 3.201
12 36 8.504
12 37 19.703
12 38 44.167
12 39 59.629
12 40 64.094
12 41 81.207
12 42 32.822
12 43 89.700
12 44 38.048
12 45 9.836
12 46 42.669
12 47 96.894
12 48 77.857
12 49 33.230
12 50 96.753
12 51 96.733
12 52 47.289
12 53 17.832
12 54 7.953
12 55 13.479
12 56 95.188
12 57 46.619
12 58 36.787
12 59 74.847
13 14 85.888
13 15 34.591
13 16 56.921
13 17 39.597
13 18 12.447
13 19 32.708
13 20 40.825
13 21 15.962
13 22 94.046
13 23 39.432
13 24 16.010
13 25 67.649
13 26 79.713
13 27 73.115
13 28 70.877
13 29 58.572
13 30 41.964
13 31 58.176
13 32 8.477
13 33 57.456
13 34 45.979
13 35 43.340
13 36 56.313
13 37 9.125
13 38 22.653
13 39 1.187
13 40 40.828
13 41 80.539
13 42 57.098
13 43 54.803
13 44 26.313
13 45 6.554
13 46 28.172
13 47 39.583
13 48 99.736
13 49 92.888
13 50 99.083
13 51 36.023
13 52 55.326
13 53 81.912
13 54 64.375
13 55 2.815
13 56 95.757
13 57 50.692
13 58 4.320
13 59 98.648
14 15 20.381
14 16 90.048
14 17 84.241
14 18 5.811
14 19 15.190
14 20 8.465
14 21 63.283
14 22 59.024
14 23 94.073
14 24 15.301
14 25 44.867
14 26 38.903
14 27 66.394
14 28 64.031
14 29 9.329
14 30 11.019
14 31 22.051
14 32 78.140
14 33 18.207
14 34 78.730
14 35 31.906
14 36 39.817
14 37 69.147
14 38 70.808
14 39 58.839
14 40 94.725
14 41 10.625
14 42 3.316
14 43 62.671
14 44 14.915
14 45 96.435
14 46 39.300
14 47 60.812
14 48 66.326
14 49 71.350
14 50 19.538
14 51 75.725
14 52 47.350
14 53 31.400
14 54 52.946
14 55 60.167
14 56 0.565
14 57 94.901
14 58 36.182
14 59 41.654
15 16 51.030
15 17 53.638
15 18 18.588
15 19 68.702
15 20 91.422
15 21 47.575
15 22 40.783
15 23 73.154
15 24 16.803
15 25 20.984
15 26 53.097
15 27 85.241
15 28 9.971
15 29 73.059
15 30 63.463
15 31 51.033
15 32 92.104
15 33 11.916
15 34 73.464
15 35 5.539
15 36 82.794
15 37 57.255
15 38 35.968
15 39 48.963
15 40 58.622
15 41 14.069
15 42 8.073
15 43 58.471
15 44 60.015
15 45 57.395
15 46 79.095
15 47 43.328
15 48 72.452
15 49 26.468
15 50 24.847
15 51 17.365
15 52 99.931
15 53 25.519
15 54 76.736
15 55 19.488
15 56 56.177
15 57 68.025
15 58 96.975
15 59 60.283
16 17 22.166
16 18 81.401
16 19 19.712
16 20 10.788
16 21 57.348
16 22 9.909
16 23 51.920
16 24 78.085
16 25 6.328
16 26 14.997
16 27 27.631
16 28 31.637
16 29 12.793
16 30 74.340
16 31 74.413
16 32 54.114
16 33 38.097
16 34 23.491
16 35 81.946
16 36 90.997
16 37 83.228
16 38 67.411
16 39 59.139
16 40 64.310
16 41 29.714
16 42 13.021
16 43 28.438
16 44 97.594
16 45 47.615
16 46 38.492
16 47 33.806
16 48 71.605
16 49 66.821
16 50 20.169
16 51 32.308
16 52 93.188
16 53 71.716
16 54 83.811
16 55 98.320
16 56 13.405
16 57 58.596
16 58 33.272
16 59 94.099
17 18 75.233
17 19 90.304
17 20 36.781
17 21 50.751
17 22 6.003
17 23 93.151
17 24 18.663
17 25 59.639
17 26 95.248
17 27 67.482
17 28 12.658
17 29 95.801
17 30 14.741
17 31 25.134
17 32 81.888
17 33 82.209
17 34 44.230
17 35 24.556
17 36 0.103
17 37 56.480
17 38 63.760
17 39 47.493
17 40 19.004
17 41 20.150
17 42 61.440
17 43 49.929
17 44 17.225
17 45 34.683
17 46 84.148
17 47 24.354
17 48 38.017
17 49 78.092
17 50 27.882
17 51 30.453
17 52 74.688
17 53 91.388
17 54 24.340
17 55 86.965
17 56 55.555
17 57 25.033
17 58 30.816
17 59 68.705
18 19 13.462
18 20 42.153
18 21 71.571
18 22 19.669
18 23 98.832
18 24 47.450
18 25 10.623
18 26 75.636
18 27 9.782
18 28 88.644
18 29 58.230
18 30 87.840
18 31 68.006
18 32 20.654
18 33 26.346
18 34 53.043
18 35 64.915
18 36 31.877
18 37 51.932
18 38 84.751
18 39 38.990
18 40 6.595
18 41 1.253
18 42 5.317
18 43 22.290
18 44 37.879
18 45 53.145
18 46 99.326
18 47 11.806
18 48 11.317
18 49 34.733
18 50 44.932
18 51 79.590
18 52 51.483
18 53 49.189
18 54 31.714
18 55 34.552
18 56 60.258
18 57 91.859
18 58 81.108
18 59 88.365
19 20 78.948
19 21 98.448
19 22 8.665
19 23 58.064
19 24 74.617
19 25 6.950
19 26 6.116
19 27 58.767
19 28 85.110
19 29 43.609
19 30 75.631
19 31 1.352
19 32 56.971
19 33 62.450
19 34 18.682
19 35 11.956
19 36 75.775
19 37 77.768
19 38 67.568
19 39 32.888
19 40 19.362
19 41 29.466
19 42 48.918
19 43 47.782
19 44 61.042
19 45 12.230
19 46 85.382
19 47 97.818
19 48 12.038
19 49 81.283
19 50 74.267
19 51 20.306
19 52 20.276
19 53 19.818
19 54 29.972
19 55 46.188
19 56 36.078
19 57 16.183
19 58 40.892
19 59 38.743
20 21 14.419
20 22 52.539
20 23 70.827
20 24 42.250
20 25 48.073
20 26 50.906
20 27 29.963
20 28 36.403
20 29 16.355
20 30 57.419
20 31 51.128
20 32 59.932
20 33 90.091
20 34 71.070
20 35 33.311
20 36 75.212
20 37 55.025
20 38 39.344
20 39 56.306
20 40 94.550
20 41 3.119
20 42 49.890
20 43 27.884
20 44 78.386
20 45 93.988
20 46 44.730
20 47 98.016
20 48 45.843
20 49 7.184
20 50 71.507
20 51 63.470
20 52 8.838
20 53 90.155
20 54 64.856
20 55 90.469
20 56 52.400
20 57 56.355
20 58 20.276
20 59 3.136
21 22 35.901
21 23 3.370
21 24 82.678
21 25 21.090
21 26 82.566
21 27 1.840
21 28 22.325
21 29 80.831
21 30 57.938
21 31 52.562
21 32 11.967
21 33 42.436
21 34 11.902
21 35 21.365
21 36 50.719
21 37 65.620
21 38 73.417
21 39 39.159
21 40 2.587
21 41 37.350
21 42 42.276
21 43 98.052
21 44 30.557
21 45 46.985
21 46 18.038
21 47 83.476
21 48 10.739
21 49 34.281
21 50 42.665
21 51 56.994
21 52 5.333
21 53 80.660
21 54 10.483
21 55 44.778
21 56 58.020
21 57 74.741
21 58 16.744
21 59 92.722
22 23 50.884
22 24 59.446
22 25 74.363
22 26 20.709
22 27 28.090
22 28 59.845
22 29 27.344
22 30 45.786
22 31 48.250
22 32 98.462
22 33 28.952
22 34 46.814
22 35 74.815
22 36 27.882
22 37 32.854
22 38 11.631
22 39 51.790
22 40 49.279
22 41 66.279
22 42 41.832
22 43 40.683
22 44 39.881
22 45 15.641
22 46 89.992
22 47 13.864
22 48 82.403
22 49 57.149
22 50 69.482
22 51 9.332
22 52 75.120
22 53 7.577
22 54 7.990
22 55 52.417
22 56 2.545
22 57 53.692
22 58 12.433
22 59 41.026
23 24 63.524
23 25 42.744
23 26 75.158
23 27 72.798
23 28 86.143
23 29 80.993
23 30 79.171
23 31 64.893
23 32 6.919
23 33 92.393
23 34 53.569
23 35 80.127
23 36 55.582
23 37 35.399
23 38 89.453
23 39 26.765
23 40 66.087
23 41 62.238
23 42 51.297
23 43 43.559
23 44 29.570
23 45 32.076
23 46 9.070
23 47 16.436
23 48 15.569
23 49 57.169
23 50 72.401
23 51 98.758
23 52 14.114
23 53 69.389
23 54 29.600
23 55 23.185
23 56 93.188
23 57 43.449
23 58 81.630
23 59 99.906
24 25 23.569
24 26 2.692
24 27 13.873
24 28 93.365
24 29 96.225
24 30 63.489
24 31 67.070
24 32 57.596
24 33 46.184
24 34 45.101
24 35 52.840
24 36 88.915
24 37 1.210
24 38 83.261
24 39 8.914
24 40 23.913
24 41 93.626
24 42 37.822
24 43 4.555
24 44 70.604
24 45 9.282
24 46 77.443
24 47 87.575
24 48 11.042
24 49 98.917
24 50 57.632
24 51 10.967
24 52 54.836
24 53 44.074
24 54 82.368
24 55 89.341
24 56 54.741
24 57 52.247
24 58 54.066
24 59 13.233
25 26 17.860
25 27 54.065
25 28 71.854
25 29 92.766
25 30 58.982
25 31 89.112
25 32 33.904
25 33 11.251
25 34 46.189
25 35 96.361
25 36 35.993
25 37 44.019
25 38 83.113
25 39 70.224
25 40 35.536
25 41 38.107
25 42 57.080
25 43 3.859
25 44 67.979
25 45 54.367
25 46 57.861
25 47 17.663
25 48 60.774
25 49 45.164
25 50 37.886
25 51 62.742
25 52 89.053
25 53 78.030
25 54 41.488
25 55 96.708
25 56 56.697
25 57 18.468
25 58 78.117
25 59 52.260
26 27 66.644
26 28 53.572
26 29 52.464
26 30 57.805
26 31 65.106
26 32 72.188
26 33 93.032
26 34 23.750
26 35 5.778
26 36 17.068
26 37 39.941
26 38 78.129
26 39 82.163
26 40 89.798
26 41 62.599
26 42 20.855
26 43 18.844
26 44 20.222
26 45 78.396
26 46 67.190
26 47 95.795
26 48 8.691
26 49 34.640
26 50 67.876
26 51 3.783
26 52 11.653
26 53 97.745
26 54 25.932
26 55 93.444
26 56 68.938
26 57 65.999
26 58 78.235
26 59 85.791
27 28 64.554
27 29 85.265
27 30 73.791
27 31 57.737
27 32 71.891
27 33 0.554
27 34 59.987
27 35 2.599
27 36 58.919
27 37 20.658
27 38 83.146
27 39 92.651
27 40 19.337
27 41 7.908
27 42 20.330
27 43 38.420
27 44 51.541
27 45 30.572
27 46 85.635
27 47 47.762
27 48 28.897
27 49 31.576
27 50 96.085
27 51 36.644
27 52 91.993
27 53 73.915
27 54 39.779
27 55 33.147
27 56 46.384
27 57 20.514
27 58 62.075
27 59 46.340
28 29 67.791
28 30 94.296
28 31 74.363
28 32 42.515
28 33 0.820
28 34 42.794
28 35 94.380
28 36 82.665
28 37 86.936
28 38 0.910
28 39 47.043
28 40 27.159
28 41 72.808
28 42 5.282
28 43 90.402
28 44 6.245
28 45 31.046
28 46 64.196
28 47 82.615
28 48 88.288
28 49 71.974
28 50 28.115
28 51 72.703
28 52 51.613
28 53 37.276
28 54 37.605
28 55 80.408
28 56 80.336
28 57 44.168
28 58 47.836
28 59 28.568
29 30 59.775
29 31 92.238
29 32 41.799
29 33 5.252
29 34 42.809
29 35 54.145
29 36 47.995
29 37 62.240
29 38 94.990
29 39 46.108
29 40 72.614
29 41 1.479
29 42 3.265
29 43 14.411
29 44 41.048
29 45 61.796
29 46 50.834
29 47 80.141
29 48 19.105
29 49 94.397
29 50 18.984
29 51 55.945
29 52 50.386
29 53 7.593
29 54 75.637
29 55 85.782
29 56 3.017
29 57 68.708
29 58 49.937
29 59 61.511
30 31 66.324
30 32 74.261
30 33 72.355
30 34 38.589
30 35 75.990
30 36 38.307
30 37 80.590
30 38 7.238
30 39 74.868
30 40 3.179
30 41 52.977
30 42 75.161
30 43 35.855
30 44 46.928
30 45 33.169
30 46 83.195
30 47 83.101
30 48 47.394
30 49 52.521
30 50 6.278
30 51 48.310
30 52 64.078
30 53 39.921
30 54 88.651
30 55 90.001
30 56 15.943
30 57 32.718
30 58 24.460
30 59 85.344
31 32 65.722
31 33 66.978
31 34 22.730
31 35 76.539
31 36 69.513
31 37 30.444
31 38 89.142
31 39 16.709
31 40 14.168
31 41 7.390
31 42 16.156
31 43 13.866
31 44 44.411
31 45 30.998
31 46 97.669
31 47 15.782
31 48 76.608
31 49 85.906
31 50 74.803
31 51 13.425
31 52 6.789
31 53 71.285
31 54 75.316
31 55 66.136
31 56 46.760
31 57 43.082
31 58 30.738
31 59 67.821
32 33 64.068
32 34 2.994
32 35 42.541
32 36 80.164
32 37 59.071
32 38 91.300
32 39 21.474
32 40 56.268
32 41 85.537
32 42 70.843
32 43 42.662
32 44 66.058
32 45 9.942
32 46 60.260
32 47 43.132
32 48 13.450
32 49 9.056
32 50 85.976
32 51 38.171
32 52 4.501
32 53 25.403
32 54 74.546
32 55 48.205
32 56 85.612
32 57 35.832
32 58 99.583
32 59 8.888
33 34 21.376
33 35 39.723
33 36 30.824
33 37 83.648
33 38 22.725
33 39 40.214
33 40 6.821
33 41 10.148
33 42 67.836
33 43 74.384
33 44 67.258
33 45 89.970
33 46 80.540
33 47 46.460
33 48 36.124
33 49 74.240
33 50 44.050
33 51 31.877
33 52 42.726
33 53 7.063
33 54 31.362
33 55 49.435
33 56 3.970
33 57 63.283
33 58 27.970
33 59 43.789
34 35 68.409
34 36 57.440
34 37 7.384
34 38 81.187
34 39 40.183
34 40 6.764
34 41 95.425
34 42 37.607
34 43 59.332
34 44 2.605
34 45 25.385
34 46 50.356
34 47 13.854
34 48 81.917
34 49 42.890
34 50 11.719
34 51 98.433
34 52 93.252
34 53 66.645
34 54 6.369
34 55 14.961
34 56 20.162
34 57 49.253
34 58 33.045
34 59 30.746
35 36 58.999
35 37 10.892
35 38 5.376
35 39 71.755
35 40 47.809
35 41 37.895
35 42 96.764
35 43 30.265
35 44 8.350
35 45 48.108
35 46 79.878
35 47 8.997
35 48 94.212
35 49 25.431
35 50 12.580
35 51 7.078
35 52 34.606
35 53 17.027
35 54 38.999
35 55 77.132
35 56 25.601
35 57 68.429
35 58 6.992
35 59 47.339
36 37 48.407
36 38 44.159
36 39 51.363
36 40 7.461
36 41 87.772
36 42 44.432
36 43 56.008
36 44 3.669
36 45 82.629
36 46 82.148
36 47 87.512
36 48 73.401
36 49 65.857
36 50 28.620
36 51 87.768
36 52 78.544
36 53 40.323
36 54 71.317
36 55 23.840
36 56 62.911
36 57 94.363
36 58 52.440
36 59 19.519
37 38 68.274
37 39 81.406
37 40 73.208
37 41 34.980
37 42 92.157
37 43 75.689
37 44 55.516
37 45 18.401
37 46 60.125
37 47 68.807
37 48 49.956
37 49 26.603
37 50 15.496
37 51 90.329
37 52 67.195
37 53 0.501
37 54 0.188
37 55 19.772
37 56 88.327
37 57 85.582
37 58 11.861
37 59 6.951
38 39 79.028
38 40 7.615
38 41 74.544
38 42 33.028
38 43 92.235
38 44 49.473
38 45 52.617
38 46 25.573
38 47 94.535
38 48 26.185
38 49 71.334
38 50 87.509
38 51 92.581
38 52 22.266
38 53 80.976
38 54 12.019
38 55 67.574
38 56 37.854
38 57 16.288
38 58 33.352
38 59 48.234
39 40 88.364
39 41 58.038
39 42 6.877
39 43 65.641
39 44 16.105
39 45 99.301
39 46 20.864
39 47 36.982
39 48 1.734
39 49 55.550
39 50 17.145
39 51 19.430
39 52 8.413
39 53 34.636
39 54 38.154
39 55 60.288
39 56 52.189
39 57 0.448
39 58 23.790
39 59 44.987
40 41 68.397
40 42 22.331
40 43 53.154
40 44 10.667
40 45 35.758
40 46 1.265
40 47 63.391
40 48 49.778
40 49 27.393
40 50 3.376
40 51 80.707
40 52 75.529
40 53 81.084
40 54 11.486
40 55 67.105
40 56 58.997
40 57 19.921
40 58 26.266
40 59 20.444
41 42 76.293
41 43 8.822
41 44 9.926
41 45 65.136
41 46 23.462
41 47 2.492
41 48 67.473
41 49 36.150
41 50 66.628
41 51 25.967
41 52 3.206
41 53 89.911
41 54 95.395
41 55 30.210
41 56 73.447
41 57 72.305
41 58 38.625
41 59 82.091
42 43 80.412
42 44 36.175
42 45 83.447
42 46 80.618
42 47 16.697
42 48 28.537
42 49 10.740
42 50 39.418
42 51 75.005
42 52 61.213
42 53 23.270
42 54 39.250
42 55 83.559
42 56 37.649
42 57 96.338
42 58 33.710
42 59 14.074
43 44 33.377
43 45 24.979
43 46 86.332
43 47 36.195
43 48 17.960
43 49 76.654
43 50 27.899
43 51 59.997
43 52 62.150
43 53 83.833
43 54 49.089
43 55 16.438
43 56 95.640
43 57 27.016
43 58 85.433
43 59 74.594
44 45 67.935
44 46 65.447
44 47 9.118
44 48 84.026
44 49 17.751
44 50 70.144
44 51 15.285
44 52 60.849
44 53 74.771
44 54 1.886
44 55 79.267
44 56 6.829
44 57 1.693
44 58 55.358
44 59 65.572
45 46 62.286
45 47 34.190
45 48 59.951
45 49 89.484
45 50 45.638
45 51 91.765
45 52 87.527
45 53 67.743
45 54 25.061
45 55 13.402
45 56 67.991
45 57 46.085
45 58 1.089
45 59 18.536
46 47 54.582
46 48 58.288
46 49 52.864
46 50 6.032
46 51 12.575
46 52 53.891
46 53 15.310
46 54 81.736
46 55 27.419
46 56 29.921
46 57 9.702
46 58 48.586
46 59 41.339
47 48 15.694
47 49 45.858
47 50 2.363
47 51 31.034
47 52 89.192
47 53 50.646
47 54 50.880
47 55 33.355
47 56 48.503
47 57 54.538
47 58 14.718
47 59 10.696
48 49 22.476
48 50 85.605
48 51 73.602
48 52 23.326
48 53 81.014
48 54 78.668
48 55 94.060
48 56 42.006
48 57 97.295
48 58 6.231
48 59 11.241
49 50 90.960
49 51 21.775
49 52 77.378
49 53 40.597
49 54 58.660
49 55 50.929
49 56 31.005
49 57 63.563
49 58 51.832
49 59 12.481
50 51 70.517
50 52 65.505
50 53 96.748
50 54 43.265
50 55 48.609
50 56 3.848
50 57 11.071
50 58 5.864
50 59 12.743
51 52 49.685
51 53 79.409
51 54 75.841
51 55 64.637
51 56 77.091
51 57 66.200
51 58 32.626
51 59 70.386
52 53 70.956
52 54 90.688
52 55 4.030
52 56 81.742
52 57 86.369
52 58 70.459
52 59 46.869
53 54 93.647
53 55 20.394
53 56 12.402
53 57 94.330
53 58 68.287
53 59 50.570
54 55 92.923
54 56 64.477
54 57 1.721
54 58 53.509
54 59 22.857
55 56 3.698
55 57 95.585
55 58 41.705
55 59 36.776
56 57 33.898
56 58 23.415
56 59 46.982
57 58 81.240
57 59 82.900
58 59 48.794
