10 2 ss 5 5 5 5 
0 1 96.658
0 2 74.068
0 3 52.451
0 4 11.428
0 5 80.167
0 6 51.012
0 7 54.147
0 8 18.529
0 9 82.600
1 2 92.689
1 3 34.694
1 4 87.619
1 5 55.836
1 6 40.608
1 7 89.956
1 8 70.372
1 9 33.748
2 3 51.791
2 4 38.144
2 5 88.963
2 6 92.243
2 7 77.483
2 8 21.396
2 9 11.257
3 4 77.762
3 5 80.118
3 6 23.446
3 7 7.169
3 8 4.994
3 9 13.621
4 5 96.768
4 6 62.096
4 7 79.351
4 8 94.596
4 9 98.937
5 6 39.869
5 7 82.669
5 8 47.510
5 9 22.403
6 7 7.287
6 8 71.605
6 9 15.666
7 8 64.496
7 9 55.045
8 9 77.400
