60 6 ds 9 12 9 13 8 11 8 14 9 10 8 14 
0 1 62.314
0 2 75.210
0 3 80.781
0 4 2.467
0 5 58.237
0 6 28.839
0 7 11.684
0 8 40.200
0 9 9.981
0 10 12.175
0 11 55.772
0 12 48.810
0 13 41.351
0 14 69.345
0 15 20.237
0 16 65.319
0 17 48.497
0 18 27.706
0 19 50.107
0 20 21.483
0 21 62.789
0 22 58.807
0 23 33.820
0 24 95.303
0 25 88.642
0 26 83.458
0 27 63.511
0 28 56.835
0 29 21.835
0 30 65.927
0 31 2.648
0 32 25.808
0 33 39.476
0 34 84.934
0 35 44.642
0 36 59.052
0 37 54.087
0 38 52.452
0 39 42.620
0 40 76.877
0 41 41.133
0 42 75.202
0 43 52.745
0 44 19.240
0 45 81.864
0 46 18.326
0 47 61.329
0 48 94.943
0 49 11.467
0 50 35.870
0 51 59.425
0 52 50.061
0 53 26.320
0 54 78.512
0 55 87.654
0 56 35.431
0 57 83.492
0 58 75.405
0 59 98.754
1 2 97.262
1 3 20.708
1 4 14.061
1 5 75.663
1 6 49.792
1 7 35.583
1 8 9.848
1 9 98.886
1 10 14.411
1 11 89.253
1 12 65.014
1 13 78.510
1 14 25.775
1 15 41.382
1 16 66.038
1 17 53.410
1 18 12.177
1 19 81.079
1 20 57.701
1 21 13.038
1 22 54.800
1 23 91.368
1 24 62.394
1 25 15.633
1 26 18.485
1 27 73.660
1 28 84.033
1 29 60.789
1 30 25.222
1 31 63.041
1 32 47.347
1 33 23.995
1 34 10.861
1 35 85.226
1 36 75.349
1 37 76.129
1 38 65.345
1 39 41.670
1 40 0.506
1 41 91.819
1 42 7.314
1 43 60.592
1 44 38.403
1 45 97.176
1 46 84.995
1 47 18.568
1 48 26.614
1 49 19.608
1 50 27.062
1 51 19.865
1 52 46.075
1 53 80.259
1 54 89.492
1 55 18.835
1 56 97.397
1 57 13.077
1 58 57.451
1 59 84.464
2 3 0.374
2 4 3.584
2 5 64.839
2 6 35.534
2 7 21.370
2 8 15.142
2 9 88.375
2 10 19.933
2 11 10.310
2 12 10.834
2 13 57.961
2 14 72.236
2 15 46.679
2 16 85.044
2 17 0.545
2 18 59.975
2 19 52.233
2 20 90.384
2 21 0.831
2 22 20.918
2 23 27.063
2 24 82.843
2 25 18.916
2 26 1.175
2 27 5.184
2 28 10.857
2 29 52.287
2 30 27.122
2 31 6.009
2 32 42.453
2 33 67.618
2 34 82.860
2 35 78.872
2 36 58.705
2 37 56.400
2 38 19.377
2 39 99.179
2 40 41.447
2 41 87.702
2 42 91.551
2 43 76.824
2 44 48.526
2 45 41.190
2 46 4.800
2 47 80.187
2 48 0.815
2 49 4.046
2 50 54.460
2 51 62.309
2 52 1.822
2 53 6.543
2 54 57.843
2 55 99.810
2 56 72.896
2 57 52.735
2 58 11.479
2 59 19.602
3 4 14.900
3 5 75.143
3 6 54.148
3 7 93.700
3 8 0.668
3 9 5.247
3 10 80.129
3 11 28.165
3 12 61.614
3 13 5.249
3 14 26.442
3 15 58.685
3 16 56.625
3 17 50.785
3 18 52.902
3 19 92.335
3 20 1.655
3 21 89.151
3 22 44.448
3 23 2.731
3 24 94.409
3 25 23.062
3 26 91.467
3 27 94.087
3 28 90.099
3 29 86.125
3 30 45.746
3 31 98.647
3 32 71.439
3 33 82.884
3 34 7.184
3 35 61.446
3 36 8.903
3 37 63.724
3 38 69.553
3 39 96.610
3 40 25.706
3 41 92.851
3 42 42.378
3 43 70.139
3 44 66.059
3 45 46.224
3 46 70.358
3 47 75.585
3 48 14.960
3 49 45.511
3 50 91.834
3 51 21.062
3 52 33.108
3 53 94.059
3 54 13.384
3 55 38.725
3 56 51.483
3 57 31.284
3 58 28.958
3 59 61.127
4 5 16.726
4 6 63.076
4 7 78.814
4 8 82.820
4 9 90.651
4 10 57.494
4 11 26.061
4 12 40.085
4 13 85.062
4 14 17.423
4 15 26.747
4 16 96.884
4 17 56.489
4 18 54.836
4 19 83.215
4 20 20.893
4 21 94.561
4 22 94.925
4 23 99.822
4 24 69.944
4 25 12.424
4 26 32.602
4 27 5.149
4 28 86.202
4 29 87.950
4 30 48.740
4 31 65.485
4 32 13.128
4 33 10.439
4 34 68.993
4 35 90.610
4 36 8.553
4 37 59.105
4 38 14.166
4 39 24.825
4 40 26.110
4 41 76.825
4 42 47.852
4 43 23.673
4 44 76.850
4 45 5.493
4 46 74.381
4 47 39.958
4 48 63.004
4 49 17.741
4 50 78.146
4 51 81.430
4 52 96.692
4 53 13.903
4 54 23.986
4 55 56.894
4 56 77.779
4 57 52.789
4 58 57.511
4 59 97.528
5 6 7.141
5 7 50.160
5 8 54.153
5 9 25.847
5 10 54.278
5 11 9.790
5 12 66.207
5 13 45.991
5 14 81.509
5 15 48.520
5 16 8.210
5 17 45.946
5 18 50.914
5 19 38.986
5 20 2.801
5 21 34.799
5 22 4.733
5 23 21.471
5 24 81.502
5 25 86.288
5 26 15.119
5 27 29.852
5 28 97.909
5 29 23.664
5 30 44.923
5 31 35.618
5 32 64.346
5 33 60.297
5 34 47.636
5 35 38.735
5 36 67.316
5 37 5.454
5 38 61.658
5 39 24.369
5 40 51.907
5 41 55.337
5 42 21.719
5 43 60.518
5 44 90.824
5 45 15.735
5 46 18.617
5 47 33.125
5 48 69.836
5 49 44.534
5 50 87.326
5 51 2.503
5 52 28.130
5 53 59.861
5 54 93.102
5 55 17.671
5 56 89.481
5 57 32.759
5 58 15.379
5 59 43.739
6 7 8.079
6 8 72.088
6 9 0.055
6 10 41.476
6 11 31.512
6 12 13.723
6 13 62.180
6 14 87.973
6 15 52.617
6 16 46.142
6 17 73.135
6 18 42.602
6 19 81.781
6 20 40.146
6 21 59.039
6 22 43.442
6 23 21.768
6 24 1.719
6 25 70.433
6 26 65.931
6 27 68.251
6 28 33.939
6 29 57.222
6 30 87.703
6 31 90.970
6 32 76.348
6 33 97.403
6 34 81.401
6 35 72.814
6 36 88.366
6 37 83.267
6 38 0.714
6 39 97.083
6 40 57.080
6 41 64.596
6 42 33.974
6 43 76.835
6 44 39.129
6 45 84.768
6 46 74.350
6 47 14.425
6 48 91.463
6 49 22.761
6 50 96.012
6 51 64.247
6 52 6.337
6 53 71.698
6 54 31.579
6 55 47.132
6 56 42.241
6 57 42.903
6 58 17.791
6 59 31.016
7 8 34.302
7 9 83.341
7 10 13.483
7 11 49.189
7 12 75.242
7 13 33.870
7 14 96.843
7 15 74.824
7 16 81.129
7 17 35.928
7 18 17.341
7 19 8.467
7 20 94.898
7 21 15.047
7 22 11.823
7 23 63.779
7 24 35.041
7 25 31.039
7 26 93.967
7 27 56.065
7 28 66.868
7 29 86.740
7 30 91.619
7 31 7.985
7 32 59.397
7 33 29.860
7 34 37.510
7 35 87.320
7 36 92.190
7 37 65.823
7 38 15.397
7 39 82.813
7 40 93.356
7 41 23.364
7 42 25.925
7 43 5.788
7 44 22.445
7 45 79.230
7 46 64.293
7 47 77.681
7 48 60.140
7 49 53.504
7 50 95.305
7 51 26.534
7 52 30.359
7 53 32.861
7 54 70.439
7 55 69.185
7 56 59.851
7 57 65.491
7 58 56.287
7 59 0.061
8 9 75.316
8 10 98.499
8 11 34.052
8 12 42.404
8 13 48.788
8 14 96.229
8 15 85.738
8 16 43.199
8 17 28.228
8 18 86.295
8 19 4.261
8 20 9.213
8 21 32.229
8 22 29.001
8 23 51.906
8 24 88.292
8 25 45.207
8 26 95.411
8 27 44.394
8 28 97.414
8 29 22.618
8 30 69.467
8 31 56.270
8 32 86.996
8 33 4.512
8 34 60.401
8 35 27.427
8 36 9.547
8 37 40.121
8 38 23.064
8 39 0.257
8 40 30.037
8 41 46.201
8 42 35.894
8 43 32.283
8 44 75.165
8 45 57.497
8 46 78.877
8 47 10.055
8 48 69.236
8 49 78.959
8 50 87.180
8 51 36.703
8 52 45.448
8 53 16.243
8 54 30.070
8 55 77.716
8 56 53.146
8 57 43.544
8 58 79.250
8 59 27.382
9 10 3.942
9 11 65.956
9 12 85.949
9 13 1.748
9 14 12.613
9 15 47.314
9 16 81.895
9 17 73.073
9 18 92.278
9 19 3.883
9 20 55.724
9 21 35.412
9 22 57.609
9 23 9.273
9 24 33.419
9 25 31.366
9 26 74.695
9 27 16.588
9 28 9.076
9 29 75.907
9 30 71.647
9 31 80.113
9 32 30.562
9 33 84.845
9 34 90.181
9 35 50.715
9 36 43.580
9 37 52.666
9 38 15.111
9 39 26.674
9 40 37.198
9 41 27.316
9 42 66.081
9 43 64.776
9 44 14.071
9 45 97.958
9 46 73.841
9 47 95.307
9 48 29.394
9 49 45.829
9 50 91.981
9 51 38.940
9 52 4.042
9 53 7.995
9 54 14.282
9 55 93.569
9 56 19.409
9 57 69.179
9 58 77.708
9 59 44.752
10 11 44.135
10 12 27.752
10 13 31.538
10 14 54.714
10 15 26.200
10 16 78.594
10 17 44.272
10 18 1.758
10 19 7.810
10 20 17.707
10 21 1.658
10 22 74.433
10 23 85.027
10 24 1.322
10 25 21.575
10 26 72.976
10 27 39.283
10 28 85.690
10 29 74.476
10 30 34.295
10 31 13.730
10 32 32.805
10 33 51.717
10 34 76.166
10 35 93.780
10 36 92.065
10 37 68.340
10 38 51.335
10 39 78.252
10 40 58.155
10 41 21.728
10 42 12.856
10 43 95.224
10 44 61.429
10 45 53.054
10 46 18.262
10 47 24.986
10 48 68.634
10 49 74.550
10 50 42.082
10 51 41.398
10 52 59.038
10 53 32.360
10 54 23.709
10 55 72.540
10 56 93.831
10 57 72.108
10 58 50.782
10 59 11.689
11 12 15.169
11 13 62.296
11 14 67.015
11 15 80.471
11 16 95.255
11 17 9.277
11 18 97.806
11 19 57.469
11 20 5.616
11 21 66.746
11 22 6.955
11 23 37.590
11 24 92.030
11 25 2.606
11 26 33.498
11 27 80.214
11 28 21.516
11 29 36.520
11 30 8.904
11 31 37.404
11 32 14.411
11 33 2.584
11 34 21.795
11 35 27.416
11 36 86.722
11 37 23.291
11 38 79.863
11 39 33.275
11 40 5.814
11 41 3.324
11 42 16.799
11 43 61.381
11 44 5.920
11 45 64.709
11 46 5.819
11 47 90.879
11 48 19.065
11 49 48.449
11 50 70.780
11 51 80.993
11 52 51.685
11 53 2.031
11 54 30.873
11 55 80.534
11 56 77.571
11 57 57.037
11 58 75.554
11 59 1.504
12 13 23.697
12 14 76.586
12 15 42.612
12 16 76.984
12 17 97.123
12 18 18.449
12 19 64.202
12 20 22.454
12 21 38.301
12 22 16.415
12 23 53.156
12 24 59.213
12 25 89.022
12 26 29.853
12 27 25.063
12 28 38.774
12 29 31.627
12 30 49.394
12 31 90.345
12 32 27.868
12 33 90.241
12 34 75.287
12 35 4.980
12 36 75.170
12 37 84.469
12 38 4.192
12 39 38.523
12 40 82.863
12 41 91.322
12 42 70.086
12 43 3.731
12 44 48.855
12 45 2.125
12 46 85.374
12 47 93.361
12 48 28.762
12 49 57.708
12 50 19.498
12 51 86.607
12 52 90.705
12 53 7.405
12 54 33.987
12 55 20.173
12 56 0.486
12 57 65.225
12 58 65.322
12 59 67.088
13 14 79.933
13 15 30.000
13 16 9.950
13 17 30.194
13 18 26.958
13 19 95.402
13 20 19.384
13 21 36.574
13 22 72.337
13 23 0.435
13 24 57.588
13 25 14.252
13 26 75.237
13 27 61.339
13 28 7.700
13 29 43.117
13 30 27.220
13 31 81.783
13 32 40.619
13 33 98.298
13 34 42.734
13 35 59.833
13 36 74.131
13 37 46.117
13 38 63.044
13 39 97.367
13 40 57.940
13 41 10.253
13 42 90.082
13 43 70.450
13 44 17.380
13 45 98.923
13 46 96.909
13 47 37.638
13 48 76.537
13 49 72.608
13 50 32.237
13 51 47.259
13 52 60.141
13 53 36.303
13 54 47.928
13 55 54.437
13 56 42.831
13 57 60.244
13 58 30.400
13 59 73.929
14 15 74.233
14 16 68.729
14 17 9.580
14 18 75.849
14 19 58.815
14 20 87.926
14 21 52.317
14 22 77.881
14 23 10.563
14 24 10.435
14 25 21.110
14 26 99.839
14 27 34.288
14 28 16.912
14 29 93.553
14 30 24.218
14 31 7.717
14 32 93.196
14 33 93.068
14 34 49.888
14 35 51.519
14 36 95.142
14 37 77.314
14 38 35.114
14 39 78.031
14 40 42.787
14 41 67.059
14 42 0.826
14 43 3.680
14 44 70.452
14 45 75.390
14 46 5.388
14 47 94.965
14 48 20.071
14 49 14.772
14 50 8.059
14 51 93.362
14 52 41.274
14 53 17.801
14 54 9.941
14 55 30.597
14 56 53.669
14 57 6.390
14 58 98.400
14 59 2.513
15 16 34.269
15 17 83.723
15 18 23.783
15 19 17.079
15 20 16.169
15 21 3.427
15 22 5.716
15 23 70.114
15 24 23.344
15 25 91.276
15 26 0.340
15 27 30.877
15 28 20.820
15 29 56.107
15 30 59.566
15 31 38.939
15 32 29.518
15 33 28.743
15 34 78.738
15 35 23.618
15 36 40.677
15 37 10.324
15 38 60.070
15 39 57.706
15 40 66.075
15 41 94.810
15 42 15.793
15 43 48.390
15 44 77.128
15 45 54.299
15 46 97.176
15 47 49.963
15 48 18.469
15 49 40.394
15 50 63.373
15 51 55.296
15 52 29.788
15 53 59.983
15 54 97.562
15 55 86.036
15 56 73.426
15 57 29.647
15 58 36.872
15 59 55.113
16 17 44.676
16 18 99.296
16 19 7.345
16 20 19.352
16 21 36.701
16 22 62.703
16 23 45.470
16 24 74.879
16 25 42.665
16 26 40.284
16 27 43.824
16 28 73.486
16 29 3.942
16 30 27.758
16 31 79.901
16 32 54.225
16 33 55.124
16 34 53.265
16 35 74.446
16 36 91.249
16 37 74.117
16 38 75.054
16 39 78.423
16 40 56.292
16 41 18.732
16 42 82.044
16 43 6.209
16 44 82.136
16 45 19.945
16 46 30.346
16 47 16.698
16 48 92.062
16 49 6.406
16 50 60.276
16 51 93.688
16 52 29.492
16 53 54.802
16 54 90.428
16 55 92.275
16 56 81.918
16 57 96.291
16 58 78.054
16 59 98.910
17 18 43.681
17 19 60.543
17 20 68.306
17 21 99.396
17 22 3.277
17 23 5.772
17 24 28.805
17 25 61.262
17 26 72.632
17 27 65.694
17 28 80.582
17 29 14.818
17 30 98.112
17 31 42.468
17 32 91.564
17 33 60.645
17 34 6.053
17 35 88.474
17 36 94.639
17 37 40.343
17 38 39.198
17 39 49.141
17 40 28.706
17 41 82.075
17 42 34.660
17 43 84.091
17 44 78.195
17 45 72.788
17 46 78.908
17 47 44.492
17 48 4.223
17 49 14.930
17 50 50.748
17 51 60.775
17 52 18.817
17 53 97.071
17 54 29.389
17 55 86.793
17 56 52.616
17 57 45.056
17 58 1.427
17 59 53.988
18 19 5.957
18 20 23.127
18 21 47.938
18 22 12.296
18 23 53.474
18 24 22.924
18 25 30.852
18 26 73.281
18 27 93.102
18 28 12.359
18 29 26.420
18 30 25.390
18 31 91.836
18 32 16.046
18 33 72.780
18 34 61.234
18 35 82.613
18 36 64.325
18 37 8.545
18 38 42.446
18 39 9.397
18 40 78.857
18 41 79.774
18 42 28.946
18 43 0.818
18 44 59.361
18 45 83.834
18 46 16.313
18 47 76.647
18 48 98.259
18 49 0.390
18 50 57.522
18 51 55.964
18 52 77.846
18 53 32.108
18 54 93.405
18 55 41.013
18 56 98.032
18 57 40.675
18 58 80.004
18 59 96.575
19 20 41.816
19 21 17.321
19 22 80.345
19 23 31.090
19 24 10.324
19 25 71.291
19 26 83.212
19 27 12.820
19 28 49.621
19 29 54.565
19 30 22.116
19 31 22.032
19 32 47.406
19 33 66.613
19 34 93.943
19 35 48.451
19 36 99.338
19 37 99.090
19 38 18.664
19 39 92.190
19 40 31.910
19 41 87.116
19 42 38.973
19 43 15.902
19 44 21.633
19 45 31.139
19 46 31.920
19 47 26.062
19 48 68.750
19 49 41.379
19 50 93.325
19 51 32.118
19 52 67.784
19 53 35.455
19 54 60.179
19 55 43.645
19 56 66.920
19 57 89.042
19 58 56.257
19 59 17.701
20 21 23.566
20 22 99.268
20 23 81.801
20 24 61.265
20 25 44.388
20 26 71.039
20 27 19.414
20 28 26.934
20 29 44.696
20 30 77.607
20 31 95.184
20 32 13.956
20 33 74.272
20 34 78.433
20 35 16.604
20 36 1.289
20 37 34.547
20 38 99.742
20 39 6.956
20 40 94.473
20 41 55.514
20 42 96.186
20 43 69.649
20 44 63.971
20 45 9.828
20 46 15.610
20 47 45.347
20 48 89.018
20 49 16.251
20 50 83.189
20 51 69.769
20 52 98.086
20 53 24.948
20 54 6.034
20 55 0.693
20 56 14.749
20 57 83.082
20 58 74.883
20 59 58.938
21 22 76.016
21 23 50.742
21 24 5.578
21 25 20.020
21 26 89.160
21 27 74.444
21 28 19.796
21 29 0.685
21 30 32.573
21 31 28.286
21 32 11.845
21 33 7.665
21 34 86.405
21 35 1.284
21 36 86.323
21 37 54.778
21 38 99.508
21 39 43.492
21 40 80.075
21 41 8.886
21 42 60.642
21 43 83.251
21 44 1.085
21 45 95.246
21 46 43.965
21 47 93.186
21 48 26.843
21 49 78.420
21 50 41.479
21 51 13.594
21 52 5.181
21 53 36.207
21 54 78.438
21 55 38.380
21 56 91.705
21 57 60.927
21 58 31.602
21 59 30.974
22 23 39.683
22 24 54.924
22 25 34.834
22 26 65.428
22 27 30.611
22 28 35.291
22 29 61.653
22 30 81.401
22 31 96.673
22 32 26.584
22 33 20.197
22 34 0.789
22 35 39.911
22 36 99.720
22 37 82.454
22 38 78.486
22 39 97.179
22 40 10.211
22 41 96.687
22 42 50.074
22 43 34.795
22 44 99.602
22 45 99.633
22 46 95.217
22 47 82.319
22 48 50.197
22 49 53.383
22 50 57.102
22 51 30.975
22 52 25.069
22 53 80.748
22 54 45.474
22 55 28.986
22 56 82.889
22 57 62.494
22 58 3.665
22 59 3.457
23 24 30.217
23 25 89.980
23 26 38.457
23 27 26.410
23 28 62.692
23 29 37.554
23 30 95.689
23 31 21.220
23 32 50.954
23 33 30.473
23 34 14.266
23 35 74.909
23 36 47.133
23 37 36.174
23 38 6.512
23 39 81.630
23 40 23.400
23 41 99.395
23 42 93.804
23 43 93.175
23 44 5.346
23 45 74.940
23 46 72.978
23 47 93.423
23 48 29.820
23 49 85.816
23 50 1.230
23 51 45.412
23 52 39.433
23 53 49.026
23 54 65.044
23 55 82.077
23 56 24.019
23 57 66.452
23 58 42.151
23 59 24.653
24 25 33.148
24 26 74.103
24 27 74.606
24 28 16.415
24 29 13.181
24 30 79.381
24 31 45.759
24 32 53.595
24 33 67.356
24 34 93.123
24 35 94.252
24 36 80.249
24 37 98.067
24 38 80.793
24 39 4.120
24 40 89.268
24 41 66.729
24 42 15.556
24 43 81.641
24 44 37.904
24 45 98.565
24 46 14.852
24 47 66.821
24 48 42.870
24 49 67.124
24 50 81.654
24 51 30.204
24 52 67.455
24 53 16.515
24 54 51.766
24 55 74.159
24 56 51.105
24 57 18.100
24 58 69.330
24 59 91.889
25 26 60.487
25 27 12.778
25 28 74.112
25 29 37.103
25 30 60.337
25 31 60.027
25 32 86.217
25 33 22.633
25 34 12.228
25 35 0.497
25 36 16.527
25 37 97.214
25 38 9.896
25 39 40.235
25 40 14.496
25 41 46.275
25 42 50.866
25 43 81.501
25 44 88.818
25 45 24.724
25 46 25.870
25 47 57.665
25 48 1.068
25 49 57.615
25 50 79.892
25 51 77.815
25 52 37.585
25 53 37.991
25 54 61.698
25 55 50.470
25 56 10.643
25 57 10.307
25 58 32.278
25 59 35.212
26 27 26.426
26 28 52.523
26 29 46.903
26 30 66.016
26 31 84.328
26 32 60.315
26 33 60.343
26 34 0.779
26 35 39.806
26 36 92.778
26 37 30.286
26 38 77.740
26 39 71.300
26 40 60.608
26 41 10.114
26 42 1.437
26 43 40.669
26 44 24.936
26 45 28.917
26 46 38.327
26 47 26.128
26 48 27.817
26 49 54.020
26 50 75.373
26 51 36.869
26 52 93.861
26 53 19.240
26 54 83.635
26 55 89.327
26 56 26.541
26 57 80.750
26 58 33.334
26 59 36.494
27 28 72.439
27 29 31.633
27 30 26.846
27 31 93.728
27 32 42.026
27 33 66.089
27 34 51.746
27 35 97.175
27 36 56.510
27 37 34.738
27 38 7.288
27 39 64.238
27 40 36.896
27 41 73.580
27 42 24.595
27 43 99.440
27 44 63.581
27 45 20.905
27 46 83.368
27 47 3.568
27 48 12.656
27 49 58.824
27 50 26.038
27 51 99.207
27 52 18.544
27 53 29.057
27 54 84.095
27 55 81.501
27 56 21.669
27 57 76.251
27 58 60.687
27 59 39.482
28 29 34.583
28 30 66.324
28 31 58.619
28 32 70.293
28 33 0.292
28 34 12.196
28 35 3.527
28 36 26.349
28 37 22.479
28 38 14.767
28 39 88.259
28 40 93.769
28 41 18.910
28 42 93.099
28 43 56.412
28 44 99.322
28 45 86.526
28 46 34.512
28 47 50.463
28 48 82.708
28 49 69.527
28 50 42.661
28 51 73.106
28 52 51.149
28 53 90.244
28 54 99.639
28 55 49.158
28 56 54.078
28 57 36.655
28 58 86.790
28 59 29.802
29 30 77.132
29 31 0.110
29 32 28.133
29 33 50.939
29 34 56.711
29 35 22.182
29 36 30.153
29 37 43.094
29 38 59.046
29 39 40.489
29 40 92.248
29 41 91.552
29 42 50.996
29 43 19.930
29 44 53.170
29 45 62.338
29 46 13.751
29 47 17.994
29 48 20.594
29 49 42.127
29 50 15.158
29 51 60.604
29 52 3.280
29 53 88.366
29 54 61.540
29 55 98.455
29 56 28.283
29 57 49.608
29 58 95.718
29 59 72.839
30 31 79.303
30 32 95.499
30 33 94.340
30 34 44.713
30 35 36.463
30 36 90.840
30 37 44.692
30 38 31.040
30 39 32.723
30 40 58.818
30 41 48.819
30 42 48.439
30 43 67.562
30 44 4.758
30 45 11.124
30 46 85.728
30 47 34.730
30 48 13.639
30 49 14.484
30 50 14.177
30 51 27.578
30 52 92.144
30 53 79.524
30 54 97.088
30 55 82.840
30 56 99.156
30 57 31.846
30 58 78.823
30 59 11.741
31 32 97.385
31 33 72.786
31 34 17.425
31 35 45.921
31 36 63.191
31 37 60.746
31 38 74.738
31 39 94.866
31 40 11.710
31 41 62.168
31 42 93.229
31 43 71.467
31 44 30.017
31 45 23.886
31 46 69.690
31 47 92.740
31 48 62.335
31 49 51.921
31 50 82.560
31 51 3.926
31 52 58.199
31 53 55.683
31 54 41.849
31 55 5.862
31 56 76.989
31 57 31.121
31 58 8.438
31 59 87.931
32 33 40.412
32 34 11.495
32 35 73.013
32 36 81.860
32 37 38.259
32 38 10.311
32 39 93.965
32 40 55.244
32 41 22.181
32 42 17.308
32 43 68.291
32 44 57.931
32 45 67.219
32 46 85.507
32 47 49.866
32 48 19.259
32 49 41.506
32 50 64.962
32 51 35.426
32 52 69.609
32 53 0.784
32 54 97.166
32 55 10.150
32 56 25.878
32 57 16.317
32 58 83.001
32 59 81.980
33 34 37.201
33 35 52.257
33 36 76.671
33 37 36.611
33 38 34.594
33 39 31.717
33 40 38.201
33 41 13.569
33 42 66.229
33 43 69.508
33 44 97.942
33 45 37.855
33 46 28.608
33 47 3.965
33 48 47.888
33 49 41.357
33 50 23.183
33 51 30.243
33 52 76.718
33 53 73.560
33 54 77.811
33 55 23.150
33 56 8.096
33 57 32.017
33 58 72.931
33 59 38.827
34 35 85.114
34 36 39.683
34 37 3.454
34 38 1.510
34 39 67.657
34 40 58.350
34 41 89.110
34 42 14.088
34 43 74.018
34 44 55.305
34 45 18.339
34 46 79.354
34 47 3.301
34 48 33.779
34 49 73.824
34 50 82.589
34 51 20.904
34 52 96.815
34 53 41.354
34 54 65.532
34 55 75.836
34 56 38.914
34 57 47.973
34 58 16.792
34 59 45.654
35 36 50.151
35 37 10.187
35 38 14.413
35 39 72.495
35 40 73.384
35 41 98.555
35 42 82.579
35 43 61.952
35 44 76.791
35 45 41.037
35 46 66.315
35 47 65.522
35 48 91.158
35 49 94.254
35 50 85.590
35 51 56.831
35 52 14.189
35 53 9.166
35 54 3.357
35 55 42.084
35 56 2.538
35 57 5.650
35 58 30.821
35 59 15.957
36 37 56.383
36 38 49.100
36 39 97.667
36 40 85.566
36 41 51.040
36 42 91.376
36 43 34.931
36 44 37.227
36 45 85.451
36 46 98.325
36 47 53.910
36 48 13.363
36 49 98.362
36 50 36.556
36 51 55.727
36 52 0.252
36 53 49.539
36 54 33.294
36 55 73.087
36 56 1.203
36 57 75.642
36 58 54.843
36 59 28.270
37 38 84.311
37 39 8.148
37 40 71.582
37 41 89.559
37 42 49.125
37 43 84.210
37 44 90.390
37 45 22.054
37 46 52.350
37 47 90.403
37 48 39.007
37 49 58.246
37 50 69.145
37 51 54.031
37 52 81.087
37 53 58.711
37 54 43.606
37 55 36.979
37 56 25.558
37 57 93.956
37 58 99.729
37 59 93.061
38 39 69.384
38 40 54.705
38 41 42.431
38 42 21.418
38 43 78.949
38 44 89.802
38 45 77.120
38 46 85.687
38 47 72.026
38 48 78.455
38 49 15.902
38 50 71.520
38 51 9.623
38 52 66.646
38 53 18.617
38 54 23.493
38 55 45.044
38 56 36.348
38 57 37.783
38 58 36.509
38 59 6.050
39 40 30.544
39 41 97.870
39 42 76.516
39 43 5.310
39 44 27.093
39 45 41.431
39 46 70.697
39 47 84.132
39 48 40.121
39 49 17.283
39 50 38.232
39 51 95.002
39 52 28.869
39 53 69.207
39 54 29.332
39 55 19.549
39 56 10.857
39 57 7.593
39 58 2.441
39 59 0.288
40 41 8.719
40 42 10.990
40 43 97.330
40 44 36.875
40 45 8.207
40 46 9.701
40 47 55.282
40 48 60.578
40 49 68.649
40 50 49.358
40 51 96.617
40 52 54.291
40 53 6.530
40 54 18.850
40 55 90.565
40 56 29.658
40 57 67.873
40 58 54.017
40 59 42.756
41 42 7.724
41 43 15.775
41 44 96.202
41 45 81.629
41 46 75.038
41 47 85.673
41 48 93.057
41 49 46.581
41 50 3.233
41 51 2.871
41 52 77.918
41 53 67.925
41 54 26.842
41 55 14.312
41 56 53.620
41 57 81.535
41 58 71.487
41 59 59.782
42 43 36.802
42 44 39.531
42 45 12.566
42 46 96.464
42 47 89.541
42 48 62.415
42 49 23.143
42 50 95.172
42 51 76.594
42 52 27.806
42 53 39.043
42 54 46.609
42 55 38.562
42 56 6.227
42 57 28.964
42 58 51.642
42 59 63.988
43 44 35.374
43 45 7.925
43 46 20.846
43 47 76.675
43 48 70.858
43 49 73.507
43 50 75.485
43 51 28.457
43 52 63.651
43 53 76.024
43 54 24.581
43 55 2.195
43 56 92.256
43 57 56.200
43 58 90.917
43 59 84.955
44 45 21.118
44 46 96.836
44 47 72.537
44 48 67.116
44 49 65.844
44 50 38.641
44 51 55.735
44 52 59.584
44 53 20.536
44 54 4.575
44 55 40.545
44 56 98.352
44 57 42.843
44 58 61.953
44 59 0.351
45 46 23.296
45 47 98.315
45 48 27.047
45 49 73.566
45 50 76.425
45 51 37.229
45 52 83.006
45 53 77.162
45 54 63.713
45 55 14.232
45 56 38.691
45 57 39.399
45 58 64.187
45 59 64.022
46 47 3.356
46 48 72.212
46 49 50.143
46 50 14.707
46 51 90.114
46 52 42.523
46 53 3.142
46 54 54.595
46 55 89.717
46 56 56.083
46 57 71.865
46 58 67.838
46 59 75.452
47 48 37.537
47 49 19.971
47 50 19.734
47 51 9.785
47 52 75.985
47 53 54.768
47 54 3.398
47 55 23.882
47 56 6.635
47 57 10.802
47 58 56.129
47 59 32.269
48 49 15.992
48 50 86.416
48 51 15.997
48 52 26.608
48 53 90.588
48 54 95.842
48 55 17.002
48 56 64.928
48 57 77.373
48 58 4.626
48 59 14.612
49 50 35.667
49 51 87.668
49 52 61.915
49 53 92.590
49 54 29.459
49 55 55.980
49 56 29.623
49 57 26.690
49 58 95.859
49 59 59.982
50 51 35.506
50 52 71.172
50 53 97.063
50 54 18.636
50 55 44.864
50 56 90.022
50 57 96.148
50 58 11.660
50 59 53.888
51 52 76.343
51 53 33.508
51 54 5.488
51 55 56.603
51 56 90.602
51 57 51.851
51 58 28.350
51 59 26.891
52 53 1.249
52 54 27.531
52 55 10.261
52 56 87.273
52 57 29.660
52 58 53.951
52 59 92.481
53 54 6.916
53 55 85.476
53 56 1.392
53 57 15.388
53 58 82.767
53 59 28.079
54 55 46.860
54 56 13.741
54 57 9.756
54 58 5.300
54 59 27.420
55 56 83.950
55 57 38.697
55 58 1.406
55 59 20.949
56 57 39.222
56 58 53.808
56 59 72.999
57 58 99.374
57 59 35.389
58 59 75.702
