30 5 ss 6 6 6 6 6 6 6 6 6 6 
0 1 86.678
0 2 29.479
0 3 8.161
0 4 68.918
0 5 91.566
0 6 39.271
0 7 4.394
0 8 35.189
0 9 86.071
0 10 87.680
0 11 34.293
0 12 39.761
0 13 83.226
0 14 49.341
0 15 32.870
0 16 79.099
0 17 56.548
0 18 22.629
0 19 45.370
0 20 8.711
0 21 94.611
0 22 31.493
0 23 24.008
0 24 22.940
0 25 80.156
0 26 28.525
0 27 49.304
0 28 70.202
0 29 19.265
1 2 98.763
1 3 52.735
1 4 6.307
1 5 55.566
1 6 8.278
1 7 53.498
1 8 22.193
1 9 92.089
1 10 89.442
1 11 86.297
1 12 69.208
1 13 9.039
1 14 5.562
1 15 89.379
1 16 45.057
1 17 9.688
1 18 91.641
1 19 42.446
1 20 96.543
1 21 48.470
1 22 25.110
1 23 92.601
1 24 41.455
1 25 95.547
1 26 40.658
1 27 83.161
1 28 11.283
1 29 70.264
2 3 66.636
2 4 4.930
2 5 68.839
2 6 32.307
2 7 27.053
2 8 22.457
2 9 60.471
2 10 53.826
2 11 22.774
2 12 88.839
2 13 21.235
2 14 8.396
2 15 78.306
2 16 51.763
2 17 63.189
2 18 3.405
2 19 16.433
2 20 70.811
2 21 41.942
2 22 51.295
2 23 1.958
2 24 11.407
2 25 14.642
2 26 22.088
2 27 77.948
2 28 54.380
2 29 73.777
3 4 44.687
3 5 3.125
3 6 61.716
3 7 65.487
3 8 27.688
3 9 87.427
3 10 68.918
3 11 78.524
3 12 51.779
3 13 14.272
3 14 32.246
3 15 20.556
3 16 45.293
3 17 32.675
3 18 45.189
3 19 82.216
3 20 92.031
3 21 0.139
3 22 52.658
3 23 26.104
3 24 36.260
3 25 58.097
3 26 33.676
3 27 27.891
3 28 43.586
3 29 25.714
4 5 93.759
4 6 39.743
4 7 48.394
4 8 4.959
4 9 6.712
4 10 42.475
4 11 68.654
4 12 0.134
4 13 72.219
4 14 2.169
4 15 97.095
4 16 68.407
4 17 10.412
4 18 49.406
4 19 84.113
4 20 34.417
4 21 97.480
4 22 54.862
4 23 12.238
4 24 21.630
4 25 57.444
4 26 83.679
4 27 24.601
4 28 75.903
4 29 64.378
5 6 72.867
5 7 10.539
5 8 82.557
5 9 76.626
5 10 90.907
5 11 70.355
5 12 7.305
5 13 19.990
5 14 6.813
5 15 78.187
5 16 23.478
5 17 60.397
5 18 17.083
5 19 37.073
5 20 23.254
5 21 58.214
5 22 53.311
5 23 73.498
5 24 48.990
5 25 76.148
5 26 20.645
5 27 50.059
5 28 22.233
5 29 20.616
6 7 97.863
6 8 84.368
6 9 92.641
6 10 32.452
6 11 63.517
6 12 49.910
6 13 76.785
6 14 7.040
6 15 99.429
6 16 0.269
6 17 7.676
6 18 16.188
6 19 62.738
6 20 2.029
6 21 69.894
6 22 24.511
6 23 10.792
6 24 83.581
6 25 52.273
6 26 41.600
6 27 9.346
6 28 7.208
6 29 10.422
7 8 27.937
7 9 53.861
7 10 50.005
7 11 94.654
7 12 77.275
7 13 86.135
7 14 35.565
7 15 65.494
7 16 31.132
7 17 94.051
7 18 92.831
7 19 88.469
7 20 42.084
7 21 40.944
7 22 31.086
7 23 72.728
7 24 91.673
7 25 82.882
7 26 10.826
7 27 93.840
7 28 86.085
7 29 97.103
8 9 59.048
8 10 20.189
8 11 98.103
8 12 62.937
8 13 24.509
8 14 44.455
8 15 97.415
8 16 7.689
8 17 93.584
8 18 6.973
8 19 13.010
8 20 54.328
8 21 90.572
8 22 86.105
8 23 1.167
8 24 85.225
8 25 67.658
8 26 22.291
8 27 50.471
8 28 66.785
8 29 49.218
9 10 37.050
9 11 41.298
9 12 63.467
9 13 32.710
9 14 5.971
9 15 91.410
9 16 6.550
9 17 64.187
9 18 45.614
9 19 61.550
9 20 72.915
9 21 0.243
9 22 78.235
9 23 65.353
9 24 72.172
9 25 40.225
9 26 45.386
9 27 26.430
9 28 36.694
9 29 62.620
10 11 51.681
10 12 52.124
10 13 58.377
10 14 27.760
10 15 33.433
10 16 48.244
10 17 18.445
10 18 15.320
10 19 63.317
10 20 81.975
10 21 12.140
10 22 49.570
10 23 21.900
10 24 11.206
10 25 78.858
10 26 27.944
10 27 89.579
10 28 37.678
10 29 10.093
11 12 9.186
11 13 38.402
11 14 8.640
11 15 22.499
11 16 36.217
11 17 32.194
11 18 87.097
11 19 51.433
11 20 65.807
11 21 75.588
11 22 34.297
11 23 41.568
11 24 52.254
11 25 87.790
11 26 99.741
11 27 85.435
11 28 85.489
11 29 15.273
12 13 93.785
12 14 88.225
12 15 15.366
12 16 39.149
12 17 25.833
12 18 17.750
12 19 3.382
12 20 77.527
12 21 27.140
12 22 32.128
12 23 30.663
12 24 30.984
12 25 41.393
12 26 64.600
12 27 56.766
12 28 70.113
12 29 58.559
13 14 84.820
13 15 67.720
13 16 18.130
13 17 87.861
13 18 49.016
13 19 73.664
13 20 38.659
13 21 14.296
13 22 97.618
13 23 16.577
13 24 99.049
13 25 59.777
13 26 58.277
13 27 26.789
13 28 42.970
13 29 74.744
14 15 64.620
14 16 23.327
14 17 72.538
14 18 19.021
14 19 6.663
14 20 87.603
14 21 9.844
14 22 51.719
14 23 87.499
14 24 52.579
14 25 80.514
14 26 39.146
14 27 72.686
14 28 40.234
14 29 37.813
15 16 6.970
15 17 83.705
15 18 49.032
15 19 24.798
15 20 8.305
15 21 4.930
15 22 40.039
15 23 54.177
15 24 52.902
15 25 44.725
15 26 95.457
15 27 70.751
15 28 44.297
15 29 15.635
16 17 26.558
16 18 49.730
16 19 1.569
16 20 76.031
16 21 89.327
16 22 75.688
16 23 0.241
16 24 6.181
16 25 25.643
16 26 41.573
16 27 52.917
16 28 75.377
16 29 85.374
17 18 4.933
17 19 64.399
17 20 93.595
17 21 0.514
17 22 39.393
17 23 38.309
17 24 31.062
17 25 76.339
17 26 23.428
17 27 82.661
17 28 32.235
17 29 36.510
18 19 15.613
18 20 60.350
18 21 46.813
18 22 9.173
18 23 75.765
18 24 57.207
18 25 49.788
18 26 69.310
18 27 4.790
18 28 95.018
18 29 24.931
19 20 58.959
19 21 92.548
19 22 99.865
19 23 41.713
19 24 91.377
19 25 82.661
19 26 47.123
19 27 64.326
19 28 7.828
19 29 85.973
20 21 43.673
20 22 93.292
20 23 96.402
20 24 0.223
20 25 75.108
20 26 55.106
20 27 1.113
20 28 22.508
20 29 41.175
21 22 23.400
21 23 46.499
21 24 73.242
21 25 26.206
21 26 76.327
21 27 78.037
21 28 85.570
21 29 2.943
22 23 69.162
22 24 71.935
22 25 52.571
22 26 47.975
22 27 28.582
22 28 99.170
22 29 66.093
23 24 54.875
23 25 55.622
23 26 38.148
23 27 25.687
23 28 67.217
23 29 58.037
24 25 17.947
24 26 43.871
24 27 17.744
24 28 19.565
24 29 39.819
25 26 24.816
25 27 52.305
25 28 53.579
25 29 68.493
26 27 47.570
26 28 37.550
26 29 81.642
27 28 6.770
27 29 42.049
28 29 99.926
