120 10 ss 12 12 12 12 12 12 12 12 12 12 12 12 12 12 12 12 12 12 12 12 
0 1 23.673
0 2 57.238
0 3 51.778
0 4 84.103
0 5 58.336
0 6 66.012
0 7 0.180
0 8 20.153
0 9 90.279
0 10 6.337
0 11 6.395
0 12 70.149
0 13 28.319
0 14 80.280
0 15 17.814
0 16 39.693
0 17 96.855
0 18 18.500
0 19 98.283
0 20 51.169
0 21 26.555
0 22 58.868
0 23 7.030
0 24 22.893
0 25 41.427
0 26 22.371
0 27 59.880
0 28 10.390
0 29 40.833
0 30 90.635
0 31 97.105
0 32 51.294
0 33 27.412
0 34 45.737
0 35 48.791
0 36 88.266
0 37 37.468
0 38 67.450
0 39 58.223
0 40 5.338
0 41 89.051
0 42 95.659
0 43 96.539
0 44 2.301
0 45 74.797
0 46 56.422
0 47 77.791
0 48 48.983
0 49 91.506
0 50 18.980
0 51 62.546
0 52 6.716
0 53 16.538
0 54 98.005
0 55 20.305
0 56 77.803
0 57 12.264
0 58 40.474
0 59 6.239
0 60 45.475
0 61 64.148
0 62 39.760
0 63 96.165
0 64 96.582
0 65 35.481
0 66 0.909
0 67 15.157
0 68 77.210
0 69 52.320
0 70 40.526
0 71 89.811
0 72 17.426
0 73 15.925
0 74 42.278
0 75 51.976
0 76 75.520
0 77 76.765
0 78 4.785
0 79 22.590
0 80 94.400
0 81 94.126
0 82 12.472
0 83 8.313
0 84 33.203
0 85 48.412
0 86 31.961
0 87 50.736
0 88 35.719
0 89 69.416
0 90 86.659
0 91 78.226
0 92 23.901
0 93 93.179
0 94 90.439
0 95 23.849
0 96 59.486
0 97 62.457
0 98 27.634
0 99 89.277
0 100 99.699
0 101 41.432
0 102 51.066
0 103 54.275
0 104 84.021
0 105 23.931
0 106 32.403
0 107 54.066
0 108 28.176
0 109 76.307
0 110 39.885
0 111 72.770
0 112 68.770
0 113 71.012
0 114 37.274
0 115 30.127
0 116 97.433
0 117 35.000
0 118 94.896
0 119 70.832
1 2 46.832
1 3 58.273
1 4 78.710
1 5 1.054
1 6 42.615
1 7 82.195
1 8 36.573
1 9 55.115
1 10 15.099
1 11 14.661
1 12 32.220
1 13 16.782
1 14 72.435
1 15 99.748
1 16 86.940
1 17 64.284
1 18 73.043
1 19 3.182
1 20 76.548
1 21 55.881
1 22 99.219
1 23 61.781
1 24 96.942
1 25 23.731
1 26 26.156
1 27 84.940
1 28 55.425
1 29 97.778
1 30 0.993
1 31 89.331
1 32 66.894
1 33 38.521
1 34 95.056
1 35 94.165
1 36 34.152
1 37 17.784
1 38 69.119
1 39 3.669
1 40 69.765
1 41 49.971
1 42 96.283
1 43 55.883
1 44 73.282
1 45 42.819
1 46 20.000
1 47 22.466
1 48 12.072
1 49 6.249
1 50 85.793
1 51 2.847
1 52 66.659
1 53 30.730
1 54 74.373
1 55 67.920
1 56 92.133
1 57 22.380
1 58 81.175
1 59 73.392
1 60 16.085
1 61 61.089
1 62 32.696
1 63 80.984
1 64 40.466
1 65 30.055
1 66 3.595
1 67 96.840
1 68 39.885
1 69 50.361
1 70 0.154
1 71 60.864
1 72 52.080
1 73 42.638
1 74 5.487
1 75 98.103
1 76 37.623
1 77 29.334
1 78 39.798
1 79 73.888
1 80 45.437
1 81 85.742
1 82 75.017
1 83 78.121
1 84 58.246
1 85 45.705
1 86 57.323
1 87 0.921
1 88 7.847
1 89 68.787
1 90 33.313
1 91 51.779
1 92 43.919
1 93 79.703
1 94 46.021
1 95 17.442
1 96 12.054
1 97 97.924
1 98 65.506
1 99 49.935
1 100 46.812
1 101 85.653
1 102 45.398
1 103 25.440
1 104 13.793
1 105 55.704
1 106 51.566
1 107 17.214
1 108 41.110
1 109 97.360
1 110 91.993
1 111 81.262
1 112 65.069
1 113 97.897
1 114 87.975
1 115 62.200
1 116 77.510
1 117 60.207
1 118 65.909
1 119 88.553
2 3 2.937
2 4 42.851
2 5 16.243
2 6 41.658
2 7 52.467
2 8 77.863
2 9 61.556
2 10 50.433
2 11 98.536
2 12 53.764
2 13 99.268
2 14 85.447
2 15 89.463
2 16 86.483
2 17 36.150
2 18 0.047
2 19 76.150
2 20 39.288
2 21 11.588
2 22 93.747
2 23 54.555
2 24 94.300
2 25 14.458
2 26 53.634
2 27 37.065
2 28 22.829
2 29 34.509
2 30 63.253
2 31 53.471
2 32 49.489
2 33 53.316
2 34 55.248
2 35 47.978
2 36 55.952
2 37 72.139
2 38 23.961
2 39 82.531
2 40 24.202
2 41 94.440
2 42 7.282
2 43 78.726
2 44 76.266
2 45 29.349
2 46 93.209
2 47 30.632
2 48 27.663
2 49 59.031
2 50 5.923
2 51 99.115
2 52 35.199
2 53 17.664
2 54 78.589
2 55 54.592
2 56 86.212
2 57 62.708
2 58 25.693
2 59 69.586
2 60 46.036
2 61 80.103
2 62 86.393
2 63 75.101
2 64 53.183
2 65 54.268
2 66 22.199
2 67 85.513
2 68 27.617
2 69 50.996
2 70 17.214
2 71 65.549
2 72 36.526
2 73 6.801
2 74 47.255
2 75 59.885
2 76 44.089
2 77 91.771
2 78 55.361
2 79 30.998
2 80 57.033
2 81 14.664
2 82 95.493
2 83 54.129
2 84 66.099
2 85 68.752
2 86 83.711
2 87 99.558
2 88 75.095
2 89 74.845
2 90 26.622
2 91 91.863
2 92 3.815
2 93 63.957
2 94 80.654
2 95 73.446
2 96 48.844
2 97 56.216
2 98 32.462
2 99 15.318
2 100 87.181
2 101 34.943
2 102 80.761
2 103 11.976
2 104 11.599
2 105 85.202
2 106 42.913
2 107 69.216
2 108 93.771
2 109 64.676
2 110 5.821
2 111 43.759
2 112 81.493
2 113 1.376
2 114 89.966
2 115 21.861
2 116 49.657
2 117 67.480
2 118 97.885
2 119 30.372
3 4 41.176
3 5 61.503
3 6 73.941
3 7 58.202
3 8 53.669
3 9 42.049
3 10 10.958
3 11 28.763
3 12 50.476
3 13 95.532
3 14 1.049
3 15 4.644
3 16 0.442
3 17 87.561
3 18 42.985
3 19 24.663
3 20 79.929
3 21 43.079
3 22 86.450
3 23 70.377
3 24 2.634
3 25 23.893
3 26 14.760
3 27 34.261
3 28 78.039
3 29 23.883
3 30 41.933
3 31 14.963
3 32 37.716
3 33 81.961
3 34 27.411
3 35 96.410
3 36 10.190
3 37 20.781
3 38 92.361
3 39 76.985
3 40 69.719
3 41 55.201
3 42 55.093
3 43 2.641
3 44 32.077
3 45 78.700
3 46 90.028
3 47 23.482
3 48 21.325
3 49 28.200
3 50 54.534
3 51 37.234
3 52 85.554
3 53 48.184
3 54 21.050
3 55 4.977
3 56 96.698
3 57 23.506
3 58 98.075
3 59 24.621
3 60 29.799
3 61 26.982
3 62 22.961
3 63 25.824
3 64 80.449
3 65 32.611
3 66 61.841
3 67 6.389
3 68 45.673
3 69 78.193
3 70 57.625
3 71 64.676
3 72 63.113
3 73 22.148
3 74 25.682
3 75 95.136
3 76 76.163
3 77 28.504
3 78 8.619
3 79 4.808
3 80 68.541
3 81 31.294
3 82 66.541
3 83 77.466
3 84 90.824
3 85 75.027
3 86 97.230
3 87 59.084
3 88 83.593
3 89 1.418
3 90 51.859
3 91 63.365
3 92 87.068
3 93 54.246
3 94 36.200
3 95 99.323
3 96 15.521
3 97 3.962
3 98 64.693
3 99 4.243
3 100 66.237
3 101 51.604
3 102 65.359
3 103 24.825
3 104 27.436
3 105 57.603
3 106 17.157
3 107 26.899
3 108 47.315
3 109 55.226
3 110 38.294
3 111 29.842
3 112 27.247
3 113 50.678
3 114 33.845
3 115 55.671
3 116 6.189
3 117 82.313
3 118 54.187
3 119 54.731
4 5 10.462
4 6 9.918
4 7 11.876
4 8 20.049
4 9 53.340
4 10 31.712
4 11 53.968
4 12 30.583
4 13 82.246
4 14 81.481
4 15 89.186
4 16 70.003
4 17 87.865
4 18 41.174
4 19 24.919
4 20 52.071
4 21 9.122
4 22 15.324
4 23 77.731
4 24 46.299
4 25 90.704
4 26 52.832
4 27 82.873
4 28 38.301
4 29 75.708
4 30 68.905
4 31 43.220
4 32 78.068
4 33 44.983
4 34 15.391
4 35 26.149
4 36 66.415
4 37 46.880
4 38 71.248
4 39 38.031
4 40 4.892
4 41 96.350
4 42 76.572
4 43 80.360
4 44 87.727
4 45 60.752
4 46 13.385
4 47 18.952
4 48 45.675
4 49 91.190
4 50 44.297
4 51 78.240
4 52 61.145
4 53 2.861
4 54 56.180
4 55 6.372
4 56 61.562
4 57 55.631
4 58 20.164
4 59 43.622
4 60 63.650
4 61 36.953
4 62 71.560
4 63 66.590
4 64 85.169
4 65 3.211
4 66 33.688
4 67 73.719
4 68 62.602
4 69 92.758
4 70 58.170
4 71 23.848
4 72 13.404
4 73 84.101
4 74 30.867
4 75 38.839
4 76 59.630
4 77 36.137
4 78 97.458
4 79 33.764
4 80 86.120
4 81 13.782
4 82 95.546
4 83 43.683
4 84 40.876
4 85 72.012
4 86 41.215
4 87 74.775
4 88 97.889
4 89 44.065
4 90 7.134
4 91 19.351
4 92 93.361
4 93 55.440
4 94 46.580
4 95 39.257
4 96 15.154
4 97 64.331
4 98 63.156
4 99 40.226
4 100 72.235
4 101 11.254
4 102 99.531
4 103 30.936
4 104 96.014
4 105 45.906
4 106 20.178
4 107 84.836
4 108 28.672
4 109 87.633
4 110 92.869
4 111 0.257
4 112 34.930
4 113 67.435
4 114 31.611
4 115 84.879
4 116 33.194
4 117 94.013
4 118 49.720
4 119 74.333
5 6 79.595
5 7 84.170
5 8 85.915
5 9 31.512
5 10 54.164
5 11 98.714
5 12 8.569
5 13 63.121
5 14 92.250
5 15 29.041
5 16 73.709
5 17 33.069
5 18 76.231
5 19 86.688
5 20 10.830
5 21 48.466
5 22 52.701
5 23 58.418
5 24 37.315
5 25 43.347
5 26 68.494
5 27 2.763
5 28 56.984
5 29 87.654
5 30 25.312
5 31 80.448
5 32 81.241
5 33 4.585
5 34 37.134
5 35 30.789
5 36 22.296
5 37 88.113
5 38 37.230
5 39 28.847
5 40 47.128
5 41 74.293
5 42 22.299
5 43 84.065
5 44 48.113
5 45 34.905
5 46 40.111
5 47 70.063
5 48 81.667
5 49 30.069
5 50 23.994
5 51 7.443
5 52 49.784
5 53 77.642
5 54 52.621
5 55 56.670
5 56 51.011
5 57 71.530
5 58 66.752
5 59 16.500
5 60 7.188
5 61 8.482
5 62 5.964
5 63 64.913
5 64 80.187
5 65 63.521
5 66 37.839
5 67 24.164
5 68 28.917
5 69 87.826
5 70 39.712
5 71 79.269
5 72 21.039
5 73 89.723
5 74 58.773
5 75 30.192
5 76 6.097
5 77 99.375
5 78 20.196
5 79 11.931
5 80 77.198
5 81 10.813
5 82 74.909
5 83 73.886
5 84 96.895
5 85 41.176
5 86 78.736
5 87 70.106
5 88 39.612
5 89 46.305
5 90 72.868
5 91 75.432
5 92 7.698
5 93 84.301
5 94 91.952
5 95 9.001
5 96 11.143
5 97 24.227
5 98 60.566
5 99 16.270
5 100 62.004
5 101 55.799
5 102 51.455
5 103 33.410
5 104 23.748
5 105 67.763
5 106 69.614
5 107 33.861
5 108 73.023
5 109 27.564
5 110 95.152
5 111 35.774
5 112 76.756
5 113 13.003
5 114 64.853
5 115 31.268
5 116 61.017
5 117 17.757
5 118 97.444
5 119 83.618
6 7 49.769
6 8 76.949
6 9 70.787
6 10 26.919
6 11 81.379
6 12 36.424
6 13 40.592
6 14 94.245
6 15 68.687
6 16 19.906
6 17 49.687
6 18 94.958
6 19 54.485
6 20 31.952
6 21 14.499
6 22 59.588
6 23 28.380
6 24 71.405
6 25 91.123
6 26 71.565
6 27 13.326
6 28 19.994
6 29 17.183
6 30 9.100
6 31 0.527
6 32 13.804
6 33 97.696
6 34 27.642
6 35 9.921
6 36 1.524
6 37 53.207
6 38 23.580
6 39 80.130
6 40 42.696
6 41 76.729
6 42 33.253
6 43 46.561
6 44 1.639
6 45 52.328
6 46 37.825
6 47 49.220
6 48 48.271
6 49 72.695
6 50 64.209
6 51 22.866
6 52 85.765
6 53 55.636
6 54 94.995
6 55 61.277
6 56 86.772
6 57 0.128
6 58 26.185
6 59 14.686
6 60 34.901
6 61 41.442
6 62 40.583
6 63 74.867
6 64 36.191
6 65 61.805
6 66 96.769
6 67 25.861
6 68 86.543
6 69 88.181
6 70 68.886
6 71 90.029
6 72 55.333
6 73 61.946
6 74 10.820
6 75 78.859
6 76 72.933
6 77 96.611
6 78 59.856
6 79 65.914
6 80 90.396
6 81 49.209
6 82 39.543
6 83 35.294
6 84 13.255
6 85 18.542
6 86 69.233
6 87 23.189
6 88 98.215
6 89 49.240
6 90 38.652
6 91 62.352
6 92 41.453
6 93 64.397
6 94 59.849
6 95 59.743
6 96 80.298
6 97 71.550
6 98 66.028
6 99 86.144
6 100 76.277
6 101 86.845
6 102 86.982
6 103 33.181
6 104 46.797
6 105 0.470
6 106 94.256
6 107 97.984
6 108 65.213
6 109 62.777
6 110 75.669
6 111 88.644
6 112 54.561
6 113 4.974
6 114 68.426
6 115 4.623
6 116 58.947
6 117 20.904
6 118 52.851
6 119 35.468
7 8 88.409
7 9 27.105
7 10 84.600
7 11 38.454
7 12 97.979
7 13 87.222
7 14 22.258
7 15 1.179
7 16 79.764
7 17 33.804
7 18 89.330
7 19 68.692
7 20 18.054
7 21 45.625
7 22 94.903
7 23 16.368
7 24 81.775
7 25 41.874
7 26 25.614
7 27 79.561
7 28 6.033
7 29 35.926
7 30 13.100
7 31 8.939
7 32 45.100
7 33 50.868
7 34 75.688
7 35 6.485
7 36 62.846
7 37 36.549
7 38 30.879
7 39 11.253
7 40 63.452
7 41 43.658
7 42 76.037
7 43 46.317
7 44 55.185
7 45 4.165
7 46 38.692
7 47 8.692
7 48 83.079
7 49 39.451
7 50 5.023
7 51 82.610
7 52 62.550
7 53 67.532
7 54 45.307
7 55 83.139
7 56 95.301
7 57 9.020
7 58 68.518
7 59 91.947
7 60 51.309
7 61 97.803
7 62 54.775
7 63 29.916
7 64 56.250
7 65 86.906
7 66 33.926
7 67 22.351
7 68 32.411
7 69 2.575
7 70 1.363
7 71 51.670
7 72 2.961
7 73 40.377
7 74 87.995
7 75 59.783
7 76 84.382
7 77 15.935
7 78 30.339
7 79 57.735
7 80 59.938
7 81 79.888
7 82 18.806
7 83 23.753
7 84 48.250
7 85 81.783
7 86 37.510
7 87 22.492
7 88 55.351
7 89 20.815
7 90 47.325
7 91 58.047
7 92 26.050
7 93 52.674
7 94 5.390
7 95 81.227
7 96 90.998
7 97 31.242
7 98 58.916
7 99 7.602
7 100 39.528
7 101 51.476
7 102 98.898
7 103 67.015
7 104 35.173
7 105 25.539
7 106 10.196
7 107 97.525
7 108 30.705
7 109 68.077
7 110 8.479
7 111 17.141
7 112 32.583
7 113 88.526
7 114 11.636
7 115 55.293
7 116 10.932
7 117 88.433
7 118 53.524
7 119 2.571
8 9 50.445
8 10 39.968
8 11 11.287
8 12 42.130
8 13 90.075
8 14 78.208
8 15 84.002
8 16 58.995
8 17 4.927
8 18 74.175
8 19 30.026
8 20 84.591
8 21 42.478
8 22 68.276
8 23 43.169
8 24 22.953
8 25 37.040
8 26 34.471
8 27 23.711
8 28 22.361
8 29 91.337
8 30 14.350
8 31 79.267
8 32 1.563
8 33 32.150
8 34 7.302
8 35 72.643
8 36 13.283
8 37 18.128
8 38 28.004
8 39 19.089
8 40 29.357
8 41 2.242
8 42 45.739
8 43 23.710
8 44 61.644
8 45 28.738
8 46 1.351
8 47 41.314
8 48 90.759
8 49 75.067
8 50 57.150
8 51 35.623
8 52 60.714
8 53 32.918
8 54 72.654
8 55 12.481
8 56 11.703
8 57 59.325
8 58 14.804
8 59 2.620
8 60 65.573
8 61 18.734
8 62 5.111
8 63 73.520
8 64 48.911
8 65 80.022
8 66 78.173
8 67 57.033
8 68 37.226
8 69 28.609
8 70 76.114
8 71 89.708
8 72 30.357
8 73 3.136
8 74 31.694
8 75 76.111
8 76 24.035
8 77 68.648
8 78 99.212
8 79 1.954
8 80 25.417
8 81 93.738
8 82 76.766
8 83 43.484
8 84 71.473
8 85 7.847
8 86 26.072
8 87 42.295
8 88 48.234
8 89 76.705
8 90 36.731
8 91 40.672
8 92 76.225
8 93 48.842
8 94 0.688
8 95 1.504
8 96 22.802
8 97 94.173
8 98 59.628
8 99 69.007
8 100 25.640
8 101 76.846
8 102 63.105
8 103 61.685
8 104 63.298
8 105 78.859
8 106 28.464
8 107 27.384
8 108 88.560
8 109 18.398
8 110 24.935
8 111 31.768
8 112 48.161
8 113 87.403
8 114 13.775
8 115 96.206
8 116 48.542
8 117 66.579
8 118 63.910
8 119 48.766
9 10 91.452
9 11 62.864
9 12 28.254
9 13 2.943
9 14 95.475
9 15 54.326
9 16 9.761
9 17 32.714
9 18 39.994
9 19 20.514
9 20 68.187
9 21 69.663
9 22 16.624
9 23 82.490
9 24 18.673
9 25 8.158
9 26 49.817
9 27 76.073
9 28 51.489
9 29 67.956
9 30 53.110
9 31 34.279
9 32 58.581
9 33 30.099
9 34 20.426
9 35 60.512
9 36 87.092
9 37 31.618
9 38 12.838
9 39 32.720
9 40 52.587
9 41 77.273
9 42 90.398
9 43 90.593
9 44 35.445
9 45 2.500
9 46 55.895
9 47 22.788
9 48 52.744
9 49 0.663
9 50 22.830
9 51 89.246
9 52 44.906
9 53 9.910
9 54 93.426
9 55 84.845
9 56 41.496
9 57 40.134
9 58 34.152
9 59 74.970
9 60 73.784
9 61 8.949
9 62 66.017
9 63 11.010
9 64 83.010
9 65 47.077
9 66 44.825
9 67 64.351
9 68 32.793
9 69 28.187
9 70 92.582
9 71 1.136
9 72 71.696
9 73 75.960
9 74 55.432
9 75 56.885
9 76 7.695
9 77 2.061
9 78 5.785
9 79 59.993
9 80 50.159
9 81 32.668
9 82 76.680
9 83 96.203
9 84 46.883
9 85 88.378
9 86 15.008
9 87 2.334
9 88 93.862
9 89 92.525
9 90 66.835
9 91 26.871
9 92 23.681
9 93 96.338
9 94 62.878
9 95 97.457
9 96 84.752
9 97 25.900
9 98 55.095
9 99 90.890
9 100 8.122
9 101 75.434
9 102 66.367
9 103 9.930
9 104 21.130
9 105 94.268
9 106 54.429
9 107 33.038
9 108 7.971
9 109 40.650
9 110 58.492
9 111 18.089
9 112 36.018
9 113 4.630
9 114 92.383
9 115 9.200
9 116 63.760
9 117 34.330
9 118 71.614
9 119 16.978
10 11 21.302
10 12 35.183
10 13 13.382
10 14 16.822
10 15 7.592
10 16 50.116
10 17 28.368
10 18 37.355
10 19 79.895
10 20 70.121
10 21 31.036
10 22 91.627
10 23 20.493
10 24 69.339
10 25 31.228
10 26 37.409
10 27 53.211
10 28 6.468
10 29 33.970
10 30 39.745
10 31 48.067
10 32 85.263
10 33 66.723
10 34 48.830
10 35 96.201
10 36 20.826
10 37 73.686
10 38 99.384
10 39 59.227
10 40 15.566
10 41 65.332
10 42 83.868
10 43 97.213
10 44 8.937
10 45 87.986
10 46 51.192
10 47 57.760
10 48 28.446
10 49 83.058
10 50 35.034
10 51 64.956
10 52 35.935
10 53 38.454
10 54 21.443
10 55 81.498
10 56 32.753
10 57 95.703
10 58 24.064
10 59 29.822
10 60 60.202
10 61 65.531
10 62 47.200
10 63 48.860
10 64 7.527
10 65 21.866
10 66 81.800
10 67 31.835
10 68 18.689
10 69 89.688
10 70 97.579
10 71 37.525
10 72 71.341
10 73 15.669
10 74 65.635
10 75 92.492
10 76 86.622
10 77 12.205
10 78 70.269
10 79 5.008
10 80 16.830
10 81 95.229
10 82 46.139
10 83 92.766
10 84 49.461
10 85 94.098
10 86 7.442
10 87 85.905
10 88 60.808
10 89 97.903
10 90 19.534
10 91 4.530
10 92 50.013
10 93 16.678
10 94 0.187
10 95 25.563
10 96 85.356
10 97 78.302
10 98 27.636
10 99 47.671
10 100 98.596
10 101 52.277
10 102 75.632
10 103 34.952
10 104 70.268
10 105 90.107
10 106 91.923
10 107 70.161
10 108 59.124
10 109 98.659
10 110 85.863
10 111 76.503
10 112 42.263
10 113 17.692
10 114 93.352
10 115 73.344
10 116 49.027
10 117 55.610
10 118 42.803
10 119 15.668
11 12 91.330
11 13 48.578
11 14 54.586
11 15 29.720
11 16 15.882
11 17 47.254
11 18 68.187
11 19 97.980
11 20 29.616
11 21 2.723
11 22 6.248
11 23 65.469
11 24 78.649
11 25 18.579
11 26 52.767
11 27 36.367
11 28 93.235
11 29 59.677
11 30 43.863
11 31 5.000
11 32 46.404
11 33 59.714
11 34 43.897
11 35 18.500
11 36 12.397
11 37 49.600
11 38 7.119
11 39 99.781
11 40 52.460
11 41 36.457
11 42 5.628
11 43 68.926
11 44 0.244
11 45 99.180
11 46 38.086
11 47 88.723
11 48 66.765
11 49 30.575
11 50 20.467
11 51 25.758
11 52 35.784
11 53 48.450
11 54 0.045
11 55 62.369
11 56 74.468
11 57 18.392
11 58 26.924
11 59 16.691
11 60 41.308
11 61 79.523
11 62 63.547
11 63 28.171
11 64 33.543
11 65 41.182
11 66 12.007
11 67 44.102
11 68 79.697
11 69 23.268
11 70 91.366
11 71 99.114
11 72 49.365
11 73 45.879
11 74 2.786
11 75 14.009
11 76 21.987
11 77 34.935
11 78 78.968
11 79 52.942
11 80 29.123
11 81 99.618
11 82 26.183
11 83 68.644
11 84 60.606
11 85 54.746
11 86 32.155
11 87 34.274
11 88 3.966
11 89 6.630
11 90 31.114
11 91 7.414
11 92 68.648
11 93 94.468
11 94 88.497
11 95 96.853
11 96 31.770
11 97 81.005
11 98 92.144
11 99 6.011
11 100 30.605
11 101 15.990
11 102 14.227
11 103 8.207
11 104 18.414
11 105 53.827
11 106 38.765
11 107 68.442
11 108 94.919
11 109 92.906
11 110 33.211
11 111 63.985
11 112 20.464
11 113 18.214
11 114 79.476
11 115 71.735
11 116 23.759
11 117 71.136
11 118 69.648
11 119 84.231
12 13 17.145
12 14 40.767
12 15 14.763
12 16 88.097
12 17 40.416
12 18 69.580
12 19 11.141
12 20 88.864
12 21 64.502
12 22 92.950
12 23 58.163
12 24 94.284
12 25 99.701
12 26 86.850
12 27 23.767
12 28 74.631
12 29 69.630
12 30 80.905
12 31 9.517
12 32 2.949
12 33 31.731
12 34 5.059
12 35 75.809
12 36 40.790
12 37 47.871
12 38 77.239
12 39 49.570
12 40 75.735
12 41 34.512
12 42 6.721
12 43 51.762
12 44 35.804
12 45 50.872
12 46 83.275
12 47 50.060
12 48 2.877
12 49 15.686
12 50 45.741
12 51 63.282
12 52 22.296
12 53 78.377
12 54 75.300
12 55 18.431
12 56 59.085
12 57 8.856
12 58 38.544
12 59 88.700
12 60 82.542
12 61 11.672
12 62 13.314
12 63 21.305
12 64 70.455
12 65 14.856
12 66 66.331
12 67 97.744
12 68 11.758
12 69 31.545
12 70 15.806
12 71 55.869
12 72 52.206
12 73 43.383
12 74 4.495
12 75 43.118
12 76 71.459
12 77 8.668
12 78 29.066
12 79 63.307
12 80 1.971
12 81 55.354
12 82 20.210
12 83 25.575
12 84 0.140
12 85 79.288
12 86 44.545
12 87 3.415
12 88 58.439
12 89 31.401
12 90 4.195
12 91 64.114
12 92 3.559
12 93 44.122
12 94 42.788
12 95 34.553
12 96 60.093
12 97 16.882
12 98 27.695
12 99 27.960
12 100 71.879
12 101 53.333
12 102 67.456
12 103 68.055
12 104 63.826
12 105 18.804
12 106 40.664
12 107 11.953
12 108 95.939
12 109 65.494
12 110 57.935
12 111 91.261
12 112 8.177
12 113 55.048
12 114 52.190
12 115 61.997
12 116 79.915
12 117 93.420
12 118 94.074
12 119 78.286
13 14 30.988
13 15 81.281
13 16 59.168
13 17 82.196
13 18 72.643
13 19 74.765
13 20 31.543
13 21 32.693
13 22 76.207
13 23 45.955
13 24 14.228
13 25 80.336
13 26 64.860
13 27 30.266
13 28 31.348
13 29 31.187
13 30 49.639
13 31 48.776
13 32 48.956
13 33 33.335
13 34 24.644
13 35 97.535
13 36 12.000
13 37 62.489
13 38 8.384
13 39 3.040
13 40 93.399
13 41 79.320
13 42 68.302
13 43 53.287
13 44 77.865
13 45 80.513
13 46 93.743
13 47 27.220
13 48 57.886
13 49 67.951
13 50 88.978
13 51 61.882
13 52 2.209
13 53 16.011
13 54 42.353
13 55 16.197
13 56 68.176
13 57 25.655
13 58 90.258
13 59 13.096
13 60 68.452
13 61 15.796
13 62 35.311
13 63 67.531
13 64 69.944
13 65 17.387
13 66 97.011
13 67 36.986
13 68 98.142
13 69 3.710
13 70 70.069
13 71 63.153
13 72 43.629
13 73 11.583
13 74 40.764
13 75 8.760
13 76 19.178
13 77 82.465
13 78 64.839
13 79 31.876
13 80 95.651
13 81 79.928
13 82 41.849
13 83 81.527
13 84 52.781
13 85 20.498
13 86 30.306
13 87 43.113
13 88 17.023
13 89 88.581
13 90 35.604
13 91 9.827
13 92 22.741
13 93 92.984
13 94 68.384
13 95 7.195
13 96 25.360
13 97 62.511
13 98 14.890
13 99 51.835
13 100 15.452
13 101 71.147
13 102 82.805
13 103 82.674
13 104 31.318
13 105 29.567
13 106 86.183
13 107 63.112
13 108 44.247
13 109 79.003
13 110 11.287
13 111 16.004
13 112 95.453
13 113 75.938
13 114 61.517
13 115 19.819
13 116 96.553
13 117 61.693
13 118 14.064
13 119 63.999
14 15 66.551
14 16 69.630
14 17 33.537
14 18 34.256
14 19 67.381
14 20 34.523
14 21 78.529
14 22 74.445
14 23 17.411
14 24 33.611
14 25 5.927
14 26 50.650
14 27 7.666
14 28 6.869
14 29 24.766
14 30 25.262
14 31 19.114
14 32 75.266
14 33 76.486
14 34 34.046
14 35 40.969
14 36 0.082
14 37 21.731
14 38 47.617
14 39 19.793
14 40 3.782
14 41 95.106
14 42 90.222
14 43 27.064
14 44 3.535
14 45 48.850
14 46 83.355
14 47 18.915
14 48 92.140
14 49 43.929
14 50 79.502
14 51 75.924
14 52 37.950
14 53 62.798
14 54 52.167
14 55 53.094
14 56 65.316
14 57 11.940
14 58 12.365
14 59 40.609
14 60 20.145
14 61 54.225
14 62 28.862
14 63 34.442
14 64 21.358
14 65 61.273
14 66 39.731
14 67 42.595
14 68 48.346
14 69 4.198
14 70 56.145
14 71 7.496
14 72 16.971
14 73 7.474
14 74 75.834
14 75 8.036
14 76 52.208
14 77 75.118
14 78 43.295
14 79 15.704
14 80 74.250
14 81 61.014
14 82 16.545
14 83 18.495
14 84 76.667
14 85 95.884
14 86 26.124
14 87 93.515
14 88 90.198
14 89 2.299
14 90 41.061
14 91 4.637
14 92 93.787
14 93 26.066
14 94 88.608
14 95 25.072
14 96 55.681
14 97 87.446
14 98 9.841
14 99 36.425
14 100 61.730
14 101 8.856
14 102 71.593
14 103 35.529
14 104 15.448
14 105 7.095
14 106 96.670
14 107 88.320
14 108 74.990
14 109 47.554
14 110 18.956
14 111 6.008
14 112 25.865
14 113 45.520
14 114 17.758
14 115 82.990
14 116 75.037
14 117 65.367
14 118 36.607
14 119 28.206
15 16 92.001
15 17 12.302
15 18 45.758
15 19 42.077
15 20 15.500
15 21 33.281
15 22 64.741
15 23 39.682
15 24 90.704
15 25 43.839
15 26 21.586
15 27 97.499
15 28 1.050
15 29 75.765
15 30 88.707
15 31 5.816
15 32 11.312
15 33 96.940
15 34 1.947
15 35 41.830
15 36 44.100
15 37 89.083
15 38 38.908
15 39 39.484
15 40 70.636
15 41 81.794
15 42 5.448
15 43 21.263
15 44 8.482
15 45 31.976
15 46 55.103
15 47 74.438
15 48 83.861
15 49 6.561
15 50 45.193
15 51 99.671
15 52 34.229
15 53 73.478
15 54 15.514
15 55 33.426
15 56 98.000
15 57 30.846
15 58 60.748
15 59 47.283
15 60 62.608
15 61 7.632
15 62 56.127
15 63 57.055
15 64 19.539
15 65 50.352
15 66 87.370
15 67 32.494
15 68 5.545
15 69 69.871
15 70 30.565
15 71 84.427
15 72 92.925
15 73 59.936
15 74 25.384
15 75 20.320
15 76 28.583
15 77 14.835
15 78 85.947
15 79 1.540
15 80 11.527
15 81 67.372
15 82 97.610
15 83 6.015
15 84 41.507
15 85 40.382
15 86 55.106
15 87 98.501
15 88 67.718
15 89 55.052
15 90 7.720
15 91 37.366
15 92 15.787
15 93 67.564
15 94 90.552
15 95 1.534
15 96 73.709
15 97 11.928
15 98 37.418
15 99 4.186
15 100 72.971
15 101 11.330
15 102 90.595
15 103 70.828
15 104 9.785
15 105 82.922
15 106 45.337
15 107 98.505
15 108 13.174
15 109 1.723
15 110 92.992
15 111 80.214
15 112 81.586
15 113 8.100
15 114 55.544
15 115 73.999
15 116 77.802
15 117 40.342
15 118 36.527
15 119 19.714
16 17 93.056
16 18 48.859
16 19 48.535
16 20 58.152
16 21 65.647
16 22 1.825
16 23 15.899
16 24 86.950
16 25 66.722
16 26 23.397
16 27 92.627
16 28 95.675
16 29 46.504
16 30 15.121
16 31 80.331
16 32 58.449
16 33 67.929
16 34 98.737
16 35 78.613
16 36 26.699
16 37 41.441
16 38 84.325
16 39 51.260
16 40 56.854
16 41 14.685
16 42 11.558
16 43 45.603
16 44 28.253
16 45 63.864
16 46 33.833
16 47 59.532
16 48 55.047
16 49 79.734
16 50 15.116
16 51 10.906
16 52 72.544
16 53 40.525
16 54 87.585
16 55 27.464
16 56 83.220
16 57 16.525
16 58 74.497
16 59 41.876
16 60 80.561
16 61 56.607
16 62 17.158
16 63 46.179
16 64 29.885
16 65 65.702
16 66 57.501
16 67 32.591
16 68 74.507
16 69 94.021
16 70 18.487
16 71 23.608
16 72 52.857
16 73 23.752
16 74 93.382
16 75 73.259
16 76 57.584
16 77 57.075
16 78 1.960
16 79 3.533
16 80 41.224
16 81 80.465
16 82 96.748
16 83 25.258
16 84 74.645
16 85 4.633
16 86 5.678
16 87 81.078
16 88 94.304
16 89 56.837
16 90 78.858
16 91 39.675
16 92 32.220
16 93 32.917
16 94 66.614
16 95 65.030
16 96 8.629
16 97 0.056
16 98 93.602
16 99 82.251
16 100 81.449
16 101 78.098
16 102 9.468
16 103 62.385
16 104 88.946
16 105 17.223
16 106 90.412
16 107 52.629
16 108 92.422
16 109 32.795
16 110 37.963
16 111 85.503
16 112 24.275
16 113 54.432
16 114 71.385
16 115 10.766
16 116 73.442
16 117 95.651
16 118 38.354
16 119 7.273
17 18 95.016
17 19 52.863
17 20 74.876
17 21 48.443
17 22 13.742
17 23 98.103
17 24 29.921
17 25 14.669
17 26 2.143
17 27 38.519
17 28 32.820
17 29 68.720
17 30 53.154
17 31 77.501
17 32 22.197
17 33 36.093
17 34 34.483
17 35 27.259
17 36 74.071
17 37 61.259
17 38 7.255
17 39 90.709
17 40 63.717
17 41 42.890
17 42 15.108
17 43 51.756
17 44 70.993
17 45 86.388
17 46 1.502
17 47 87.331
17 48 92.033
17 49 50.438
17 50 92.842
17 51 42.027
17 52 51.595
17 53 5.803
17 54 92.877
17 55 86.705
17 56 19.777
17 57 69.187
17 58 69.919
17 59 16.172
17 60 24.461
17 61 22.798
17 62 82.549
17 63 27.804
17 64 16.525
17 65 81.050
17 66 81.784
17 67 62.973
17 68 88.745
17 69 19.916
17 70 48.077
17 71 86.177
17 72 71.244
17 73 41.530
17 74 70.070
17 75 22.969
17 76 26.497
17 77 6.900
17 78 48.662
17 79 77.092
17 80 45.060
17 81 32.983
17 82 14.760
17 83 99.686
17 84 99.586
17 85 16.857
17 86 81.972
17 87 88.989
17 88 49.148
17 89 19.388
17 90 16.552
17 91 57.621
17 92 98.480
17 93 13.496
17 94 96.052
17 95 16.418
17 96 7.479
17 97 78.044
17 98 45.438
17 99 88.650
17 100 15.159
17 101 97.363
17 102 84.824
17 103 86.580
17 104 89.207
17 105 8.550
17 106 96.515
17 107 53.491
17 108 37.417
17 109 23.935
17 110 20.717
17 111 98.615
17 112 20.457
17 113 44.492
17 114 19.050
17 115 29.861
17 116 86.825
17 117 71.480
17 118 2.915
17 119 19.787
18 19 10.275
18 20 18.203
18 21 9.800
18 22 23.965
18 23 47.616
18 24 21.574
18 25 24.762
18 26 7.696
18 27 50.515
18 28 54.001
18 29 86.624
18 30 26.972
18 31 58.758
18 32 40.154
18 33 88.821
18 34 52.667
18 35 74.423
18 36 90.285
18 37 83.374
18 38 23.097
18 39 66.491
18 40 72.010
18 41 23.118
18 42 59.445
18 43 83.679
18 44 55.893
18 45 32.115
18 46 80.949
18 47 59.572
18 48 86.599
18 49 77.075
18 50 12.351
18 51 78.673
18 52 51.096
18 53 23.653
18 54 84.774
18 55 34.516
18 56 38.071
18 57 0.651
18 58 93.024
18 59 51.774
18 60 8.637
18 61 62.422
18 62 87.239
18 63 63.088
18 64 27.413
18 65 35.217
18 66 44.904
18 67 28.359
18 68 35.183
18 69 56.715
18 70 90.394
18 71 59.309
18 72 79.573
18 73 69.658
18 74 3.587
18 75 65.366
18 76 58.609
18 77 10.296
18 78 86.458
18 79 68.250
18 80 73.480
18 81 40.243
18 82 37.200
18 83 42.139
18 84 31.478
18 85 6.401
18 86 15.060
18 87 23.868
18 88 87.845
18 89 77.758
18 90 65.923
18 91 3.335
18 92 66.124
18 93 0.138
18 94 18.592
18 95 48.169
18 96 50.621
18 97 30.432
18 98 54.821
18 99 38.642
18 100 1.719
18 101 60.314
18 102 2.292
18 103 88.938
18 104 5.025
18 105 16.167
18 106 99.102
18 107 9.099
18 108 28.725
18 109 26.690
18 110 30.719
18 111 18.322
18 112 30.016
18 113 82.577
18 114 45.962
18 115 54.756
18 116 21.116
18 117 73.698
18 118 17.249
18 119 39.526
19 20 78.106
19 21 78.374
19 22 22.145
19 23 43.468
19 24 51.749
19 25 96.613
19 26 88.236
19 27 73.879
19 28 18.400
19 29 64.595
19 30 61.360
19 31 45.560
19 32 91.302
19 33 61.219
19 34 28.475
19 35 25.552
19 36 97.766
19 37 19.198
19 38 50.706
19 39 44.151
19 40 16.145
19 41 82.962
19 42 39.614
19 43 46.176
19 44 58.008
19 45 13.539
19 46 40.230
19 47 15.893
19 48 75.539
19 49 26.629
19 50 68.152
19 51 46.642
19 52 71.950
19 53 64.241
19 54 84.771
19 55 41.890
19 56 93.571
19 57 42.543
19 58 84.661
19 59 28.331
19 60 86.302
19 61 88.987
19 62 12.224
19 63 33.566
19 64 6.190
19 65 80.320
19 66 20.876
19 67 31.062
19 68 84.224
19 69 19.727
19 70 37.370
19 71 83.246
19 72 58.750
19 73 46.167
19 74 96.300
19 75 19.996
19 76 5.452
19 77 51.838
19 78 65.402
19 79 74.213
19 80 14.457
19 81 94.776
19 82 90.943
19 83 58.792
19 84 86.895
19 85 32.738
19 86 54.308
19 87 10.017
19 88 49.087
19 89 71.794
19 90 45.867
19 91 41.252
19 92 11.589
19 93 18.482
19 94 30.221
19 95 47.783
19 96 32.392
19 97 47.910
19 98 98.151
19 99 78.743
19 100 78.892
19 101 51.836
19 102 74.912
19 103 45.305
19 104 21.564
19 105 10.563
19 106 81.926
19 107 65.646
19 108 33.822
19 109 40.373
19 110 29.535
19 111 56.674
19 112 17.162
19 113 4.288
19 114 52.125
19 115 70.109
19 116 18.418
19 117 38.075
19 118 83.788
19 119 36.217
20 21 56.886
20 22 35.719
20 23 12.588
20 24 22.363
20 25 33.021
20 26 58.987
20 27 44.615
20 28 35.506
20 29 47.587
20 30 84.256
20 31 55.147
20 32 97.866
20 33 20.364
20 34 76.409
20 35 3.600
20 36 3.208
20 37 60.908
20 38 84.426
20 39 41.361
20 40 17.547
20 41 10.362
20 42 86.171
20 43 47.186
20 44 22.535
20 45 42.944
20 46 70.942
20 47 83.509
20 48 12.408
20 49 88.490
20 50 37.483
20 51 78.863
20 52 46.068
20 53 13.313
20 54 2.474
20 55 6.508
20 56 24.755
20 57 75.643
20 58 59.886
20 59 47.472
20 60 12.709
20 61 54.029
20 62 5.163
20 63 97.379
20 64 43.324
20 65 32.369
20 66 39.822
20 67 0.749
20 68 56.543
20 69 13.565
20 70 1.872
20 71 73.916
20 72 94.557
20 73 25.362
20 74 25.334
20 75 8.266
20 76 42.360
20 77 76.498
20 78 18.212
20 79 29.182
20 80 37.316
20 81 19.105
20 82 62.406
20 83 22.908
20 84 87.607
20 85 74.127
20 86 81.337
20 87 33.491
20 88 33.272
20 89 80.564
20 90 91.481
20 91 75.009
20 92 55.545
20 93 36.458
20 94 52.542
20 95 0.499
20 96 90.260
20 97 9.805
20 98 57.636
20 99 18.313
20 100 29.362
20 101 10.938
20 102 59.668
20 103 49.062
20 104 0.849
20 105 34.449
20 106 12.972
20 107 71.885
20 108 2.018
20 109 98.337
20 110 20.336
20 111 17.481
20 112 23.403
20 113 30.825
20 114 14.693
20 115 27.111
20 116 41.588
20 117 81.164
20 118 72.019
20 119 11.800
21 22 77.887
21 23 59.749
21 24 47.430
21 25 13.939
21 26 16.853
21 27 45.010
21 28 49.975
21 29 94.773
21 30 53.701
21 31 29.778
21 32 23.286
21 33 45.493
21 34 92.932
21 35 18.209
21 36 79.051
21 37 47.158
21 38 51.791
21 39 25.870
21 40 38.153
21 41 85.199
21 42 31.694
21 43 80.199
21 44 70.383
21 45 57.966
21 46 8.307
21 47 66.308
21 48 87.789
21 49 5.579
21 50 56.733
21 51 13.994
21 52 38.986
21 53 25.320
21 54 72.080
21 55 75.800
21 56 72.193
21 57 32.824
21 58 67.661
21 59 3.130
21 60 83.281
21 61 74.549
21 62 33.182
21 63 87.633
21 64 41.773
21 65 96.323
21 66 13.493
21 67 98.501
21 68 92.544
21 69 25.171
21 70 24.823
21 71 12.780
21 72 63.838
21 73 27.258
21 74 59.885
21 75 5.460
21 76 73.315
21 77 63.393
21 78 45.866
21 79 38.846
21 80 12.925
21 81 75.427
21 82 9.988
21 83 66.582
21 84 10.772
21 85 1.781
21 86 76.222
21 87 46.743
21 88 13.471
21 89 38.414
21 90 63.690
21 91 40.476
21 92 6.085
21 93 32.734
21 94 82.376
21 95 57.990
21 96 88.358
21 97 22.276
21 98 25.011
21 99 2.037
21 100 55.770
21 101 7.401
21 102 35.337
21 103 50.521
21 104 91.829
21 105 77.855
21 106 92.411
21 107 14.542
21 108 64.059
21 109 96.687
21 110 88.248
21 111 5.897
21 112 30.312
21 113 81.883
21 114 91.774
21 115 48.951
21 116 4.296
21 117 15.981
21 118 85.947
21 119 75.812
22 23 99.647
22 24 57.005
22 25 36.857
22 26 50.836
22 27 70.382
22 28 20.263
22 29 3.724
22 30 80.784
22 31 92.248
22 32 49.859
22 33 26.929
22 34 80.304
22 35 84.274
22 36 1.200
22 37 37.556
22 38 78.915
22 39 52.701
22 40 11.370
22 41 16.412
22 42 75.325
22 43 50.570
22 44 42.912
22 45 93.075
22 46 67.626
22 47 85.330
22 48 48.384
22 49 16.246
22 50 13.839
22 51 74.180
22 52 18.009
22 53 45.537
22 54 6.235
22 55 42.229
22 56 40.778
22 57 11.779
22 58 75.034
22 59 82.103
22 60 30.573
22 61 68.064
22 62 72.291
22 63 45.295
22 64 43.210
22 65 6.923
22 66 25.205
22 67 15.333
22 68 37.697
22 69 50.415
22 70 89.544
22 71 20.754
22 72 15.624
22 73 29.359
22 74 78.555
22 75 81.899
22 76 6.247
22 77 55.556
22 78 90.436
22 79 49.721
22 80 51.668
22 81 56.541
22 82 8.357
22 83 87.063
22 84 86.465
22 85 86.297
22 86 1.018
22 87 63.290
22 88 99.151
22 89 47.279
22 90 8.842
22 91 81.685
22 92 9.077
22 93 59.259
22 94 61.173
22 95 35.680
22 96 91.696
22 97 88.657
22 98 33.227
22 99 94.778
22 100 37.521
22 101 8.435
22 102 18.034
22 103 53.946
22 104 35.721
22 105 93.053
22 106 58.256
22 107 41.258
22 108 31.956
22 109 65.615
22 110 55.502
22 111 67.780
22 112 21.880
22 113 5.036
22 114 50.656
22 115 20.919
22 116 6.686
22 117 89.935
22 118 47.732
22 119 47.910
23 24 55.126
23 25 2.888
23 26 35.888
23 27 49.634
23 28 87.636
23 29 43.825
23 30 49.505
23 31 6.608
23 32 22.513
23 33 4.533
23 34 94.598
23 35 88.806
23 36 1.522
23 37 37.605
23 38 61.346
23 39 58.838
23 40 42.897
23 41 12.630
23 42 37.140
23 43 64.088
23 44 53.364
23 45 90.019
23 46 32.310
23 47 27.547
23 48 67.665
23 49 58.600
23 50 31.582
23 51 89.373
23 52 73.968
23 53 76.943
23 54 88.297
23 55 21.618
23 56 26.637
23 57 30.349
23 58 85.570
23 59 37.090
23 60 44.029
23 61 65.563
23 62 98.816
23 63 40.000
23 64 38.278
23 65 93.450
23 66 7.447
23 67 20.799
23 68 26.496
23 69 56.263
23 70 20.056
23 71 80.537
23 72 28.369
23 73 40.565
23 74 97.015
23 75 81.123
23 76 63.825
23 77 79.508
23 78 77.189
23 79 56.996
23 80 26.265
23 81 28.849
23 82 41.337
23 83 91.019
23 84 21.785
23 85 19.971
23 86 73.767
23 87 52.831
23 88 32.896
23 89 90.120
23 90 15.962
23 91 21.399
23 92 86.430
23 93 65.184
23 94 41.121
23 95 65.184
23 96 79.633
23 97 23.556
23 98 16.965
23 99 33.139
23 100 45.904
23 101 0.970
23 102 65.642
23 103 17.633
23 104 22.182
23 105 5.678
23 106 74.199
23 107 86.460
23 108 13.699
23 109 0.924
23 110 56.850
23 111 45.228
23 112 38.619
23 113 77.399
23 114 21.140
23 115 83.731
23 116 75.017
23 117 82.212
23 118 44.116
23 119 80.301
24 25 25.742
24 26 92.881
24 27 21.725
24 28 86.675
24 29 62.877
24 30 24.942
24 31 14.956
24 32 92.583
24 33 12.840
24 34 39.998
24 35 79.564
24 36 74.025
24 37 95.600
24 38 77.391
24 39 32.769
24 40 62.145
24 41 37.056
24 42 67.134
24 43 79.927
24 44 30.623
24 45 32.322
24 46 94.339
24 47 96.914
24 48 88.665
24 49 49.460
24 50 76.120
24 51 39.887
24 52 83.987
24 53 28.171
24 54 80.775
24 55 33.020
24 56 65.547
24 57 45.989
24 58 66.036
24 59 67.020
24 60 29.368
24 61 95.747
24 62 38.259
24 63 26.416
24 64 72.412
24 65 42.376
24 66 37.682
24 67 52.038
24 68 9.291
24 69 4.547
24 70 36.177
24 71 36.575
24 72 64.460
24 73 37.235
24 74 93.450
24 75 45.761
24 76 38.627
24 77 74.979
24 78 55.183
24 79 55.457
24 80 62.237
24 81 32.412
24 82 92.390
24 83 95.811
24 84 91.180
24 85 48.601
24 86 75.070
24 87 97.649
24 88 70.308
24 89 4.772
24 90 45.215
24 91 43.416
24 92 88.828
24 93 41.228
24 94 4.358
24 95 35.188
24 96 78.365
24 97 48.536
24 98 59.023
24 99 5.723
24 100 59.219
24 101 10.546
24 102 73.840
24 103 14.954
24 104 23.273
24 105 32.333
24 106 66.498
24 107 94.003
24 108 53.052
24 109 94.878
24 110 41.375
24 111 21.536
24 112 15.574
24 113 40.088
24 114 99.352
24 115 43.140
24 116 36.937
24 117 4.732
24 118 80.181
24 119 73.446
25 26 58.974
25 27 89.896
25 28 90.782
25 29 52.799
25 30 2.876
25 31 73.790
25 32 47.886
25 33 65.585
25 34 16.310
25 35 50.026
25 36 16.702
25 37 65.658
25 38 60.359
25 39 0.955
25 40 58.631
25 41 95.843
25 42 0.532
25 43 96.184
25 44 10.507
25 45 33.104
25 46 2.100
25 47 40.121
25 48 5.453
25 49 38.729
25 50 94.203
25 51 79.188
25 52 11.160
25 53 43.763
25 54 59.432
25 55 19.286
25 56 5.247
25 57 53.912
25 58 26.033
25 59 97.185
25 60 29.336
25 61 15.284
25 62 88.367
25 63 95.661
25 64 63.550
25 65 42.583
25 66 57.974
25 67 91.564
25 68 41.414
25 69 74.744
25 70 52.341
25 71 78.413
25 72 81.423
25 73 89.508
25 74 61.376
25 75 10.686
25 76 46.072
25 77 78.070
25 78 92.669
25 79 75.679
25 80 51.698
25 81 53.669
25 82 85.730
25 83 10.595
25 84 43.242
25 85 43.883
25 86 2.709
25 87 47.499
25 88 16.845
25 89 95.396
25 90 48.513
25 91 86.825
25 92 20.214
25 93 2.126
25 94 46.756
25 95 71.296
25 96 85.741
25 97 52.858
25 98 99.645
25 99 56.474
25 100 54.630
25 101 82.902
25 102 89.697
25 103 51.560
25 104 31.589
25 105 5.825
25 106 39.079
25 107 34.653
25 108 69.151
25 109 95.881
25 110 28.416
25 111 30.362
25 112 18.267
25 113 89.582
25 114 91.040
25 115 74.476
25 116 97.548
25 117 75.682
25 118 40.989
25 119 80.349
26 27 27.362
26 28 46.876
26 29 63.419
26 30 64.717
26 31 46.999
26 32 93.628
26 33 94.667
26 34 86.854
26 35 83.164
26 36 30.815
26 37 45.852
26 38 4.289
26 39 66.345
26 40 61.241
26 41 78.672
26 42 50.765
26 43 97.878
26 44 96.571
26 45 24.991
26 46 97.659
26 47 55.075
26 48 75.891
26 49 52.822
26 50 68.792
26 51 84.322
26 52 44.815
26 53 20.484
26 54 40.376
26 55 72.806
26 56 83.981
26 57 27.997
26 58 72.774
26 59 8.379
26 60 4.748
26 61 70.178
26 62 88.822
26 63 34.020
26 64 62.051
26 65 19.458
26 66 34.665
26 67 78.468
26 68 69.631
26 69 18.064
26 70 33.342
26 71 97.833
26 72 41.206
26 73 39.045
26 74 68.843
26 75 94.296
26 76 22.704
26 77 83.477
26 78 18.887
26 79 87.549
26 80 25.246
26 81 17.263
26 82 88.377
26 83 2.155
26 84 16.379
26 85 15.072
26 86 82.319
26 87 99.776
26 88 77.896
26 89 71.269
26 90 96.897
26 91 29.047
26 92 92.604
26 93 58.081
26 94 0.508
26 95 87.858
26 96 79.527
26 97 59.786
26 98 22.707
26 99 92.874
26 100 57.284
26 101 88.379
26 102 68.369
26 103 29.402
26 104 78.752
26 105 90.941
26 106 26.782
26 107 10.984
26 108 46.651
26 109 91.860
26 110 50.978
26 111 12.655
26 112 89.291
26 113 74.070
26 114 41.285
26 115 54.323
26 116 48.480
26 117 92.661
26 118 78.902
26 119 1.503
27 28 7.504
27 29 31.476
27 30 20.251
27 31 19.469
27 32 66.026
27 33 58.721
27 34 80.899
27 35 63.849
27 36 50.966
27 37 11.177
27 38 9.079
27 39 15.804
27 40 37.590
27 41 38.215
27 42 73.106
27 43 73.148
27 44 43.491
27 45 66.653
27 46 64.463
27 47 90.100
27 48 49.593
27 49 5.365
27 50 48.877
27 51 17.859
27 52 96.978
27 53 94.603
27 54 81.411
27 55 35.771
27 56 6.055
27 57 19.153
27 58 38.397
27 59 78.572
27 60 65.497
27 61 46.733
27 62 8.996
27 63 59.074
27 64 42.366
27 65 23.436
27 66 32.223
27 67 57.588
27 68 71.968
27 69 56.588
27 70 61.470
27 71 99.510
27 72 96.241
27 73 42.002
27 74 87.883
27 75 70.709
27 76 32.861
27 77 47.452
27 78 56.382
27 79 26.693
27 80 73.748
27 81 47.056
27 82 63.680
27 83 36.012
27 84 31.283
27 85 12.311
27 86 36.356
27 87 60.964
27 88 73.306
27 89 4.680
27 90 48.844
27 91 19.362
27 92 13.848
27 93 81.921
27 94 56.147
27 95 90.003
27 96 55.531
27 97 25.753
27 98 84.158
27 99 21.433
27 100 11.732
27 101 21.978
27 102 41.633
27 103 78.702
27 104 71.835
27 105 75.873
27 106 92.225
27 107 16.017
27 108 11.285
27 109 25.407
27 110 52.377
27 111 94.585
27 112 89.660
27 113 22.780
27 114 61.486
27 115 74.355
27 116 24.607
27 117 90.801
27 118 4.397
27 119 96.017
28 29 77.238
28 30 24.798
28 31 53.151
28 32 35.296
28 33 35.468
28 34 3.005
28 35 34.794
28 36 55.479
28 37 35.770
28 38 88.824
28 39 25.181
28 40 6.011
28 41 20.968
28 42 56.870
28 43 14.862
28 44 15.179
28 45 91.916
28 46 51.357
28 47 92.449
28 48 3.053
28 49 74.327
28 50 90.203
28 51 43.346
28 52 97.250
28 53 88.480
28 54 61.106
28 55 67.237
28 56 68.524
28 57 79.194
28 58 16.906
28 59 76.460
28 60 15.818
28 61 36.191
28 62 66.680
28 63 49.194
28 64 21.103
28 65 10.865
28 66 76.341
28 67 76.323
28 68 63.195
28 69 14.459
28 70 37.872
28 71 58.916
28 72 26.716
28 73 64.804
28 74 39.920
28 75 84.457
28 76 67.456
28 77 34.005
28 78 74.067
28 79 34.262
28 80 98.603
28 81 37.855
28 82 40.952
28 83 51.972
28 84 43.691
28 85 99.254
28 86 78.272
28 87 33.573
28 88 61.551
28 89 12.536
28 90 18.747
28 91 83.089
28 92 86.167
28 93 33.378
28 94 0.305
28 95 14.910
28 96 40.063
28 97 19.808
28 98 93.003
28 99 73.644
28 100 73.685
28 101 53.885
28 102 77.632
28 103 85.479
28 104 55.220
28 105 80.700
28 106 9.484
28 107 51.203
28 108 85.394
28 109 11.639
28 110 27.394
28 111 40.357
28 112 40.008
28 113 52.202
28 114 23.016
28 115 48.444
28 116 49.321
28 117 31.206
28 118 68.119
28 119 34.676
29 30 7.871
29 31 27.788
29 32 8.805
29 33 66.426
29 34 70.894
29 35 15.417
29 36 74.649
29 37 58.397
29 38 34.267
29 39 67.983
29 40 18.093
29 41 9.408
29 42 13.710
29 43 2.031
29 44 94.790
29 45 7.830
29 46 35.973
29 47 61.356
29 48 19.181
29 49 97.841
29 50 29.829
29 51 85.403
29 52 81.200
29 53 73.013
29 54 57.920
29 55 41.324
29 56 89.818
29 57 91.183
29 58 61.842
29 59 41.026
29 60 17.038
29 61 85.118
29 62 2.325
29 63 9.171
29 64 51.981
29 65 77.179
29 66 63.996
29 67 15.870
29 68 38.880
29 69 93.013
29 70 59.869
29 71 38.657
29 72 65.060
29 73 9.234
29 74 14.632
29 75 72.365
29 76 85.425
29 77 63.116
29 78 27.706
29 79 62.621
29 80 18.465
29 81 98.536
29 82 17.199
29 83 98.967
29 84 25.505
29 85 21.688
29 86 24.059
29 87 66.963
29 88 89.661
29 89 92.560
29 90 12.119
29 91 25.154
29 92 43.908
29 93 83.710
29 94 34.163
29 95 42.391
29 96 58.669
29 97 96.593
29 98 46.761
29 99 3.774
29 100 88.544
29 101 37.472
29 102 47.338
29 103 69.335
29 104 95.017
29 105 19.928
29 106 75.793
29 107 48.619
29 108 7.452
29 109 79.022
29 110 69.939
29 111 36.406
29 112 58.184
29 113 53.359
29 114 89.175
29 115 40.121
29 116 29.180
29 117 15.625
29 118 23.959
29 119 17.802
30 31 77.545
30 32 9.622
30 33 90.067
30 34 37.061
30 35 65.040
30 36 82.349
30 37 66.048
30 38 60.042
30 39 2.818
30 40 83.427
30 41 69.900
30 42 57.179
30 43 36.762
30 44 40.939
30 45 86.716
30 46 53.422
30 47 41.052
30 48 12.708
30 49 52.896
30 50 14.577
30 51 58.063
30 52 55.118
30 53 74.481
30 54 88.593
30 55 21.155
30 56 47.750
30 57 7.290
30 58 26.810
30 59 23.643
30 60 61.442
30 61 54.730
30 62 23.633
30 63 51.981
30 64 59.815
30 65 45.524
30 66 29.543
30 67 84.116
30 68 79.863
30 69 38.061
30 70 12.018
30 71 65.000
30 72 45.924
30 73 60.674
30 74 61.684
30 75 10.417
30 76 33.135
30 77 37.868
30 78 66.882
30 79 57.554
30 80 11.427
30 81 71.384
30 82 8.864
30 83 76.168
30 84 69.205
30 85 41.935
30 86 61.942
30 87 77.722
30 88 36.997
30 89 72.566
30 90 18.167
30 91 11.541
30 92 5.732
30 93 47.808
30 94 94.508
30 95 16.809
30 96 61.703
30 97 14.131
30 98 21.996
30 99 7.133
30 100 40.863
30 101 96.705
30 102 60.927
30 103 0.476
30 104 38.785
30 105 55.024
30 106 33.968
30 107 71.349
30 108 99.426
30 109 65.738
30 110 19.899
30 111 94.520
30 112 45.794
30 113 64.818
30 114 4.724
30 115 69.834
30 116 8.665
30 117 3.203
30 118 44.009
30 119 66.328
31 32 55.708
31 33 70.145
31 34 50.553
31 35 0.453
31 36 22.662
31 37 16.707
31 38 84.907
31 39 68.014
31 40 0.694
31 41 68.213
31 42 92.710
31 43 82.343
31 44 39.589
31 45 48.906
31 46 2.497
31 47 32.261
31 48 85.140
31 49 54.700
31 50 70.329
31 51 62.543
31 52 80.929
31 53 0.603
31 54 33.537
31 55 96.876
31 56 29.596
31 57 38.256
31 58 14.810
31 59 68.731
31 60 26.807
31 61 85.989
31 62 0.045
31 63 99.079
31 64 52.278
31 65 38.915
31 66 98.587
31 67 61.570
31 68 26.569
31 69 29.780
31 70 82.894
31 71 5.544
31 72 19.763
31 73 92.655
31 74 96.149
31 75 65.192
31 76 28.755
31 77 41.021
31 78 10.984
31 79 69.195
31 80 23.521
31 81 9.387
31 82 20.218
31 83 79.323
31 84 99.601
31 85 23.325
31 86 41.400
31 87 28.795
31 88 63.924
31 89 56.630
31 90 20.968
31 91 1.571
31 92 24.214
31 93 6.303
31 94 30.918
31 95 92.314
31 96 48.370
31 97 66.143
31 98 61.185
31 99 13.395
31 100 9.559
31 101 7.964
31 102 24.278
31 103 70.123
31 104 35.172
31 105 85.783
31 106 5.236
31 107 8.268
31 108 33.402
31 109 62.840
31 110 9.591
31 111 49.004
31 112 79.838
31 113 23.840
31 114 84.773
31 115 65.542
31 116 8.345
31 117 75.607
31 118 16.293
31 119 23.008
32 33 65.393
32 34 58.128
32 35 29.023
32 36 98.548
32 37 55.093
32 38 84.964
32 39 56.015
32 40 22.164
32 41 23.382
32 42 7.102
32 43 72.592
32 44 30.430
32 45 4.103
32 46 47.540
32 47 31.773
32 48 5.071
32 49 77.194
32 50 85.243
32 51 78.642
32 52 76.233
32 53 69.741
32 54 76.588
32 55 65.868
32 56 6.370
32 57 64.346
32 58 90.005
32 59 40.356
32 60 34.774
32 61 66.102
32 62 95.247
32 63 21.880
32 64 55.125
32 65 19.365
32 66 92.574
32 67 48.560
32 68 18.784
32 69 58.623
32 70 89.107
32 71 21.154
32 72 5.125
32 73 23.921
32 74 29.697
32 75 38.420
32 76 76.868
32 77 70.637
32 78 67.884
32 79 79.160
32 80 43.117
32 81 55.837
32 82 18.877
32 83 53.067
32 84 85.775
32 85 89.002
32 86 70.934
32 87 12.129
32 88 65.994
32 89 93.621
32 90 44.157
32 91 87.087
32 92 16.505
32 93 37.950
32 94 76.389
32 95 89.347
32 96 42.952
32 97 58.172
32 98 84.800
32 99 97.717
32 100 2.763
32 101 15.298
32 102 98.683
32 103 31.496
32 104 3.625
32 105 98.276
32 106 84.099
32 107 96.681
32 108 65.286
32 109 10.157
32 110 84.225
32 111 80.443
32 112 18.219
32 113 51.562
32 114 80.605
32 115 60.529
32 116 70.541
32 117 46.282
32 118 39.988
32 119 90.859
33 34 60.668
33 35 37.535
33 36 49.019
33 37 22.380
33 38 27.325
33 39 20.203
33 40 54.780
33 41 19.058
33 42 70.802
33 43 64.340
33 44 23.033
33 45 32.961
33 46 49.781
33 47 28.280
33 48 97.965
33 49 9.453
33 50 56.582
33 51 55.892
33 52 97.371
33 53 3.824
33 54 40.336
33 55 1.820
33 56 5.393
33 57 4.015
33 58 2.379
33 59 31.013
33 60 31.305
33 61 70.643
33 62 71.080
33 63 94.395
33 64 87.312
33 65 25.126
33 66 74.334
33 67 91.222
33 68 0.899
33 69 39.477
33 70 67.119
33 71 90.508
33 72 18.025
33 73 7.222
33 74 38.817
33 75 98.808
33 76 72.269
33 77 3.880
33 78 20.381
33 79 29.744
33 80 92.052
33 81 77.601
33 82 34.982
33 83 51.838
33 84 93.097
33 85 45.768
33 86 87.433
33 87 65.536
33 88 56.576
33 89 11.811
33 90 67.456
33 91 87.733
33 92 24.687
33 93 57.916
33 94 49.791
33 95 2.713
33 96 54.918
33 97 13.989
33 98 10.158
33 99 72.057
33 100 61.816
33 101 50.984
33 102 40.258
33 103 82.943
33 104 40.834
33 105 97.544
33 106 37.281
33 107 54.155
33 108 12.655
33 109 32.967
33 110 63.795
33 111 12.225
33 112 48.373
33 113 66.585
33 114 22.435
33 115 96.287
33 116 36.011
33 117 73.940
33 118 66.451
33 119 49.572
34 35 27.074
34 36 23.477
34 37 71.987
34 38 7.891
34 39 58.176
34 40 94.021
34 41 30.854
34 42 1.022
34 43 77.276
34 44 52.911
34 45 83.590
34 46 41.626
34 47 16.627
34 48 37.407
34 49 1.791
34 50 88.111
34 51 45.285
34 52 57.895
34 53 45.938
34 54 32.819
34 55 2.863
34 56 20.401
34 57 70.391
34 58 84.968
34 59 63.188
34 60 48.037
34 61 20.750
34 62 88.981
34 63 1.627
34 64 66.308
34 65 70.414
34 66 43.148
34 67 43.054
34 68 5.519
34 69 73.004
34 70 61.002
34 71 48.789
34 72 65.091
34 73 65.179
34 74 48.363
34 75 60.315
34 76 79.165
34 77 40.435
34 78 52.697
34 79 55.158
34 80 20.683
34 81 28.638
34 82 78.245
34 83 86.072
34 84 81.965
34 85 58.308
34 86 50.323
34 87 68.475
34 88 73.836
34 89 49.107
34 90 55.274
34 91 53.097
34 92 92.477
34 93 80.493
34 94 78.709
34 95 70.865
34 96 13.414
34 97 9.183
34 98 14.029
34 99 65.300
34 100 85.476
34 101 62.845
34 102 15.649
34 103 34.017
34 104 14.000
34 105 20.346
34 106 26.883
34 107 85.430
34 108 42.249
34 109 99.917
34 110 21.198
34 111 79.334
34 112 62.721
34 113 15.777
34 114 57.297
34 115 60.760
34 116 15.924
34 117 31.005
34 118 63.494
34 119 15.357
35 36 63.188
35 37 29.898
35 38 34.849
35 39 71.539
35 40 52.230
35 41 56.561
35 42 47.777
35 43 49.686
35 44 29.417
35 45 18.153
35 46 71.133
35 47 11.972
35 48 91.069
35 49 30.976
35 50 80.211
35 51 97.697
35 52 7.647
35 53 95.543
35 54 60.683
35 55 38.483
35 56 99.292
35 57 22.745
35 58 23.182
35 59 35.306
35 60 88.935
35 61 97.439
35 62 36.045
35 63 45.039
35 64 10.086
35 65 58.049
35 66 23.689
35 67 68.043
35 68 0.414
35 69 91.173
35 70 71.148
35 71 50.301
35 72 69.335
35 73 88.745
35 74 21.482
35 75 13.713
35 76 88.118
35 77 91.939
35 78 52.118
35 79 6.357
35 80 14.366
35 81 50.802
35 82 68.578
35 83 20.900
35 84 29.246
35 85 61.512
35 86 59.663
35 87 63.808
35 88 35.468
35 89 4.182
35 90 16.807
35 91 70.578
35 92 36.776
35 93 93.300
35 94 32.181
35 95 52.980
35 96 95.567
35 97 70.186
35 98 55.016
35 99 33.106
35 100 44.303
35 101 12.240
35 102 3.729
35 103 66.017
35 104 8.452
35 105 7.295
35 106 2.585
35 107 77.866
35 108 84.003
35 109 43.073
35 110 35.987
35 111 49.620
35 112 0.945
35 113 91.490
35 114 90.881
35 115 57.802
35 116 95.606
35 117 25.488
35 118 88.371
35 119 43.215
36 37 9.403
36 38 92.108
36 39 89.304
36 40 16.141
36 41 29.271
36 42 79.668
36 43 95.416
36 44 22.286
36 45 85.942
36 46 59.206
36 47 57.556
36 48 87.547
36 49 30.256
36 50 50.746
36 51 45.594
36 52 31.672
36 53 14.774
36 54 63.488
36 55 30.781
36 56 90.988
36 57 18.275
36 58 85.691
36 59 80.684
36 60 18.566
36 61 64.047
36 62 54.780
36 63 69.209
36 64 36.569
36 65 99.419
36 66 21.140
36 67 59.852
36 68 99.994
36 69 23.586
36 70 30.090
36 71 28.952
36 72 93.598
36 73 73.557
36 74 85.681
36 75 57.575
36 76 24.548
36 77 3.912
36 78 27.255
36 79 35.588
36 80 92.164
36 81 25.077
36 82 45.118
36 83 89.541
36 84 13.113
36 85 96.939
36 86 85.197
36 87 67.175
36 88 55.475
36 89 9.888
36 90 44.227
36 91 85.687
36 92 88.385
36 93 23.744
36 94 36.803
36 95 78.334
36 96 85.230
36 97 76.545
36 98 23.513
36 99 54.495
36 100 27.920
36 101 19.780
36 102 25.446
36 103 22.049
36 104 47.295
36 105 84.416
36 106 14.491
36 107 7.693
36 108 0.496
36 109 32.957
36 110 61.153
36 111 50.808
36 112 29.940
36 113 6.754
36 114 42.005
36 115 39.511
36 116 70.542
36 117 34.939
36 118 57.451
36 119 3.751
37 38 71.904
37 39 31.585
37 40 87.103
37 41 79.615
37 42 80.412
37 43 71.091
37 44 14.899
37 45 11.435
37 46 82.561
37 47 98.296
37 48 88.970
37 49 63.879
37 50 45.254
37 51 99.432
37 52 42.311
37 53 74.885
37 54 1.449
37 55 32.811
37 56 89.462
37 57 92.117
37 58 20.257
37 59 94.000
37 60 31.711
37 61 0.557
37 62 69.413
37 63 69.243
37 64 48.720
37 65 66.934
37 66 25.031
37 67 13.027
37 68 28.009
37 69 97.850
37 70 8.662
37 71 70.931
37 72 85.419
37 73 32.815
37 74 34.879
37 75 57.295
37 76 59.430
37 77 70.817
37 78 33.963
37 79 88.722
37 80 20.134
37 81 59.621
37 82 73.748
37 83 69.081
37 84 19.706
37 85 60.717
37 86 42.274
37 87 19.418
37 88 25.356
37 89 39.599
37 90 68.607
37 91 47.068
37 92 18.050
37 93 21.038
37 94 53.063
37 95 52.260
37 96 10.679
37 97 92.077
37 98 50.016
37 99 77.632
37 100 37.920
37 101 31.636
37 102 96.577
37 103 16.351
37 104 96.650
37 105 94.969
37 106 8.667
37 107 7.868
37 108 70.600
37 109 83.638
37 110 72.336
37 111 66.896
37 112 55.825
37 113 87.227
37 114 42.653
37 115 10.771
37 116 14.601
37 117 91.739
37 118 25.117
37 119 73.165
38 39 24.530
38 40 11.395
38 41 55.223
38 42 17.950
38 43 56.911
38 44 15.542
38 45 10.686
38 46 96.057
38 47 13.845
38 48 90.395
38 49 87.808
38 50 20.267
38 51 77.093
38 52 96.575
38 53 48.543
38 54 68.159
38 55 73.330
38 56 57.684
38 57 98.064
38 58 61.790
38 59 40.270
38 60 42.628
38 61 83.965
38 62 14.199
38 63 86.009
38 64 84.935
38 65 17.715
38 66 77.462
38 67 69.986
38 68 16.053
38 69 6.580
38 70 74.767
38 71 98.122
38 72 76.366
38 73 49.939
38 74 49.858
38 75 16.976
38 76 7.670
38 77 97.772
38 78 21.214
38 79 12.169
38 80 23.873
38 81 91.093
38 82 85.437
38 83 64.862
38 84 2.903
38 85 4.154
38 86 74.601
38 87 96.749
38 88 42.096
38 89 86.516
38 90 35.669
38 91 38.774
38 92 71.813
38 93 59.395
38 94 66.605
38 95 91.732
38 96 27.566
38 97 55.186
38 98 13.435
38 99 7.931
38 100 39.648
38 101 1.653
38 102 5.257
38 103 12.245
38 104 11.071
38 105 43.000
38 106 80.086
38 107 98.186
38 108 19.555
38 109 58.890
38 110 33.422
38 111 80.029
38 112 97.379
38 113 89.439
38 114 3.554
38 115 55.554
38 116 14.101
38 117 99.328
38 118 92.885
38 119 35.643
39 40 11.463
39 41 17.380
39 42 12.902
39 43 26.735
39 44 17.241
39 45 69.310
39 46 31.967
39 47 10.066
39 48 95.370
39 49 80.825
39 50 99.707
39 51 47.659
39 52 73.366
39 53 65.840
39 54 19.527
39 55 59.179
39 56 24.867
39 57 30.317
39 58 41.673
39 59 56.052
39 60 75.085
39 61 16.061
39 62 53.266
39 63 89.675
39 64 40.006
39 65 80.798
39 66 48.843
39 67 69.052
39 68 6.367
39 69 60.938
39 70 75.217
39 71 29.883
39 72 8.765
39 73 91.680
39 74 57.832
39 75 91.883
39 76 62.697
39 77 65.413
39 78 32.302
39 79 24.048
39 80 67.875
39 81 93.901
39 82 24.440
39 83 48.608
39 84 4.879
39 85 2.290
39 86 44.856
39 87 53.561
39 88 10.006
39 89 23.716
39 90 90.059
39 91 50.976
39 92 28.127
39 93 82.138
39 94 71.015
39 95 13.668
39 96 11.427
39 97 48.007
39 98 22.255
39 99 46.366
39 100 53.088
39 101 26.442
39 102 79.838
39 103 99.169
39 104 19.300
39 105 90.862
39 106 54.914
39 107 10.869
39 108 70.432
39 109 6.303
39 110 71.074
39 111 77.624
39 112 42.731
39 113 96.199
39 114 78.349
39 115 78.500
39 116 95.658
39 117 93.927
39 118 4.454
39 119 53.576
40 41 16.733
40 42 86.198
40 43 54.749
40 44 22.563
40 45 15.747
40 46 99.188
40 47 26.403
40 48 52.322
40 49 33.236
40 50 0.298
40 51 59.373
40 52 30.195
40 53 34.315
40 54 88.510
40 55 7.057
40 56 76.721
40 57 58.286
40 58 24.543
40 59 72.869
40 60 36.086
40 61 46.884
40 62 8.357
40 63 25.483
40 64 15.586
40 65 79.563
40 66 46.023
40 67 75.116
40 68 6.404
40 69 2.949
40 70 60.575
40 71 65.990
40 72 7.153
40 73 53.384
40 74 92.189
40 75 15.972
40 76 88.945
40 77 36.436
40 78 1.866
40 79 13.415
40 80 86.146
40 81 45.300
40 82 39.799
40 83 63.328
40 84 70.498
40 85 71.232
40 86 64.654
40 87 60.286
40 88 67.970
40 89 83.452
40 90 3.272
40 91 53.847
40 92 7.478
40 93 33.402
40 94 21.607
40 95 63.747
40 96 48.520
40 97 68.817
40 98 37.200
40 99 96.797
40 100 20.808
40 101 26.745
40 102 41.091
40 103 15.129
40 104 23.147
40 105 11.484
40 106 12.795
40 107 6.341
40 108 71.087
40 109 53.328
40 110 5.800
40 111 10.073
40 112 53.285
40 113 87.102
40 114 53.036
40 115 62.704
40 116 55.056
40 117 85.632
40 118 91.855
40 119 32.079
41 42 34.250
41 43 32.640
41 44 36.277
41 45 27.588
41 46 89.365
41 47 21.963
41 48 30.618
41 49 87.388
41 50 42.740
41 51 25.603
41 52 3.082
41 53 64.232
41 54 72.679
41 55 81.758
41 56 0.489
41 57 54.069
41 58 67.542
41 59 15.843
41 60 26.056
41 61 37.510
41 62 42.114
41 63 22.428
41 64 20.963
41 65 33.220
41 66 51.960
41 67 4.095
41 68 27.440
41 69 94.451
41 70 65.040
41 71 84.389
41 72 46.197
41 73 15.162
41 74 1.487
41 75 86.403
41 76 54.223
41 77 50.578
41 78 32.253
41 79 95.903
41 80 80.369
41 81 98.518
41 82 35.235
41 83 8.551
41 84 45.553
41 85 32.458
41 86 43.534
41 87 94.390
41 88 62.076
41 89 25.075
41 90 84.633
41 91 99.653
41 92 52.202
41 93 51.841
41 94 1.618
41 95 45.831
41 96 90.058
41 97 18.308
41 98 67.911
41 99 79.043
41 100 92.850
41 101 11.795
41 102 55.579
41 103 68.928
41 104 87.489
41 105 38.470
41 106 93.894
41 107 55.600
41 108 56.966
41 109 70.217
41 110 59.651
41 111 95.633
41 112 27.129
41 113 92.122
41 114 73.608
41 115 63.649
41 116 89.033
41 117 11.118
41 118 38.504
41 119 24.708
42 43 64.574
42 44 59.012
42 45 43.222
42 46 4.590
42 47 13.900
42 48 99.058
42 49 74.981
42 50 49.946
42 51 51.893
42 52 24.180
42 53 26.840
42 54 88.375
42 55 88.014
42 56 17.146
42 57 61.324
42 58 69.702
42 59 28.899
42 60 28.186
42 61 92.661
42 62 93.995
42 63 86.302
42 64 13.971
42 65 79.893
42 66 9.365
42 67 14.341
42 68 73.348
42 69 81.018
42 70 93.100
42 71 59.478
42 72 9.868
42 73 4.403
42 74 13.416
42 75 44.253
42 76 48.886
42 77 7.808
42 78 5.907
42 79 21.518
42 80 37.910
42 81 37.689
42 82 88.717
42 83 29.762
42 84 62.856
42 85 71.848
42 86 83.528
42 87 52.098
42 88 20.012
42 89 27.016
42 90 5.659
42 91 31.581
42 92 93.769
42 93 19.645
42 94 35.856
42 95 23.729
42 96 3.535
42 97 22.946
42 98 88.833
42 99 73.494
42 100 99.785
42 101 46.119
42 102 49.163
42 103 88.387
42 104 8.791
42 105 72.791
42 106 53.830
42 107 42.058
42 108 48.371
42 109 34.780
42 110 62.536
42 111 83.371
42 112 62.831
42 113 64.649
42 114 71.849
42 115 44.822
42 116 54.318
42 117 65.880
42 118 97.296
42 119 41.187
43 44 19.905
43 45 63.051
43 46 68.722
43 47 24.304
43 48 38.995
43 49 46.063
43 50 58.551
43 51 13.195
43 52 93.997
43 53 2.233
43 54 90.016
43 55 50.009
43 56 48.754
43 57 38.008
43 58 53.005
43 59 41.805
43 60 53.809
43 61 28.042
43 62 88.844
43 63 35.740
43 64 95.353
43 65 93.605
43 66 92.179
43 67 40.976
43 68 55.599
43 69 4.503
43 70 18.028
43 71 54.475
43 72 6.296
43 73 19.166
43 74 75.177
43 75 69.788
43 76 14.253
43 77 26.050
43 78 33.254
43 79 48.081
43 80 97.989
43 81 26.182
43 82 70.144
43 83 8.852
43 84 37.991
43 85 1.448
43 86 38.863
43 87 54.113
43 88 9.592
43 89 46.157
43 90 38.543
43 91 74.330
43 92 77.085
43 93 0.413
43 94 32.910
43 95 96.980
43 96 60.456
43 97 13.025
43 98 71.413
43 99 29.311
43 100 61.997
43 101 78.949
43 102 33.144
43 103 15.744
43 104 19.053
43 105 41.661
43 106 31.725
43 107 77.336
43 108 31.312
43 109 24.420
43 110 90.537
43 111 25.798
43 112 96.263
43 113 56.013
43 114 21.998
43 115 47.814
43 116 74.863
43 117 86.370
43 118 22.012
43 119 36.718
44 45 0.933
44 46 45.364
44 47 21.300
44 48 8.110
44 49 42.441
44 50 84.105
44 51 19.007
44 52 73.526
44 53 20.586
44 54 52.242
44 55 60.784
44 56 62.062
44 57 93.474
44 58 7.052
44 59 13.515
44 60 73.652
44 61 15.171
44 62 20.486
44 63 31.889
44 64 19.697
44 65 88.072
44 66 48.924
44 67 8.240
44 68 56.843
44 69 36.748
44 70 56.999
44 71 46.366
44 72 47.905
44 73 44.830
44 74 41.682
44 75 2.515
44 76 90.304
44 77 13.001
44 78 85.687
44 79 92.245
44 80 36.854
44 81 15.766
44 82 80.333
44 83 70.614
44 84 96.315
44 85 57.460
44 86 97.114
44 87 54.905
44 88 41.883
44 89 53.803
44 90 54.565
44 91 74.107
44 92 74.602
44 93 94.332
44 94 22.373
44 95 97.371
44 96 85.671
44 97 73.172
44 98 28.246
44 99 14.895
44 100 36.734
44 101 10.831
44 102 84.710
44 103 18.995
44 104 30.419
44 105 28.138
44 106 32.784
44 107 60.559
44 108 74.794
44 109 74.887
44 110 7.389
44 111 36.645
44 112 54.831
44 113 60.424
44 114 65.392
44 115 98.682
44 116 11.603
44 117 81.143
44 118 81.343
44 119 57.553
45 46 95.645
45 47 90.742
45 48 8.244
45 49 1.760
45 50 4.757
45 51 13.110
45 52 21.103
45 53 37.965
45 54 38.500
45 55 54.805
45 56 9.559
45 57 9.367
45 58 1.750
45 59 34.389
45 60 62.531
45 61 46.718
45 62 67.871
45 63 9.223
45 64 92.616
45 65 59.192
45 66 68.434
45 67 46.840
45 68 80.879
45 69 77.909
45 70 10.876
45 71 57.667
45 72 83.725
45 73 23.609
45 74 38.097
45 75 78.583
45 76 32.671
45 77 81.769
45 78 34.694
45 79 72.697
45 80 75.163
45 81 33.409
45 82 53.417
45 83 89.749
45 84 49.946
45 85 7.909
45 86 82.364
45 87 13.632
45 88 64.089
45 89 95.329
45 90 98.557
45 91 8.827
45 92 40.356
45 93 80.056
45 94 56.748
45 95 65.872
45 96 33.465
45 97 35.040
45 98 43.671
45 99 37.547
45 100 71.652
45 101 46.440
45 102 87.396
45 103 52.043
45 104 65.984
45 105 22.211
45 106 49.081
45 107 87.149
45 108 44.067
45 109 74.952
45 110 40.100
45 111 90.378
45 112 7.030
45 113 59.304
45 114 1.397
45 115 33.952
45 116 79.109
45 117 87.232
45 118 53.894
45 119 0.692
46 47 17.684
46 48 40.733
46 49 78.840
46 50 7.108
46 51 78.276
46 52 50.814
46 53 15.270
46 54 83.383
46 55 83.792
46 56 14.036
46 57 68.035
46 58 46.425
46 59 30.232
46 60 73.482
46 61 4.369
46 62 21.808
46 63 72.103
46 64 99.695
46 65 79.548
46 66 93.161
46 67 69.920
46 68 68.962
46 69 72.916
46 70 83.460
46 71 49.508
46 72 51.239
46 73 34.410
46 74 1.669
46 75 18.169
46 76 88.102
46 77 38.668
46 78 20.310
46 79 6.379
46 80 62.283
46 81 18.929
46 82 84.794
46 83 55.277
46 84 34.677
46 85 6.137
46 86 93.725
46 87 50.039
46 88 52.139
46 89 30.016
46 90 30.900
46 91 7.114
46 92 9.963
46 93 48.352
46 94 74.333
46 95 59.359
46 96 86.631
46 97 58.323
46 98 55.428
46 99 47.231
46 100 55.211
46 101 9.430
46 102 92.245
46 103 16.525
46 104 15.768
46 105 81.442
46 106 74.875
46 107 43.521
46 108 86.172
46 109 12.721
46 110 38.009
46 111 56.962
46 112 34.909
46 113 64.430
46 114 16.077
46 115 2.924
46 116 38.811
46 117 84.286
46 118 39.699
46 119 3.450
47 48 1.055
47 49 89.940
47 50 98.693
47 51 92.703
47 52 70.348
47 53 26.482
47 54 66.519
47 55 75.443
47 56 60.924
47 57 65.199
47 58 53.784
47 59 41.803
47 60 84.765
47 61 1.419
47 62 34.321
47 63 89.597
47 64 72.433
47 65 78.131
47 66 66.360
47 67 50.818
47 68 76.929
47 69 9.047
47 70 13.417
47 71 92.541
47 72 26.236
47 73 99.854
47 74 54.815
47 75 64.056
47 76 14.458
47 77 69.646
47 78 64.095
47 79 91.890
47 80 98.964
47 81 55.853
47 82 25.111
47 83 82.256
47 84 1.484
47 85 45.483
47 86 50.204
47 87 76.522
47 88 94.790
47 89 13.062
47 90 62.621
47 91 19.435
47 92 93.443
47 93 61.400
47 94 6.223
47 95 42.137
47 96 56.982
47 97 55.149
47 98 49.514
47 99 32.408
47 100 57.043
47 101 9.098
47 102 58.183
47 103 63.110
47 104 56.063
47 105 43.243
47 106 20.569
47 107 76.477
47 108 94.535
47 109 44.888
47 110 23.855
47 111 76.654
47 112 86.241
47 113 84.396
47 114 95.323
47 115 65.826
47 116 76.448
47 117 15.667
47 118 42.572
47 119 70.309
48 49 26.727
48 50 55.019
48 51 49.428
48 52 42.110
48 53 51.910
48 54 72.888
48 55 10.091
48 56 88.780
48 57 49.595
48 58 51.578
48 59 13.110
48 60 79.781
48 61 30.711
48 62 59.297
48 63 18.882
48 64 1.117
48 65 80.829
48 66 65.804
48 67 9.635
48 68 81.649
48 69 56.231
48 70 78.185
48 71 29.235
48 72 94.289
48 73 46.178
48 74 6.689
48 75 71.653
48 76 43.200
48 77 13.395
48 78 79.940
48 79 21.566
48 80 84.128
48 81 58.484
48 82 16.531
48 83 98.319
48 84 89.188
48 85 40.778
48 86 25.650
48 87 5.333
48 88 59.690
48 89 28.107
48 90 53.291
48 91 41.093
48 92 11.008
48 93 41.007
48 94 12.536
48 95 84.928
48 96 2.029
48 97 3.088
48 98 36.531
48 99 31.085
48 100 58.379
48 101 8.604
48 102 70.960
48 103 7.960
48 104 43.411
48 105 70.704
48 106 79.201
48 107 85.860
48 108 63.844
48 109 19.406
48 110 67.805
48 111 46.298
48 112 57.980
48 113 77.040
48 114 52.537
48 115 58.576
48 116 3.599
48 117 50.702
48 118 75.955
48 119 85.283
49 50 99.885
49 51 46.226
49 52 56.328
49 53 17.359
49 54 23.182
49 55 26.230
49 56 94.678
49 57 21.480
49 58 29.897
49 59 5.985
49 60 91.841
49 61 67.793
49 62 81.516
49 63 5.182
49 64 30.642
49 65 94.386
49 66 96.517
49 67 51.115
49 68 59.639
49 69 56.426
49 70 91.838
49 71 59.336
49 72 74.365
49 73 2.456
49 74 62.610
49 75 1.571
49 76 29.586
49 77 18.179
49 78 63.033
49 79 7.478
49 80 31.831
49 81 78.862
49 82 93.548
49 83 36.762
49 84 55.279
49 85 55.546
49 86 69.862
49 87 1.252
49 88 96.067
49 89 27.360
49 90 47.925
49 91 12.723
49 92 30.198
49 93 62.478
49 94 5.637
49 95 81.556
49 96 68.421
49 97 43.665
49 98 36.806
49 99 93.790
49 100 7.820
49 101 30.841
49 102 95.827
49 103 49.658
49 104 64.328
49 105 72.718
49 106 42.571
49 107 55.427
49 108 32.965
49 109 2.345
49 110 76.128
49 111 22.144
49 112 63.318
49 113 77.239
49 114 13.346
49 115 39.845
49 116 56.659
49 117 53.818
49 118 63.509
49 119 63.863
50 51 88.028
50 52 17.954
50 53 74.036
50 54 71.040
50 55 31.746
50 56 28.736
50 57 73.743
50 58 17.981
50 59 22.001
50 60 70.898
50 61 19.990
50 62 60.915
50 63 11.551
50 64 52.887
50 65 63.953
50 66 77.316
50 67 1.013
50 68 32.160
50 69 84.297
50 70 63.103
50 71 98.830
50 72 97.057
50 73 3.669
50 74 66.072
50 75 37.722
50 76 85.488
50 77 94.744
50 78 56.149
50 79 17.288
50 80 74.645
50 81 2.933
50 82 26.120
50 83 64.373
50 84 33.130
50 85 61.438
50 86 62.680
50 87 2.932
50 88 87.077
50 89 50.949
50 90 26.970
50 91 3.353
50 92 15.299
50 93 61.117
50 94 36.208
50 95 37.512
50 96 54.923
50 97 43.803
50 98 43.569
50 99 0.350
50 100 68.665
50 101 9.161
50 102 72.209
50 103 71.330
50 104 97.608
50 105 4.773
50 106 71.068
50 107 79.869
50 108 99.253
50 109 35.323
50 110 25.116
50 111 7.674
50 112 49.597
50 113 25.733
50 114 70.697
50 115 7.900
50 116 70.141
50 117 4.188
50 118 37.865
50 119 46.141
51 52 25.956
51 53 83.171
51 54 65.899
51 55 71.472
51 56 29.354
51 57 46.382
51 58 15.640
51 59 7.130
51 60 75.172
51 61 7.346
51 62 32.842
51 63 9.884
51 64 28.338
51 65 91.548
51 66 0.447
51 67 84.741
51 68 82.128
51 69 8.082
51 70 54.471
51 71 57.359
51 72 6.404
51 73 19.099
51 74 28.176
51 75 0.383
51 76 9.122
51 77 85.735
51 78 32.230
51 79 81.904
51 80 41.542
51 81 67.763
51 82 74.770
51 83 54.322
51 84 87.813
51 85 80.826
51 86 74.596
51 87 30.127
51 88 92.983
51 89 69.946
51 90 23.157
51 91 97.459
51 92 0.004
51 93 40.878
51 94 6.568
51 95 12.783
51 96 85.910
51 97 1.917
51 98 7.582
51 99 70.592
51 100 10.124
51 101 7.957
51 102 69.250
51 103 90.820
51 104 13.699
51 105 65.832
51 106 16.972
51 107 83.428
51 108 37.332
51 109 55.438
51 110 3.663
51 111 46.677
51 112 58.096
51 113 44.623
51 114 63.991
51 115 30.616
51 116 80.106
51 117 27.515
51 118 37.943
51 119 50.616
52 53 52.699
52 54 95.754
52 55 51.405
52 56 67.063
52 57 31.222
52 58 59.961
52 59 22.042
52 60 56.838
52 61 40.152
52 62 74.871
52 63 92.413
52 64 89.795
52 65 46.013
52 66 85.664
52 67 79.101
52 68 89.160
52 69 98.445
52 70 5.351
52 71 66.583
52 72 98.641
52 73 51.794
52 74 53.454
52 75 67.602
52 76 1.011
52 77 36.685
52 78 34.778
52 79 18.025
52 80 32.988
52 81 11.345
52 82 13.721
52 83 73.473
52 84 19.524
52 85 85.765
52 86 44.345
52 87 27.450
52 88 6.888
52 89 78.348
52 90 49.365
52 91 76.265
52 92 8.470
52 93 34.286
52 94 2.219
52 95 14.749
52 96 89.774
52 97 7.657
52 98 55.573
52 99 58.545
52 100 9.824
52 101 85.155
52 102 76.866
52 103 53.744
52 104 5.055
52 105 8.306
52 106 96.946
52 107 52.656
52 108 48.704
52 109 33.221
52 110 51.356
52 111 5.735
52 112 43.853
52 113 52.129
52 114 95.494
52 115 43.971
52 116 11.468
52 117 89.360
52 118 4.676
52 119 3.501
53 54 16.146
53 55 75.908
53 56 28.010
53 57 74.791
53 58 31.730
53 59 1.390
53 60 51.049
53 61 42.377
53 62 86.591
53 63 39.902
53 64 36.342
53 65 18.025
53 66 44.047
53 67 47.211
53 68 53.282
53 69 60.069
53 70 67.280
53 71 30.690
53 72 79.076
53 73 14.787
53 74 90.063
53 75 0.553
53 76 51.168
53 77 11.828
53 78 64.705
53 79 21.182
53 80 78.150
53 81 95.063
53 82 86.863
53 83 94.735
53 84 70.935
53 85 72.636
53 86 3.193
53 87 25.715
53 88 38.907
53 89 25.579
53 90 92.307
53 91 34.814
53 92 6.786
53 93 23.041
53 94 72.081
53 95 13.107
53 96 47.112
53 97 54.005
53 98 27.106
53 99 33.524
53 100 90.522
53 101 0.278
53 102 68.886
53 103 65.574
53 104 71.439
53 105 43.659
53 106 38.408
53 107 71.383
53 108 90.273
53 109 21.324
53 110 35.748
53 111 96.384
53 112 24.954
53 113 17.825
53 114 14.663
53 115 6.375
53 116 4.355
53 117 9.520
53 118 11.407
53 119 64.156
54 55 64.098
54 56 57.834
54 57 86.528
54 58 83.588
54 59 41.267
54 60 81.408
54 61 45.976
54 62 46.683
54 63 28.699
54 64 24.066
54 65 73.575
54 66 20.193
54 67 1.838
54 68 75.414
54 69 50.780
54 70 62.176
54 71 51.511
54 72 93.986
54 73 61.576
54 74 66.170
54 75 4.548
54 76 29.032
54 77 80.525
54 78 50.810
54 79 90.819
54 80 36.369
54 81 20.126
54 82 66.159
54 83 20.035
54 84 36.131
54 85 70.067
54 86 54.478
54 87 64.601
54 88 65.862
54 89 95.367
54 90 72.829
54 91 5.799
54 92 41.045
54 93 73.034
54 94 57.629
54 95 89.783
54 96 47.007
54 97 37.581
54 98 87.165
54 99 57.128
54 100 51.069
54 101 74.582
54 102 77.092
54 103 55.085
54 104 41.874
54 105 48.427
54 106 26.045
54 107 15.252
54 108 74.020
54 109 75.544
54 110 13.766
54 111 80.992
54 112 20.450
54 113 57.561
54 114 42.518
54 115 98.755
54 116 12.480
54 117 70.232
54 118 4.071
54 119 45.348
55 56 77.912
55 57 63.442
55 58 49.158
55 59 49.234
55 60 71.389
55 61 65.170
55 62 34.064
55 63 78.103
55 64 27.937
55 65 98.055
55 66 19.898
55 67 7.255
55 68 60.606
55 69 11.010
55 70 4.079
55 71 53.718
55 72 66.178
55 73 0.341
55 74 70.719
55 75 59.593
55 76 99.089
55 77 44.908
55 78 56.818
55 79 34.749
55 80 23.060
55 81 8.083
55 82 44.598
55 83 23.789
55 84 52.337
55 85 65.621
55 86 6.756
55 87 45.127
55 88 50.028
55 89 3.025
55 90 51.103
55 91 61.028
55 92 59.724
55 93 88.585
55 94 33.764
55 95 76.644
55 96 8.377
55 97 68.987
55 98 36.016
55 99 33.362
55 100 33.380
55 101 53.253
55 102 28.841
55 103 57.166
55 104 54.840
55 105 47.732
55 106 81.391
55 107 46.293
55 108 35.246
55 109 79.947
55 110 4.836
55 111 34.084
55 112 43.025
55 113 2.370
55 114 61.420
55 115 42.727
55 116 63.949
55 117 98.489
55 118 10.066
55 119 51.525
56 57 84.890
56 58 23.045
56 59 4.513
56 60 39.311
56 61 8.147
56 62 95.893
56 63 7.697
56 64 24.832
56 65 41.359
56 66 34.678
56 67 36.974
56 68 21.187
56 69 47.964
56 70 55.355
56 71 8.812
56 72 40.830
56 73 36.245
56 74 91.543
56 75 8.662
56 76 36.158
56 77 11.174
56 78 83.842
56 79 72.022
56 80 37.401
56 81 12.603
56 82 68.415
56 83 26.037
56 84 54.286
56 85 15.769
56 86 50.511
56 87 7.534
56 88 40.868
56 89 75.671
56 90 83.087
56 91 42.969
56 92 83.954
56 93 55.548
56 94 83.250
56 95 48.558
56 96 64.722
56 97 91.518
56 98 10.000
56 99 84.716
56 100 60.384
56 101 10.368
56 102 95.588
56 103 77.946
56 104 98.198
56 105 35.562
56 106 69.754
56 107 5.445
56 108 47.639
56 109 87.709
56 110 41.257
56 111 22.947
56 112 38.206
56 113 10.082
56 114 4.276
56 115 4.698
56 116 20.131
56 117 27.173
56 118 18.655
56 119 55.979
57 58 43.162
57 59 74.876
57 60 72.403
57 61 53.191
57 62 14.634
57 63 24.575
57 64 72.485
57 65 64.306
57 66 12.194
57 67 60.194
57 68 25.643
57 69 3.335
57 70 68.831
57 71 57.265
57 72 64.837
57 73 76.498
57 74 18.280
57 75 56.096
57 76 48.888
57 77 84.871
57 78 87.404
57 79 17.310
57 80 12.968
57 81 58.587
57 82 48.800
57 83 97.379
57 84 75.840
57 85 11.006
57 86 1.689
57 87 84.183
57 88 16.065
57 89 17.789
57 90 32.037
57 91 88.197
57 92 13.910
57 93 45.451
57 94 13.900
57 95 93.614
57 96 18.229
57 97 76.694
57 98 53.141
57 99 35.528
57 100 38.370
57 101 5.734
57 102 41.956
57 103 84.212
57 104 79.974
57 105 5.810
57 106 88.059
57 107 85.635
57 108 40.509
57 109 3.203
57 110 5.901
57 111 28.530
57 112 55.491
57 113 27.361
57 114 8.965
57 115 82.635
57 116 39.564
57 117 45.079
57 118 21.964
57 119 80.196
58 59 97.938
58 60 28.208
58 61 39.685
58 62 93.352
58 63 93.197
58 64 48.980
58 65 95.241
58 66 93.757
58 67 40.039
58 68 44.809
58 69 64.659
58 70 67.562
58 71 66.277
58 72 45.286
58 73 27.046
58 74 98.870
58 75 22.242
58 76 8.098
58 77 19.924
58 78 27.794
58 79 42.731
58 80 67.746
58 81 77.926
58 82 35.492
58 83 65.710
58 84 61.159
58 85 19.661
58 86 7.815
58 87 90.239
58 88 57.709
58 89 52.357
58 90 81.698
58 91 12.404
58 92 87.617
58 93 96.805
58 94 83.943
58 95 12.528
58 96 32.382
58 97 96.149
58 98 30.775
58 99 79.533
58 100 13.608
58 101 61.245
58 102 68.334
58 103 49.038
58 104 92.493
58 105 22.569
58 106 99.232
58 107 0.628
58 108 71.233
58 109 4.116
58 110 58.369
58 111 6.720
58 112 69.754
58 113 8.187
58 114 72.360
58 115 50.507
58 116 36.383
58 117 1.715
58 118 61.303
58 119 33.741
59 60 39.524
59 61 24.480
59 62 18.991
59 63 76.404
59 64 78.827
59 65 97.539
59 66 38.295
59 67 69.847
59 68 49.042
59 69 96.192
59 70 32.094
59 71 82.517
59 72 87.448
59 73 65.979
59 74 36.974
59 75 33.165
59 76 36.647
59 77 2.486
59 78 76.844
59 79 40.246
59 80 58.533
59 81 86.167
59 82 6.679
59 83 28.198
59 84 42.344
59 85 61.875
59 86 52.814
59 87 21.393
59 88 59.982
59 89 79.513
59 90 15.504
59 91 84.782
59 92 35.146
59 93 66.972
59 94 1.918
59 95 76.571
59 96 9.355
59 97 89.420
59 98 13.308
59 99 62.780
59 100 7.537
59 101 60.074
59 102 18.762
59 103 6.111
59 104 28.624
59 105 6.724
59 106 9.809
59 107 82.262
59 108 12.491
59 109 65.570
59 110 45.023
59 111 95.716
59 112 63.539
59 113 69.345
59 114 61.915
59 115 63.946
59 116 43.405
59 117 20.223
59 118 54.516
59 119 14.132
60 61 80.482
60 62 89.691
60 63 89.436
60 64 89.667
60 65 82.353
60 66 67.320
60 67 60.581
60 68 95.104
60 69 78.717
60 70 88.310
60 71 63.303
60 72 17.641
60 73 67.042
60 74 5.703
60 75 2.429
60 76 50.881
60 77 80.906
60 78 37.312
60 79 35.450
60 80 12.275
60 81 51.879
60 82 9.720
60 83 92.086
60 84 89.539
60 85 89.810
60 86 42.089
60 87 4.491
60 88 73.310
60 89 63.506
60 90 61.082
60 91 28.592
60 92 33.373
60 93 24.029
60 94 14.827
60 95 36.333
60 96 74.048
60 97 76.238
60 98 58.666
60 99 11.066
60 100 60.652
60 101 70.707
60 102 18.339
60 103 83.872
60 104 43.433
60 105 57.749
60 106 97.259
60 107 7.311
60 108 17.969
60 109 18.071
60 110 83.739
60 111 74.902
60 112 51.748
60 113 60.433
60 114 31.281
60 115 59.570
60 116 75.481
60 117 55.700
60 118 30.459
60 119 62.388
61 62 84.704
61 63 58.809
61 64 64.480
61 65 34.097
61 66 22.282
61 67 55.416
61 68 42.130
61 69 56.240
61 70 15.677
61 71 58.371
61 72 31.634
61 73 46.165
61 74 24.192
61 75 70.688
61 76 76.852
61 77 80.722
61 78 10.855
61 79 26.269
61 80 63.260
61 81 17.171
61 82 91.218
61 83 17.440
61 84 15.354
61 85 26.649
61 86 27.077
61 87 19.209
61 88 49.357
61 89 45.454
61 90 26.948
61 91 24.149
61 92 75.568
61 93 92.502
61 94 87.113
61 95 8.978
61 96 43.189
61 97 97.491
61 98 57.162
61 99 64.124
61 100 47.135
61 101 33.609
61 102 42.157
61 103 30.957
61 104 71.140
61 105 51.100
61 106 59.906
61 107 7.872
61 108 24.346
61 109 63.525
61 110 56.304
61 111 6.044
61 112 39.628
61 113 47.286
61 114 44.302
61 115 58.413
61 116 41.049
61 117 76.761
61 118 72.766
61 119 11.351
62 63 55.129
62 64 32.381
62 65 50.367
62 66 57.462
62 67 36.033
62 68 86.994
62 69 46.597
62 70 0.087
62 71 98.297
62 72 97.112
62 73 67.092
62 74 75.355
62 75 2.394
62 76 99.901
62 77 53.703
62 78 95.995
62 79 18.209
62 80 44.243
62 81 91.060
62 82 22.607
62 83 99.413
62 84 64.767
62 85 10.882
62 86 12.760
62 87 37.754
62 88 41.422
62 89 72.859
62 90 46.002
62 91 30.455
62 92 73.989
62 93 66.675
62 94 73.756
62 95 86.173
62 96 40.884
62 97 23.565
62 98 97.103
62 99 15.407
62 100 4.634
62 101 47.797
62 102 32.535
62 103 99.767
62 104 72.648
62 105 78.549
62 106 86.068
62 107 11.163
62 108 21.180
62 109 70.889
62 110 19.442
62 111 56.794
62 112 42.842
62 113 40.885
62 114 58.663
62 115 58.681
62 116 83.592
62 117 54.393
62 118 64.756
62 119 37.568
63 64 93.806
63 65 51.615
63 66 59.369
63 67 60.131
63 68 29.861
63 69 90.282
63 70 73.731
63 71 25.772
63 72 7.606
63 73 59.146
63 74 68.471
63 75 14.629
63 76 27.152
63 77 60.436
63 78 53.953
63 79 92.009
63 80 59.608
63 81 85.040
63 82 26.012
63 83 66.099
63 84 10.712
63 85 7.405
63 86 20.373
63 87 25.589
63 88 53.741
63 89 8.454
63 90 80.517
63 91 41.758
63 92 54.652
63 93 94.354
63 94 28.431
63 95 5.600
63 96 96.099
63 97 16.513
63 98 25.362
63 99 84.753
63 100 43.779
63 101 13.929
63 102 10.654
63 103 27.237
63 104 88.523
63 105 92.872
63 106 10.690
63 107 9.458
63 108 40.586
63 109 30.824
63 110 17.113
63 111 24.443
63 112 48.798
63 113 41.730
63 114 43.765
63 115 32.948
63 116 66.562
63 117 67.811
63 118 85.134
63 119 54.850
64 65 89.103
64 66 69.561
64 67 15.638
64 68 61.167
64 69 41.955
64 70 69.997
64 71 88.659
64 72 38.052
64 73 9.368
64 74 71.846
64 75 17.045
64 76 33.309
64 77 53.122
64 78 7.081
64 79 42.636
64 80 63.220
64 81 87.168
64 82 97.041
64 83 31.394
64 84 52.920
64 85 41.625
64 86 98.365
64 87 62.842
64 88 7.069
64 89 70.791
64 90 85.069
64 91 17.763
64 92 59.237
64 93 34.195
64 94 70.290
64 95 6.514
64 96 28.206
64 97 7.135
64 98 2.603
64 99 21.770
64 100 17.295
64 101 57.710
64 102 81.271
64 103 44.196
64 104 28.863
64 105 61.061
64 106 22.384
64 107 77.238
64 108 30.290
64 109 8.336
64 110 73.579
64 111 38.178
64 112 0.032
64 113 7.850
64 114 18.864
64 115 86.512
64 116 2.746
64 117 68.961
64 118 37.055
64 119 27.927
65 66 91.029
65 67 5.400
65 68 77.427
65 69 92.342
65 70 7.968
65 71 94.067
65 72 94.404
65 73 47.893
65 74 69.479
65 75 77.807
65 76 39.454
65 77 79.222
65 78 38.329
65 79 6.179
65 80 42.846
65 81 28.090
65 82 62.770
65 83 66.976
65 84 30.499
65 85 67.052
65 86 41.879
65 87 73.041
65 88 11.891
65 89 52.833
65 90 96.961
65 91 33.882
65 92 43.849
65 93 85.050
65 94 73.815
65 95 59.637
65 96 21.990
65 97 78.031
65 98 74.176
65 99 16.151
65 100 76.715
65 101 38.771
65 102 16.304
65 103 74.229
65 104 53.843
65 105 32.412
65 106 54.499
65 107 73.579
65 108 41.346
65 109 8.146
65 110 45.199
65 111 52.522
65 112 63.121
65 113 53.094
65 114 33.384
65 115 78.235
65 116 98.301
65 117 39.419
65 118 47.145
65 119 49.118
66 67 0.371
66 68 30.868
66 69 30.584
66 70 30.799
66 71 84.174
66 72 18.881
66 73 15.596
66 74 30.390
66 75 20.870
66 76 65.598
66 77 31.641
66 78 9.758
66 79 31.021
66 80 41.284
66 81 79.267
66 82 87.922
66 83 94.185
66 84 57.126
66 85 47.923
66 86 85.118
66 87 99.750
66 88 10.831
66 89 41.523
66 90 16.642
66 91 48.221
66 92 82.073
66 93 86.247
66 94 53.259
66 95 74.760
66 96 37.635
66 97 34.232
66 98 26.814
66 99 7.508
66 100 31.919
66 101 44.088
66 102 74.584
66 103 92.071
66 104 17.528
66 105 14.586
66 106 84.004
66 107 10.500
66 108 12.767
66 109 71.397
66 110 20.591
66 111 98.232
66 112 8.117
66 113 58.422
66 114 96.173
66 115 15.646
66 116 32.170
66 117 65.045
66 118 62.027
66 119 62.252
67 68 38.980
67 69 28.541
67 70 92.038
67 71 31.008
67 72 23.416
67 73 86.905
67 74 54.738
67 75 87.840
67 76 18.889
67 77 21.552
67 78 59.840
67 79 27.183
67 80 82.656
67 81 21.583
67 82 4.888
67 83 98.201
67 84 27.948
67 85 21.756
67 86 40.655
67 87 18.297
67 88 19.280
67 89 14.828
67 90 20.153
67 91 90.669
67 92 7.546
67 93 15.576
67 94 95.398
67 95 20.834
67 96 44.915
67 97 58.622
67 98 78.562
67 99 83.433
67 100 86.000
67 101 45.062
67 102 89.651
67 103 25.080
67 104 51.445
67 105 13.972
67 106 71.604
67 107 1.625
67 108 2.799
67 109 3.979
67 110 65.463
67 111 38.922
67 112 53.441
67 113 87.422
67 114 3.254
67 115 75.034
67 116 19.319
67 117 4.990
67 118 94.258
67 119 88.792
68 69 95.391
68 70 2.294
68 71 51.548
68 72 44.713
68 73 28.918
68 74 71.465
68 75 29.993
68 76 87.507
68 77 49.128
68 78 30.680
68 79 24.358
68 80 0.749
68 81 4.286
68 82 32.405
68 83 6.708
68 84 3.778
68 85 51.826
68 86 77.194
68 87 66.005
68 88 98.451
68 89 44.950
68 90 24.033
68 91 49.609
68 92 93.149
68 93 59.989
68 94 30.513
68 95 96.341
68 96 25.230
68 97 12.824
68 98 26.526
68 99 93.817
68 100 75.135
68 101 19.782
68 102 23.697
68 103 88.960
68 104 15.434
68 105 68.690
68 106 89.444
68 107 29.936
68 108 66.320
68 109 79.135
68 110 69.338
68 111 20.153
68 112 35.408
68 113 47.506
68 114 24.338
68 115 20.575
68 116 4.186
68 117 91.980
68 118 60.522
68 119 45.275
69 70 86.030
69 71 35.428
69 72 68.078
69 73 56.957
69 74 21.442
69 75 90.027
69 76 53.638
69 77 84.144
69 78 95.016
69 79 36.436
69 80 45.398
69 81 49.769
69 82 55.599
69 83 22.464
69 84 74.048
69 85 22.119
69 86 96.221
69 87 41.458
69 88 84.184
69 89 73.384
69 90 3.584
69 91 88.981
69 92 10.622
69 93 58.505
69 94 18.248
69 95 37.885
69 96 62.022
69 97 7.601
69 98 56.141
69 99 16.491
69 100 90.170
69 101 58.911
69 102 29.584
69 103 22.353
69 104 87.513
69 105 46.041
69 106 71.784
69 107 54.955
69 108 47.772
69 109 93.217
69 110 12.563
69 111 4.704
69 112 44.877
69 113 65.337
69 114 75.081
69 115 92.696
69 116 34.035
69 117 65.780
69 118 63.410
69 119 16.002
70 71 55.357
70 72 74.269
70 73 89.020
70 74 16.587
70 75 25.282
70 76 69.521
70 77 40.621
70 78 58.493
70 79 33.949
70 80 86.966
70 81 36.229
70 82 67.517
70 83 27.687
70 84 20.541
70 85 8.969
70 86 60.417
70 87 44.959
70 88 89.341
70 89 68.820
70 90 66.508
70 91 91.391
70 92 54.898
70 93 51.370
70 94 23.540
70 95 84.914
70 96 92.873
70 97 11.612
70 98 11.889
70 99 75.586
70 100 94.188
70 101 45.911
70 102 76.309
70 103 46.333
70 104 94.897
70 105 28.510
70 106 72.913
70 107 30.604
70 108 11.574
70 109 30.267
70 110 70.527
70 111 40.888
70 112 89.532
70 113 46.797
70 114 30.201
70 115 88.024
70 116 54.899
70 117 0.809
70 118 84.418
70 119 85.455
71 72 98.389
71 73 99.108
71 74 38.410
71 75 74.800
71 76 8.529
71 77 18.639
71 78 19.999
71 79 79.579
71 80 15.208
71 81 67.854
71 82 11.520
71 83 92.437
71 84 0.559
71 85 19.842
71 86 7.620
71 87 27.867
71 88 83.547
71 89 41.853
71 90 56.117
71 91 27.235
71 92 87.031
71 93 52.193
71 94 55.598
71 95 85.822
71 96 51.685
71 97 19.952
71 98 3.080
71 99 82.597
71 100 69.799
71 101 85.621
71 102 7.795
71 103 32.647
71 104 73.859
71 105 21.377
71 106 13.042
71 107 49.438
71 108 29.681
71 109 68.654
71 110 97.068
71 111 99.506
71 112 51.997
71 113 87.607
71 114 56.039
71 115 55.701
71 116 81.548
71 117 28.152
71 118 7.458
71 119 6.793
72 73 37.065
72 74 85.518
72 75 90.716
72 76 60.991
72 77 82.973
72 78 34.556
72 79 83.016
72 80 88.893
72 81 34.187
72 82 46.564
72 83 93.496
72 84 87.354
72 85 53.104
72 86 79.946
72 87 46.162
72 88 9.979
72 89 80.670
72 90 1.774
72 91 13.098
72 92 2.204
72 93 83.374
72 94 41.162
72 95 13.451
72 96 99.329
72 97 91.071
72 98 97.316
72 99 50.782
72 100 94.430
72 101 46.720
72 102 25.257
72 103 21.662
72 104 59.714
72 105 88.466
72 106 0.398
72 107 91.744
72 108 9.679
72 109 36.916
72 110 19.537
72 111 2.075
72 112 27.341
72 113 66.025
72 114 30.275
72 115 38.007
72 116 35.842
72 117 94.701
72 118 93.477
72 119 65.845
73 74 86.886
73 75 48.079
73 76 74.127
73 77 18.243
73 78 54.766
73 79 2.303
73 80 24.750
73 81 88.353
73 82 70.129
73 83 44.782
73 84 72.570
73 85 74.881
73 86 1.184
73 87 53.027
73 88 46.659
73 89 5.429
73 90 91.697
73 91 19.526
73 92 84.564
73 93 53.915
73 94 94.909
73 95 27.537
73 96 39.224
73 97 59.338
73 98 0.446
73 99 13.252
73 100 66.497
73 101 47.794
73 102 37.277
73 103 33.476
73 104 11.188
73 105 57.419
73 106 49.987
73 107 94.785
73 108 25.190
73 109 66.779
73 110 87.882
73 111 90.057
73 112 45.224
73 113 31.266
73 114 16.871
73 115 31.349
73 116 29.606
73 117 39.170
73 118 62.597
73 119 64.279
74 75 3.586
74 76 9.343
74 77 19.956
74 78 98.387
74 79 91.021
74 80 65.782
74 81 18.915
74 82 90.394
74 83 16.487
74 84 40.921
74 85 19.469
74 86 72.840
74 87 46.422
74 88 79.074
74 89 19.603
74 90 29.279
74 91 0.464
74 92 34.238
74 93 99.270
74 94 79.020
74 95 4.904
74 96 82.300
74 97 90.714
74 98 49.344
74 99 78.991
74 100 96.754
74 101 60.848
74 102 81.209
74 103 41.818
74 104 69.100
74 105 14.944
74 106 35.615
74 107 2.612
74 108 90.413
74 109 82.555
74 110 42.148
74 111 50.457
74 112 48.897
74 113 26.368
74 114 58.651
74 115 90.862
74 116 39.781
74 117 22.596
74 118 91.529
74 119 86.020
75 76 28.510
75 77 97.565
75 78 59.907
75 79 43.228
75 80 55.973
75 81 69.291
75 82 73.650
75 83 61.645
75 84 25.356
75 85 35.147
75 86 35.212
75 87 91.432
75 88 64.237
75 89 67.122
75 90 68.363
75 91 81.256
75 92 12.649
75 93 24.704
75 94 22.978
75 95 90.290
75 96 48.107
75 97 72.088
75 98 4.467
75 99 19.001
75 100 21.971
75 101 91.193
75 102 28.797
75 103 69.423
75 104 47.999
75 105 14.875
75 106 9.668
75 107 80.046
75 108 53.620
75 109 65.772
75 110 43.068
75 111 93.070
75 112 77.148
75 113 75.360
75 114 66.273
75 115 2.484
75 116 70.109
75 117 75.101
75 118 33.277
75 119 0.286
76 77 42.778
76 78 96.965
76 79 66.724
76 80 85.132
76 81 73.227
76 82 94.132
76 83 17.586
76 84 22.782
76 85 85.390
76 86 94.380
76 87 88.155
76 88 50.978
76 89 90.034
76 90 28.388
76 91 51.375
76 92 2.669
76 93 74.066
76 94 33.162
76 95 30.070
76 96 81.045
76 97 18.186
76 98 16.764
76 99 83.358
76 100 57.379
76 101 20.675
76 102 84.736
76 103 84.315
76 104 78.435
76 105 5.997
76 106 70.854
76 107 62.935
76 108 64.029
76 109 0.866
76 110 85.300
76 111 31.465
76 112 47.321
76 113 67.594
76 114 91.822
76 115 5.406
76 116 60.484
76 117 94.752
76 118 52.170
76 119 82.779
77 78 96.656
77 79 58.595
77 80 30.837
77 81 46.697
77 82 85.394
77 83 85.167
77 84 36.059
77 85 11.855
77 86 3.352
77 87 62.669
77 88 84.080
77 89 44.232
77 90 4.468
77 91 76.387
77 92 12.815
77 93 45.130
77 94 94.713
77 95 64.391
77 96 38.351
77 97 5.596
77 98 95.249
77 99 21.204
77 100 43.144
77 101 5.365
77 102 34.872
77 103 8.761
77 104 8.273
77 105 51.626
77 106 87.659
77 107 69.252
77 108 53.811
77 109 27.253
77 110 25.009
77 111 72.804
77 112 31.126
77 113 45.573
77 114 82.576
77 115 74.468
77 116 18.856
77 117 89.298
77 118 52.100
77 119 99.614
78 79 10.322
78 80 44.979
78 81 95.705
78 82 24.574
78 83 44.325
78 84 31.095
78 85 45.985
78 86 70.259
78 87 23.526
78 88 57.900
78 89 99.027
78 90 80.492
78 91 85.047
78 92 50.158
78 93 29.504
78 94 13.909
78 95 36.456
78 96 10.126
78 97 57.063
78 98 38.549
78 99 46.953
78 100 97.441
78 101 71.463
78 102 81.610
78 103 88.365
78 104 55.028
78 105 80.245
78 106 53.398
78 107 53.474
78 108 15.680
78 109 77.221
78 110 34.063
78 111 40.222
78 112 82.690
78 113 42.642
78 114 84.521
78 115 79.515
78 116 89.709
78 117 76.629
78 118 18.822
78 119 1.615
79 80 9.941
79 81 36.317
79 82 54.212
79 83 81.536
79 84 2.882
79 85 94.112
79 86 37.294
79 87 77.383
79 88 57.954
79 89 59.575
79 90 29.934
79 91 77.241
79 92 18.752
79 93 10.657
79 94 26.923
79 95 99.998
79 96 49.032
79 97 61.372
79 98 68.940
79 99 53.406
79 100 32.131
79 101 52.453
79 102 8.962
79 103 38.710
79 104 79.237
79 105 89.142
79 106 88.039
79 107 5.346
79 108 58.690
79 109 65.979
79 110 77.218
79 111 1.475
79 112 48.491
79 113 12.322
79 114 46.415
79 115 36.553
79 116 57.224
79 117 64.276
79 118 28.158
79 119 70.668
80 81 54.797
80 82 18.826
80 83 54.372
80 84 72.001
80 85 3.739
80 86 54.189
80 87 57.772
80 88 38.621
80 89 84.214
80 90 6.740
80 91 45.908
80 92 63.656
80 93 61.482
80 94 79.341
80 95 75.576
80 96 33.980
80 97 53.240
80 98 18.511
80 99 78.002
80 100 91.686
80 101 16.074
80 102 38.590
80 103 11.157
80 104 54.897
80 105 85.221
80 106 89.878
80 107 44.504
80 108 89.902
80 109 69.868
80 110 64.757
80 111 13.639
80 112 50.098
80 113 27.452
80 114 10.827
80 115 17.532
80 116 48.938
80 117 14.694
80 118 73.379
80 119 69.466
81 82 13.803
81 83 40.592
81 84 20.829
81 85 54.242
81 86 75.684
81 87 27.110
81 88 16.240
81 89 88.896
81 90 85.553
81 91 17.042
81 92 85.625
81 93 31.883
81 94 12.495
81 95 55.312
81 96 99.481
81 97 36.588
81 98 70.929
81 99 9.923
81 100 27.827
81 101 99.022
81 102 44.683
81 103 91.845
81 104 51.009
81 105 6.682
81 106 24.199
81 107 79.302
81 108 8.601
81 109 55.824
81 110 49.819
81 111 51.251
81 112 47.013
81 113 67.756
81 114 58.895
81 115 87.291
81 116 82.690
81 117 1.282
81 118 67.345
81 119 96.784
82 83 32.324
82 84 28.048
82 85 77.349
82 86 98.682
82 87 74.058
82 88 10.287
82 89 92.023
82 90 85.366
82 91 94.397
82 92 96.353
82 93 35.183
82 94 68.737
82 95 44.400
82 96 28.433
82 97 19.741
82 98 24.879
82 99 75.673
82 100 38.950
82 101 81.799
82 102 24.785
82 103 51.807
82 104 97.433
82 105 99.173
82 106 62.976
82 107 34.106
82 108 57.992
82 109 42.853
82 110 73.268
82 111 21.827
82 112 49.063
82 113 67.830
82 114 51.519
82 115 86.585
82 116 41.709
82 117 35.748
82 118 88.869
82 119 78.212
83 84 30.491
83 85 75.998
83 86 55.810
83 87 95.059
83 88 61.851
83 89 34.159
83 90 67.369
83 91 5.593
83 92 48.910
83 93 27.101
83 94 2.734
83 95 80.093
83 96 18.732
83 97 22.600
83 98 48.872
83 99 41.372
83 100 48.357
83 101 87.976
83 102 86.973
83 103 71.650
83 104 59.285
83 105 7.050
83 106 43.034
83 107 19.075
83 108 56.595
83 109 47.610
83 110 79.417
83 111 31.839
83 112 18.508
83 113 72.662
83 114 12.950
83 115 10.447
83 116 64.970
83 117 27.819
83 118 6.925
83 119 9.419
84 85 59.696
84 86 4.559
84 87 99.314
84 88 38.549
84 89 29.122
84 90 74.413
84 91 97.563
84 92 10.810
84 93 13.854
84 94 12.737
84 95 91.531
84 96 59.121
84 97 3.438
84 98 82.346
84 99 10.475
84 100 97.370
84 101 43.669
84 102 27.093
84 103 77.377
84 104 32.478
84 105 47.148
84 106 33.376
84 107 94.518
84 108 43.728
84 109 82.444
84 110 53.596
84 111 27.886
84 112 33.208
84 113 64.943
84 114 49.745
84 115 44.796
84 116 16.915
84 117 23.379
84 118 7.602
84 119 99.083
85 86 69.934
85 87 70.014
85 88 92.393
85 89 51.254
85 90 61.069
85 91 59.589
85 92 65.352
85 93 57.210
85 94 12.402
85 95 82.401
85 96 57.232
85 97 58.447
85 98 97.478
85 99 0.256
85 100 99.644
85 101 59.083
85 102 48.169
85 103 0.541
85 104 47.979
85 105 80.647
85 106 74.728
85 107 13.293
85 108 90.717
85 109 44.226
85 110 16.156
85 111 8.900
85 112 29.089
85 113 41.414
85 114 28.721
85 115 69.925
85 116 28.342
85 117 20.420
85 118 89.318
85 119 9.596
86 87 87.265
86 88 31.780
86 89 37.325
86 90 91.569
86 91 46.155
86 92 49.301
86 93 3.718
86 94 90.887
86 95 55.106
86 96 6.176
86 97 79.426
86 98 24.402
86 99 54.230
86 100 63.661
86 101 56.250
86 102 70.421
86 103 75.374
86 104 60.260
86 105 33.149
86 106 92.019
86 107 60.921
86 108 73.077
86 109 18.294
86 110 76.140
86 111 9.406
86 112 59.769
86 113 73.006
86 114 1.559
86 115 99.985
86 116 39.528
86 117 37.554
86 118 52.728
86 119 18.198
87 88 14.546
87 89 50.746
87 90 3.691
87 91 3.994
87 92 29.619
87 93 25.357
87 94 6.489
87 95 69.658
87 96 16.879
87 97 69.663
87 98 31.861
87 99 90.062
87 100 75.064
87 101 51.669
87 102 26.556
87 103 50.558
87 104 88.296
87 105 87.141
87 106 71.183
87 107 48.898
87 108 98.077
87 109 95.099
87 110 45.309
87 111 86.690
87 112 3.949
87 113 5.184
87 114 32.359
87 115 53.203
87 116 83.292
87 117 20.154
87 118 25.902
87 119 99.754
88 89 88.734
88 90 33.713
88 91 31.032
88 92 26.418
88 93 2.868
88 94 79.017
88 95 89.785
88 96 54.482
88 97 4.293
88 98 36.382
88 99 97.953
88 100 37.853
88 101 26.413
88 102 60.098
88 103 22.112
88 104 74.515
88 105 71.021
88 106 93.696
88 107 70.354
88 108 15.200
88 109 72.368
88 110 30.647
88 111 17.930
88 112 30.560
88 113 94.238
88 114 43.170
88 115 39.921
88 116 90.452
88 117 82.499
88 118 45.671
88 119 57.033
89 90 29.326
89 91 88.654
89 92 81.330
89 93 57.756
89 94 20.246
89 95 26.122
89 96 20.436
89 97 20.378
89 98 56.770
89 99 20.273
89 100 37.283
89 101 21.715
89 102 46.632
89 103 65.718
89 104 88.815
89 105 85.944
89 106 54.157
89 107 9.875
89 108 52.653
89 109 96.517
89 110 89.304
89 111 40.570
89 112 94.748
89 113 66.940
89 114 30.453
89 115 67.216
89 116 27.634
89 117 42.018
89 118 85.290
89 119 50.063
90 91 89.077
90 92 80.237
90 93 39.577
90 94 50.091
90 95 17.925
90 96 50.026
90 97 17.134
90 98 43.289
90 99 29.024
90 100 57.925
90 101 76.003
90 102 67.395
90 103 92.318
90 104 15.070
90 105 95.563
90 106 46.602
90 107 2.581
90 108 39.878
90 109 67.261
90 110 70.322
90 111 85.703
90 112 89.490
90 113 87.683
90 114 85.751
90 115 25.069
90 116 10.227
90 117 66.819
90 118 0.851
90 119 7.252
91 92 98.259
91 93 6.689
91 94 84.246
91 95 80.141
91 96 65.622
91 97 75.886
91 98 91.651
91 99 88.552
91 100 13.911
91 101 4.137
91 102 44.592
91 103 2.489
91 104 28.178
91 105 47.645
91 106 36.547
91 107 81.453
91 108 16.979
91 109 30.759
91 110 44.025
91 111 24.518
91 112 41.000
91 113 52.418
91 114 75.698
91 115 40.392
91 116 92.324
91 117 56.869
91 118 1.403
91 119 34.264
92 93 9.165
92 94 7.305
92 95 64.603
92 96 48.964
92 97 36.751
92 98 68.356
92 99 96.884
92 100 16.810
92 101 74.070
92 102 98.788
92 103 21.109
92 104 75.498
92 105 78.301
92 106 79.280
92 107 51.033
92 108 76.466
92 109 34.016
92 110 51.828
92 111 69.533
92 112 67.415
92 113 32.610
92 114 27.097
92 115 95.000
92 116 61.991
92 117 48.935
92 118 23.966
92 119 26.056
93 94 19.124
93 95 46.722
93 96 41.523
93 97 88.411
93 98 42.108
93 99 92.146
93 100 27.955
93 101 94.516
93 102 73.226
93 103 5.758
93 104 3.047
93 105 66.605
93 106 3.585
93 107 37.023
93 108 11.414
93 109 66.759
93 110 39.785
93 111 2.813
93 112 32.124
93 113 23.874
93 114 69.147
93 115 91.478
93 116 47.050
93 117 46.665
93 118 43.451
93 119 97.488
94 95 75.041
94 96 64.327
94 97 57.484
94 98 18.138
94 99 11.939
94 100 42.017
94 101 33.166
94 102 13.445
94 103 77.495
94 104 77.027
94 105 32.618
94 106 3.118
94 107 59.393
94 108 93.322
94 109 14.262
94 110 50.362
94 111 61.884
94 112 17.053
94 113 14.903
94 114 61.270
94 115 11.932
94 116 33.759
94 117 87.677
94 118 10.703
94 119 49.329
95 96 99.103
95 97 50.910
95 98 90.804
95 99 28.864
95 100 99.365
95 101 6.078
95 102 66.665
95 103 92.450
95 104 35.303
95 105 64.479
95 106 15.176
95 107 27.001
95 108 33.613
95 109 81.651
95 110 17.720
95 111 9.897
95 112 73.847
95 113 36.188
95 114 75.119
95 115 58.022
95 116 55.531
95 117 5.323
95 118 14.121
95 119 38.669
96 97 20.115
96 98 83.512
96 99 58.727
96 100 70.992
96 101 85.481
96 102 62.179
96 103 46.775
96 104 45.224
96 105 46.912
96 106 38.946
96 107 82.466
96 108 13.569
96 109 47.758
96 110 52.841
96 111 28.873
96 112 61.401
96 113 25.456
96 114 48.338
96 115 61.014
96 116 50.396
96 117 94.140
96 118 55.584
96 119 19.657
97 98 36.167
97 99 33.775
97 100 36.714
97 101 28.813
97 102 2.209
97 103 17.535
97 104 88.936
97 105 65.731
97 106 19.207
97 107 24.138
97 108 13.855
97 109 1.228
97 110 34.162
97 111 49.855
97 112 59.543
97 113 60.294
97 114 17.372
97 115 56.164
97 116 16.891
97 117 88.202
97 118 46.899
97 119 63.276
98 99 5.063
98 100 45.687
98 101 90.003
98 102 27.258
98 103 12.179
98 104 98.300
98 105 48.882
98 106 19.003
98 107 66.842
98 108 9.652
98 109 74.134
98 110 57.003
98 111 3.728
98 112 96.024
98 113 13.483
98 114 32.703
98 115 52.158
98 116 50.688
98 117 55.614
98 118 7.152
98 119 20.445
99 100 0.308
99 101 49.376
99 102 50.721
99 103 70.775
99 104 12.893
99 105 27.136
99 106 43.871
99 107 79.452
99 108 37.057
99 109 37.722
99 110 56.250
99 111 55.601
99 112 15.686
99 113 99.211
99 114 73.856
99 115 47.753
99 116 83.650
99 117 14.674
99 118 49.563
99 119 2.183
100 101 28.803
100 102 55.087
100 103 10.980
100 104 49.521
100 105 68.273
100 106 2.719
100 107 71.478
100 108 86.834
100 109 67.944
100 110 65.640
100 111 55.098
100 112 91.245
100 113 11.986
100 114 19.370
100 115 64.174
100 116 48.135
100 117 11.484
100 118 5.245
100 119 89.664
101 102 2.036
101 103 26.411
101 104 16.723
101 105 88.510
101 106 41.601
101 107 63.612
101 108 34.646
101 109 29.789
101 110 11.330
101 111 4.936
101 112 30.389
101 113 41.984
101 114 2.246
101 115 14.314
101 116 41.838
101 117 77.387
101 118 11.275
101 119 70.311
102 103 41.335
102 104 46.477
102 105 74.847
102 106 71.569
102 107 56.982
102 108 65.045
102 109 76.047
102 110 66.554
102 111 79.125
102 112 99.912
102 113 96.641
102 114 66.168
102 115 82.363
102 116 95.265
102 117 35.382
102 118 8.020
102 119 20.098
103 104 10.983
103 105 42.247
103 106 54.529
103 107 3.411
103 108 6.712
103 109 24.570
103 110 23.564
103 111 58.984
103 112 61.085
103 113 65.555
103 114 69.911
103 115 71.792
103 116 24.107
103 117 58.191
103 118 58.656
103 119 57.481
104 105 62.586
104 106 98.375
104 107 97.413
104 108 76.601
104 109 73.416
104 110 99.851
104 111 23.358
104 112 98.309
104 113 7.583
104 114 90.576
104 115 73.148
104 116 44.653
104 117 68.963
104 118 25.188
104 119 99.046
105 106 98.249
105 107 26.290
105 108 1.521
105 109 32.986
105 110 35.906
105 111 4.120
105 112 0.407
105 113 41.767
105 114 58.698
105 115 99.184
105 116 77.526
105 117 61.249
105 118 25.013
105 119 2.200
106 107 23.620
106 108 45.125
106 109 57.232
106 110 92.060
106 111 75.141
106 112 14.762
106 113 85.040
106 114 9.208
106 115 1.244
106 116 50.588
106 117 8.717
106 118 8.136
106 119 14.989
107 108 22.634
107 109 14.344
107 110 35.082
107 111 56.738
107 112 18.098
107 113 49.472
107 114 76.344
107 115 75.953
107 116 87.174
107 117 72.643
107 118 75.070
107 119 93.926
108 109 94.886
108 110 22.995
108 111 19.944
108 112 64.468
108 113 36.323
108 114 17.286
108 115 67.874
108 116 62.188
108 117 45.374
108 118 70.777
108 119 74.619
109 110 18.671
109 111 3.004
109 112 55.737
109 113 72.217
109 114 95.778
109 115 30.058
109 116 56.716
109 117 50.165
109 118 32.199
109 119 31.758
110 111 55.296
110 112 68.457
110 113 24.534
110 114 46.262
110 115 78.648
110 116 54.946
110 117 7.378
110 118 38.088
110 119 76.067
111 112 16.903
111 113 78.240
111 114 68.658
111 115 45.503
111 116 27.227
111 117 72.588
111 118 70.879
111 119 18.189
112 113 29.460
112 114 31.928
112 115 52.431
112 116 23.613
112 117 42.546
112 118 23.546
112 119 53.282
113 114 99.345
113 115 36.261
113 116 64.351
113 117 86.995
113 118 80.683
113 119 91.258
114 115 73.301
114 116 2.480
114 117 3.570
114 118 53.906
114 119 26.922
115 116 13.138
115 117 80.936
115 118 45.386
115 119 20.686
116 117 53.689
116 118 67.369
116 119 86.966
117 118 45.376
117 119 41.494
118 119 9.956
