12 4 ss 3 3 3 3 3 3 3 3 
0 1 23.873
0 2 38.813
0 3 41.908
0 4 88.284
0 5 81.593
0 6 24.030
0 7 89.327
0 8 32.146
0 9 19.712
0 10 19.834
0 11 68.753
1 2 12.274
1 3 19.231
1 4 83.014
1 5 77.883
1 6 23.554
1 7 84.533
1 8 15.357
1 9 57.353
1 10 83.737
1 11 86.400
2 3 56.466
2 4 37.188
2 5 59.151
2 6 98.397
2 7 88.714
2 8 31.233
2 9 69.897
2 10 14.111
2 11 17.435
3 4 44.261
3 5 68.312
3 6 59.780
3 7 79.790
3 8 91.296
3 9 95.178
3 10 84.541
3 11 91.694
4 5 54.214
4 6 44.402
4 7 18.805
4 8 63.780
4 9 16.748
4 10 8.781
4 11 40.208
5 6 4.576
5 7 25.806
5 8 37.005
5 9 76.129
5 10 81.908
5 11 24.355
6 7 5.181
6 8 1.956
6 9 31.997
6 10 89.106
6 11 94.925
7 8 65.057
7 9 89.801
7 10 84.861
7 11 74.490
8 9 75.858
8 10 63.858
8 11 16.619
9 10 99.389
9 11 59.482
10 11 94.222
