12 4 ds 3 4 3 4 2 5 3 4 
0 1 50.214
0 2 35.120
0 3 92.966
0 4 97.453
0 5 5.090
0 6 60.301
0 7 58.154
0 8 7.783
0 9 65.900
0 10 93.733
0 11 22.423
1 2 53.738
1 3 84.642
1 4 15.123
1 5 78.164
1 6 62.616
1 7 9.164
1 8 3.900
1 9 82.505
1 10 58.469
1 11 31.496
2 3 36.511
2 4 82.608
2 5 67.057
2 6 10.689
2 7 0.784
2 8 90.107
2 9 40.975
2 10 44.425
2 11 23.623
3 4 23.143
3 5 66.125
3 6 46.630
3 7 63.913
3 8 18.972
3 9 30.361
3 10 99.309
3 11 31.186
4 5 82.698
4 6 57.864
4 7 86.019
4 8 52.398
4 9 78.402
4 10 38.703
4 11 81.655
5 6 24.140
5 7 87.793
5 8 12.020
5 9 68.649
5 10 55.651
5 11 58.490
6 7 93.431
6 8 73.217
6 9 29.201
6 10 39.114
6 11 72.466
7 8 66.939
7 9 78.720
7 10 51.623
7 11 44.268
8 9 58.747
8 10 15.006
8 11 82.639
9 10 81.262
9 11 10.317
10 11 6.390
