12 4 ss 3 3 3 3 3 3 3 3 
0 1 89.381
0 2 67.178
0 3 38.489
0 4 78.273
0 5 79.685
0 6 2.995
0 7 29.218
0 8 27.146
0 9 0.709
0 10 54.815
0 11 85.597
1 2 57.526
1 3 93.706
1 4 74.138
1 5 98.251
1 6 40.259
1 7 52.468
1 8 97.167
1 9 52.524
1 10 67.479
1 11 76.702
2 3 92.835
2 4 86.562
2 5 64.114
2 6 98.321
2 7 69.920
2 8 27.664
2 9 78.918
2 10 48.215
2 11 16.966
3 4 41.664
3 5 13.548
3 6 28.755
3 7 62.869
3 8 66.940
3 9 63.950
3 10 58.220
3 11 88.288
4 5 94.561
4 6 42.126
4 7 57.307
4 8 88.443
4 9 99.181
4 10 18.359
4 11 55.020
5 6 86.410
5 7 21.449
5 8 74.068
5 9 1.489
5 10 22.650
5 11 52.054
6 7 83.663
6 8 88.657
6 9 1.344
6 10 69.925
6 11 50.145
7 8 96.268
7 9 56.969
7 10 42.711
7 11 3.663
8 9 0.206
8 10 15.616
8 11 6.342
9 10 34.813
9 11 3.029
10 11 64.699
