12 4 ds 2 3 3 4 3 5 2 3 
0 1 38.270
0 2 80.821
0 3 43.316
0 4 80.724
0 5 67.323
0 6 97.034
0 7 35.828
0 8 68.086
0 9 74.705
0 10 94.643
0 11 77.654
1 2 78.450
1 3 69.778
1 4 96.062
1 5 25.369
1 6 76.942
1 7 66.734
1 8 7.873
1 9 26.352
1 10 55.684
1 11 15.423
2 3 75.173
2 4 96.605
2 5 19.710
2 6 91.634
2 7 76.922
2 8 69.885
2 9 22.522
2 10 11.495
2 11 91.045
3 4 38.531
3 5 54.910
3 6 74.981
3 7 42.902
3 8 66.997
3 9 8.305
3 10 49.490
3 11 26.226
4 5 35.387
4 6 92.254
4 7 76.018
4 8 51.744
4 9 62.182
4 10 84.512
4 11 17.675
5 6 35.439
5 7 62.848
5 8 31.821
5 9 73.114
5 10 85.767
5 11 24.196
6 7 99.600
6 8 45.911
6 9 87.130
6 10 13.094
6 11 89.582
7 8 94.998
7 9 5.536
7 10 92.556
7 11 5.864
8 9 90.978
8 10 61.587
8 11 88.232
9 10 51.865
9 11 68.476
10 11 25.830
