30 5 ss 6 6 6 6 6 6 6 6 6 6 
0 1 99.693
0 2 72.644
0 3 63.091
0 4 16.821
0 5 55.289
0 6 71.912
0 7 55.211
0 8 31.730
0 9 63.818
0 10 2.258
0 11 0.446
0 12 89.258
0 13 50.623
0 14 34.022
0 15 6.207
0 16 56.324
0 17 69.997
0 18 65.515
0 19 42.829
0 20 66.487
0 21 39.572
0 22 14.061
0 23 23.549
0 24 80.549
0 25 27.957
0 26 72.094
0 27 82.971
0 28 11.453
0 29 62.889
1 2 51.398
1 3 47.130
1 4 73.689
1 5 79.632
1 6 94.914
1 7 54.792
1 8 50.371
1 9 34.932
1 10 69.991
1 11 59.220
1 12 32.139
1 13 70.493
1 14 69.599
1 15 12.432
1 16 71.254
1 17 21.805
1 18 38.697
1 19 9.814
1 20 11.478
1 21 33.044
1 22 11.825
1 23 52.001
1 24 99.793
1 25 56.869
1 26 94.968
1 27 63.015
1 28 59.527
1 29 89.125
2 3 49.801
2 4 88.956
2 5 6.097
2 6 12.747
2 7 41.696
2 8 89.873
2 9 16.411
2 10 2.658
2 11 94.172
2 12 28.989
2 13 20.822
2 14 73.966
2 15 51.977
2 16 58.046
2 17 72.625
2 18 39.481
2 19 92.579
2 20 95.318
2 21 64.188
2 22 79.396
2 23 41.548
2 24 93.694
2 25 1.139
2 26 15.904
2 27 41.179
2 28 0.269
2 29 16.419
3 4 28.589
3 5 93.684
3 6 15.973
3 7 4.543
3 8 42.638
3 9 50.349
3 10 74.046
3 11 83.098
3 12 71.204
3 13 46.301
3 14 69.547
3 15 43.249
3 16 95.734
3 17 86.878
3 18 88.570
3 19 33.978
3 20 23.613
3 21 76.038
3 22 5.487
3 23 35.782
3 24 71.161
3 25 39.887
3 26 39.288
3 27 18.744
3 28 81.872
3 29 39.082
4 5 85.956
4 6 47.149
4 7 4.682
4 8 82.751
4 9 72.836
4 10 88.252
4 11 25.157
4 12 53.511
4 13 13.073
4 14 6.325
4 15 63.656
4 16 28.295
4 17 73.447
4 18 74.764
4 19 28.845
4 20 32.900
4 21 7.337
4 22 18.857
4 23 42.413
4 24 99.516
4 25 45.997
4 26 9.675
4 27 31.340
4 28 5.983
4 29 86.021
5 6 65.613
5 7 17.838
5 8 63.109
5 9 58.579
5 10 82.279
5 11 23.826
5 12 82.106
5 13 16.900
5 14 3.676
5 15 46.808
5 16 98.053
5 17 32.496
5 18 68.063
5 19 57.047
5 20 47.265
5 21 47.724
5 22 10.417
5 23 12.121
5 24 96.538
5 25 92.559
5 26 80.050
5 27 84.297
5 28 0.480
5 29 36.820
6 7 36.752
6 8 48.557
6 9 19.471
6 10 15.591
6 11 21.723
6 12 84.715
6 13 65.265
6 14 35.217
6 15 60.596
6 16 5.715
6 17 53.860
6 18 40.012
6 19 45.019
6 20 36.067
6 21 35.974
6 22 95.672
6 23 56.537
6 24 29.263
6 25 44.313
6 26 24.417
6 27 41.937
6 28 31.130
6 29 43.787
7 8 9.006
7 9 22.747
7 10 67.241
7 11 95.941
7 12 68.010
7 13 23.248
7 14 56.825
7 15 52.080
7 16 93.128
7 17 31.130
7 18 33.067
7 19 70.907
7 20 30.815
7 21 62.847
7 22 80.247
7 23 15.983
7 24 85.142
7 25 91.748
7 26 81.867
7 27 25.910
7 28 16.531
7 29 11.244
8 9 10.718
8 10 65.850
8 11 11.927
8 12 47.514
8 13 81.793
8 14 62.852
8 15 5.930
8 16 6.723
8 17 32.019
8 18 99.438
8 19 39.578
8 20 40.190
8 21 86.952
8 22 89.964
8 23 53.692
8 24 37.675
8 25 23.933
8 26 92.548
8 27 27.105
8 28 13.685
8 29 43.598
9 10 15.649
9 11 86.565
9 12 34.628
9 13 17.242
9 14 62.891
9 15 34.775
9 16 45.695
9 17 86.213
9 18 22.316
9 19 65.737
9 20 95.482
9 21 51.311
9 22 46.952
9 23 62.490
9 24 23.667
9 25 5.143
9 26 92.466
9 27 1.314
9 28 72.471
9 29 28.420
10 11 74.611
10 12 18.590
10 13 6.136
10 14 92.398
10 15 84.290
10 16 31.798
10 17 74.369
10 18 83.959
10 19 51.290
10 20 44.470
10 21 35.424
10 22 97.284
10 23 79.057
10 24 6.448
10 25 62.447
10 26 16.643
10 27 82.397
10 28 45.415
10 29 92.735
11 12 48.488
11 13 47.547
11 14 33.421
11 15 43.701
11 16 47.889
11 17 99.816
11 18 3.016
11 19 11.653
11 20 24.271
11 21 7.803
11 22 81.578
11 23 89.875
11 24 4.479
11 25 75.230
11 26 69.592
11 27 91.059
11 28 77.400
11 29 71.458
12 13 48.854
12 14 35.777
12 15 43.672
12 16 30.030
12 17 69.978
12 18 73.482
12 19 46.465
12 20 0.911
12 21 35.073
12 22 35.422
12 23 64.884
12 24 76.566
12 25 61.090
12 26 79.906
12 27 10.217
12 28 24.615
12 29 82.103
13 14 79.502
13 15 77.099
13 16 50.539
13 17 24.647
13 18 17.041
13 19 66.575
13 20 82.742
13 21 69.250
13 22 2.715
13 23 16.128
13 24 19.258
13 25 93.445
13 26 98.079
13 27 42.929
13 28 0.486
13 29 76.756
14 15 34.448
14 16 30.872
14 17 75.557
14 18 36.576
14 19 42.942
14 20 69.403
14 21 11.285
14 22 55.330
14 23 71.352
14 24 82.732
14 25 52.131
14 26 53.970
14 27 49.053
14 28 71.688
14 29 77.205
15 16 64.566
15 17 75.306
15 18 27.294
15 19 16.044
15 20 55.675
15 21 48.631
15 22 65.113
15 23 78.772
15 24 68.158
15 25 25.296
15 26 72.432
15 27 28.195
15 28 26.230
15 29 93.531
16 17 56.581
16 18 71.506
16 19 98.805
16 20 76.725
16 21 31.988
16 22 77.488
16 23 99.565
16 24 33.648
16 25 86.008
16 26 31.429
16 27 30.684
16 28 6.661
16 29 19.140
17 18 24.490
17 19 94.777
17 20 79.893
17 21 63.920
17 22 36.801
17 23 22.387
17 24 48.548
17 25 48.625
17 26 14.326
17 27 88.202
17 28 67.766
17 29 86.829
18 19 58.372
18 20 18.219
18 21 44.892
18 22 41.941
18 23 43.586
18 24 22.160
18 25 62.531
18 26 37.046
18 27 55.389
18 28 20.743
18 29 71.433
19 20 54.672
19 21 91.011
19 22 75.764
19 23 72.023
19 24 98.562
19 25 99.644
19 26 72.451
19 27 11.332
19 28 70.089
19 29 46.712
20 21 48.191
20 22 58.083
20 23 45.644
20 24 74.818
20 25 9.478
20 26 82.869
20 27 28.147
20 28 99.709
20 29 29.801
21 22 62.652
21 23 85.772
21 24 23.389
21 25 75.223
21 26 49.185
21 27 84.032
21 28 68.528
21 29 61.487
22 23 89.544
22 24 63.584
22 25 38.375
22 26 6.784
22 27 63.577
22 28 15.401
22 29 84.647
23 24 7.663
23 25 7.887
23 26 57.439
23 27 22.168
23 28 32.088
23 29 28.858
24 25 22.442
24 26 63.542
24 27 93.266
24 28 68.284
24 29 25.267
25 26 59.729
25 27 40.619
25 28 74.307
25 29 89.908
26 27 23.098
26 28 80.174
26 29 47.675
27 28 81.322
27 29 78.416
28 29 15.617
