12 4 ds 2 5 3 5 3 4 3 4 
0 1 83.617
0 2 73.428
0 3 35.837
0 4 14.779
0 5 45.343
0 6 56.141
0 7 20.837
0 8 19.862
0 9 72.473
0 10 22.376
0 11 47.248
1 2 62.015
1 3 56.483
1 4 38.554
1 5 62.355
1 6 4.360
1 7 11.122
1 8 56.784
1 9 67.749
1 10 28.093
1 11 35.838
2 3 13.647
2 4 80.342
2 5 91.119
2 6 2.396
2 7 27.328
2 8 16.075
2 9 87.845
2 10 18.026
2 11 64.935
3 4 21.212
3 5 17.942
3 6 93.556
3 7 87.096
3 8 27.761
3 9 46.207
3 10 98.200
3 11 15.281
4 5 89.342
4 6 63.103
4 7 14.002
4 8 8.820
4 9 61.744
4 10 36.110
4 11 12.446
5 6 83.219
5 7 28.440
5 8 75.730
5 9 63.295
5 10 49.119
5 11 35.490
6 7 26.777
6 8 51.489
6 9 2.114
6 10 92.559
6 11 35.554
7 8 21.737
7 9 47.680
7 10 17.156
7 11 36.569
8 9 92.462
8 10 2.563
8 11 47.785
9 10 48.635
9 11 80.782
10 11 74.235
