10 2 ds 4 5 3 5 
0 1 22.314
0 2 12.654
0 3 25.263
0 4 3.616
0 5 94.683
0 6 82.267
0 7 9.495
0 8 62.573
0 9 57.788
1 2 76.801
1 3 73.021
1 4 8.134
1 5 7.583
1 6 23.309
1 7 67.972
1 8 74.044
1 9 34.265
2 3 97.378
2 4 92.122
2 5 91.076
2 6 67.482
2 7 99.165
2 8 85.832
2 9 69.296
3 4 81.871
3 5 44.228
3 6 78.053
3 7 7.339
3 8 87.462
3 9 1.031
4 5 97.347
4 6 88.345
4 7 63.141
4 8 94.574
4 9 11.660
5 6 86.356
5 7 78.206
5 8 61.329
5 9 11.440
6 7 99.271
6 8 86.964
6 9 84.524
7 8 4.712
7 9 44.863
8 9 74.419
