60 6 ss 10 10 10 10 10 10 10 10 10 10 10 10 
0 1 24.414
0 2 69.342
0 3 15.095
0 4 42.810
0 5 89.770
0 6 47.997
0 7 7.212
0 8 46.985
0 9 93.114
0 10 73.397
0 11 78.276
0 12 22.222
0 13 72.240
0 14 3.388
0 15 31.419
0 16 4.826
0 17 41.285
0 18 6.525
0 19 85.313
0 20 80.103
0 21 25.609
0 22 15.114
0 23 54.260
0 24 89.380
0 25 75.005
0 26 65.542
0 27 52.836
0 28 58.598
0 29 87.154
0 30 2.128
0 31 61.375
0 32 6.008
0 33 39.046
0 34 71.578
0 35 80.918
0 36 26.435
0 37 67.882
0 38 89.167
0 39 26.594
0 40 42.640
0 41 64.955
0 42 14.882
0 43 57.002
0 44 60.496
0 45 46.130
0 46 38.003
0 47 13.770
0 48 64.027
0 49 40.729
0 50 32.008
0 51 50.277
0 52 38.775
0 53 97.004
0 54 8.155
0 55 61.440
0 56 17.563
0 57 36.839
0 58 65.763
0 59 87.488
1 2 1.359
1 3 4.928
1 4 9.931
1 5 53.808
1 6 19.833
1 7 48.379
1 8 83.329
1 9 26.235
1 10 61.069
1 11 31.581
1 12 37.713
1 13 6.587
1 14 18.015
1 15 38.094
1 16 52.917
1 17 66.734
1 18 70.413
1 19 36.464
1 20 96.350
1 21 21.206
1 22 45.286
1 23 90.060
1 24 4.385
1 25 68.089
1 26 76.483
1 27 72.384
1 28 58.572
1 29 85.890
1 30 14.369
1 31 8.786
1 32 24.168
1 33 60.074
1 34 20.429
1 35 3.108
1 36 16.306
1 37 27.149
1 38 18.357
1 39 23.490
1 40 59.944
1 41 66.445
1 42 63.175
1 43 15.458
1 44 13.778
1 45 40.166
1 46 32.964
1 47 82.327
1 48 35.407
1 49 80.795
1 50 43.990
1 51 23.114
1 52 75.308
1 53 51.627
1 54 39.336
1 55 46.329
1 56 0.549
1 57 60.974
1 58 3.572
1 59 84.382
2 3 65.674
2 4 93.483
2 5 11.570
2 6 17.822
2 7 67.831
2 8 33.081
2 9 28.282
2 10 81.201
2 11 45.943
2 12 91.174
2 13 38.068
2 14 63.094
2 15 9.644
2 16 21.051
2 17 97.164
2 18 31.657
2 19 12.656
2 20 94.835
2 21 70.885
2 22 14.062
2 23 17.448
2 24 42.852
2 25 38.398
2 26 33.258
2 27 33.262
2 28 6.983
2 29 22.195
2 30 58.726
2 31 47.965
2 32 39.295
2 33 26.821
2 34 59.246
2 35 15.686
2 36 85.215
2 37 52.029
2 38 55.157
2 39 6.848
2 40 26.496
2 41 79.159
2 42 55.208
2 43 74.928
2 44 23.427
2 45 16.416
2 46 28.794
2 47 45.185
2 48 87.984
2 49 28.615
2 50 8.250
2 51 84.577
2 52 40.069
2 53 70.069
2 54 37.813
2 55 69.241
2 56 47.483
2 57 85.444
2 58 86.001
2 59 26.133
3 4 26.959
3 5 42.766
3 6 16.336
3 7 88.839
3 8 88.376
3 9 15.166
3 10 67.720
3 11 74.037
3 12 37.152
3 13 33.550
3 14 30.240
3 15 54.753
3 16 10.877
3 17 91.046
3 18 14.751
3 19 79.277
3 20 15.409
3 21 91.908
3 22 5.343
3 23 60.510
3 24 42.912
3 25 2.499
3 26 52.620
3 27 39.489
3 28 99.759
3 29 80.047
3 30 12.712
3 31 9.000
3 32 45.739
3 33 26.036
3 34 62.013
3 35 68.416
3 36 47.671
3 37 35.437
3 38 20.888
3 39 69.274
3 40 80.313
3 41 90.419
3 42 0.921
3 43 2.643
3 44 65.367
3 45 77.728
3 46 49.761
3 47 73.920
3 48 25.415
3 49 92.644
3 50 5.202
3 51 8.472
3 52 43.775
3 53 29.210
3 54 85.889
3 55 32.420
3 56 63.564
3 57 46.401
3 58 39.840
3 59 76.847
4 5 29.648
4 6 42.938
4 7 44.009
4 8 60.865
4 9 75.718
4 10 69.659
4 11 98.151
4 12 19.212
4 13 85.358
4 14 57.677
4 15 84.514
4 16 53.429
4 17 10.793
4 18 42.995
4 19 71.219
4 20 2.193
4 21 15.886
4 22 23.793
4 23 21.653
4 24 45.977
4 25 21.002
4 26 95.339
4 27 34.811
4 28 83.993
4 29 66.519
4 30 69.243
4 31 82.233
4 32 47.224
4 33 79.040
4 34 98.745
4 35 26.047
4 36 40.396
4 37 19.777
4 38 99.795
4 39 99.575
4 40 37.808
4 41 18.124
4 42 78.846
4 43 7.090
4 44 93.266
4 45 45.070
4 46 52.632
4 47 52.500
4 48 62.682
4 49 60.911
4 50 72.630
4 51 38.116
4 52 79.434
4 53 79.624
4 54 47.459
4 55 84.103
4 56 67.219
4 57 28.297
4 58 90.181
4 59 6.835
5 6 22.857
5 7 44.170
5 8 4.279
5 9 60.085
5 10 52.409
5 11 44.131
5 12 62.013
5 13 86.826
5 14 97.957
5 15 21.922
5 16 21.956
5 17 51.409
5 18 49.544
5 19 76.837
5 20 78.654
5 21 21.953
5 22 97.002
5 23 54.360
5 24 36.725
5 25 51.041
5 26 39.789
5 27 83.982
5 28 54.109
5 29 59.124
5 30 39.457
5 31 32.330
5 32 4.772
5 33 59.548
5 34 69.013
5 35 50.793
5 36 69.851
5 37 76.670
5 38 86.155
5 39 85.980
5 40 78.040
5 41 99.313
5 42 33.290
5 43 38.634
5 44 80.970
5 45 80.588
5 46 46.211
5 47 2.040
5 48 67.387
5 49 42.138
5 50 35.445
5 51 84.478
5 52 91.133
5 53 65.938
5 54 89.557
5 55 21.979
5 56 12.252
5 57 59.992
5 58 38.043
5 59 17.365
6 7 27.983
6 8 65.646
6 9 2.981
6 10 99.529
6 11 0.959
6 12 33.682
6 13 63.210
6 14 82.882
6 15 75.636
6 16 33.975
6 17 52.578
6 18 21.118
6 19 10.797
6 20 79.201
6 21 14.679
6 22 91.671
6 23 45.887
6 24 36.945
6 25 40.487
6 26 17.708
6 27 62.034
6 28 76.526
6 29 22.446
6 30 32.979
6 31 94.800
6 32 46.950
6 33 68.815
6 34 21.562
6 35 4.982
6 36 10.629
6 37 35.437
6 38 19.272
6 39 16.297
6 40 63.851
6 41 48.639
6 42 46.459
6 43 84.270
6 44 59.463
6 45 12.557
6 46 52.925
6 47 69.401
6 48 9.806
6 49 16.963
6 50 94.862
6 51 49.465
6 52 88.701
6 53 87.538
6 54 31.001
6 55 20.760
6 56 70.096
6 57 49.542
6 58 20.563
6 59 6.170
7 8 37.974
7 9 7.958
7 10 29.144
7 11 9.112
7 12 77.226
7 13 82.446
7 14 0.326
7 15 26.752
7 16 8.394
7 17 73.821
7 18 30.589
7 19 63.309
7 20 60.559
7 21 80.261
7 22 93.019
7 23 64.836
7 24 86.112
7 25 26.104
7 26 91.312
7 27 30.564
7 28 8.740
7 29 13.821
7 30 89.786
7 31 42.703
7 32 61.686
7 33 60.646
7 34 57.339
7 35 96.540
7 36 17.197
7 37 35.353
7 38 83.748
7 39 5.739
7 40 30.024
7 41 67.774
7 42 75.220
7 43 3.938
7 44 17.967
7 45 63.938
7 46 12.753
7 47 63.065
7 48 80.655
7 49 23.064
7 50 61.690
7 51 1.212
7 52 14.111
7 53 19.164
7 54 53.703
7 55 58.504
7 56 13.118
7 57 79.619
7 58 23.536
7 59 78.064
8 9 66.007
8 10 65.874
8 11 71.958
8 12 41.009
8 13 37.208
8 14 37.253
8 15 43.673
8 16 69.348
8 17 1.750
8 18 57.895
8 19 54.348
8 20 28.708
8 21 42.865
8 22 88.984
8 23 74.459
8 24 34.034
8 25 48.964
8 26 93.631
8 27 79.291
8 28 85.690
8 29 49.459
8 30 70.214
8 31 4.255
8 32 40.862
8 33 10.259
8 34 21.431
8 35 2.548
8 36 55.695
8 37 69.245
8 38 60.990
8 39 88.254
8 40 17.338
8 41 29.618
8 42 57.594
8 43 62.125
8 44 21.821
8 45 44.746
8 46 16.743
8 47 59.579
8 48 43.700
8 49 21.972
8 50 4.932
8 51 30.835
8 52 86.412
8 53 44.835
8 54 27.883
8 55 61.688
8 56 98.510
8 57 63.230
8 58 84.759
8 59 70.036
9 10 90.258
9 11 29.283
9 12 33.658
9 13 68.086
9 14 87.494
9 15 63.035
9 16 20.200
9 17 63.072
9 18 15.248
9 19 16.533
9 20 40.646
9 21 80.354
9 22 12.291
9 23 67.495
9 24 33.730
9 25 31.908
9 26 39.611
9 27 14.464
9 28 21.296
9 29 20.537
9 30 60.733
9 31 64.181
9 32 46.800
9 33 65.507
9 34 39.903
9 35 98.926
9 36 92.882
9 37 58.877
9 38 25.309
9 39 86.629
9 40 94.475
9 41 13.431
9 42 58.859
9 43 49.792
9 44 2.280
9 45 42.921
9 46 81.450
9 47 40.636
9 48 92.951
9 49 23.215
9 50 83.264
9 51 79.301
9 52 66.957
9 53 19.024
9 54 82.272
9 55 99.599
9 56 22.851
9 57 24.993
9 58 0.987
9 59 12.465
10 11 47.544
10 12 62.251
10 13 51.424
10 14 41.172
10 15 16.189
10 16 91.932
10 17 31.298
10 18 4.289
10 19 52.415
10 20 55.697
10 21 80.678
10 22 22.499
10 23 59.895
10 24 29.954
10 25 47.639
10 26 3.589
10 27 99.627
10 28 85.255
10 29 63.898
10 30 16.299
10 31 53.785
10 32 75.282
10 33 36.961
10 34 98.156
10 35 86.650
10 36 40.817
10 37 24.041
10 38 55.057
10 39 85.878
10 40 3.321
10 41 64.786
10 42 1.042
10 43 43.235
10 44 39.959
10 45 14.813
10 46 55.596
10 47 12.935
10 48 77.388
10 49 40.125
10 50 62.734
10 51 67.853
10 52 15.098
10 53 3.636
10 54 21.289
10 55 59.128
10 56 90.807
10 57 99.403
10 58 18.972
10 59 73.063
11 12 30.154
11 13 67.557
11 14 44.184
11 15 70.714
11 16 80.883
11 17 53.516
11 18 8.990
11 19 90.217
11 20 17.717
11 21 58.748
11 22 54.294
11 23 89.617
11 24 18.281
11 25 67.175
11 26 23.936
11 27 8.889
11 28 52.757
11 29 21.228
11 30 88.339
11 31 33.798
11 32 0.304
11 33 64.671
11 34 70.238
11 35 51.413
11 36 3.866
11 37 65.453
11 38 75.184
11 39 97.314
11 40 1.613
11 41 81.205
11 42 57.686
11 43 7.930
11 44 28.068
11 45 32.417
11 46 60.249
11 47 7.946
11 48 60.878
11 49 3.913
11 50 46.990
11 51 82.327
11 52 0.205
11 53 3.900
11 54 16.161
11 55 5.299
11 56 6.902
11 57 71.747
11 58 16.586
11 59 24.463
12 13 92.909
12 14 40.504
12 15 11.903
12 16 27.253
12 17 52.703
12 18 28.331
12 19 33.448
12 20 49.068
12 21 48.193
12 22 54.120
12 23 37.732
12 24 17.656
12 25 11.103
12 26 46.950
12 27 37.678
12 28 66.713
12 29 6.656
12 30 46.466
12 31 8.131
12 32 93.167
12 33 10.313
12 34 71.793
12 35 75.637
12 36 77.235
12 37 85.326
12 38 70.339
12 39 90.063
12 40 32.112
12 41 13.041
12 42 44.619
12 43 41.384
12 44 1.007
12 45 20.166
12 46 95.209
12 47 28.780
12 48 73.270
12 49 67.640
12 50 10.956
12 51 11.181
12 52 48.456
12 53 14.245
12 54 83.819
12 55 68.477
12 56 37.459
12 57 44.810
12 58 24.993
12 59 80.849
13 14 53.195
13 15 57.592
13 16 11.408
13 17 90.026
13 18 9.828
13 19 38.364
13 20 97.303
13 21 40.714
13 22 19.190
13 23 9.757
13 24 84.208
13 25 13.088
13 26 45.735
13 27 33.577
13 28 54.532
13 29 47.930
13 30 57.328
13 31 61.085
13 32 38.865
13 33 34.837
13 34 88.104
13 35 71.648
13 36 5.196
13 37 80.936
13 38 11.792
13 39 13.726
13 40 29.403
13 41 2.585
13 42 9.164
13 43 63.760
13 44 30.732
13 45 85.813
13 46 1.618
13 47 48.390
13 48 33.388
13 49 42.565
13 50 14.434
13 51 33.279
13 52 45.938
13 53 49.307
13 54 27.849
13 55 67.870
13 56 33.933
13 57 92.139
13 58 71.875
13 59 89.605
14 15 97.943
14 16 58.286
14 17 21.646
14 18 33.338
14 19 59.172
14 20 7.690
14 21 54.077
14 22 62.177
14 23 97.855
14 24 30.388
14 25 33.777
14 26 34.443
14 27 85.859
14 28 45.474
14 29 6.379
14 30 48.159
14 31 4.211
14 32 25.642
14 33 90.847
14 34 59.216
14 35 38.715
14 36 37.694
14 37 78.821
14 38 52.319
14 39 2.393
14 40 73.811
14 41 68.685
14 42 54.803
14 43 42.185
14 44 11.057
14 45 84.806
14 46 22.620
14 47 49.129
14 48 77.229
14 49 58.257
14 50 95.038
14 51 6.229
14 52 20.084
14 53 74.363
14 54 10.034
14 55 76.232
14 56 73.901
14 57 24.508
14 58 95.878
14 59 52.788
15 16 92.443
15 17 34.920
15 18 6.092
15 19 72.713
15 20 70.631
15 21 83.525
15 22 44.705
15 23 14.583
15 24 8.553
15 25 57.448
15 26 36.699
15 27 89.411
15 28 80.932
15 29 48.399
15 30 34.521
15 31 62.862
15 32 62.754
15 33 30.894
15 34 15.716
15 35 35.281
15 36 27.504
15 37 19.192
15 38 19.049
15 39 45.755
15 40 78.276
15 41 52.777
15 42 86.826
15 43 59.474
15 44 94.026
15 45 17.391
15 46 29.749
15 47 43.876
15 48 73.301
15 49 68.845
15 50 7.209
15 51 38.360
15 52 36.041
15 53 90.236
15 54 20.777
15 55 74.797
15 56 0.357
15 57 79.680
15 58 51.531
15 59 11.628
16 17 85.692
16 18 35.325
16 19 32.886
16 20 3.054
16 21 6.343
16 22 77.143
16 23 39.774
16 24 36.601
16 25 10.080
16 26 20.878
16 27 92.301
16 28 37.318
16 29 85.408
16 30 98.554
16 31 17.404
16 32 54.919
16 33 8.006
16 34 2.045
16 35 85.579
16 36 21.364
16 37 21.994
16 38 11.485
16 39 41.418
16 40 90.712
16 41 54.860
16 42 58.664
16 43 76.456
16 44 50.490
16 45 46.272
16 46 67.070
16 47 50.762
16 48 24.422
16 49 30.433
16 50 4.849
16 51 55.722
16 52 70.023
16 53 49.263
16 54 84.724
16 55 24.651
16 56 11.404
16 57 89.404
16 58 45.798
16 59 40.114
17 18 37.552
17 19 29.888
17 20 56.140
17 21 57.298
17 22 39.446
17 23 59.283
17 24 82.219
17 25 61.260
17 26 55.524
17 27 71.237
17 28 81.483
17 29 2.577
17 30 44.359
17 31 75.556
17 32 87.755
17 33 10.684
17 34 5.851
17 35 68.294
17 36 75.652
17 37 67.118
17 38 27.760
17 39 88.820
17 40 9.809
17 41 31.885
17 42 43.169
17 43 54.410
17 44 7.512
17 45 55.377
17 46 46.209
17 47 3.652
17 48 69.150
17 49 75.507
17 50 28.380
17 51 98.772
17 52 59.973
17 53 95.166
17 54 65.825
17 55 33.998
17 56 58.699
17 57 58.624
17 58 9.128
17 59 72.142
18 19 23.829
18 20 97.183
18 21 1.528
18 22 84.829
18 23 66.876
18 24 94.138
18 25 78.845
18 26 3.131
18 27 63.217
18 28 27.046
18 29 85.049
18 30 94.846
18 31 75.914
18 32 81.322
18 33 71.006
18 34 72.268
18 35 15.618
18 36 93.342
18 37 30.844
18 38 99.985
18 39 10.509
18 40 73.519
18 41 70.240
18 42 16.137
18 43 14.272
18 44 80.228
18 45 94.058
18 46 2.495
18 47 37.216
18 48 64.005
18 49 46.927
18 50 38.844
18 51 45.894
18 52 78.069
18 53 39.670
18 54 55.365
18 55 39.974
18 56 56.045
18 57 46.938
18 58 53.077
18 59 81.604
19 20 90.652
19 21 66.977
19 22 96.837
19 23 22.149
19 24 8.145
19 25 93.136
19 26 98.033
19 27 43.932
19 28 22.490
19 29 58.539
19 30 94.803
19 31 10.484
19 32 70.521
19 33 80.303
19 34 6.466
19 35 97.817
19 36 74.714
19 37 47.733
19 38 85.831
19 39 61.360
19 40 53.806
19 41 70.116
19 42 18.133
19 43 78.466
19 44 3.086
19 45 24.067
19 46 18.591
19 47 94.737
19 48 96.002
19 49 17.815
19 50 61.896
19 51 93.983
19 52 16.648
19 53 20.368
19 54 36.451
19 55 6.185
19 56 18.692
19 57 87.217
19 58 53.746
19 59 65.649
20 21 20.509
20 22 51.023
20 23 58.999
20 24 32.383
20 25 88.537
20 26 35.702
20 27 83.023
20 28 93.739
20 29 31.299
20 30 95.371
20 31 47.270
20 32 70.490
20 33 25.069
20 34 75.810
20 35 84.084
20 36 61.783
20 37 18.805
20 38 45.422
20 39 62.429
20 40 76.756
20 41 20.789
20 42 45.107
20 43 15.698
20 44 17.142
20 45 52.286
20 46 62.025
20 47 52.687
20 48 94.793
20 49 64.596
20 50 40.942
20 51 95.421
20 52 90.809
20 53 55.020
20 54 8.626
20 55 28.212
20 56 88.869
20 57 84.558
20 58 1.748
20 59 61.233
21 22 44.303
21 23 95.552
21 24 56.769
21 25 8.796
21 26 82.639
21 27 51.035
21 28 41.520
21 29 57.682
21 30 56.571
21 31 69.200
21 32 82.465
21 33 54.049
21 34 28.682
21 35 6.186
21 36 69.112
21 37 68.817
21 38 88.771
21 39 48.308
21 40 97.578
21 41 10.889
21 42 59.250
21 43 10.853
21 44 49.004
21 45 45.172
21 46 89.834
21 47 4.775
21 48 85.372
21 49 38.082
21 50 93.622
21 51 24.859
21 52 85.156
21 53 97.061
21 54 30.694
21 55 33.370
21 56 34.353
21 57 92.611
21 58 2.432
21 59 61.719
22 23 34.619
22 24 51.452
22 25 80.079
22 26 29.345
22 27 89.540
22 28 87.623
22 29 54.388
22 30 83.792
22 31 82.520
22 32 94.693
22 33 59.744
22 34 98.879
22 35 65.333
22 36 56.744
22 37 95.754
22 38 28.885
22 39 35.076
22 40 48.345
22 41 42.057
22 42 5.843
22 43 89.081
22 44 84.503
22 45 37.999
22 46 84.315
22 47 12.268
22 48 50.391
22 49 77.801
22 50 83.423
22 51 69.521
22 52 87.642
22 53 53.989
22 54 49.467
22 55 46.820
22 56 39.092
22 57 67.111
22 58 64.102
22 59 9.214
23 24 57.080
23 25 8.129
23 26 52.838
23 27 21.131
23 28 61.750
23 29 11.411
23 30 6.535
23 31 5.120
23 32 95.294
23 33 70.827
23 34 14.606
23 35 98.780
23 36 55.644
23 37 9.262
23 38 22.802
23 39 6.461
23 40 8.876
23 41 92.692
23 42 70.718
23 43 32.274
23 44 73.404
23 45 84.002
23 46 34.596
23 47 23.995
23 48 41.043
23 49 38.841
23 50 99.529
23 51 53.647
23 52 50.096
23 53 56.064
23 54 11.815
23 55 9.865
23 56 53.859
23 57 8.703
23 58 17.005
23 59 79.580
24 25 34.272
24 26 97.876
24 27 72.119
24 28 52.140
24 29 94.933
24 30 91.732
24 31 31.493
24 32 87.660
24 33 30.262
24 34 34.220
24 35 44.933
24 36 53.213
24 37 8.365
24 38 34.394
24 39 74.092
24 40 45.437
24 41 23.959
24 42 75.952
24 43 28.429
24 44 86.167
24 45 74.702
24 46 18.834
24 47 45.625
24 48 98.907
24 49 89.387
24 50 99.965
24 51 92.997
24 52 48.286
24 53 89.662
24 54 78.609
24 55 46.241
24 56 52.061
24 57 98.286
24 58 13.288
24 59 9.728
25 26 55.811
25 27 16.415
25 28 1.880
25 29 78.649
25 30 94.152
25 31 80.008
25 32 64.219
25 33 7.408
25 34 49.120
25 35 71.151
25 36 97.451
25 37 41.011
25 38 56.313
25 39 3.970
25 40 88.364
25 41 86.559
25 42 2.446
25 43 26.740
25 44 24.044
25 45 50.506
25 46 4.163
25 47 81.944
25 48 2.499
25 49 44.028
25 50 57.281
25 51 44.212
25 52 8.208
25 53 63.574
25 54 98.049
25 55 12.437
25 56 84.124
25 57 86.650
25 58 23.619
25 59 66.857
26 27 1.240
26 28 83.868
26 29 77.565
26 30 14.438
26 31 99.603
26 32 37.483
26 33 18.155
26 34 36.684
26 35 50.529
26 36 73.916
26 37 51.975
26 38 22.784
26 39 68.796
26 40 63.160
26 41 33.603
26 42 18.019
26 43 85.688
26 44 11.529
26 45 3.207
26 46 42.431
26 47 79.053
26 48 75.841
26 49 58.261
26 50 37.999
26 51 44.884
26 52 56.936
26 53 33.022
26 54 83.872
26 55 86.470
26 56 88.307
26 57 89.962
26 58 78.742
26 59 91.751
27 28 21.705
27 29 11.043
27 30 26.983
27 31 67.308
27 32 25.693
27 33 13.568
27 34 80.938
27 35 98.272
27 36 55.430
27 37 5.236
27 38 85.564
27 39 7.439
27 40 22.388
27 41 36.127
27 42 43.644
27 43 94.029
27 44 91.213
27 45 1.531
27 46 69.828
27 47 42.743
27 48 57.615
27 49 98.842
27 50 30.043
27 51 7.205
27 52 15.970
27 53 44.183
27 54 69.111
27 55 88.315
27 56 8.196
27 57 10.000
27 58 13.923
27 59 47.729
28 29 56.542
28 30 53.545
28 31 2.077
28 32 19.393
28 33 22.034
28 34 67.992
28 35 26.663
28 36 7.958
28 37 97.671
28 38 2.871
28 39 6.664
28 40 91.898
28 41 40.819
28 42 68.563
28 43 89.469
28 44 81.289
28 45 72.817
28 46 60.804
28 47 67.056
28 48 15.458
28 49 25.468
28 50 15.446
28 51 40.641
28 52 24.079
28 53 93.852
28 54 31.184
28 55 99.937
28 56 16.827
28 57 62.832
28 58 78.504
28 59 92.629
29 30 11.280
29 31 10.651
29 32 46.816
29 33 47.288
29 34 56.580
29 35 57.167
29 36 68.535
29 37 78.644
29 38 61.168
29 39 16.578
29 40 98.838
29 41 48.008
29 42 86.978
29 43 34.889
29 44 22.866
29 45 73.598
29 46 29.561
29 47 40.895
29 48 8.339
29 49 85.610
29 50 63.885
29 51 16.145
29 52 20.894
29 53 99.127
29 54 98.920
29 55 94.108
29 56 71.848
29 57 34.263
29 58 50.644
29 59 31.688
30 31 73.700
30 32 47.465
30 33 12.711
30 34 57.264
30 35 37.357
30 36 50.443
30 37 76.785
30 38 88.597
30 39 56.881
30 40 83.948
30 41 30.437
30 42 31.217
30 43 92.507
30 44 82.472
30 45 39.470
30 46 13.342
30 47 80.745
30 48 12.890
30 49 3.716
30 50 86.871
30 51 71.570
30 52 95.186
30 53 60.553
30 54 25.712
30 55 17.007
30 56 16.617
30 57 98.802
30 58 82.426
30 59 12.891
31 32 32.019
31 33 37.158
31 34 22.134
31 35 26.118
31 36 2.421
31 37 15.935
31 38 38.638
31 39 23.402
31 40 61.763
31 41 48.657
31 42 71.874
31 43 54.387
31 44 17.185
31 45 80.920
31 46 88.104
31 47 31.872
31 48 82.260
31 49 7.937
31 50 54.664
31 51 95.015
31 52 14.463
31 53 9.315
31 54 39.602
31 55 37.523
31 56 78.307
31 57 69.863
31 58 93.250
31 59 32.201
32 33 83.775
32 34 68.625
32 35 23.478
32 36 85.648
32 37 56.029
32 38 34.799
32 39 59.384
32 40 12.441
32 41 76.872
32 42 88.887
32 43 9.119
32 44 26.887
32 45 0.985
32 46 10.108
32 47 56.778
32 48 12.179
32 49 90.755
32 50 97.050
32 51 10.519
32 52 41.786
32 53 32.284
32 54 17.499
32 55 9.529
32 56 95.940
32 57 92.200
32 58 75.518
32 59 20.945
33 34 37.287
33 35 49.960
33 36 59.126
33 37 9.538
33 38 84.089
33 39 93.554
33 40 70.270
33 41 42.731
33 42 46.790
33 43 97.889
33 44 80.321
33 45 1.433
33 46 74.353
33 47 14.581
33 48 98.932
33 49 3.216
33 50 90.424
33 51 89.498
33 52 91.854
33 53 8.515
33 54 86.253
33 55 90.108
33 56 34.199
33 57 72.822
33 58 77.173
33 59 68.543
34 35 39.614
34 36 28.239
34 37 22.583
34 38 8.249
34 39 62.995
34 40 26.320
34 41 55.491
34 42 2.215
34 43 34.595
34 44 50.754
34 45 67.072
34 46 88.961
34 47 46.763
34 48 13.268
34 49 44.053
34 50 28.845
34 51 81.086
34 52 79.000
34 53 62.382
34 54 37.707
34 55 33.272
34 56 28.656
34 57 99.275
34 58 7.464
34 59 65.947
35 36 53.905
35 37 37.568
35 38 33.993
35 39 95.336
35 40 99.770
35 41 1.258
35 42 41.501
35 43 96.869
35 44 13.167
35 45 79.152
35 46 39.530
35 47 96.837
35 48 30.283
35 49 64.773
35 50 73.862
35 51 2.503
35 52 37.160
35 53 64.943
35 54 35.803
35 55 11.435
35 56 67.600
35 57 6.954
35 58 75.674
35 59 32.350
36 37 60.470
36 38 4.755
36 39 25.808
36 40 44.362
36 41 84.462
36 42 28.322
36 43 75.955
36 44 19.309
36 45 52.576
36 46 57.149
36 47 59.716
36 48 32.691
36 49 90.835
36 50 88.784
36 51 4.469
36 52 92.763
36 53 96.193
36 54 16.351
36 55 69.237
36 56 24.464
36 57 17.088
36 58 85.251
36 59 45.034
37 38 55.097
37 39 16.795
37 40 88.482
37 41 20.446
37 42 62.078
37 43 34.487
37 44 62.520
37 45 21.563
37 46 59.550
37 47 41.833
37 48 1.240
37 49 19.841
37 50 20.316
37 51 4.012
37 52 14.041
37 53 64.076
37 54 52.272
37 55 93.152
37 56 16.180
37 57 33.390
37 58 74.411
37 59 69.518
38 39 54.239
38 40 26.978
38 41 66.490
38 42 41.153
38 43 37.725
38 44 3.343
38 45 98.535
38 46 36.253
38 47 69.003
38 48 56.841
38 49 81.674
38 50 74.170
38 51 38.052
38 52 72.566
38 53 20.110
38 54 0.750
38 55 76.006
38 56 31.986
38 57 85.586
38 58 61.627
38 59 41.994
39 40 51.170
39 41 80.319
39 42 23.106
39 43 51.476
39 44 21.097
39 45 2.105
39 46 14.450
39 47 41.104
39 48 85.192
39 49 76.224
39 50 57.665
39 51 5.077
39 52 33.163
39 53 72.727
39 54 71.274
39 55 31.008
39 56 12.104
39 57 84.863
39 58 83.129
39 59 9.532
40 41 55.995
40 42 4.615
40 43 63.952
40 44 91.199
40 45 12.905
40 46 94.732
40 47 98.092
40 48 16.620
40 49 5.583
40 50 23.108
40 51 40.881
40 52 51.414
40 53 95.569
40 54 95.035
40 55 73.035
40 56 16.208
40 57 33.579
40 58 91.560
40 59 51.664
41 42 13.720
41 43 69.617
41 44 98.096
41 45 74.788
41 46 19.942
41 47 65.143
41 48 86.419
41 49 21.621
41 50 24.470
41 51 96.562
41 52 95.318
41 53 4.464
41 54 76.242
41 55 64.439
41 56 40.421
41 57 69.663
41 58 15.252
41 59 26.021
42 43 72.090
42 44 14.909
42 45 48.245
42 46 50.041
42 47 91.800
42 48 48.055
42 49 56.983
42 50 52.225
42 51 32.019
42 52 98.649
42 53 11.333
42 54 7.506
42 55 2.395
42 56 7.564
42 57 96.282
42 58 50.727
42 59 5.892
43 44 62.374
43 45 51.887
43 46 71.392
43 47 32.560
43 48 16.533
43 49 68.267
43 50 80.050
43 51 45.743
43 52 28.972
43 53 73.911
43 54 73.981
43 55 85.746
43 56 87.367
43 57 4.913
43 58 58.047
43 59 29.435
44 45 33.112
44 46 45.162
44 47 82.973
44 48 60.666
44 49 88.978
44 50 83.115
44 51 47.741
44 52 26.129
44 53 1.416
44 54 39.429
44 55 75.414
44 56 73.921
44 57 48.682
44 58 81.593
44 59 12.413
45 46 98.037
45 47 33.210
45 48 56.600
45 49 20.127
45 50 40.986
45 51 72.067
45 52 40.786
45 53 24.695
45 54 38.860
45 55 22.896
45 56 27.162
45 57 65.916
45 58 28.437
45 59 34.361
46 47 44.862
46 48 39.443
46 49 74.283
46 50 89.940
46 51 32.772
46 52 57.793
46 53 15.316
46 54 21.796
46 55 70.007
46 56 65.144
46 57 74.931
46 58 7.496
46 59 99.533
47 48 28.516
47 49 26.528
47 50 26.505
47 51 68.109
47 52 93.641
47 53 57.178
47 54 45.691
47 55 45.626
47 56 37.682
47 57 26.153
47 58 23.442
47 59 79.994
48 49 72.922
48 50 72.184
48 51 70.578
48 52 89.939
48 53 55.658
48 54 83.563
48 55 82.871
48 56 97.352
48 57 32.747
48 58 8.572
48 59 64.776
49 50 53.320
49 51 14.598
49 52 50.249
49 53 96.909
49 54 17.485
49 55 97.884
49 56 59.114
49 57 60.803
49 58 9.110
49 59 73.835
50 51 10.225
50 52 23.667
50 53 60.029
50 54 48.712
50 55 26.838
50 56 3.142
50 57 64.589
50 58 71.889
50 59 91.923
51 52 77.474
51 53 39.787
51 54 13.958
51 55 70.930
51 56 80.023
51 57 79.973
51 58 62.370
51 59 54.456
52 53 18.737
52 54 14.806
52 55 5.333
52 56 17.828
52 57 90.965
52 58 56.614
52 59 56.048
53 54 86.140
53 55 21.913
53 56 53.849
53 57 28.841
53 58 87.897
53 59 41.076
54 55 51.031
54 56 16.332
54 57 78.173
54 58 25.140
54 59 92.399
55 56 32.512
55 57 13.083
55 58 78.134
55 59 96.416
56 57 80.453
56 58 61.355
56 59 90.025
57 58 71.335
57 59 75.337
58 59 45.925
