120 10 ss 12 12 12 12 12 12 12 12 12 12 12 12 12 12 12 12 12 12 12 12 
0 1 84.426
0 2 14.749
0 3 24.287
0 4 82.548
0 5 37.388
0 6 47.767
0 7 31.746
0 8 80.808
0 9 2.096
0 10 69.088
0 11 12.958
0 12 85.116
0 13 63.190
0 14 76.553
0 15 70.320
0 16 95.373
0 17 53.789
0 18 98.853
0 19 9.419
0 20 70.108
0 21 40.124
0 22 26.897
0 23 97.719
0 24 4.142
0 25 50.352
0 26 5.257
0 27 92.857
0 28 50.267
0 29 81.563
0 30 92.692
0 31 89.659
0 32 3.178
0 33 28.052
0 34 4.400
0 35 64.349
0 36 0.344
0 37 48.650
0 38 42.869
0 39 39.440
0 40 71.550
0 41 31.234
0 42 9.071
0 43 53.481
0 44 86.503
0 45 18.491
0 46 61.219
0 47 96.045
0 48 8.225
0 49 30.601
0 50 54.434
0 51 60.293
0 52 58.846
0 53 57.702
0 54 51.393
0 55 72.926
0 56 43.993
0 57 97.832
0 58 41.413
0 59 84.513
0 60 62.129
0 61 84.516
0 62 43.385
0 63 41.927
0 64 45.995
0 65 82.222
0 66 96.615
0 67 19.036
0 68 44.753
0 69 27.643
0 70 62.848
0 71 51.799
0 72 57.445
0 73 60.069
0 74 72.617
0 75 9.584
0 76 71.105
0 77 15.098
0 78 49.559
0 79 35.755
0 80 40.111
0 81 52.488
0 82 37.438
0 83 7.525
0 84 67.329
0 85 51.185
0 86 36.361
0 87 97.529
0 88 12.140
0 89 32.374
0 90 27.037
0 91 67.781
0 92 55.600
0 93 64.864
0 94 24.916
0 95 90.381
0 96 98.811
0 97 66.212
0 98 59.654
0 99 68.795
0 100 56.990
0 101 37.675
0 102 19.595
0 103 28.504
0 104 38.776
0 105 61.428
0 106 35.824
0 107 56.493
0 108 67.991
0 109 44.444
0 110 5.824
0 111 95.293
0 112 13.383
0 113 14.994
0 114 72.899
0 115 39.219
0 116 40.782
0 117 64.967
0 118 84.237
0 119 37.921
1 2 91.664
1 3 83.994
1 4 47.898
1 5 85.567
1 6 22.317
1 7 49.874
1 8 96.932
1 9 62.675
1 10 8.539
1 11 23.833
1 12 47.519
1 13 2.087
1 14 32.310
1 15 48.875
1 16 7.191
1 17 70.515
1 18 18.846
1 19 64.823
1 20 49.133
1 21 92.807
1 22 85.192
1 23 34.593
1 24 18.966
1 25 97.294
1 26 94.754
1 27 22.821
1 28 81.604
1 29 27.517
1 30 86.130
1 31 80.194
1 32 47.473
1 33 48.109
1 34 59.147
1 35 64.638
1 36 39.740
1 37 70.795
1 38 56.166
1 39 74.000
1 40 77.223
1 41 40.218
1 42 72.551
1 43 73.919
1 44 51.225
1 45 48.688
1 46 66.582
1 47 79.309
1 48 68.807
1 49 93.994
1 50 16.192
1 51 88.195
1 52 19.850
1 53 55.041
1 54 87.538
1 55 72.606
1 56 0.774
1 57 36.357
1 58 38.746
1 59 2.809
1 60 93.867
1 61 24.403
1 62 81.085
1 63 18.379
1 64 57.928
1 65 6.140
1 66 59.377
1 67 62.424
1 68 33.306
1 69 23.462
1 70 93.624
1 71 63.749
1 72 2.366
1 73 75.843
1 74 44.636
1 75 85.817
1 76 75.073
1 77 37.985
1 78 27.879
1 79 61.094
1 80 88.590
1 81 29.231
1 82 1.786
1 83 94.649
1 84 19.658
1 85 57.185
1 86 99.481
1 87 51.900
1 88 9.026
1 89 59.223
1 90 56.152
1 91 41.930
1 92 88.290
1 93 82.496
1 94 8.224
1 95 70.018
1 96 81.266
1 97 75.530
1 98 5.063
1 99 60.880
1 100 24.355
1 101 12.686
1 102 79.081
1 103 47.541
1 104 13.372
1 105 36.492
1 106 65.956
1 107 79.873
1 108 37.914
1 109 82.283
1 110 53.053
1 111 31.507
1 112 8.566
1 113 44.572
1 114 61.243
1 115 74.193
1 116 17.145
1 117 55.248
1 118 32.936
1 119 44.618
2 3 95.628
2 4 69.950
2 5 7.494
2 6 50.277
2 7 55.541
2 8 0.858
2 9 14.073
2 10 48.200
2 11 96.346
2 12 91.685
2 13 1.531
2 14 83.178
2 15 68.681
2 16 3.755
2 17 55.182
2 18 90.579
2 19 66.332
2 20 70.884
2 21 21.005
2 22 52.921
2 23 99.422
2 24 85.102
2 25 69.324
2 26 49.100
2 27 70.530
2 28 95.340
2 29 82.033
2 30 50.476
2 31 35.320
2 32 36.811
2 33 40.109
2 34 98.985
2 35 79.762
2 36 60.087
2 37 21.477
2 38 49.049
2 39 87.119
2 40 95.794
2 41 93.189
2 42 67.221
2 43 99.623
2 44 73.329
2 45 96.442
2 46 61.380
2 47 2.135
2 48 10.182
2 49 78.151
2 50 54.703
2 51 68.055
2 52 2.194
2 53 18.564
2 54 28.771
2 55 11.364
2 56 74.477
2 57 40.856
2 58 34.818
2 59 82.941
2 60 97.767
2 61 65.680
2 62 12.528
2 63 34.129
2 64 35.578
2 65 91.326
2 66 61.675
2 67 46.030
2 68 63.854
2 69 38.447
2 70 83.538
2 71 89.123
2 72 96.646
2 73 97.239
2 74 46.198
2 75 34.534
2 76 58.930
2 77 54.490
2 78 30.667
2 79 85.643
2 80 70.752
2 81 58.128
2 82 83.263
2 83 36.719
2 84 45.728
2 85 97.659
2 86 33.698
2 87 93.865
2 88 61.264
2 89 40.343
2 90 38.104
2 91 12.818
2 92 27.914
2 93 64.978
2 94 71.496
2 95 17.981
2 96 70.930
2 97 77.872
2 98 25.175
2 99 67.597
2 100 38.314
2 101 78.850
2 102 61.124
2 103 21.026
2 104 66.605
2 105 69.088
2 106 37.681
2 107 45.902
2 108 68.127
2 109 57.115
2 110 48.587
2 111 75.226
2 112 51.575
2 113 24.498
2 114 10.973
2 115 87.514
2 116 51.601
2 117 58.518
2 118 96.930
2 119 36.686
3 4 22.434
3 5 45.587
3 6 28.018
3 7 2.632
3 8 45.602
3 9 46.188
3 10 42.384
3 11 68.264
3 12 12.469
3 13 39.818
3 14 0.147
3 15 54.336
3 16 68.550
3 17 36.685
3 18 14.257
3 19 59.440
3 20 48.501
3 21 1.874
3 22 81.269
3 23 59.323
3 24 88.152
3 25 27.206
3 26 39.284
3 27 17.016
3 28 73.135
3 29 16.225
3 30 98.781
3 31 43.283
3 32 72.408
3 33 18.528
3 34 76.138
3 35 25.483
3 36 9.378
3 37 61.086
3 38 9.351
3 39 12.205
3 40 43.334
3 41 76.256
3 42 50.790
3 43 0.864
3 44 69.574
3 45 18.853
3 46 12.790
3 47 25.973
3 48 97.842
3 49 97.965
3 50 88.447
3 51 86.886
3 52 35.610
3 53 23.097
3 54 82.220
3 55 85.564
3 56 85.259
3 57 78.813
3 58 62.745
3 59 67.284
3 60 62.343
3 61 97.185
3 62 93.731
3 63 70.171
3 64 55.907
3 65 93.191
3 66 7.919
3 67 93.085
3 68 81.208
3 69 64.610
3 70 63.732
3 71 85.598
3 72 20.220
3 73 35.009
3 74 64.644
3 75 48.686
3 76 5.951
3 77 36.120
3 78 27.205
3 79 10.234
3 80 82.841
3 81 84.172
3 82 55.253
3 83 5.566
3 84 67.454
3 85 3.696
3 86 15.067
3 87 49.958
3 88 41.150
3 89 91.847
3 90 9.029
3 91 37.450
3 92 29.587
3 93 96.492
3 94 13.824
3 95 38.269
3 96 62.687
3 97 2.084
3 98 83.290
3 99 95.760
3 100 63.054
3 101 78.788
3 102 15.748
3 103 43.011
3 104 80.908
3 105 52.372
3 106 50.950
3 107 69.173
3 108 79.181
3 109 95.043
3 110 92.761
3 111 65.985
3 112 73.744
3 113 20.715
3 114 50.272
3 115 76.132
3 116 50.600
3 117 92.132
3 118 52.228
3 119 46.795
4 5 14.398
4 6 11.795
4 7 17.515
4 8 64.110
4 9 70.782
4 10 73.840
4 11 57.882
4 12 7.255
4 13 8.848
4 14 99.812
4 15 48.175
4 16 14.484
4 17 29.371
4 18 67.685
4 19 24.056
4 20 97.677
4 21 59.505
4 22 70.568
4 23 57.518
4 24 76.826
4 25 5.275
4 26 9.162
4 27 16.451
4 28 31.377
4 29 19.474
4 30 30.385
4 31 36.125
4 32 81.452
4 33 4.461
4 34 73.472
4 35 17.624
4 36 18.721
4 37 26.874
4 38 74.419
4 39 21.134
4 40 4.049
4 41 94.420
4 42 9.825
4 43 40.413
4 44 37.041
4 45 33.677
4 46 31.966
4 47 28.889
4 48 81.212
4 49 12.233
4 50 58.389
4 51 97.492
4 52 97.752
4 53 68.504
4 54 31.329
4 55 19.707
4 56 0.722
4 57 48.221
4 58 54.966
4 59 60.262
4 60 96.995
4 61 97.851
4 62 51.816
4 63 90.447
4 64 15.385
4 65 32.100
4 66 53.469
4 67 65.287
4 68 61.130
4 69 75.176
4 70 55.470
4 71 15.606
4 72 54.266
4 73 73.623
4 74 21.283
4 75 51.474
4 76 23.419
4 77 92.322
4 78 16.086
4 79 82.634
4 80 30.147
4 81 34.638
4 82 87.589
4 83 36.188
4 84 93.216
4 85 72.711
4 86 88.099
4 87 92.163
4 88 67.036
4 89 34.537
4 90 49.722
4 91 63.534
4 92 3.998
4 93 70.770
4 94 82.937
4 95 18.874
4 96 96.546
4 97 16.026
4 98 67.644
4 99 82.978
4 100 51.558
4 101 67.049
4 102 45.392
4 103 53.686
4 104 96.991
4 105 23.193
4 106 1.621
4 107 41.531
4 108 58.703
4 109 73.470
4 110 47.607
4 111 72.979
4 112 74.011
4 113 68.809
4 114 73.160
4 115 97.686
4 116 27.763
4 117 88.168
4 118 43.246
4 119 5.555
5 6 6.558
5 7 92.821
5 8 54.308
5 9 90.328
5 10 67.266
5 11 64.377
5 12 49.433
5 13 93.033
5 14 7.078
5 15 38.998
5 16 15.371
5 17 20.797
5 18 4.082
5 19 82.816
5 20 49.026
5 21 64.393
5 22 69.706
5 23 1.662
5 24 86.148
5 25 31.326
5 26 17.373
5 27 42.021
5 28 30.826
5 29 70.354
5 30 5.310
5 31 19.490
5 32 10.744
5 33 88.048
5 34 55.696
5 35 6.083
5 36 10.266
5 37 48.315
5 38 87.215
5 39 18.303
5 40 1.048
5 41 1.784
5 42 23.544
5 43 74.244
5 44 98.200
5 45 13.530
5 46 56.421
5 47 29.824
5 48 18.956
5 49 44.798
5 50 48.705
5 51 61.799
5 52 10.325
5 53 97.255
5 54 60.161
5 55 38.344
5 56 42.409
5 57 46.740
5 58 66.725
5 59 6.762
5 60 34.853
5 61 77.538
5 62 22.609
5 63 32.255
5 64 95.330
5 65 77.973
5 66 83.822
5 67 41.753
5 68 0.991
5 69 73.376
5 70 71.588
5 71 62.393
5 72 46.538
5 73 53.488
5 74 4.584
5 75 95.547
5 76 15.803
5 77 97.936
5 78 70.082
5 79 34.165
5 80 7.717
5 81 15.600
5 82 35.763
5 83 13.749
5 84 62.051
5 85 91.546
5 86 26.398
5 87 85.385
5 88 85.512
5 89 78.653
5 90 2.507
5 91 13.048
5 92 74.573
5 93 80.142
5 94 81.798
5 95 26.799
5 96 67.839
5 97 43.907
5 98 38.350
5 99 8.488
5 100 37.795
5 101 29.909
5 102 99.433
5 103 47.234
5 104 49.486
5 105 17.832
5 106 35.295
5 107 78.236
5 108 71.934
5 109 93.778
5 110 3.401
5 111 10.331
5 112 27.074
5 113 92.005
5 114 65.310
5 115 55.272
5 116 0.491
5 117 70.519
5 118 41.767
5 119 94.813
6 7 18.467
6 8 67.813
6 9 9.571
6 10 60.474
6 11 16.598
6 12 22.105
6 13 72.363
6 14 55.249
6 15 86.706
6 16 34.157
6 17 56.779
6 18 16.542
6 19 90.802
6 20 20.064
6 21 95.200
6 22 5.254
6 23 73.535
6 24 31.381
6 25 56.882
6 26 7.218
6 27 87.865
6 28 16.526
6 29 80.327
6 30 50.085
6 31 72.621
6 32 59.607
6 33 41.514
6 34 71.248
6 35 85.159
6 36 60.654
6 37 64.950
6 38 20.589
6 39 97.514
6 40 14.692
6 41 47.512
6 42 45.550
6 43 10.225
6 44 6.175
6 45 18.656
6 46 85.455
6 47 24.458
6 48 60.006
6 49 4.798
6 50 97.034
6 51 40.092
6 52 80.705
6 53 0.555
6 54 43.712
6 55 15.103
6 56 67.234
6 57 74.992
6 58 7.529
6 59 29.910
6 60 12.580
6 61 57.182
6 62 24.443
6 63 49.216
6 64 84.405
6 65 52.057
6 66 1.266
6 67 63.504
6 68 35.886
6 69 34.974
6 70 45.662
6 71 22.456
6 72 14.356
6 73 61.318
6 74 29.381
6 75 43.398
6 76 19.403
6 77 6.161
6 78 9.299
6 79 89.304
6 80 11.826
6 81 18.177
6 82 50.876
6 83 62.909
6 84 90.152
6 85 31.894
6 86 34.253
6 87 56.212
6 88 32.387
6 89 32.864
6 90 74.509
6 91 27.878
6 92 47.262
6 93 11.432
6 94 54.476
6 95 55.058
6 96 91.419
6 97 72.524
6 98 51.044
6 99 20.617
6 100 86.851
6 101 91.236
6 102 34.013
6 103 51.988
6 104 16.324
6 105 17.009
6 106 30.337
6 107 23.658
6 108 83.628
6 109 32.771
6 110 75.989
6 111 71.705
6 112 0.189
6 113 69.665
6 114 22.698
6 115 45.870
6 116 99.915
6 117 62.868
6 118 27.460
6 119 42.316
7 8 90.100
7 9 9.462
7 10 28.979
7 11 18.533
7 12 17.801
7 13 55.459
7 14 7.107
7 15 90.774
7 16 68.304
7 17 95.798
7 18 28.855
7 19 53.939
7 20 15.120
7 21 18.520
7 22 7.709
7 23 44.035
7 24 9.433
7 25 62.287
7 26 41.736
7 27 84.105
7 28 30.966
7 29 85.048
7 30 50.366
7 31 15.970
7 32 21.982
7 33 60.880
7 34 99.775
7 35 22.167
7 36 91.436
7 37 31.900
7 38 92.400
7 39 85.140
7 40 7.253
7 41 42.633
7 42 97.420
7 43 14.051
7 44 91.322
7 45 75.327
7 46 15.917
7 47 93.495
7 48 93.958
7 49 86.458
7 50 6.956
7 51 72.968
7 52 52.440
7 53 17.018
7 54 48.957
7 55 21.080
7 56 31.701
7 57 12.174
7 58 74.511
7 59 14.352
7 60 4.298
7 61 39.499
7 62 96.199
7 63 16.826
7 64 51.521
7 65 39.207
7 66 35.951
7 67 33.779
7 68 57.824
7 69 74.706
7 70 81.177
7 71 90.509
7 72 26.716
7 73 77.241
7 74 17.140
7 75 95.472
7 76 67.836
7 77 94.554
7 78 26.941
7 79 95.942
7 80 92.141
7 81 60.170
7 82 8.011
7 83 23.964
7 84 4.969
7 85 97.348
7 86 27.146
7 87 60.496
7 88 5.191
7 89 59.664
7 90 24.895
7 91 16.485
7 92 82.761
7 93 88.846
7 94 84.491
7 95 41.008
7 96 56.663
7 97 39.694
7 98 0.565
7 99 18.674
7 100 10.599
7 101 81.810
7 102 18.484
7 103 11.178
7 104 64.711
7 105 38.317
7 106 66.461
7 107 31.165
7 108 68.225
7 109 62.879
7 110 69.473
7 111 10.508
7 112 10.086
7 113 88.083
7 114 16.518
7 115 39.657
7 116 22.517
7 117 0.574
7 118 50.910
7 119 9.879
8 9 95.872
8 10 11.362
8 11 67.088
8 12 86.018
8 13 32.231
8 14 93.290
8 15 26.776
8 16 73.836
8 17 39.919
8 18 51.940
8 19 52.381
8 20 23.022
8 21 11.421
8 22 81.072
8 23 16.152
8 24 24.667
8 25 33.172
8 26 29.201
8 27 19.885
8 28 20.279
8 29 47.234
8 30 70.035
8 31 51.863
8 32 38.337
8 33 22.111
8 34 26.223
8 35 15.232
8 36 13.956
8 37 92.785
8 38 43.227
8 39 45.167
8 40 27.380
8 41 98.485
8 42 48.129
8 43 70.941
8 44 17.850
8 45 80.817
8 46 56.785
8 47 33.420
8 48 90.801
8 49 4.567
8 50 11.997
8 51 38.505
8 52 38.397
8 53 28.837
8 54 45.198
8 55 12.702
8 56 36.091
8 57 87.112
8 58 54.688
8 59 28.277
8 60 61.202
8 61 31.455
8 62 84.516
8 63 82.320
8 64 3.411
8 65 58.234
8 66 69.890
8 67 46.597
8 68 1.655
8 69 60.600
8 70 87.323
8 71 53.177
8 72 47.038
8 73 46.405
8 74 10.729
8 75 44.625
8 76 37.222
8 77 19.344
8 78 28.308
8 79 96.926
8 80 54.145
8 81 45.769
8 82 19.259
8 83 18.320
8 84 63.988
8 85 20.016
8 86 24.267
8 87 37.896
8 88 5.995
8 89 96.983
8 90 69.173
8 91 24.035
8 92 45.019
8 93 82.320
8 94 17.347
8 95 14.713
8 96 11.627
8 97 57.786
8 98 33.049
8 99 99.165
8 100 43.136
8 101 72.154
8 102 35.380
8 103 63.590
8 104 69.109
8 105 46.505
8 106 10.474
8 107 2.310
8 108 55.676
8 109 26.846
8 110 28.126
8 111 0.228
8 112 34.441
8 113 66.680
8 114 78.361
8 115 12.406
8 116 93.802
8 117 37.486
8 118 3.247
8 119 2.285
9 10 3.181
9 11 46.042
9 12 49.793
9 13 51.271
9 14 73.966
9 15 84.086
9 16 10.854
9 17 19.369
9 18 34.882
9 19 48.025
9 20 52.724
9 21 19.026
9 22 14.084
9 23 44.247
9 24 50.446
9 25 62.499
9 26 75.402
9 27 39.016
9 28 64.864
9 29 56.843
9 30 52.009
9 31 21.051
9 32 99.065
9 33 49.998
9 34 57.179
9 35 19.561
9 36 66.068
9 37 76.469
9 38 28.873
9 39 60.873
9 40 84.513
9 41 11.764
9 42 82.545
9 43 52.715
9 44 94.574
9 45 20.982
9 46 4.891
9 47 56.825
9 48 52.433
9 49 78.878
9 50 20.155
9 51 47.747
9 52 18.398
9 53 46.231
9 54 0.187
9 55 58.518
9 56 1.107
9 57 10.487
9 58 69.608
9 59 82.396
9 60 58.236
9 61 37.417
9 62 78.233
9 63 33.870
9 64 82.784
9 65 34.943
9 66 74.348
9 67 71.897
9 68 23.177
9 69 0.264
9 70 14.471
9 71 53.642
9 72 95.372
9 73 7.121
9 74 87.907
9 75 17.956
9 76 45.575
9 77 91.230
9 78 17.709
9 79 94.410
9 80 13.320
9 81 8.890
9 82 23.586
9 83 95.900
9 84 26.403
9 85 76.222
9 86 96.846
9 87 80.688
9 88 31.516
9 89 44.682
9 90 42.632
9 91 63.189
9 92 27.407
9 93 32.255
9 94 90.528
9 95 11.888
9 96 21.038
9 97 9.107
9 98 61.012
9 99 97.506
9 100 71.403
9 101 31.523
9 102 2.306
9 103 44.830
9 104 20.577
9 105 28.584
9 106 79.843
9 107 97.615
9 108 37.032
9 109 72.315
9 110 8.858
9 111 27.507
9 112 12.360
9 113 3.919
9 114 69.563
9 115 5.200
9 116 59.314
9 117 46.252
9 118 33.881
9 119 4.799
10 11 56.408
10 12 5.805
10 13 62.928
10 14 30.890
10 15 72.318
10 16 56.279
10 17 5.206
10 18 41.848
10 19 81.955
10 20 0.173
10 21 36.900
10 22 92.653
10 23 55.281
10 24 24.879
10 25 37.736
10 26 35.791
10 27 59.850
10 28 5.379
10 29 88.515
10 30 99.796
10 31 68.502
10 32 56.951
10 33 9.758
10 34 11.560
10 35 4.777
10 36 8.142
10 37 34.799
10 38 40.742
10 39 90.347
10 40 46.815
10 41 25.239
10 42 22.448
10 43 81.120
10 44 90.221
10 45 91.828
10 46 57.806
10 47 91.679
10 48 43.789
10 49 79.660
10 50 1.141
10 51 11.298
10 52 42.762
10 53 12.984
10 54 17.164
10 55 9.055
10 56 15.793
10 57 71.974
10 58 31.926
10 59 10.398
10 60 70.275
10 61 91.508
10 62 7.227
10 63 3.009
10 64 75.444
10 65 30.266
10 66 39.780
10 67 95.944
10 68 11.197
10 69 57.419
10 70 23.612
10 71 12.750
10 72 58.073
10 73 43.703
10 74 17.029
10 75 46.613
10 76 26.992
10 77 23.876
10 78 23.924
10 79 43.614
10 80 66.139
10 81 18.326
10 82 33.295
10 83 8.740
10 84 36.732
10 85 63.058
10 86 60.541
10 87 48.578
10 88 19.481
10 89 99.295
10 90 99.430
10 91 74.438
10 92 99.137
10 93 16.657
10 94 24.618
10 95 90.187
10 96 75.864
10 97 27.137
10 98 81.134
10 99 80.152
10 100 68.991
10 101 71.037
10 102 59.503
10 103 94.201
10 104 11.275
10 105 20.593
10 106 82.969
10 107 99.487
10 108 79.924
10 109 52.157
10 110 26.769
10 111 31.303
10 112 74.411
10 113 3.639
10 114 48.464
10 115 29.133
10 116 30.486
10 117 20.328
10 118 33.070
10 119 88.201
11 12 54.836
11 13 19.245
11 14 47.025
11 15 91.711
11 16 75.477
11 17 69.884
11 18 51.026
11 19 14.427
11 20 29.226
11 21 97.474
11 22 43.334
11 23 4.377
11 24 49.494
11 25 63.842
11 26 92.326
11 27 56.199
11 28 75.190
11 29 70.480
11 30 69.969
11 31 87.004
11 32 74.623
11 33 58.634
11 34 16.270
11 35 13.633
11 36 67.094
11 37 51.989
11 38 48.915
11 39 8.773
11 40 29.262
11 41 98.986
11 42 81.942
11 43 82.670
11 44 93.357
11 45 23.845
11 46 32.697
11 47 97.005
11 48 80.005
11 49 88.024
11 50 77.219
11 51 68.019
11 52 59.659
11 53 97.194
11 54 60.822
11 55 57.056
11 56 3.542
11 57 62.677
11 58 82.826
11 59 78.461
11 60 67.529
11 61 40.887
11 62 52.238
11 63 77.108
11 64 50.539
11 65 29.476
11 66 54.625
11 67 40.833
11 68 82.756
11 69 94.679
11 70 79.513
11 71 16.675
11 72 28.445
11 73 40.798
11 74 32.358
11 75 94.021
11 76 33.075
11 77 9.798
11 78 95.440
11 79 2.672
11 80 5.178
11 81 16.661
11 82 8.038
11 83 49.296
11 84 99.589
11 85 84.476
11 86 7.763
11 87 81.850
11 88 60.639
11 89 42.124
11 90 12.192
11 91 28.317
11 92 91.373
11 93 87.001
11 94 22.737
11 95 3.440
11 96 38.023
11 97 95.390
11 98 1.159
11 99 15.128
11 100 17.722
11 101 83.882
11 102 3.218
11 103 30.840
11 104 71.859
11 105 86.682
11 106 53.648
11 107 83.474
11 108 97.476
11 109 15.700
11 110 11.990
11 111 6.151
11 112 94.751
11 113 12.961
11 114 9.760
11 115 85.781
11 116 69.909
11 117 88.226
11 118 36.029
11 119 16.415
12 13 49.757
12 14 58.583
12 15 10.673
12 16 15.101
12 17 96.597
12 18 71.377
12 19 12.411
12 20 35.364
12 21 60.375
12 22 96.958
12 23 22.192
12 24 76.375
12 25 68.747
12 26 23.598
12 27 1.563
12 28 39.524
12 29 35.073
12 30 73.292
12 31 50.383
12 32 28.329
12 33 59.429
12 34 84.243
12 35 78.563
12 36 22.484
12 37 8.331
12 38 73.502
12 39 82.464
12 40 82.332
12 41 85.158
12 42 1.527
12 43 38.190
12 44 56.175
12 45 45.137
12 46 9.358
12 47 11.189
12 48 69.549
12 49 66.294
12 50 88.645
12 51 34.433
12 52 72.982
12 53 60.895
12 54 74.960
12 55 25.903
12 56 12.716
12 57 0.698
12 58 25.611
12 59 0.151
12 60 67.510
12 61 33.699
12 62 54.599
12 63 78.488
12 64 63.857
12 65 90.111
12 66 49.422
12 67 17.596
12 68 41.836
12 69 10.924
12 70 87.103
12 71 57.391
12 72 94.282
12 73 83.696
12 74 0.103
12 75 35.502
12 76 43.088
12 77 37.088
12 78 16.734
12 79 27.946
12 80 48.193
12 81 28.205
12 82 15.219
12 83 53.439
12 84 67.155
12 85 54.933
12 86 85.716
12 87 22.186
12 88 96.216
12 89 39.222
12 90 90.446
12 91 19.137
12 92 27.373
12 93 56.694
12 94 48.474
12 95 86.353
12 96 50.197
12 97 32.933
12 98 48.747
12 99 9.483
12 100 12.019
12 101 87.488
12 102 12.664
12 103 19.310
12 104 25.589
12 105 82.880
12 106 85.768
12 107 90.892
12 108 79.417
12 109 27.789
12 110 37.063
12 111 60.051
12 112 62.753
12 113 91.145
12 114 84.004
12 115 79.766
12 116 64.520
12 117 6.942
12 118 41.411
12 119 7.523
13 14 43.509
13 15 88.429
13 16 13.325
13 17 48.721
13 18 95.756
13 19 24.662
13 20 8.271
13 21 80.951
13 22 64.251
13 23 2.467
13 24 60.443
13 25 49.315
13 26 46.004
13 27 82.483
13 28 81.991
13 29 53.877
13 30 51.976
13 31 59.237
13 32 54.893
13 33 46.953
13 34 66.499
13 35 52.093
13 36 94.844
13 37 20.119
13 38 34.536
13 39 6.422
13 40 84.099
13 41 88.691
13 42 77.515
13 43 32.526
13 44 75.430
13 45 74.841
13 46 1.444
13 47 73.561
13 48 15.125
13 49 49.632
13 50 14.633
13 51 73.151
13 52 19.405
13 53 18.947
13 54 16.577
13 55 8.368
13 56 65.663
13 57 28.616
13 58 54.447
13 59 64.420
13 60 27.629
13 61 20.006
13 62 69.080
13 63 53.647
13 64 91.852
13 65 88.925
13 66 68.515
13 67 23.321
13 68 41.806
13 69 87.894
13 70 73.825
13 71 54.271
13 72 85.510
13 73 64.672
13 74 79.394
13 75 25.493
13 76 32.690
13 77 48.375
13 78 57.731
13 79 8.673
13 80 98.337
13 81 78.619
13 82 17.583
13 83 60.957
13 84 20.939
13 85 22.814
13 86 93.285
13 87 4.304
13 88 35.689
13 89 42.085
13 90 3.205
13 91 15.416
13 92 35.700
13 93 47.223
13 94 65.592
13 95 1.509
13 96 87.489
13 97 32.687
13 98 1.258
13 99 4.068
13 100 40.991
13 101 88.856
13 102 84.280
13 103 55.275
13 104 88.853
13 105 70.582
13 106 24.247
13 107 9.905
13 108 84.970
13 109 43.537
13 110 76.580
13 111 89.307
13 112 28.020
13 113 38.939
13 114 81.057
13 115 3.426
13 116 52.162
13 117 21.944
13 118 22.929
13 119 61.880
14 15 44.148
14 16 19.329
14 17 95.859
14 18 45.741
14 19 23.725
14 20 58.037
14 21 21.405
14 22 87.924
14 23 82.567
14 24 37.746
14 25 45.904
14 26 2.004
14 27 75.832
14 28 97.838
14 29 92.325
14 30 6.791
14 31 0.060
14 32 41.948
14 33 92.022
14 34 17.128
14 35 71.246
14 36 51.772
14 37 59.350
14 38 10.167
14 39 37.757
14 40 55.845
14 41 0.650
14 42 30.749
14 43 24.175
14 44 18.764
14 45 68.406
14 46 69.564
14 47 4.208
14 48 81.607
14 49 81.227
14 50 33.371
14 51 43.466
14 52 15.297
14 53 30.755
14 54 27.869
14 55 36.231
14 56 45.223
14 57 87.784
14 58 90.670
14 59 84.239
14 60 67.637
14 61 1.549
14 62 44.379
14 63 30.092
14 64 6.194
14 65 58.543
14 66 87.886
14 67 63.021
14 68 50.426
14 69 30.195
14 70 7.795
14 71 60.617
14 72 77.074
14 73 92.367
14 74 71.269
14 75 16.469
14 76 79.847
14 77 43.846
14 78 56.612
14 79 30.794
14 80 23.564
14 81 85.891
14 82 88.538
14 83 8.752
14 84 94.562
14 85 50.371
14 86 71.372
14 87 19.461
14 88 40.843
14 89 80.148
14 90 55.285
14 91 17.682
14 92 82.631
14 93 72.099
14 94 28.224
14 95 19.638
14 96 26.871
14 97 90.527
14 98 99.306
14 99 54.658
14 100 37.609
14 101 46.701
14 102 28.249
14 103 85.107
14 104 98.336
14 105 18.897
14 106 59.780
14 107 98.508
14 108 52.026
14 109 56.509
14 110 41.994
14 111 27.792
14 112 19.970
14 113 71.713
14 114 43.279
14 115 48.311
14 116 81.458
14 117 72.614
14 118 33.687
14 119 33.532
15 16 42.922
15 17 32.937
15 18 63.541
15 19 25.268
15 20 37.388
15 21 25.072
15 22 54.564
15 23 88.830
15 24 72.904
15 25 65.608
15 26 16.974
15 27 78.710
15 28 92.056
15 29 35.541
15 30 19.775
15 31 36.134
15 32 13.801
15 33 40.879
15 34 70.824
15 35 76.314
15 36 3.507
15 37 73.677
15 38 8.322
15 39 0.252
15 40 57.461
15 41 18.353
15 42 65.990
15 43 83.605
15 44 94.045
15 45 23.623
15 46 50.473
15 47 53.470
15 48 15.357
15 49 26.556
15 50 61.409
15 51 62.826
15 52 40.281
15 53 71.910
15 54 92.113
15 55 11.944
15 56 12.823
15 57 17.356
15 58 71.983
15 59 46.256
15 60 57.991
15 61 53.110
15 62 50.486
15 63 80.956
15 64 91.588
15 65 93.171
15 66 76.998
15 67 64.047
15 68 89.984
15 69 14.554
15 70 0.773
15 71 91.603
15 72 91.275
15 73 30.791
15 74 0.975
15 75 31.662
15 76 30.179
15 77 86.464
15 78 57.966
15 79 96.507
15 80 5.611
15 81 50.637
15 82 93.934
15 83 26.990
15 84 42.101
15 85 68.799
15 86 43.492
15 87 17.109
15 88 34.008
15 89 5.291
15 90 62.986
15 91 12.229
15 92 54.993
15 93 71.174
15 94 51.037
15 95 60.143
15 96 74.253
15 97 86.124
15 98 32.249
15 99 80.585
15 100 45.750
15 101 67.154
15 102 51.014
15 103 45.853
15 104 26.990
15 105 71.847
15 106 32.998
15 107 32.904
15 108 39.875
15 109 49.266
15 110 98.156
15 111 15.540
15 112 7.707
15 113 67.813
15 114 51.041
15 115 14.281
15 116 89.672
15 117 96.057
15 118 31.651
15 119 11.016
16 17 86.921
16 18 9.910
16 19 83.245
16 20 65.750
16 21 12.856
16 22 87.517
16 23 82.299
16 24 43.536
16 25 4.279
16 26 31.847
16 27 80.179
16 28 71.109
16 29 99.810
16 30 30.199
16 31 26.134
16 32 94.800
16 33 27.263
16 34 19.697
16 35 76.831
16 36 3.983
16 37 22.672
16 38 78.374
16 39 48.967
16 40 17.590
16 41 50.209
16 42 2.489
16 43 38.335
16 44 5.186
16 45 4.460
16 46 62.534
16 47 11.293
16 48 28.621
16 49 54.348
16 50 52.701
16 51 72.680
16 52 45.460
16 53 31.453
16 54 61.579
16 55 28.036
16 56 11.197
16 57 74.563
16 58 95.480
16 59 87.345
16 60 53.683
16 61 16.999
16 62 80.013
16 63 2.561
16 64 70.238
16 65 43.568
16 66 50.398
16 67 91.808
16 68 15.613
16 69 49.993
16 70 16.488
16 71 79.423
16 72 7.254
16 73 9.216
16 74 54.605
16 75 72.898
16 76 73.242
16 77 86.194
16 78 35.003
16 79 5.305
16 80 7.856
16 81 45.637
16 82 41.167
16 83 94.926
16 84 79.851
16 85 65.599
16 86 75.106
16 87 12.583
16 88 59.374
16 89 3.902
16 90 71.458
16 91 1.556
16 92 90.840
16 93 64.088
16 94 62.419
16 95 64.993
16 96 41.163
16 97 72.935
16 98 45.403
16 99 21.373
16 100 95.399
16 101 12.513
16 102 5.811
16 103 29.836
16 104 55.166
16 105 46.349
16 106 38.412
16 107 4.094
16 108 19.119
16 109 41.468
16 110 92.556
16 111 66.180
16 112 89.334
16 113 15.933
16 114 38.841
16 115 39.376
16 116 52.601
16 117 34.918
16 118 17.794
16 119 43.518
17 18 31.453
17 19 37.486
17 20 84.789
17 21 35.179
17 22 86.157
17 23 0.904
17 24 9.627
17 25 30.325
17 26 75.980
17 27 39.688
17 28 24.080
17 29 57.635
17 30 55.671
17 31 92.519
17 32 36.191
17 33 16.970
17 34 91.453
17 35 71.736
17 36 46.239
17 37 59.368
17 38 29.701
17 39 37.367
17 40 5.999
17 41 62.443
17 42 41.056
17 43 10.423
17 44 60.308
17 45 48.239
17 46 92.901
17 47 58.701
17 48 97.928
17 49 79.340
17 50 73.914
17 51 72.381
17 52 17.316
17 53 73.438
17 54 5.844
17 55 96.437
17 56 82.136
17 57 96.571
17 58 29.714
17 59 2.183
17 60 1.236
17 61 30.912
17 62 46.317
17 63 61.271
17 64 18.265
17 65 64.227
17 66 24.193
17 67 32.006
17 68 37.261
17 69 15.046
17 70 62.168
17 71 80.070
17 72 42.245
17 73 90.079
17 74 8.118
17 75 33.567
17 76 91.226
17 77 68.584
17 78 90.792
17 79 15.770
17 80 78.036
17 81 22.144
17 82 17.296
17 83 8.023
17 84 58.989
17 85 7.713
17 86 25.323
17 87 69.960
17 88 35.623
17 89 16.792
17 90 56.210
17 91 84.545
17 92 69.633
17 93 24.289
17 94 32.612
17 95 1.371
17 96 81.607
17 97 56.816
17 98 82.868
17 99 23.272
17 100 51.273
17 101 92.137
17 102 53.077
17 103 18.469
17 104 93.709
17 105 8.956
17 106 87.421
17 107 43.341
17 108 33.341
17 109 29.396
17 110 37.493
17 111 29.347
17 112 35.524
17 113 35.298
17 114 82.142
17 115 21.701
17 116 84.138
17 117 93.841
17 118 0.807
17 119 57.138
18 19 12.840
18 20 98.020
18 21 45.347
18 22 33.409
18 23 7.508
18 24 13.163
18 25 98.053
18 26 54.124
18 27 97.871
18 28 21.930
18 29 86.827
18 30 29.122
18 31 47.454
18 32 77.135
18 33 52.447
18 34 72.779
18 35 32.706
18 36 4.253
18 37 27.372
18 38 70.474
18 39 74.512
18 40 43.625
18 41 90.737
18 42 76.910
18 43 48.327
18 44 86.116
18 45 9.967
18 46 69.049
18 47 52.735
18 48 35.421
18 49 65.889
18 50 1.140
18 51 60.510
18 52 25.187
18 53 85.242
18 54 99.657
18 55 11.096
18 56 29.800
18 57 72.191
18 58 91.899
18 59 28.933
18 60 33.926
18 61 38.739
18 62 83.607
18 63 68.140
18 64 67.816
18 65 82.839
18 66 88.154
18 67 90.837
18 68 72.886
18 69 52.597
18 70 62.683
18 71 83.726
18 72 35.236
18 73 65.099
18 74 25.060
18 75 5.551
18 76 13.537
18 77 19.210
18 78 9.531
18 79 36.673
18 80 92.108
18 81 53.119
18 82 68.757
18 83 71.217
18 84 10.048
18 85 49.454
18 86 45.156
18 87 52.143
18 88 52.878
18 89 83.460
18 90 15.495
18 91 0.039
18 92 44.493
18 93 43.049
18 94 59.229
18 95 27.593
18 96 44.041
18 97 23.436
18 98 13.298
18 99 63.395
18 100 34.930
18 101 13.644
18 102 53.919
18 103 31.120
18 104 91.262
18 105 47.331
18 106 89.384
18 107 43.118
18 108 20.799
18 109 86.189
18 110 56.934
18 111 71.025
18 112 12.922
18 113 40.586
18 114 91.513
18 115 50.305
18 116 65.106
18 117 9.197
18 118 74.495
18 119 60.430
19 20 22.044
19 21 37.013
19 22 76.502
19 23 97.949
19 24 37.836
19 25 49.441
19 26 79.929
19 27 25.771
19 28 63.560
19 29 19.129
19 30 4.083
19 31 38.748
19 32 70.049
19 33 61.692
19 34 58.598
19 35 33.001
19 36 38.851
19 37 36.694
19 38 19.317
19 39 4.410
19 40 93.115
19 41 51.064
19 42 54.852
19 43 30.324
19 44 94.539
19 45 23.503
19 46 31.775
19 47 7.770
19 48 2.542
19 49 70.543
19 50 91.727
19 51 31.293
19 52 77.463
19 53 17.549
19 54 24.667
19 55 94.078
19 56 10.847
19 57 21.287
19 58 59.076
19 59 87.095
19 60 82.806
19 61 14.599
19 62 52.153
19 63 52.744
19 64 78.921
19 65 48.258
19 66 90.841
19 67 21.862
19 68 47.321
19 69 10.286
19 70 8.009
19 71 25.913
19 72 40.350
19 73 48.787
19 74 77.174
19 75 29.825
19 76 64.601
19 77 10.786
19 78 73.872
19 79 75.157
19 80 58.138
19 81 36.631
19 82 82.104
19 83 58.140
19 84 24.367
19 85 17.151
19 86 80.255
19 87 92.645
19 88 78.281
19 89 29.111
19 90 62.454
19 91 24.221
19 92 2.702
19 93 13.393
19 94 38.547
19 95 68.097
19 96 69.661
19 97 49.904
19 98 8.715
19 99 41.406
19 100 55.207
19 101 13.381
19 102 27.182
19 103 47.864
19 104 64.695
19 105 65.065
19 106 53.577
19 107 51.777
19 108 90.011
19 109 46.638
19 110 40.205
19 111 47.450
19 112 40.199
19 113 94.871
19 114 18.815
19 115 89.972
19 116 22.607
19 117 88.114
19 118 31.415
19 119 3.816
20 21 2.933
20 22 69.042
20 23 96.251
20 24 26.810
20 25 39.457
20 26 62.014
20 27 12.307
20 28 78.787
20 29 69.251
20 30 17.942
20 31 83.469
20 32 66.563
20 33 22.315
20 34 74.753
20 35 86.999
20 36 49.895
20 37 53.342
20 38 17.315
20 39 20.009
20 40 96.694
20 41 10.235
20 42 57.130
20 43 32.360
20 44 49.971
20 45 3.488
20 46 29.155
20 47 94.729
20 48 13.903
20 49 1.207
20 50 20.779
20 51 56.539
20 52 41.847
20 53 50.814
20 54 6.273
20 55 20.050
20 56 75.296
20 57 20.370
20 58 58.998
20 59 94.093
20 60 39.452
20 61 59.963
20 62 53.145
20 63 93.773
20 64 48.509
20 65 6.771
20 66 47.016
20 67 20.924
20 68 11.673
20 69 96.164
20 70 60.619
20 71 94.180
20 72 59.621
20 73 95.606
20 74 21.783
20 75 97.223
20 76 30.274
20 77 48.144
20 78 57.063
20 79 79.126
20 80 62.678
20 81 97.908
20 82 46.361
20 83 71.628
20 84 48.231
20 85 71.326
20 86 43.516
20 87 84.811
20 88 79.654
20 89 4.630
20 90 88.998
20 91 4.795
20 92 19.783
20 93 40.783
20 94 5.450
20 95 44.954
20 96 84.687
20 97 67.072
20 98 71.950
20 99 95.588
20 100 98.551
20 101 28.387
20 102 18.685
20 103 76.051
20 104 31.408
20 105 30.619
20 106 70.153
20 107 18.094
20 108 75.037
20 109 43.609
20 110 92.066
20 111 99.441
20 112 47.193
20 113 23.726
20 114 64.789
20 115 2.657
20 116 39.841
20 117 2.438
20 118 14.461
20 119 95.866
21 22 43.174
21 23 29.116
21 24 81.863
21 25 19.147
21 26 83.919
21 27 13.844
21 28 98.667
21 29 13.239
21 30 13.829
21 31 89.138
21 32 70.835
21 33 45.648
21 34 72.209
21 35 98.265
21 36 39.798
21 37 73.321
21 38 24.976
21 39 22.236
21 40 3.406
21 41 30.794
21 42 51.957
21 43 77.557
21 44 30.739
21 45 48.002
21 46 14.015
21 47 52.496
21 48 97.530
21 49 82.935
21 50 82.075
21 51 0.860
21 52 2.232
21 53 0.902
21 54 51.227
21 55 79.199
21 56 96.727
21 57 44.341
21 58 94.841
21 59 95.842
21 60 80.186
21 61 14.990
21 62 35.967
21 63 38.359
21 64 59.784
21 65 33.655
21 66 26.298
21 67 59.762
21 68 77.786
21 69 51.913
21 70 26.588
21 71 33.187
21 72 40.908
21 73 64.788
21 74 76.648
21 75 29.818
21 76 64.965
21 77 13.763
21 78 27.903
21 79 35.428
21 80 65.424
21 81 75.469
21 82 86.999
21 83 97.224
21 84 82.844
21 85 2.953
21 86 85.035
21 87 84.540
21 88 31.083
21 89 23.640
21 90 43.767
21 91 54.469
21 92 95.684
21 93 0.941
21 94 57.463
21 95 36.652
21 96 90.075
21 97 34.914
21 98 47.087
21 99 90.218
21 100 97.966
21 101 11.468
21 102 72.119
21 103 40.268
21 104 91.804
21 105 9.291
21 106 4.531
21 107 71.302
21 108 19.142
21 109 39.049
21 110 79.324
21 111 40.657
21 112 91.517
21 113 20.328
21 114 36.494
21 115 76.254
21 116 93.661
21 117 98.386
21 118 60.441
21 119 39.896
22 23 54.869
22 24 64.990
22 25 4.547
22 26 69.838
22 27 88.832
22 28 75.439
22 29 61.022
22 30 64.506
22 31 13.480
22 32 47.351
22 33 99.106
22 34 33.035
22 35 8.112
22 36 85.828
22 37 48.322
22 38 17.643
22 39 51.595
22 40 4.383
22 41 47.732
22 42 87.928
22 43 12.391
22 44 1.290
22 45 16.975
22 46 17.790
22 47 28.894
22 48 7.008
22 49 30.400
22 50 81.943
22 51 26.853
22 52 39.891
22 53 91.680
22 54 50.916
22 55 69.550
22 56 94.634
22 57 13.055
22 58 20.904
22 59 26.002
22 60 40.684
22 61 0.713
22 62 88.036
22 63 72.601
22 64 26.370
22 65 35.789
22 66 65.345
22 67 14.404
22 68 68.525
22 69 19.105
22 70 45.145
22 71 23.730
22 72 57.124
22 73 16.974
22 74 29.547
22 75 45.759
22 76 19.762
22 77 5.303
22 78 87.461
22 79 13.508
22 80 71.790
22 81 59.660
22 82 47.733
22 83 47.852
22 84 24.468
22 85 80.146
22 86 4.942
22 87 92.200
22 88 35.726
22 89 71.587
22 90 96.895
22 91 45.973
22 92 65.960
22 93 21.988
22 94 11.033
22 95 16.201
22 96 44.722
22 97 35.124
22 98 90.690
22 99 2.389
22 100 63.274
22 101 76.792
22 102 41.580
22 103 66.179
22 104 82.665
22 105 88.474
22 106 83.869
22 107 14.435
22 108 87.321
22 109 7.021
22 110 55.880
22 111 42.012
22 112 20.110
22 113 4.463
22 114 51.685
22 115 38.807
22 116 6.415
22 117 28.162
22 118 66.813
22 119 64.584
23 24 11.945
23 25 78.253
23 26 33.736
23 27 34.639
23 28 81.882
23 29 6.704
23 30 52.013
23 31 39.534
23 32 77.367
23 33 60.289
23 34 56.696
23 35 42.936
23 36 59.456
23 37 18.397
23 38 23.019
23 39 63.021
23 40 70.365
23 41 95.833
23 42 75.391
23 43 44.947
23 44 27.147
23 45 90.632
23 46 54.384
23 47 74.594
23 48 73.918
23 49 57.392
23 50 96.660
23 51 67.046
23 52 35.317
23 53 77.752
23 54 99.665
23 55 87.237
23 56 76.105
23 57 81.373
23 58 75.474
23 59 24.716
23 60 99.629
23 61 43.139
23 62 46.271
23 63 49.678
23 64 11.335
23 65 45.305
23 66 97.750
23 67 23.195
23 68 32.606
23 69 46.895
23 70 86.109
23 71 21.021
23 72 74.898
23 73 46.938
23 74 89.316
23 75 57.375
23 76 74.478
23 77 62.947
23 78 3.989
23 79 62.807
23 80 44.041
23 81 71.564
23 82 15.488
23 83 78.531
23 84 19.035
23 85 74.407
23 86 10.728
23 87 78.553
23 88 63.771
23 89 58.870
23 90 60.705
23 91 20.451
23 92 55.183
23 93 21.016
23 94 72.930
23 95 55.869
23 96 80.592
23 97 5.675
23 98 2.675
23 99 2.552
23 100 69.907
23 101 97.488
23 102 16.368
23 103 91.217
23 104 32.372
23 105 65.850
23 106 20.488
23 107 52.558
23 108 83.350
23 109 26.602
23 110 4.937
23 111 2.402
23 112 27.548
23 113 33.780
23 114 1.153
23 115 16.313
23 116 11.693
23 117 55.858
23 118 22.131
23 119 58.859
24 25 71.872
24 26 22.668
24 27 33.999
24 28 47.325
24 29 78.567
24 30 51.516
24 31 6.993
24 32 84.831
24 33 25.903
24 34 74.031
24 35 7.404
24 36 93.589
24 37 20.673
24 38 88.875
24 39 21.485
24 40 15.499
24 41 1.441
24 42 59.700
24 43 47.311
24 44 24.296
24 45 58.335
24 46 62.583
24 47 51.251
24 48 11.159
24 49 30.114
24 50 62.664
24 51 61.961
24 52 63.991
24 53 26.668
24 54 65.841
24 55 66.702
24 56 59.502
24 57 62.313
24 58 48.081
24 59 82.325
24 60 26.763
24 61 88.086
24 62 12.306
24 63 96.389
24 64 21.108
24 65 79.692
24 66 60.778
24 67 12.661
24 68 68.037
24 69 71.839
24 70 99.524
24 71 89.625
24 72 98.192
24 73 29.416
24 74 10.586
24 75 30.676
24 76 96.565
24 77 11.278
24 78 37.738
24 79 70.286
24 80 31.719
24 81 13.381
24 82 31.813
24 83 1.719
24 84 14.169
24 85 74.574
24 86 92.873
24 87 8.766
24 88 56.931
24 89 90.590
24 90 28.211
24 91 96.478
24 92 75.838
24 93 9.564
24 94 17.549
24 95 64.033
24 96 72.397
24 97 75.909
24 98 39.738
24 99 26.631
24 100 87.735
24 101 48.448
24 102 68.941
24 103 72.726
24 104 2.638
24 105 43.380
24 106 92.464
24 107 37.889
24 108 85.715
24 109 43.040
24 110 37.304
24 111 87.273
24 112 59.417
24 113 67.322
24 114 17.937
24 115 24.909
24 116 61.912
24 117 26.258
24 118 34.014
24 119 89.950
25 26 31.775
25 27 59.403
25 28 53.345
25 29 57.507
25 30 31.983
25 31 20.578
25 32 12.933
25 33 34.866
25 34 59.879
25 35 84.893
25 36 58.796
25 37 32.639
25 38 60.589
25 39 39.143
25 40 23.936
25 41 94.803
25 42 72.776
25 43 66.302
25 44 13.046
25 45 91.596
25 46 87.686
25 47 50.228
25 48 22.421
25 49 14.880
25 50 95.115
25 51 7.607
25 52 74.004
25 53 66.868
25 54 23.203
25 55 0.778
25 56 83.643
25 57 99.981
25 58 52.931
25 59 97.268
25 60 15.343
25 61 48.136
25 62 2.693
25 63 19.703
25 64 95.683
25 65 87.915
25 66 33.552
25 67 73.233
25 68 75.542
25 69 81.825
25 70 21.526
25 71 46.650
25 72 29.896
25 73 85.245
25 74 79.727
25 75 58.148
25 76 80.693
25 77 43.706
25 78 90.208
25 79 56.942
25 80 12.656
25 81 67.754
25 82 23.030
25 83 97.961
25 84 27.388
25 85 48.960
25 86 78.403
25 87 78.402
25 88 47.224
25 89 72.487
25 90 86.640
25 91 62.129
25 92 37.037
25 93 89.191
25 94 40.237
25 95 20.748
25 96 59.584
25 97 33.338
25 98 12.564
25 99 88.632
25 100 17.918
25 101 10.820
25 102 38.452
25 103 63.271
25 104 67.056
25 105 37.119
25 106 93.377
25 107 81.997
25 108 96.307
25 109 74.320
25 110 10.011
25 111 71.508
25 112 93.518
25 113 2.076
25 114 13.571
25 115 97.532
25 116 3.011
25 117 58.750
25 118 40.704
25 119 38.589
26 27 80.076
26 28 5.798
26 29 30.575
26 30 69.978
26 31 26.627
26 32 1.030
26 33 41.359
26 34 71.990
26 35 65.002
26 36 14.477
26 37 50.541
26 38 69.774
26 39 69.861
26 40 84.421
26 41 43.210
26 42 71.371
26 43 31.763
26 44 90.470
26 45 78.954
26 46 95.153
26 47 70.231
26 48 15.657
26 49 55.032
26 50 68.217
26 51 48.981
26 52 80.113
26 53 51.167
26 54 33.252
26 55 71.487
26 56 55.186
26 57 49.588
26 58 22.978
26 59 51.144
26 60 8.749
26 61 72.918
26 62 48.458
26 63 57.071
26 64 89.963
26 65 71.989
26 66 0.418
26 67 33.899
26 68 34.910
26 69 25.923
26 70 81.180
26 71 81.948
26 72 63.268
26 73 87.536
26 74 68.863
26 75 62.750
26 76 40.620
26 77 18.614
26 78 65.256
26 79 64.138
26 80 0.978
26 81 11.623
26 82 94.064
26 83 19.003
26 84 59.765
26 85 87.101
26 86 97.200
26 87 22.267
26 88 98.769
26 89 89.284
26 90 23.381
26 91 31.768
26 92 71.475
26 93 76.443
26 94 15.487
26 95 70.481
26 96 59.683
26 97 16.951
26 98 80.970
26 99 69.856
26 100 10.496
26 101 57.295
26 102 73.078
26 103 7.043
26 104 96.518
26 105 24.015
26 106 19.700
26 107 92.404
26 108 71.472
26 109 58.022
26 110 11.400
26 111 57.930
26 112 38.511
26 113 56.755
26 114 0.488
26 115 82.044
26 116 9.117
26 117 17.343
26 118 68.968
26 119 61.784
27 28 6.733
27 29 32.224
27 30 94.766
27 31 9.449
27 32 61.220
27 33 87.601
27 34 82.862
27 35 7.521
27 36 47.686
27 37 54.668
27 38 30.769
27 39 3.092
27 40 46.435
27 41 43.719
27 42 66.263
27 43 60.935
27 44 39.524
27 45 12.042
27 46 29.364
27 47 23.037
27 48 13.806
27 49 77.934
27 50 70.243
27 51 41.629
27 52 10.379
27 53 95.227
27 54 0.107
27 55 62.585
27 56 45.991
27 57 85.380
27 58 63.020
27 59 36.600
27 60 33.217
27 61 7.503
27 62 93.247
27 63 26.624
27 64 43.131
27 65 70.599
27 66 84.880
27 67 61.797
27 68 86.703
27 69 56.867
27 70 28.362
27 71 60.484
27 72 39.311
27 73 30.064
27 74 61.962
27 75 7.989
27 76 96.508
27 77 48.773
27 78 45.349
27 79 28.153
27 80 28.587
27 81 90.779
27 82 87.120
27 83 32.274
27 84 96.526
27 85 21.874
27 86 48.457
27 87 63.653
27 88 2.498
27 89 10.047
27 90 1.060
27 91 81.545
27 92 74.443
27 93 94.330
27 94 39.073
27 95 44.433
27 96 26.060
27 97 66.484
27 98 31.944
27 99 59.253
27 100 91.121
27 101 13.290
27 102 57.960
27 103 60.584
27 104 4.147
27 105 97.343
27 106 76.694
27 107 71.789
27 108 88.235
27 109 25.090
27 110 82.656
27 111 78.718
27 112 15.257
27 113 62.241
27 114 32.160
27 115 15.814
27 116 23.639
27 117 8.772
27 118 50.734
27 119 24.332
28 29 14.586
28 30 38.365
28 31 9.390
28 32 92.865
28 33 98.893
28 34 40.494
28 35 4.617
28 36 31.488
28 37 33.368
28 38 77.224
28 39 89.184
28 40 62.568
28 41 68.411
28 42 81.400
28 43 78.675
28 44 33.642
28 45 26.452
28 46 78.039
28 47 2.137
28 48 70.781
28 49 44.694
28 50 6.548
28 51 74.277
28 52 94.434
28 53 45.045
28 54 57.842
28 55 41.393
28 56 14.004
28 57 39.079
28 58 17.446
28 59 93.525
28 60 2.290
28 61 36.589
28 62 23.365
28 63 41.280
28 64 26.366
28 65 2.480
28 66 5.811
28 67 27.362
28 68 77.644
28 69 98.723
28 70 74.787
28 71 80.062
28 72 0.545
28 73 55.555
28 74 61.087
28 75 18.759
28 76 66.621
28 77 39.276
28 78 96.440
28 79 89.991
28 80 78.918
28 81 22.772
28 82 39.341
28 83 46.683
28 84 20.000
28 85 19.258
28 86 14.522
28 87 82.870
28 88 76.297
28 89 9.804
28 90 36.078
28 91 1.555
28 92 81.293
28 93 80.784
28 94 26.925
28 95 24.324
28 96 20.560
28 97 88.729
28 98 30.589
28 99 47.891
28 100 32.766
28 101 86.901
28 102 35.232
28 103 14.993
28 104 22.512
28 105 80.466
28 106 94.375
28 107 94.841
28 108 73.222
28 109 25.260
28 110 33.973
28 111 61.838
28 112 11.304
28 113 48.924
28 114 81.254
28 115 20.315
28 116 26.390
28 117 52.592
28 118 37.223
28 119 47.771
29 30 96.742
29 31 46.294
29 32 41.712
29 33 19.418
29 34 3.731
29 35 81.938
29 36 47.603
29 37 32.808
29 38 44.807
29 39 73.951
29 40 29.082
29 41 72.874
29 42 70.502
29 43 39.588
29 44 97.779
29 45 44.953
29 46 77.712
29 47 48.423
29 48 90.130
29 49 56.165
29 50 88.901
29 51 43.683
29 52 19.532
29 53 44.008
29 54 34.841
29 55 86.860
29 56 57.624
29 57 35.070
29 58 37.118
29 59 81.423
29 60 20.469
29 61 66.521
29 62 55.877
29 63 51.477
29 64 87.462
29 65 18.319
29 66 28.129
29 67 86.857
29 68 73.463
29 69 85.073
29 70 72.459
29 71 17.418
29 72 7.946
29 73 63.058
29 74 77.049
29 75 46.181
29 76 48.902
29 77 40.095
29 78 19.699
29 79 53.488
29 80 73.767
29 81 53.833
29 82 90.885
29 83 82.517
29 84 44.814
29 85 27.442
29 86 3.870
29 87 30.208
29 88 42.291
29 89 0.792
29 90 79.508
29 91 97.115
29 92 94.950
29 93 49.905
29 94 87.620
29 95 94.658
29 96 14.719
29 97 27.812
29 98 11.674
29 99 68.940
29 100 59.914
29 101 65.876
29 102 79.010
29 103 76.540
29 104 9.696
29 105 46.253
29 106 64.926
29 107 39.584
29 108 31.404
29 109 93.360
29 110 35.734
29 111 14.937
29 112 61.954
29 113 35.035
29 114 43.200
29 115 35.476
29 116 4.646
29 117 52.555
29 118 20.821
29 119 20.202
30 31 63.560
30 32 72.755
30 33 60.965
30 34 4.319
30 35 99.104
30 36 55.176
30 37 71.170
30 38 10.440
30 39 90.359
30 40 92.538
30 41 17.732
30 42 67.729
30 43 32.539
30 44 73.755
30 45 65.233
30 46 87.038
30 47 81.167
30 48 55.323
30 49 11.741
30 50 17.017
30 51 78.502
30 52 49.094
30 53 1.175
30 54 38.684
30 55 62.325
30 56 62.294
30 57 66.680
30 58 4.067
30 59 62.323
30 60 19.099
30 61 21.849
30 62 88.348
30 63 35.158
30 64 52.157
30 65 70.243
30 66 4.270
30 67 75.697
30 68 77.172
30 69 47.898
30 70 22.655
30 71 68.947
30 72 53.961
30 73 48.365
30 74 53.460
30 75 14.926
30 76 93.391
30 77 5.330
30 78 68.123
30 79 66.965
30 80 91.171
30 81 23.961
30 82 85.810
30 83 72.907
30 84 56.657
30 85 58.878
30 86 3.707
30 87 98.181
30 88 57.704
30 89 33.996
30 90 24.642
30 91 39.935
30 92 21.026
30 93 87.487
30 94 24.105
30 95 12.188
30 96 11.607
30 97 3.714
30 98 3.094
30 99 93.407
30 100 64.430
30 101 63.240
30 102 93.284
30 103 79.949
30 104 57.110
30 105 1.854
30 106 16.611
30 107 81.501
30 108 92.975
30 109 20.074
30 110 52.672
30 111 27.930
30 112 10.732
30 113 25.682
30 114 34.207
30 115 30.909
30 116 49.039
30 117 23.586
30 118 73.473
30 119 58.202
31 32 72.164
31 33 89.670
31 34 20.446
31 35 33.702
31 36 6.354
31 37 78.285
31 38 67.559
31 39 72.088
31 40 45.611
31 41 16.641
31 42 45.103
31 43 93.405
31 44 60.297
31 45 33.596
31 46 96.387
31 47 39.934
31 48 82.316
31 49 55.217
31 50 82.457
31 51 35.360
31 52 46.566
31 53 74.955
31 54 42.400
31 55 84.589
31 56 39.956
31 57 72.399
31 58 27.165
31 59 11.457
31 60 46.471
31 61 11.327
31 62 32.367
31 63 71.150
31 64 79.619
31 65 95.096
31 66 78.669
31 67 54.306
31 68 62.025
31 69 95.459
31 70 27.101
31 71 20.587
31 72 46.060
31 73 99.443
31 74 71.100
31 75 60.939
31 76 69.043
31 77 38.219
31 78 17.027
31 79 89.785
31 80 1.948
31 81 71.730
31 82 50.619
31 83 11.103
31 84 81.456
31 85 3.323
31 86 88.041
31 87 85.612
31 88 11.799
31 89 89.775
31 90 27.157
31 91 50.240
31 92 85.043
31 93 93.805
31 94 47.113
31 95 5.579
31 96 96.298
31 97 98.560
31 98 52.499
31 99 92.221
31 100 23.774
31 101 66.531
31 102 22.100
31 103 22.665
31 104 2.722
31 105 78.968
31 106 1.677
31 107 21.912
31 108 46.977
31 109 36.115
31 110 75.198
31 111 56.903
31 112 62.156
31 113 33.443
31 114 59.612
31 115 2.662
31 116 50.537
31 117 54.535
31 118 94.518
31 119 1.276
32 33 29.212
32 34 37.409
32 35 39.970
32 36 18.773
32 37 70.312
32 38 77.798
32 39 53.203
32 40 94.539
32 41 24.954
32 42 30.258
32 43 88.169
32 44 8.045
32 45 10.987
32 46 55.975
32 47 50.578
32 48 58.506
32 49 28.728
32 50 44.760
32 51 45.518
32 52 64.468
32 53 18.558
32 54 7.934
32 55 74.747
32 56 42.414
32 57 89.603
32 58 98.705
32 59 76.402
32 60 16.136
32 61 29.658
32 62 67.095
32 63 51.123
32 64 41.913
32 65 53.126
32 66 97.608
32 67 85.509
32 68 8.474
32 69 55.916
32 70 9.553
32 71 66.322
32 72 85.285
32 73 24.098
32 74 22.318
32 75 77.013
32 76 47.837
32 77 86.569
32 78 0.865
32 79 81.891
32 80 4.457
32 81 11.059
32 82 0.331
32 83 32.697
32 84 85.571
32 85 17.510
32 86 22.864
32 87 77.303
32 88 33.380
32 89 23.209
32 90 84.676
32 91 10.950
32 92 47.623
32 93 39.994
32 94 66.804
32 95 86.692
32 96 1.373
32 97 15.447
32 98 89.157
32 99 93.594
32 100 39.751
32 101 47.192
32 102 4.176
32 103 18.774
32 104 13.987
32 105 2.242
32 106 53.817
32 107 32.509
32 108 83.441
32 109 41.805
32 110 71.513
32 111 74.399
32 112 38.985
32 113 86.037
32 114 39.430
32 115 72.983
32 116 62.591
32 117 52.933
32 118 30.530
32 119 1.200
33 34 40.002
33 35 70.886
33 36 74.855
33 37 55.767
33 38 86.050
33 39 95.405
33 40 89.901
33 41 49.780
33 42 25.479
33 43 57.034
33 44 6.083
33 45 24.766
33 46 96.078
33 47 29.783
33 48 0.030
33 49 20.907
33 50 5.429
33 51 37.134
33 52 20.802
33 53 92.338
33 54 77.824
33 55 6.223
33 56 57.121
33 57 18.146
33 58 73.633
33 59 39.812
33 60 47.309
33 61 39.136
33 62 49.881
33 63 0.417
33 64 77.883
33 65 45.407
33 66 57.829
33 67 91.279
33 68 51.593
33 69 50.464
33 70 41.006
33 71 74.803
33 72 31.207
33 73 13.838
33 74 5.486
33 75 90.698
33 76 81.433
33 77 16.081
33 78 83.084
33 79 23.255
33 80 38.131
33 81 47.539
33 82 97.725
33 83 19.998
33 84 31.311
33 85 45.428
33 86 75.409
33 87 82.458
33 88 76.418
33 89 2.532
33 90 8.979
33 91 33.848
33 92 26.997
33 93 75.211
33 94 0.364
33 95 18.159
33 96 51.098
33 97 38.448
33 98 54.963
33 99 0.501
33 100 53.617
33 101 71.302
33 102 95.577
33 103 19.512
33 104 17.274
33 105 7.385
33 106 96.534
33 107 89.183
33 108 76.037
33 109 51.917
33 110 12.630
33 111 59.710
33 112 66.536
33 113 49.385
33 114 92.020
33 115 24.770
33 116 25.387
33 117 84.012
33 118 17.399
33 119 6.114
34 35 13.311
34 36 8.993
34 37 15.593
34 38 55.418
34 39 50.569
34 40 29.857
34 41 12.110
34 42 88.069
34 43 42.469
34 44 12.335
34 45 84.269
34 46 3.872
34 47 58.546
34 48 45.744
34 49 84.173
34 50 55.633
34 51 4.524
34 52 69.190
34 53 61.109
34 54 98.157
34 55 92.279
34 56 59.771
34 57 11.893
34 58 87.400
34 59 69.747
34 60 89.481
34 61 27.198
34 62 2.342
34 63 20.106
34 64 80.670
34 65 82.120
34 66 30.630
34 67 77.525
34 68 28.671
34 69 39.990
34 70 93.082
34 71 35.412
34 72 14.620
34 73 99.922
34 74 81.890
34 75 42.300
34 76 1.487
34 77 20.580
34 78 52.659
34 79 90.412
34 80 92.004
34 81 95.362
34 82 41.407
34 83 2.397
34 84 28.442
34 85 37.497
34 86 74.200
34 87 12.868
34 88 31.061
34 89 57.447
34 90 99.335
34 91 23.096
34 92 4.612
34 93 79.593
34 94 99.791
34 95 79.587
34 96 90.388
34 97 50.343
34 98 37.140
34 99 90.252
34 100 5.098
34 101 35.593
34 102 37.186
34 103 45.499
34 104 87.241
34 105 91.918
34 106 52.309
34 107 55.802
34 108 66.657
34 109 22.903
34 110 25.816
34 111 52.179
34 112 83.600
34 113 99.705
34 114 39.580
34 115 21.494
34 116 9.931
34 117 33.245
34 118 47.793
34 119 64.608
35 36 66.928
35 37 34.347
35 38 86.905
35 39 72.147
35 40 91.734
35 41 87.689
35 42 4.627
35 43 10.019
35 44 77.602
35 45 95.622
35 46 69.340
35 47 94.789
35 48 1.864
35 49 18.684
35 50 5.344
35 51 17.655
35 52 59.960
35 53 51.109
35 54 49.067
35 55 44.989
35 56 43.864
35 57 21.630
35 58 36.715
35 59 83.267
35 60 38.903
35 61 2.582
35 62 14.761
35 63 46.724
35 64 64.217
35 65 43.612
35 66 11.303
35 67 7.164
35 68 49.033
35 69 20.208
35 70 18.486
35 71 37.086
35 72 19.405
35 73 1.835
35 74 14.024
35 75 79.678
35 76 68.256
35 77 99.625
35 78 93.347
35 79 92.188
35 80 95.296
35 81 49.366
35 82 92.925
35 83 12.830
35 84 32.811
35 85 21.985
35 86 60.080
35 87 95.569
35 88 18.310
35 89 30.741
35 90 64.892
35 91 42.061
35 92 35.687
35 93 22.031
35 94 55.791
35 95 35.444
35 96 22.814
35 97 95.033
35 98 31.977
35 99 46.835
35 100 35.363
35 101 94.290
35 102 43.055
35 103 42.118
35 104 64.206
35 105 58.946
35 106 29.063
35 107 63.945
35 108 26.845
35 109 92.466
35 110 82.566
35 111 1.902
35 112 92.136
35 113 37.519
35 114 48.548
35 115 92.364
35 116 51.932
35 117 2.097
35 118 77.542
35 119 8.841
36 37 23.311
36 38 85.013
36 39 12.781
36 40 13.444
36 41 50.684
36 42 91.575
36 43 23.104
36 44 40.607
36 45 78.358
36 46 13.571
36 47 89.926
36 48 75.322
36 49 81.028
36 50 71.580
36 51 18.807
36 52 69.859
36 53 72.170
36 54 82.212
36 55 73.966
36 56 15.329
36 57 58.471
36 58 18.034
36 59 27.550
36 60 47.421
36 61 72.211
36 62 73.753
36 63 74.563
36 64 19.260
36 65 92.856
36 66 38.636
36 67 89.048
36 68 18.589
36 69 64.223
36 70 2.226
36 71 87.456
36 72 41.305
36 73 24.129
36 74 88.054
36 75 21.091
36 76 58.907
36 77 89.789
36 78 18.375
36 79 41.113
36 80 33.498
36 81 84.063
36 82 61.869
36 83 66.764
36 84 40.734
36 85 45.204
36 86 5.805
36 87 40.340
36 88 58.483
36 89 35.894
36 90 24.331
36 91 70.867
36 92 66.925
36 93 56.114
36 94 85.371
36 95 52.545
36 96 84.453
36 97 68.819
36 98 50.017
36 99 93.702
36 100 32.975
36 101 67.364
36 102 70.372
36 103 7.362
36 104 86.065
36 105 49.316
36 106 84.461
36 107 95.460
36 108 3.921
36 109 12.523
36 110 40.139
36 111 5.343
36 112 0.176
36 113 56.228
36 114 53.841
36 115 49.389
36 116 17.367
36 117 52.522
36 118 24.587
36 119 56.408
37 38 10.225
37 39 51.578
37 40 78.798
37 41 66.960
37 42 48.927
37 43 97.880
37 44 17.322
37 45 93.777
37 46 58.080
37 47 64.058
37 48 72.462
37 49 43.231
37 50 1.436
37 51 53.945
37 52 59.860
37 53 34.064
37 54 7.195
37 55 87.145
37 56 27.771
37 57 55.606
37 58 4.256
37 59 53.628
37 60 64.556
37 61 79.253
37 62 5.883
37 63 18.810
37 64 24.152
37 65 74.201
37 66 33.982
37 67 67.061
37 68 68.817
37 69 81.256
37 70 24.557
37 71 94.746
37 72 8.651
37 73 67.012
37 74 92.912
37 75 2.656
37 76 38.160
37 77 14.744
37 78 65.747
37 79 92.109
37 80 31.580
37 81 8.097
37 82 6.579
37 83 38.991
37 84 60.723
37 85 28.973
37 86 70.734
37 87 5.676
37 88 41.772
37 89 21.966
37 90 26.690
37 91 52.003
37 92 0.780
37 93 74.296
37 94 71.624
37 95 23.423
37 96 71.510
37 97 22.386
37 98 50.789
37 99 26.916
37 100 3.854
37 101 24.062
37 102 62.687
37 103 53.432
37 104 66.210
37 105 28.809
37 106 94.988
37 107 69.383
37 108 70.998
37 109 37.616
37 110 89.801
37 111 79.113
37 112 38.950
37 113 68.616
37 114 81.070
37 115 55.270
37 116 44.826
37 117 35.097
37 118 81.812
37 119 44.676
38 39 54.902
38 40 98.390
38 41 24.320
38 42 83.549
38 43 74.876
38 44 79.733
38 45 72.653
38 46 97.810
38 47 75.759
38 48 2.415
38 49 33.388
38 50 21.759
38 51 54.871
38 52 88.341
38 53 88.044
38 54 41.526
38 55 19.235
38 56 51.603
38 57 58.529
38 58 58.470
38 59 49.470
38 60 15.740
38 61 95.597
38 62 72.116
38 63 13.703
38 64 31.063
38 65 49.537
38 66 2.215
38 67 53.074
38 68 83.768
38 69 42.164
38 70 5.173
38 71 53.074
38 72 69.498
38 73 9.707
38 74 91.349
38 75 48.283
38 76 50.617
38 77 27.247
38 78 16.641
38 79 81.964
38 80 28.649
38 81 57.155
38 82 4.269
38 83 56.556
38 84 41.180
38 85 86.303
38 86 50.830
38 87 66.254
38 88 35.975
38 89 29.817
38 90 84.466
38 91 98.683
38 92 84.126
38 93 82.773
38 94 72.363
38 95 29.105
38 96 68.793
38 97 95.455
38 98 19.856
38 99 7.617
38 100 26.388
38 101 32.657
38 102 64.005
38 103 57.515
38 104 23.049
38 105 53.016
38 106 40.841
38 107 61.267
38 108 20.788
38 109 10.469
38 110 97.317
38 111 9.486
38 112 24.960
38 113 36.643
38 114 26.554
38 115 27.823
38 116 7.480
38 117 10.400
38 118 28.107
38 119 76.898
39 40 68.700
39 41 58.688
39 42 33.741
39 43 41.179
39 44 34.937
39 45 61.513
39 46 93.610
39 47 84.136
39 48 88.347
39 49 53.051
39 50 87.740
39 51 49.057
39 52 91.164
39 53 20.802
39 54 13.373
39 55 27.591
39 56 97.298
39 57 5.166
39 58 99.996
39 59 1.383
39 60 40.854
39 61 92.941
39 62 20.770
39 63 86.071
39 64 53.342
39 65 79.971
39 66 1.582
39 67 71.514
39 68 89.188
39 69 50.552
39 70 77.131
39 71 57.230
39 72 32.607
39 73 84.177
39 74 7.161
39 75 27.887
39 76 17.976
39 77 53.819
39 78 45.415
39 79 0.076
39 80 20.573
39 81 24.188
39 82 48.859
39 83 98.657
39 84 64.845
39 85 93.279
39 86 25.387
39 87 88.647
39 88 53.365
39 89 45.971
39 90 44.492
39 91 96.924
39 92 41.185
39 93 4.615
39 94 77.260
39 95 6.928
39 96 67.522
39 97 68.223
39 98 89.602
39 99 99.114
39 100 9.542
39 101 29.280
39 102 85.740
39 103 40.081
39 104 41.446
39 105 45.164
39 106 87.760
39 107 94.083
39 108 66.174
39 109 19.782
39 110 41.443
39 111 42.083
39 112 36.732
39 113 20.269
39 114 58.576
39 115 45.546
39 116 99.464
39 117 13.453
39 118 41.624
39 119 84.833
40 41 72.595
40 42 57.284
40 43 87.889
40 44 35.389
40 45 19.896
40 46 23.538
40 47 37.182
40 48 18.811
40 49 91.576
40 50 59.842
40 51 9.573
40 52 80.450
40 53 82.304
40 54 21.426
40 55 77.884
40 56 0.379
40 57 99.748
40 58 16.014
40 59 33.420
40 60 40.347
40 61 46.081
40 62 8.851
40 63 32.766
40 64 65.780
40 65 89.617
40 66 29.124
40 67 58.550
40 68 58.928
40 69 44.075
40 70 3.896
40 71 87.672
40 72 56.936
40 73 78.923
40 74 21.145
40 75 36.808
40 76 6.929
40 77 55.842
40 78 89.626
40 79 46.863
40 80 29.104
40 81 23.540
40 82 20.020
40 83 75.585
40 84 18.403
40 85 6.001
40 86 99.171
40 87 90.677
40 88 95.481
40 89 87.692
40 90 67.226
40 91 94.543
40 92 38.518
40 93 33.351
40 94 36.100
40 95 66.167
40 96 88.832
40 97 79.663
40 98 6.909
40 99 75.664
40 100 25.288
40 101 1.487
40 102 53.906
40 103 12.684
40 104 45.217
40 105 86.235
40 106 42.923
40 107 71.104
40 108 72.810
40 109 46.599
40 110 43.431
40 111 49.363
40 112 39.900
40 113 64.027
40 114 75.100
40 115 58.293
40 116 48.612
40 117 83.164
40 118 2.057
40 119 76.450
41 42 30.506
41 43 70.964
41 44 51.075
41 45 56.732
41 46 62.656
41 47 13.231
41 48 83.501
41 49 67.433
41 50 87.530
41 51 46.062
41 52 94.998
41 53 45.946
41 54 10.597
41 55 10.011
41 56 52.025
41 57 53.928
41 58 17.239
41 59 70.734
41 60 99.460
41 61 49.043
41 62 58.871
41 63 71.458
41 64 89.911
41 65 30.276
41 66 7.084
41 67 69.835
41 68 91.963
41 69 71.333
41 70 64.185
41 71 64.563
41 72 32.008
41 73 29.798
41 74 48.669
41 75 35.624
41 76 12.258
41 77 8.461
41 78 44.990
41 79 6.051
41 80 26.191
41 81 49.665
41 82 18.374
41 83 82.872
41 84 61.881
41 85 63.501
41 86 47.523
41 87 50.189
41 88 43.559
41 89 26.340
41 90 20.698
41 91 68.302
41 92 12.219
41 93 37.478
41 94 73.977
41 95 79.409
41 96 87.200
41 97 88.531
41 98 24.417
41 99 32.564
41 100 82.429
41 101 82.757
41 102 65.401
41 103 18.449
41 104 73.344
41 105 39.631
41 106 46.610
41 107 47.966
41 108 23.537
41 109 33.753
41 110 56.886
41 111 17.710
41 112 83.743
41 113 46.573
41 114 64.654
41 115 80.139
41 116 70.054
41 117 54.431
41 118 47.636
41 119 76.538
42 43 13.101
42 44 37.070
42 45 61.260
42 46 96.862
42 47 45.424
42 48 67.024
42 49 53.479
42 50 2.133
42 51 60.378
42 52 32.194
42 53 32.614
42 54 82.230
42 55 32.645
42 56 51.451
42 57 34.421
42 58 24.791
42 59 37.806
42 60 66.230
42 61 14.724
42 62 39.384
42 63 46.386
42 64 29.860
42 65 14.795
42 66 15.167
42 67 96.435
42 68 70.776
42 69 8.034
42 70 90.002
42 71 67.917
42 72 75.764
42 73 38.614
42 74 74.286
42 75 92.043
42 76 25.039
42 77 5.388
42 78 3.745
42 79 29.207
42 80 12.234
42 81 27.671
42 82 91.988
42 83 40.238
42 84 99.267
42 85 53.430
42 86 15.874
42 87 57.487
42 88 88.567
42 89 34.993
42 90 94.512
42 91 34.573
42 92 43.291
42 93 2.501
42 94 16.234
42 95 16.631
42 96 49.930
42 97 11.215
42 98 26.926
42 99 26.520
42 100 97.109
42 101 25.129
42 102 17.808
42 103 6.667
42 104 39.381
42 105 26.452
42 106 41.114
42 107 91.106
42 108 25.483
42 109 8.177
42 110 38.048
42 111 7.752
42 112 96.773
42 113 15.242
42 114 84.998
42 115 27.058
42 116 3.489
42 117 48.740
42 118 51.181
42 119 79.947
43 44 43.945
43 45 37.160
43 46 13.729
43 47 65.282
43 48 4.980
43 49 8.850
43 50 94.698
43 51 55.101
43 52 70.691
43 53 70.647
43 54 68.528
43 55 84.494
43 56 70.917
43 57 9.092
43 58 38.230
43 59 82.193
43 60 60.939
43 61 82.667
43 62 93.887
43 63 57.849
43 64 59.509
43 65 66.184
43 66 48.002
43 67 12.442
43 68 23.599
43 69 41.743
43 70 88.841
43 71 79.372
43 72 5.136
43 73 4.619
43 74 5.087
43 75 35.534
43 76 17.538
43 77 66.967
43 78 12.995
43 79 44.047
43 80 37.983
43 81 97.435
43 82 60.647
43 83 3.267
43 84 85.122
43 85 30.551
43 86 93.035
43 87 80.368
43 88 41.358
43 89 16.195
43 90 36.375
43 91 1.970
43 92 33.795
43 93 56.508
43 94 0.400
43 95 59.195
43 96 48.645
43 97 95.263
43 98 3.334
43 99 59.999
43 100 30.134
43 101 83.035
43 102 95.836
43 103 27.734
43 104 6.826
43 105 40.430
43 106 97.398
43 107 1.664
43 108 95.843
43 109 81.167
43 110 61.530
43 111 42.480
43 112 58.555
43 113 37.005
43 114 54.502
43 115 83.889
43 116 20.132
43 117 47.302
43 118 66.522
43 119 99.935
44 45 19.708
44 46 37.410
44 47 73.899
44 48 76.954
44 49 27.938
44 50 12.160
44 51 36.110
44 52 88.949
44 53 54.388
44 54 33.392
44 55 42.628
44 56 75.630
44 57 68.440
44 58 33.748
44 59 20.935
44 60 13.494
44 61 74.315
44 62 42.900
44 63 79.400
44 64 52.056
44 65 13.321
44 66 66.928
44 67 86.464
44 68 59.708
44 69 14.573
44 70 66.728
44 71 81.102
44 72 86.659
44 73 79.232
44 74 27.153
44 75 68.564
44 76 6.040
44 77 62.654
44 78 94.991
44 79 80.120
44 80 38.476
44 81 13.910
44 82 90.953
44 83 65.880
44 84 0.317
44 85 42.756
44 86 68.512
44 87 45.690
44 88 41.175
44 89 10.397
44 90 0.742
44 91 64.709
44 92 52.561
44 93 82.299
44 94 25.206
44 95 87.472
44 96 36.127
44 97 38.825
44 98 66.543
44 99 17.075
44 100 17.396
44 101 12.587
44 102 86.524
44 103 44.563
44 104 78.849
44 105 10.215
44 106 82.185
44 107 17.723
44 108 64.853
44 109 80.600
44 110 64.056
44 111 68.134
44 112 80.140
44 113 11.733
44 114 98.566
44 115 50.713
44 116 63.426
44 117 73.842
44 118 91.353
44 119 30.913
45 46 68.247
45 47 77.877
45 48 21.560
45 49 1.333
45 50 24.180
45 51 85.216
45 52 11.054
45 53 21.702
45 54 83.388
45 55 87.028
45 56 27.133
45 57 54.026
45 58 79.763
45 59 69.869
45 60 72.392
45 61 8.143
45 62 40.950
45 63 97.827
45 64 11.265
45 65 22.038
45 66 97.133
45 67 70.970
45 68 19.171
45 69 75.923
45 70 24.709
45 71 64.835
45 72 17.239
45 73 79.491
45 74 47.843
45 75 16.361
45 76 73.269
45 77 77.637
45 78 96.379
45 79 97.923
45 80 7.885
45 81 91.582
45 82 84.694
45 83 13.045
45 84 43.762
45 85 49.498
45 86 32.834
45 87 54.845
45 88 75.356
45 89 63.604
45 90 98.604
45 91 91.462
45 92 16.747
45 93 79.106
45 94 27.322
45 95 81.447
45 96 6.009
45 97 54.512
45 98 54.502
45 99 76.500
45 100 5.929
45 101 32.474
45 102 16.010
45 103 38.975
45 104 42.977
45 105 25.715
45 106 30.096
45 107 87.199
45 108 69.068
45 109 73.515
45 110 16.168
45 111 82.920
45 112 14.002
45 113 20.811
45 114 6.320
45 115 92.110
45 116 20.346
45 117 34.202
45 118 87.342
45 119 82.861
46 47 17.115
46 48 96.958
46 49 83.308
46 50 72.238
46 51 93.751
46 52 18.585
46 53 51.836
46 54 97.762
46 55 81.732
46 56 53.603
46 57 20.712
46 58 68.548
46 59 37.535
46 60 48.887
46 61 35.821
46 62 46.171
46 63 47.756
46 64 29.243
46 65 26.191
46 66 15.972
46 67 44.847
46 68 86.875
46 69 17.419
46 70 35.773
46 71 30.248
46 72 61.949
46 73 40.913
46 74 90.877
46 75 50.595
46 76 88.702
46 77 93.067
46 78 41.756
46 79 62.262
46 80 34.339
46 81 95.880
46 82 23.940
46 83 49.642
46 84 76.442
46 85 98.518
46 86 48.441
46 87 33.409
46 88 48.708
46 89 37.915
46 90 55.390
46 91 16.385
46 92 34.493
46 93 45.770
46 94 93.622
46 95 66.732
46 96 3.026
46 97 49.133
46 98 34.567
46 99 30.821
46 100 64.081
46 101 62.290
46 102 80.083
46 103 1.473
46 104 63.486
46 105 8.740
46 106 90.757
46 107 41.158
46 108 54.049
46 109 43.832
46 110 43.732
46 111 74.309
46 112 54.333
46 113 70.957
46 114 27.239
46 115 18.071
46 116 51.137
46 117 57.193
46 118 92.811
46 119 16.630
47 48 10.655
47 49 57.933
47 50 15.521
47 51 80.651
47 52 37.964
47 53 54.224
47 54 57.637
47 55 10.448
47 56 64.848
47 57 91.448
47 58 91.700
47 59 99.157
47 60 51.903
47 61 83.437
47 62 15.324
47 63 70.497
47 64 62.459
47 65 12.246
47 66 81.906
47 67 4.625
47 68 3.065
47 69 10.526
47 70 78.937
47 71 45.131
47 72 28.107
47 73 60.829
47 74 8.782
47 75 60.430
47 76 74.588
47 77 84.134
47 78 65.535
47 79 53.560
47 80 27.188
47 81 18.529
47 82 55.959
47 83 75.861
47 84 13.427
47 85 8.191
47 86 82.561
47 87 2.039
47 88 94.065
47 89 32.696
47 90 92.462
47 91 66.805
47 92 44.872
47 93 7.158
47 94 97.017
47 95 46.568
47 96 22.442
47 97 74.827
47 98 84.025
47 99 93.607
47 100 68.961
47 101 95.497
47 102 76.891
47 103 94.676
47 104 38.641
47 105 5.460
47 106 43.244
47 107 31.184
47 108 22.032
47 109 87.701
47 110 19.286
47 111 63.890
47 112 3.460
47 113 44.673
47 114 95.541
47 115 51.481
47 116 11.580
47 117 10.210
47 118 4.698
47 119 39.443
48 49 13.342
48 50 71.998
48 51 62.874
48 52 23.332
48 53 57.649
48 54 1.537
48 55 41.905
48 56 98.814
48 57 96.537
48 58 4.596
48 59 92.164
48 60 59.822
48 61 98.947
48 62 11.947
48 63 92.915
48 64 95.672
48 65 24.969
48 66 27.506
48 67 80.377
48 68 68.208
48 69 46.893
48 70 38.988
48 71 92.422
48 72 20.803
48 73 87.515
48 74 74.815
48 75 73.226
48 76 82.499
48 77 95.799
48 78 60.244
48 79 1.238
48 80 82.604
48 81 95.392
48 82 85.551
48 83 39.433
48 84 83.750
48 85 22.387
48 86 49.590
48 87 58.131
48 88 74.707
48 89 15.355
48 90 83.155
48 91 47.518
48 92 38.172
48 93 32.848
48 94 88.325
48 95 19.551
48 96 23.330
48 97 51.416
48 98 52.334
48 99 97.064
48 100 8.113
48 101 40.645
48 102 7.468
48 103 1.665
48 104 31.923
48 105 20.782
48 106 12.151
48 107 81.398
48 108 16.005
48 109 83.260
48 110 22.578
48 111 64.183
48 112 65.679
48 113 94.713
48 114 9.148
48 115 83.667
48 116 66.353
48 117 11.093
48 118 47.408
48 119 0.413
49 50 43.513
49 51 0.013
49 52 79.364
49 53 33.233
49 54 55.831
49 55 6.715
49 56 97.727
49 57 22.993
49 58 30.058
49 59 1.840
49 60 53.044
49 61 74.364
49 62 26.580
49 63 17.669
49 64 21.637
49 65 59.772
49 66 45.275
49 67 13.560
49 68 0.896
49 69 24.163
49 70 42.774
49 71 11.043
49 72 17.714
49 73 99.276
49 74 34.250
49 75 4.329
49 76 45.699
49 77 21.685
49 78 95.544
49 79 82.993
49 80 27.302
49 81 50.218
49 82 64.757
49 83 0.115
49 84 88.110
49 85 95.202
49 86 66.321
49 87 81.438
49 88 12.283
49 89 4.510
49 90 45.161
49 91 98.864
49 92 20.486
49 93 99.572
49 94 3.694
49 95 25.124
49 96 54.658
49 97 18.215
49 98 80.243
49 99 45.508
49 100 27.553
49 101 0.653
49 102 93.848
49 103 27.252
49 104 39.262
49 105 49.919
49 106 7.524
49 107 37.525
49 108 97.749
49 109 8.724
49 110 29.672
49 111 56.892
49 112 5.949
49 113 20.942
49 114 81.672
49 115 56.746
49 116 94.078
49 117 87.868
49 118 8.599
49 119 96.363
50 51 82.556
50 52 86.873
50 53 99.552
50 54 48.119
50 55 58.280
50 56 93.259
50 57 14.274
50 58 77.806
50 59 35.005
50 60 34.856
50 61 83.526
50 62 91.131
50 63 47.179
50 64 13.322
50 65 62.117
50 66 7.127
50 67 95.836
50 68 46.107
50 69 65.547
50 70 34.586
50 71 24.999
50 72 18.706
50 73 13.859
50 74 8.543
50 75 57.532
50 76 88.081
50 77 39.660
50 78 90.454
50 79 60.517
50 80 45.026
50 81 91.134
50 82 47.902
50 83 41.936
50 84 25.779
50 85 75.459
50 86 7.481
50 87 2.837
50 88 61.331
50 89 43.207
50 90 18.012
50 91 82.110
50 92 66.621
50 93 10.095
50 94 70.271
50 95 34.658
50 96 1.255
50 97 48.903
50 98 94.155
50 99 77.950
50 100 78.348
50 101 61.405
50 102 94.539
50 103 26.824
50 104 58.784
50 105 57.837
50 106 93.004
50 107 11.892
50 108 44.409
50 109 29.751
50 110 14.247
50 111 43.013
50 112 75.621
50 113 0.995
50 114 93.145
50 115 36.034
50 116 46.281
50 117 81.131
50 118 81.310
50 119 68.377
51 52 72.077
51 53 25.776
51 54 0.405
51 55 67.007
51 56 87.177
51 57 29.150
51 58 23.593
51 59 60.972
51 60 98.459
51 61 35.541
51 62 66.185
51 63 49.911
51 64 96.593
51 65 58.436
51 66 31.885
51 67 49.794
51 68 8.894
51 69 38.776
51 70 92.006
51 71 77.666
51 72 80.155
51 73 57.056
51 74 71.571
51 75 28.258
51 76 84.551
51 77 37.929
51 78 78.478
51 79 77.077
51 80 4.209
51 81 50.544
51 82 39.687
51 83 16.949
51 84 58.219
51 85 12.996
51 86 1.874
51 87 97.972
51 88 29.606
51 89 55.079
51 90 13.077
51 91 94.466
51 92 17.172
51 93 79.958
51 94 26.540
51 95 66.714
51 96 34.158
51 97 92.432
51 98 58.345
51 99 20.192
51 100 86.306
51 101 29.120
51 102 86.315
51 103 90.433
51 104 88.177
51 105 34.226
51 106 99.307
51 107 97.818
51 108 18.468
51 109 73.442
51 110 93.191
51 111 23.301
51 112 72.596
51 113 68.109
51 114 62.651
51 115 53.450
51 116 43.963
51 117 61.945
51 118 56.401
51 119 31.175
52 53 54.086
52 54 3.410
52 55 47.500
52 56 27.118
52 57 56.159
52 58 38.262
52 59 20.133
52 60 15.935
52 61 56.652
52 62 58.851
52 63 89.588
52 64 1.534
52 65 35.175
52 66 49.413
52 67 53.092
52 68 85.861
52 69 94.137
52 70 99.908
52 71 15.754
52 72 16.905
52 73 36.576
52 74 34.885
52 75 48.096
52 76 83.348
52 77 53.108
52 78 18.383
52 79 9.441
52 80 45.647
52 81 97.050
52 82 51.096
52 83 14.920
52 84 6.317
52 85 40.559
52 86 71.774
52 87 32.929
52 88 25.815
52 89 34.015
52 90 11.318
52 91 74.577
52 92 84.631
52 93 35.902
52 94 25.022
52 95 76.981
52 96 77.092
52 97 41.093
52 98 46.138
52 99 88.262
52 100 97.850
52 101 11.679
52 102 62.205
52 103 33.620
52 104 48.144
52 105 6.433
52 106 14.533
52 107 79.138
52 108 45.659
52 109 12.466
52 110 60.768
52 111 12.733
52 112 69.192
52 113 5.809
52 114 20.647
52 115 30.185
52 116 7.282
52 117 6.415
52 118 45.859
52 119 48.211
53 54 8.614
53 55 47.463
53 56 16.332
53 57 66.301
53 58 51.225
53 59 48.882
53 60 67.350
53 61 64.318
53 62 57.406
53 63 70.637
53 64 94.544
53 65 53.872
53 66 81.676
53 67 22.605
53 68 67.128
53 69 98.009
53 70 90.342
53 71 24.756
53 72 3.670
53 73 76.006
53 74 32.869
53 75 43.875
53 76 29.224
53 77 97.876
53 78 77.647
53 79 81.204
53 80 37.857
53 81 66.629
53 82 47.774
53 83 49.160
53 84 30.365
53 85 45.454
53 86 46.016
53 87 54.658
53 88 83.433
53 89 11.660
53 90 2.412
53 91 1.631
53 92 33.526
53 93 69.563
53 94 12.811
53 95 35.920
53 96 26.481
53 97 50.460
53 98 62.134
53 99 82.047
53 100 92.059
53 101 49.409
53 102 42.263
53 103 63.213
53 104 51.666
53 105 35.752
53 106 81.200
53 107 53.444
53 108 56.975
53 109 27.132
53 110 97.499
53 111 83.887
53 112 87.375
53 113 35.232
53 114 81.968
53 115 14.097
53 116 4.967
53 117 75.523
53 118 87.235
53 119 83.488
54 55 77.255
54 56 83.054
54 57 75.042
54 58 78.188
54 59 29.733
54 60 91.587
54 61 30.952
54 62 84.146
54 63 83.229
54 64 14.411
54 65 6.688
54 66 48.647
54 67 64.201
54 68 11.681
54 69 91.389
54 70 39.234
54 71 50.064
54 72 41.398
54 73 44.858
54 74 71.619
54 75 26.215
54 76 68.916
54 77 48.182
54 78 76.249
54 79 86.572
54 80 53.378
54 81 40.150
54 82 87.002
54 83 5.265
54 84 38.524
54 85 11.469
54 86 64.871
54 87 43.521
54 88 50.033
54 89 23.024
54 90 14.510
54 91 32.853
54 92 41.906
54 93 99.306
54 94 12.156
54 95 93.335
54 96 40.326
54 97 23.609
54 98 39.732
54 99 4.044
54 100 5.049
54 101 27.698
54 102 11.804
54 103 41.661
54 104 65.555
54 105 25.427
54 106 89.605
54 107 42.814
54 108 92.030
54 109 87.094
54 110 99.468
54 111 25.875
54 112 29.726
54 113 89.365
54 114 11.795
54 115 28.748
54 116 59.293
54 117 4.166
54 118 91.060
54 119 80.620
55 56 45.419
55 57 9.215
55 58 97.405
55 59 27.672
55 60 1.419
55 61 12.701
55 62 5.980
55 63 75.439
55 64 28.383
55 65 85.124
55 66 11.486
55 67 93.812
55 68 84.084
55 69 82.427
55 70 2.265
55 71 54.586
55 72 99.031
55 73 26.261
55 74 20.789
55 75 36.029
55 76 84.905
55 77 79.620
55 78 75.566
55 79 34.096
55 80 74.065
55 81 19.057
55 82 33.220
55 83 65.743
55 84 87.884
55 85 58.296
55 86 98.939
55 87 36.195
55 88 56.413
55 89 22.317
55 90 88.451
55 91 69.093
55 92 2.149
55 93 5.832
55 94 5.390
55 95 66.110
55 96 56.703
55 97 75.559
55 98 64.133
55 99 70.927
55 100 0.696
55 101 91.846
55 102 40.122
55 103 61.388
55 104 4.449
55 105 31.883
55 106 87.173
55 107 83.207
55 108 99.839
55 109 94.151
55 110 34.450
55 111 68.770
55 112 32.183
55 113 51.719
55 114 64.521
55 115 55.381
55 116 25.060
55 117 0.619
55 118 78.330
55 119 28.720
56 57 40.711
56 58 18.770
56 59 72.926
56 60 69.334
56 61 33.977
56 62 10.787
56 63 93.447
56 64 72.677
56 65 78.707
56 66 64.484
56 67 72.104
56 68 46.466
56 69 92.121
56 70 86.025
56 71 33.837
56 72 63.115
56 73 94.857
56 74 12.375
56 75 30.793
56 76 59.493
56 77 22.233
56 78 22.100
56 79 65.975
56 80 31.479
56 81 45.731
56 82 78.534
56 83 80.115
56 84 66.547
56 85 72.777
56 86 42.957
56 87 5.288
56 88 94.085
56 89 67.615
56 90 89.648
56 91 33.731
56 92 10.145
56 93 76.384
56 94 39.562
56 95 11.055
56 96 51.061
56 97 45.487
56 98 4.856
56 99 39.221
56 100 48.613
56 101 93.908
56 102 2.604
56 103 66.634
56 104 98.394
56 105 37.341
56 106 52.775
56 107 50.149
56 108 12.540
56 109 64.830
56 110 22.924
56 111 96.982
56 112 8.189
56 113 37.080
56 114 20.021
56 115 33.270
56 116 3.841
56 117 9.676
56 118 58.463
56 119 0.405
57 58 57.179
57 59 84.152
57 60 52.552
57 61 50.321
57 62 80.007
57 63 55.186
57 64 91.581
57 65 96.511
57 66 8.606
57 67 53.163
57 68 56.165
57 69 78.866
57 70 91.120
57 71 77.911
57 72 25.563
57 73 17.300
57 74 77.519
57 75 81.643
57 76 7.471
57 77 61.628
57 78 62.210
57 79 86.955
57 80 94.145
57 81 93.360
57 82 34.582
57 83 19.191
57 84 11.676
57 85 98.778
57 86 38.531
57 87 91.569
57 88 82.886
57 89 12.112
57 90 28.467
57 91 6.180
57 92 68.505
57 93 22.624
57 94 36.343
57 95 24.277
57 96 86.217
57 97 50.055
57 98 31.914
57 99 15.250
57 100 32.579
57 101 19.163
57 102 66.765
57 103 15.272
57 104 48.991
57 105 5.981
57 106 41.526
57 107 13.769
57 108 79.596
57 109 85.932
57 110 25.288
57 111 38.754
57 112 66.367
57 113 87.089
57 114 86.386
57 115 30.473
57 116 14.625
57 117 40.634
57 118 64.515
57 119 76.926
58 59 40.847
58 60 24.973
58 61 25.579
58 62 34.505
58 63 83.848
58 64 19.970
58 65 92.723
58 66 72.360
58 67 20.310
58 68 23.421
58 69 39.674
58 70 60.021
58 71 76.087
58 72 33.147
58 73 65.804
58 74 64.414
58 75 65.858
58 76 64.989
58 77 46.279
58 78 34.603
58 79 25.422
58 80 59.503
58 81 65.183
58 82 30.425
58 83 23.296
58 84 28.295
58 85 94.710
58 86 94.653
58 87 51.257
58 88 4.713
58 89 79.276
58 90 77.370
58 91 97.104
58 92 92.996
58 93 19.884
58 94 95.996
58 95 97.134
58 96 55.019
58 97 31.074
58 98 54.694
58 99 50.689
58 100 34.389
58 101 60.495
58 102 52.868
58 103 54.644
58 104 93.946
58 105 19.434
58 106 84.028
58 107 81.778
58 108 34.598
58 109 71.552
58 110 63.523
58 111 83.755
58 112 70.946
58 113 66.641
58 114 26.468
58 115 46.762
58 116 62.298
58 117 86.371
58 118 5.631
58 119 65.878
59 60 36.438
59 61 89.837
59 62 33.155
59 63 32.825
59 64 97.924
59 65 8.082
59 66 9.692
59 67 51.019
59 68 82.682
59 69 38.885
59 70 49.825
59 71 1.688
59 72 6.334
59 73 35.739
59 74 43.667
59 75 85.317
59 76 54.954
59 77 68.245
59 78 71.058
59 79 53.788
59 80 83.850
59 81 55.112
59 82 67.014
59 83 30.328
59 84 22.462
59 85 35.444
59 86 64.914
59 87 86.735
59 88 31.665
59 89 49.233
59 90 37.348
59 91 10.353
59 92 23.466
59 93 43.721
59 94 13.665
59 95 46.855
59 96 32.544
59 97 8.774
59 98 77.925
59 99 49.162
59 100 24.051
59 101 71.413
59 102 41.329
59 103 97.667
59 104 32.776
59 105 47.350
59 106 39.142
59 107 82.427
59 108 55.007
59 109 55.681
59 110 23.695
59 111 54.109
59 112 56.348
59 113 51.796
59 114 12.278
59 115 57.197
59 116 16.265
59 117 23.127
59 118 1.565
59 119 56.345
60 61 3.260
60 62 22.531
60 63 78.651
60 64 54.745
60 65 63.356
60 66 84.905
60 67 42.894
60 68 81.984
60 69 8.979
60 70 84.057
60 71 2.422
60 72 98.117
60 73 15.322
60 74 38.892
60 75 24.546
60 76 20.533
60 77 66.936
60 78 70.691
60 79 0.226
60 80 30.696
60 81 48.556
60 82 46.494
60 83 29.360
60 84 58.920
60 85 41.064
60 86 17.599
60 87 45.850
60 88 77.136
60 89 66.015
60 90 76.676
60 91 79.235
60 92 51.906
60 93 20.296
60 94 12.210
60 95 93.152
60 96 22.970
60 97 56.249
60 98 34.782
60 99 49.937
60 100 76.222
60 101 91.998
60 102 86.093
60 103 25.428
60 104 74.225
60 105 81.722
60 106 18.740
60 107 38.323
60 108 92.259
60 109 36.280
60 110 52.372
60 111 64.425
60 112 83.389
60 113 60.850
60 114 70.204
60 115 77.696
60 116 62.127
60 117 68.137
60 118 18.753
60 119 97.210
61 62 53.031
61 63 33.238
61 64 13.239
61 65 21.989
61 66 97.928
61 67 79.381
61 68 31.255
61 69 4.094
61 70 53.430
61 71 22.542
61 72 98.112
61 73 44.481
61 74 39.064
61 75 57.311
61 76 28.704
61 77 95.815
61 78 15.514
61 79 36.435
61 80 92.763
61 81 21.749
61 82 82.401
61 83 82.074
61 84 13.082
61 85 93.185
61 86 85.461
61 87 68.104
61 88 89.551
61 89 98.553
61 90 14.130
61 91 29.674
61 92 65.808
61 93 7.398
61 94 52.274
61 95 88.756
61 96 19.836
61 97 54.375
61 98 17.144
61 99 32.576
61 100 65.019
61 101 4.211
61 102 84.668
61 103 45.564
61 104 93.982
61 105 17.290
61 106 52.760
61 107 74.871
61 108 83.942
61 109 60.193
61 110 38.589
61 111 4.528
61 112 9.367
61 113 95.895
61 114 40.621
61 115 23.934
61 116 75.425
61 117 44.249
61 118 21.700
61 119 2.680
62 63 93.960
62 64 24.981
62 65 85.599
62 66 25.549
62 67 72.719
62 68 82.627
62 69 26.156
62 70 99.111
62 71 78.059
62 72 45.669
62 73 25.525
62 74 14.441
62 75 61.562
62 76 90.598
62 77 66.005
62 78 39.252
62 79 11.765
62 80 65.693
62 81 98.586
62 82 17.176
62 83 3.679
62 84 79.027
62 85 80.529
62 86 71.874
62 87 70.762
62 88 70.550
62 89 54.204
62 90 49.376
62 91 16.748
62 92 69.024
62 93 89.873
62 94 83.259
62 95 17.990
62 96 81.213
62 97 56.234
62 98 34.207
62 99 40.920
62 100 72.893
62 101 14.267
62 102 37.992
62 103 13.786
62 104 79.111
62 105 52.300
62 106 94.084
62 107 46.976
62 108 24.568
62 109 93.187
62 110 40.827
62 111 92.073
62 112 44.075
62 113 8.113
62 114 92.566
62 115 66.188
62 116 67.751
62 117 65.780
62 118 59.083
62 119 45.167
63 64 75.962
63 65 30.580
63 66 28.368
63 67 46.973
63 68 34.945
63 69 98.868
63 70 70.021
63 71 84.795
63 72 95.656
63 73 28.542
63 74 8.462
63 75 68.415
63 76 75.592
63 77 73.883
63 78 22.659
63 79 71.883
63 80 46.141
63 81 84.978
63 82 52.219
63 83 65.723
63 84 16.516
63 85 69.031
63 86 28.469
63 87 32.716
63 88 39.362
63 89 39.477
63 90 3.530
63 91 47.720
63 92 62.877
63 93 98.049
63 94 20.421
63 95 4.023
63 96 19.576
63 97 4.839
63 98 52.878
63 99 11.433
63 100 72.836
63 101 91.841
63 102 44.816
63 103 74.581
63 104 38.880
63 105 66.605
63 106 96.301
63 107 83.853
63 108 64.132
63 109 34.366
63 110 75.369
63 111 15.914
63 112 65.641
63 113 39.364
63 114 83.210
63 115 45.963
63 116 35.785
63 117 89.069
63 118 63.995
63 119 19.661
64 65 71.515
64 66 78.646
64 67 30.002
64 68 19.094
64 69 13.112
64 70 77.201
64 71 67.744
64 72 84.194
64 73 67.770
64 74 72.257
64 75 1.428
64 76 18.699
64 77 49.274
64 78 94.359
64 79 16.343
64 80 18.063
64 81 86.604
64 82 59.848
64 83 86.680
64 84 5.613
64 85 41.547
64 86 76.559
64 87 9.803
64 88 52.846
64 89 28.170
64 90 54.581
64 91 22.125
64 92 89.888
64 93 45.528
64 94 52.190
64 95 60.531
64 96 82.984
64 97 19.010
64 98 65.694
64 99 37.662
64 100 67.272
64 101 95.469
64 102 41.154
64 103 19.416
64 104 75.177
64 105 52.595
64 106 45.810
64 107 28.646
64 108 93.416
64 109 63.953
64 110 87.546
64 111 50.327
64 112 14.920
64 113 7.687
64 114 11.808
64 115 80.331
64 116 25.887
64 117 19.109
64 118 37.176
64 119 42.492
65 66 82.757
65 67 65.207
65 68 13.090
65 69 96.785
65 70 89.053
65 71 62.571
65 72 96.287
65 73 75.191
65 74 77.831
65 75 69.332
65 76 46.066
65 77 11.240
65 78 41.943
65 79 56.382
65 80 32.768
65 81 74.238
65 82 31.309
65 83 3.513
65 84 38.697
65 85 79.811
65 86 54.134
65 87 72.046
65 88 6.225
65 89 24.690
65 90 77.255
65 91 77.112
65 92 53.907
65 93 85.555
65 94 19.759
65 95 19.941
65 96 38.199
65 97 29.241
65 98 73.546
65 99 43.381
65 100 85.707
65 101 4.817
65 102 64.709
65 103 42.277
65 104 58.900
65 105 26.751
65 106 90.377
65 107 94.464
65 108 46.851
65 109 12.814
65 110 27.108
65 111 77.818
65 112 91.746
65 113 10.377
65 114 8.973
65 115 4.134
65 116 71.857
65 117 30.407
65 118 16.137
65 119 31.572
66 67 62.065
66 68 9.732
66 69 98.051
66 70 13.980
66 71 84.217
66 72 39.030
66 73 79.290
66 74 7.633
66 75 41.275
66 76 26.555
66 77 60.633
66 78 83.720
66 79 1.623
66 80 15.702
66 81 33.135
66 82 88.406
66 83 62.865
66 84 38.327
66 85 68.776
66 86 51.370
66 87 78.048
66 88 65.110
66 89 37.659
66 90 68.392
66 91 71.525
66 92 9.285
66 93 28.807
66 94 73.959
66 95 6.490
66 96 50.678
66 97 19.280
66 98 75.752
66 99 91.727
66 100 73.301
66 101 44.625
66 102 44.495
66 103 31.233
66 104 51.609
66 105 72.599
66 106 39.852
66 107 27.104
66 108 78.068
66 109 71.672
66 110 5.879
66 111 43.428
66 112 97.830
66 113 95.968
66 114 87.986
66 115 26.951
66 116 5.047
66 117 79.125
66 118 7.488
66 119 58.840
67 68 59.806
67 69 40.961
67 70 79.477
67 71 81.171
67 72 4.630
67 73 62.908
67 74 75.112
67 75 1.577
67 76 95.170
67 77 80.818
67 78 10.380
67 79 30.002
67 80 10.976
67 81 77.091
67 82 89.950
67 83 42.642
67 84 79.119
67 85 27.944
67 86 46.958
67 87 99.841
67 88 25.965
67 89 76.257
67 90 97.385
67 91 67.124
67 92 70.544
67 93 55.538
67 94 71.166
67 95 1.509
67 96 86.731
67 97 86.416
67 98 91.218
67 99 68.859
67 100 90.831
67 101 3.436
67 102 46.322
67 103 52.275
67 104 56.221
67 105 47.041
67 106 44.080
67 107 96.397
67 108 17.288
67 109 73.238
67 110 36.181
67 111 7.963
67 112 1.236
67 113 91.810
67 114 79.721
67 115 99.091
67 116 18.165
67 117 42.805
67 118 35.614
67 119 16.486
68 69 47.407
68 70 60.627
68 71 7.874
68 72 47.148
68 73 81.200
68 74 55.199
68 75 96.088
68 76 29.119
68 77 25.564
68 78 60.497
68 79 67.407
68 80 24.460
68 81 12.665
68 82 62.144
68 83 54.159
68 84 30.845
68 85 48.932
68 86 17.847
68 87 48.457
68 88 18.050
68 89 8.848
68 90 27.093
68 91 96.177
68 92 76.105
68 93 85.640
68 94 89.855
68 95 89.251
68 96 52.957
68 97 26.928
68 98 17.967
68 99 17.403
68 100 41.281
68 101 15.963
68 102 27.374
68 103 68.328
68 104 46.391
68 105 7.208
68 106 44.658
68 107 58.745
68 108 30.228
68 109 88.771
68 110 7.025
68 111 37.841
68 112 79.986
68 113 23.642
68 114 21.363
68 115 29.325
68 116 94.202
68 117 16.628
68 118 75.047
68 119 68.672
69 70 13.975
69 71 64.621
69 72 58.829
69 73 48.051
69 74 52.491
69 75 74.002
69 76 70.460
69 77 3.039
69 78 92.118
69 79 70.968
69 80 16.599
69 81 62.439
69 82 25.100
69 83 88.029
69 84 20.151
69 85 35.312
69 86 11.219
69 87 83.089
69 88 70.314
69 89 27.849
69 90 13.801
69 91 36.298
69 92 23.429
69 93 66.729
69 94 54.042
69 95 74.246
69 96 74.175
69 97 55.365
69 98 92.876
69 99 91.094
69 100 68.652
69 101 4.737
69 102 9.467
69 103 71.890
69 104 23.627
69 105 61.505
69 106 95.896
69 107 74.565
69 108 49.483
69 109 2.630
69 110 28.721
69 111 94.024
69 112 48.339
69 113 77.981
69 114 9.851
69 115 14.257
69 116 73.379
69 117 60.216
69 118 91.490
69 119 52.527
70 71 90.581
70 72 4.687
70 73 12.960
70 74 13.482
70 75 79.860
70 76 31.198
70 77 80.758
70 78 0.420
70 79 49.046
70 80 14.153
70 81 17.497
70 82 75.957
70 83 11.167
70 84 7.980
70 85 90.202
70 86 24.999
70 87 93.222
70 88 40.631
70 89 3.952
70 90 49.178
70 91 2.859
70 92 79.600
70 93 12.952
70 94 13.812
70 95 78.376
70 96 12.046
70 97 57.861
70 98 75.979
70 99 86.951
70 100 83.491
70 101 85.574
70 102 45.412
70 103 16.228
70 104 7.993
70 105 45.633
70 106 68.727
70 107 25.153
70 108 96.773
70 109 86.069
70 110 81.857
70 111 81.406
70 112 52.004
70 113 90.694
70 114 45.611
70 115 14.804
70 116 37.784
70 117 9.751
70 118 64.902
70 119 58.747
71 72 71.269
71 73 36.294
71 74 93.473
71 75 35.062
71 76 73.549
71 77 71.806
71 78 42.833
71 79 61.529
71 80 82.022
71 81 6.282
71 82 46.637
71 83 25.943
71 84 53.888
71 85 10.374
71 86 79.900
71 87 75.706
71 88 83.804
71 89 0.195
71 90 96.186
71 91 17.781
71 92 17.872
71 93 88.972
71 94 25.311
71 95 10.235
71 96 70.784
71 97 83.985
71 98 69.149
71 99 53.679
71 100 43.326
71 101 22.103
71 102 43.717
71 103 58.557
71 104 93.370
71 105 62.701
71 106 42.040
71 107 72.555
71 108 35.083
71 109 72.856
71 110 34.164
71 111 1.333
71 112 28.284
71 113 46.474
71 114 78.202
71 115 45.320
71 116 72.694
71 117 96.345
71 118 89.458
71 119 5.485
72 73 40.327
72 74 46.117
72 75 3.428
72 76 81.814
72 77 63.291
72 78 27.807
72 79 72.888
72 80 99.642
72 81 44.026
72 82 59.674
72 83 59.282
72 84 51.031
72 85 70.315
72 86 39.183
72 87 14.272
72 88 31.065
72 89 98.362
72 90 36.242
72 91 98.599
72 92 82.253
72 93 13.810
72 94 13.020
72 95 52.267
72 96 34.118
72 97 92.801
72 98 28.408
72 99 12.608
72 100 39.642
72 101 62.975
72 102 7.513
72 103 74.916
72 104 65.378
72 105 7.803
72 106 69.606
72 107 4.122
72 108 87.875
72 109 66.693
72 110 11.518
72 111 35.354
72 112 85.449
72 113 58.042
72 114 37.745
72 115 46.267
72 116 91.417
72 117 92.732
72 118 13.373
72 119 44.661
73 74 92.572
73 75 51.514
73 76 91.424
73 77 91.183
73 78 14.978
73 79 71.322
73 80 32.338
73 81 68.787
73 82 38.093
73 83 22.756
73 84 90.055
73 85 18.169
73 86 17.769
73 87 63.809
73 88 86.494
73 89 81.518
73 90 78.882
73 91 23.367
73 92 34.250
73 93 35.707
73 94 59.100
73 95 2.096
73 96 95.927
73 97 50.432
73 98 46.772
73 99 78.038
73 100 87.759
73 101 76.835
73 102 57.929
73 103 69.563
73 104 45.030
73 105 57.794
73 106 40.100
73 107 39.294
73 108 67.330
73 109 52.309
73 110 73.916
73 111 19.184
73 112 52.733
73 113 83.351
73 114 67.425
73 115 99.157
73 116 11.787
73 117 51.012
73 118 2.574
73 119 49.529
74 75 24.515
74 76 0.975
74 77 98.503
74 78 40.914
74 79 66.665
74 80 2.071
74 81 2.089
74 82 84.363
74 83 85.004
74 84 66.103
74 85 2.603
74 86 39.226
74 87 45.742
74 88 38.115
74 89 94.397
74 90 26.545
74 91 15.005
74 92 95.942
74 93 79.226
74 94 41.740
74 95 55.770
74 96 24.153
74 97 8.073
74 98 81.928
74 99 41.786
74 100 69.370
74 101 11.326
74 102 90.447
74 103 95.762
74 104 41.499
74 105 55.644
74 106 73.957
74 107 56.434
74 108 98.510
74 109 96.094
74 110 65.962
74 111 67.140
74 112 41.224
74 113 62.869
74 114 94.687
74 115 57.131
74 116 48.910
74 117 33.391
74 118 62.936
74 119 56.087
75 76 6.558
75 77 92.593
75 78 62.897
75 79 42.166
75 80 10.296
75 81 76.908
75 82 29.814
75 83 74.421
75 84 88.728
75 85 30.734
75 86 85.031
75 87 1.502
75 88 44.842
75 89 78.130
75 90 31.123
75 91 70.328
75 92 5.654
75 93 26.991
75 94 39.646
75 95 80.756
75 96 64.916
75 97 78.180
75 98 15.513
75 99 45.278
75 100 17.976
75 101 7.847
75 102 31.082
75 103 16.381
75 104 17.255
75 105 27.627
75 106 97.734
75 107 38.444
75 108 21.867
75 109 4.444
75 110 83.064
75 111 65.911
75 112 75.512
75 113 39.325
75 114 87.775
75 115 64.973
75 116 23.062
75 117 62.919
75 118 67.916
75 119 82.083
76 77 68.149
76 78 4.379
76 79 25.346
76 80 19.413
76 81 81.587
76 82 29.758
76 83 92.114
76 84 4.656
76 85 93.602
76 86 26.299
76 87 2.918
76 88 80.641
76 89 41.614
76 90 29.768
76 91 83.871
76 92 68.776
76 93 99.700
76 94 53.423
76 95 85.528
76 96 79.616
76 97 85.918
76 98 79.235
76 99 53.450
76 100 53.697
76 101 29.264
76 102 14.702
76 103 60.534
76 104 16.274
76 105 79.368
76 106 1.839
76 107 21.928
76 108 20.695
76 109 58.860
76 110 88.902
76 111 75.552
76 112 36.918
76 113 90.923
76 114 39.923
76 115 39.089
76 116 13.998
76 117 82.645
76 118 62.324
76 119 47.743
77 78 8.400
77 79 8.573
77 80 78.676
77 81 36.172
77 82 23.568
77 83 18.272
77 84 55.097
77 85 52.688
77 86 50.453
77 87 86.689
77 88 25.817
77 89 84.162
77 90 33.551
77 91 36.795
77 92 21.147
77 93 26.024
77 94 12.475
77 95 90.223
77 96 14.355
77 97 53.331
77 98 5.239
77 99 43.531
77 100 51.899
77 101 36.071
77 102 6.115
77 103 25.225
77 104 21.011
77 105 94.740
77 106 68.354
77 107 61.839
77 108 38.803
77 109 10.627
77 110 29.972
77 111 70.117
77 112 17.864
77 113 89.390
77 114 19.499
77 115 96.758
77 116 74.751
77 117 26.155
77 118 47.748
77 119 47.186
78 79 99.813
78 80 35.742
78 81 51.592
78 82 80.466
78 83 99.480
78 84 92.558
78 85 6.174
78 86 98.746
78 87 55.435
78 88 71.291
78 89 63.118
78 90 26.509
78 91 19.023
78 92 91.736
78 93 4.041
78 94 57.423
78 95 73.799
78 96 48.918
78 97 21.021
78 98 44.751
78 99 54.288
78 100 53.148
78 101 48.670
78 102 25.012
78 103 4.836
78 104 13.702
78 105 76.077
78 106 94.010
78 107 98.857
78 108 74.558
78 109 61.129
78 110 99.367
78 111 15.830
78 112 50.912
78 113 54.554
78 114 74.309
78 115 91.068
78 116 21.194
78 117 16.557
78 118 13.769
78 119 11.608
79 80 0.869
79 81 75.010
79 82 85.725
79 83 30.459
79 84 61.498
79 85 30.891
79 86 78.234
79 87 11.020
79 88 61.398
79 89 64.047
79 90 5.767
79 91 93.666
79 92 22.686
79 93 30.343
79 94 37.201
79 95 97.263
79 96 23.547
79 97 69.843
79 98 62.244
79 99 29.838
79 100 74.323
79 101 64.956
79 102 83.067
79 103 84.657
79 104 11.306
79 105 97.300
79 106 3.576
79 107 40.652
79 108 73.101
79 109 52.550
79 110 90.017
79 111 69.426
79 112 21.005
79 113 13.637
79 114 93.504
79 115 75.010
79 116 27.037
79 117 64.411
79 118 57.595
79 119 57.075
80 81 81.111
80 82 98.244
80 83 82.143
80 84 93.493
80 85 62.288
80 86 89.026
80 87 78.483
80 88 83.940
80 89 78.114
80 90 35.639
80 91 30.341
80 92 82.647
80 93 0.790
80 94 35.213
80 95 69.928
80 96 75.482
80 97 19.213
80 98 75.347
80 99 89.292
80 100 24.184
80 101 81.919
80 102 60.957
80 103 33.279
80 104 8.916
80 105 27.508
80 106 7.531
80 107 62.360
80 108 49.179
80 109 86.380
80 110 39.298
80 111 31.081
80 112 72.738
80 113 90.387
80 114 28.210
80 115 1.058
80 116 32.326
80 117 45.528
80 118 97.581
80 119 96.185
81 82 40.741
81 83 6.829
81 84 92.882
81 85 12.147
81 86 6.354
81 87 44.323
81 88 91.405
81 89 12.320
81 90 3.091
81 91 4.314
81 92 82.380
81 93 77.803
81 94 1.659
81 95 51.122
81 96 99.607
81 97 30.591
81 98 22.039
81 99 21.045
81 100 29.807
81 101 15.798
81 102 41.246
81 103 32.508
81 104 51.590
81 105 11.340
81 106 4.861
81 107 74.190
81 108 82.350
81 109 31.664
81 110 46.052
81 111 36.372
81 112 23.340
81 113 5.841
81 114 11.581
81 115 59.846
81 116 96.827
81 117 39.778
81 118 30.723
81 119 51.426
82 83 63.452
82 84 17.270
82 85 40.079
82 86 55.417
82 87 92.777
82 88 55.328
82 89 94.941
82 90 76.383
82 91 35.499
82 92 5.404
82 93 56.150
82 94 20.126
82 95 11.931
82 96 84.114
82 97 40.357
82 98 56.977
82 99 88.061
82 100 24.510
82 101 61.083
82 102 14.360
82 103 57.893
82 104 62.135
82 105 68.223
82 106 74.042
82 107 88.753
82 108 8.867
82 109 14.366
82 110 83.533
82 111 14.844
82 112 21.913
82 113 37.798
82 114 90.856
82 115 83.582
82 116 45.386
82 117 54.059
82 118 77.200
82 119 69.124
83 84 87.511
83 85 90.602
83 86 92.939
83 87 67.946
83 88 97.765
83 89 82.450
83 90 99.100
83 91 82.492
83 92 25.200
83 93 70.599
83 94 78.522
83 95 80.616
83 96 71.649
83 97 9.540
83 98 8.847
83 99 90.912
83 100 1.722
83 101 95.389
83 102 82.878
83 103 57.033
83 104 35.234
83 105 71.956
83 106 20.960
83 107 27.682
83 108 27.102
83 109 58.485
83 110 44.734
83 111 3.228
83 112 34.784
83 113 69.862
83 114 71.946
83 115 94.738
83 116 83.970
83 117 67.752
83 118 47.951
83 119 76.718
84 85 69.492
84 86 89.446
84 87 51.133
84 88 30.968
84 89 70.339
84 90 50.089
84 91 96.678
84 92 85.689
84 93 15.162
84 94 3.564
84 95 15.952
84 96 51.347
84 97 7.799
84 98 77.427
84 99 7.202
84 100 42.795
84 101 11.148
84 102 68.121
84 103 37.390
84 104 55.740
84 105 92.063
84 106 94.130
84 107 24.662
84 108 34.918
84 109 50.012
84 110 56.751
84 111 46.285
84 112 31.184
84 113 87.848
84 114 50.869
84 115 97.866
84 116 95.190
84 117 34.345
84 118 1.407
84 119 76.203
85 86 96.497
85 87 95.010
85 88 75.050
85 89 70.391
85 90 88.630
85 91 90.223
85 92 31.399
85 93 23.566
85 94 63.020
85 95 37.916
85 96 32.873
85 97 71.181
85 98 47.708
85 99 51.723
85 100 28.494
85 101 70.764
85 102 10.337
85 103 54.986
85 104 63.104
85 105 12.831
85 106 19.177
85 107 55.977
85 108 40.626
85 109 42.928
85 110 0.795
85 111 90.365
85 112 87.632
85 113 30.785
85 114 8.484
85 115 13.211
85 116 21.823
85 117 94.088
85 118 81.646
85 119 14.684
86 87 28.898
86 88 21.630
86 89 33.106
86 90 41.205
86 91 90.902
86 92 43.406
86 93 48.655
86 94 26.850
86 95 89.259
86 96 63.689
86 97 21.133
86 98 78.656
86 99 26.533
86 100 7.192
86 101 69.984
86 102 13.827
86 103 72.386
86 104 28.139
86 105 16.413
86 106 16.873
86 107 41.228
86 108 97.407
86 109 94.194
86 110 70.369
86 111 51.755
86 112 13.825
86 113 76.612
86 114 14.270
86 115 1.858
86 116 82.352
86 117 91.183
86 118 5.633
86 119 16.319
87 88 63.999
87 89 75.495
87 90 83.102
87 91 89.253
87 92 30.254
87 93 99.900
87 94 88.655
87 95 48.438
87 96 48.175
87 97 45.772
87 98 62.908
87 99 14.476
87 100 81.439
87 101 81.647
87 102 9.618
87 103 14.143
87 104 17.305
87 105 23.819
87 106 20.103
87 107 34.351
87 108 19.813
87 109 2.809
87 110 58.883
87 111 70.816
87 112 65.479
87 113 82.625
87 114 38.177
87 115 33.812
87 116 39.333
87 117 95.845
87 118 50.722
87 119 22.356
88 89 56.356
88 90 64.277
88 91 87.956
88 92 67.658
88 93 26.195
88 94 72.347
88 95 43.714
88 96 76.920
88 97 97.519
88 98 48.309
88 99 92.372
88 100 79.297
88 101 2.415
88 102 87.022
88 103 34.761
88 104 87.312
88 105 70.976
88 106 17.261
88 107 25.205
88 108 39.046
88 109 1.536
88 110 76.397
88 111 28.662
88 112 79.090
88 113 52.983
88 114 5.755
88 115 8.237
88 116 69.574
88 117 72.136
88 118 21.104
88 119 10.214
89 90 96.486
89 91 81.419
89 92 44.430
89 93 96.285
89 94 51.064
89 95 29.858
89 96 5.548
89 97 70.790
89 98 21.206
89 99 53.902
89 100 35.059
89 101 64.557
89 102 23.665
89 103 3.663
89 104 73.804
89 105 66.331
89 106 44.184
89 107 64.846
89 108 18.180
89 109 37.781
89 110 29.826
89 111 47.002
89 112 5.561
89 113 8.737
89 114 95.383
89 115 14.676
89 116 19.558
89 117 25.578
89 118 64.081
89 119 9.612
90 91 60.942
90 92 17.572
90 93 61.709
90 94 49.386
90 95 86.826
90 96 53.507
90 97 22.857
90 98 90.649
90 99 68.035
90 100 84.072
90 101 48.114
90 102 13.665
90 103 52.608
90 104 4.256
90 105 71.898
90 106 18.846
90 107 51.955
90 108 24.377
90 109 61.984
90 110 25.769
90 111 85.478
90 112 8.420
90 113 73.880
90 114 30.410
90 115 29.271
90 116 23.971
90 117 25.863
90 118 7.367
90 119 15.062
91 92 49.329
91 93 43.775
91 94 40.359
91 95 16.620
91 96 0.257
91 97 48.622
91 98 26.543
91 99 42.624
91 100 71.363
91 101 24.574
91 102 27.997
91 103 27.344
91 104 35.233
91 105 10.118
91 106 37.173
91 107 73.459
91 108 6.227
91 109 0.926
91 110 82.237
91 111 54.974
91 112 55.222
91 113 39.453
91 114 22.868
91 115 32.419
91 116 56.626
91 117 93.271
91 118 77.473
91 119 67.381
92 93 59.609
92 94 91.890
92 95 78.696
92 96 48.908
92 97 1.797
92 98 0.058
92 99 75.697
92 100 60.442
92 101 25.530
92 102 54.505
92 103 88.881
92 104 22.667
92 105 14.348
92 106 80.612
92 107 75.582
92 108 45.031
92 109 40.476
92 110 35.673
92 111 83.681
92 112 6.679
92 113 2.868
92 114 96.241
92 115 54.205
92 116 66.165
92 117 39.765
92 118 18.433
92 119 83.652
93 94 68.521
93 95 19.740
93 96 52.152
93 97 72.152
93 98 78.151
93 99 50.825
93 100 82.849
93 101 64.497
93 102 16.497
93 103 98.638
93 104 7.752
93 105 37.668
93 106 24.532
93 107 71.251
93 108 27.406
93 109 0.706
93 110 1.872
93 111 11.134
93 112 47.927
93 113 50.583
93 114 96.689
93 115 32.587
93 116 44.553
93 117 71.195
93 118 33.540
93 119 56.890
94 95 32.858
94 96 71.708
94 97 69.912
94 98 26.781
94 99 30.445
94 100 35.131
94 101 66.451
94 102 26.870
94 103 68.965
94 104 88.402
94 105 40.767
94 106 97.278
94 107 33.985
94 108 11.162
94 109 50.135
94 110 4.038
94 111 68.556
94 112 72.015
94 113 14.596
94 114 21.685
94 115 75.217
94 116 18.256
94 117 48.629
94 118 90.996
94 119 90.751
95 96 47.910
95 97 16.973
95 98 37.983
95 99 88.180
95 100 61.335
95 101 68.165
95 102 78.998
95 103 81.271
95 104 23.774
95 105 27.939
95 106 91.221
95 107 68.274
95 108 69.922
95 109 53.920
95 110 97.814
95 111 53.654
95 112 46.900
95 113 62.857
95 114 2.658
95 115 29.230
95 116 23.005
95 117 42.174
95 118 10.888
95 119 79.499
96 97 86.175
96 98 48.700
96 99 88.297
96 100 99.759
96 101 18.311
96 102 79.192
96 103 45.237
96 104 80.292
96 105 59.448
96 106 69.618
96 107 78.767
96 108 14.957
96 109 69.197
96 110 43.174
96 111 70.560
96 112 38.410
96 113 51.996
96 114 80.592
96 115 17.515
96 116 82.549
96 117 37.371
96 118 30.575
96 119 66.988
97 98 69.868
97 99 96.792
97 100 13.014
97 101 39.242
97 102 29.041
97 103 34.624
97 104 93.160
97 105 45.955
97 106 26.401
97 107 12.268
97 108 21.032
97 109 55.554
97 110 55.866
97 111 51.807
97 112 37.077
97 113 13.616
97 114 19.443
97 115 18.286
97 116 42.456
97 117 99.775
97 118 60.600
97 119 98.222
98 99 20.324
98 100 91.289
98 101 83.600
98 102 76.017
98 103 73.095
98 104 7.870
98 105 3.327
98 106 59.659
98 107 9.898
98 108 32.350
98 109 22.172
98 110 22.427
98 111 78.316
98 112 37.438
98 113 23.225
98 114 8.265
98 115 84.976
98 116 0.064
98 117 2.329
98 118 95.083
98 119 90.673
99 100 51.729
99 101 35.462
99 102 22.451
99 103 97.453
99 104 95.772
99 105 92.490
99 106 67.967
99 107 67.436
99 108 20.628
99 109 63.468
99 110 0.053
99 111 26.161
99 112 51.914
99 113 59.514
99 114 44.019
99 115 6.832
99 116 15.572
99 117 86.673
99 118 72.922
99 119 86.096
100 101 29.326
100 102 68.251
100 103 75.097
100 104 46.841
100 105 0.343
100 106 8.778
100 107 56.184
100 108 78.988
100 109 83.270
100 110 51.053
100 111 5.066
100 112 95.373
100 113 44.699
100 114 76.649
100 115 90.334
100 116 96.540
100 117 87.649
100 118 39.818
100 119 56.716
101 102 65.648
101 103 12.785
101 104 4.898
101 105 59.400
101 106 12.657
101 107 31.860
101 108 78.134
101 109 8.211
101 110 15.606
101 111 3.289
101 112 86.242
101 113 93.358
101 114 25.997
101 115 29.736
101 116 56.115
101 117 29.773
101 118 15.190
101 119 43.289
102 103 92.711
102 104 88.013
102 105 39.187
102 106 5.035
102 107 35.506
102 108 76.312
102 109 90.311
102 110 62.745
102 111 97.785
102 112 0.541
102 113 86.001
102 114 42.925
102 115 57.619
102 116 56.686
102 117 17.335
102 118 1.588
102 119 74.537
103 104 3.906
103 105 42.857
103 106 21.920
103 107 51.705
103 108 25.316
103 109 66.917
103 110 26.368
103 111 49.866
103 112 8.344
103 113 85.949
103 114 65.720
103 115 86.314
103 116 66.845
103 117 21.008
103 118 58.395
103 119 19.887
104 105 83.120
104 106 80.336
104 107 79.403
104 108 31.235
104 109 69.546
104 110 11.871
104 111 40.356
104 112 56.565
104 113 36.768
104 114 12.337
104 115 59.434
104 116 22.597
104 117 8.190
104 118 56.921
104 119 93.322
105 106 60.670
105 107 39.007
105 108 1.528
105 109 91.935
105 110 48.695
105 111 82.064
105 112 88.225
105 113 41.137
105 114 41.128
105 115 92.548
105 116 53.705
105 117 78.664
105 118 99.136
105 119 78.862
106 107 0.500
106 108 4.119
106 109 25.849
106 110 87.975
106 111 41.113
106 112 55.177
106 113 44.867
106 114 60.121
106 115 66.410
106 116 89.026
106 117 34.108
106 118 99.934
106 119 21.282
107 108 90.595
107 109 41.678
107 110 88.943
107 111 93.022
107 112 27.254
107 113 65.557
107 114 7.798
107 115 30.796
107 116 83.463
107 117 74.750
107 118 45.675
107 119 18.225
108 109 38.209
108 110 85.950
108 111 49.043
108 112 15.329
108 113 93.127
108 114 86.819
108 115 2.265
108 116 70.951
108 117 19.807
108 118 14.656
108 119 38.513
109 110 82.256
109 111 71.095
109 112 57.555
109 113 50.998
109 114 44.025
109 115 93.059
109 116 44.035
109 117 11.794
109 118 87.197
109 119 81.836
110 111 26.714
110 112 8.301
110 113 53.474
110 114 52.696
110 115 45.762
110 116 75.892
110 117 90.797
110 118 27.463
110 119 78.649
111 112 39.349
111 113 83.112
111 114 0.778
111 115 44.173
111 116 75.419
111 117 47.079
111 118 15.761
111 119 30.757
112 113 74.133
112 114 38.248
112 115 65.243
112 116 61.711
112 117 7.494
112 118 9.707
112 119 36.003
113 114 93.447
113 115 10.737
113 116 57.328
113 117 30.365
113 118 66.552
113 119 43.553
114 115 67.467
114 116 32.019
114 117 94.193
114 118 26.497
114 119 55.345
115 116 31.047
115 117 77.486
115 118 41.289
115 119 45.316
116 117 86.966
116 118 83.267
116 119 42.755
117 118 97.853
117 119 87.921
118 119 6.138
