random, greedy_1, greedy_2, greedy_3_true, greedy_3_fals
['Geo_n010_ds_01.txt', 3720.4120000000003, 3793.9809999999998, 3804.825, 3571.6530000000002, 3473.6899999999996]
['Geo_n010_ds_02.txt', 1623.337, 1299.1309999999999, 1367.788, 1230.4519999999998, 1287.057]
['Geo_n010_ds_03.txt', 1617.701, 1635.286, 1604.6609999999998, 1610.1850000000002, 1334.077]
['Geo_n010_ds_04.txt', 3425.3109999999997, 3581.17, 3634.5739999999996, 3414.199, 3382.4790000000003]
['Geo_n010_ds_05.txt', 1832.892, 2099.174, 2117.542, 2095.2920000000004, 1697.1280000000002]
['Geo_n010_ds_06.txt', 1109.55, 1039.812, 794.4579999999999, 1033.1019999999999, 1014.147]
['Geo_n010_ds_07.txt', 2935.0029999999997, 2857.092, 2935.0029999999997, 3031.267, 2974.273]
['Geo_n010_ds_08.txt', 2175.862, 2150.923, 2120.7709999999997, 2215.2470000000003, 2132.6400000000003]
['Geo_n010_ds_09.txt', 3782.241, 3667.4440000000004, 3797.607, 3745.09, 3642.4180000000006]
['Geo_n010_ds_10.txt', 3536.0060000000003, 4383.987, 4532.586, 4492.239, 3693.794]
['Geo_n010_ss_01.txt', 3492.781, 3570.255, 3602.471, 3571.6530000000002, 3473.6899999999996]
['Geo_n010_ss_02.txt', 1135.184, 1299.1309999999999, 1367.788, 1230.4519999999998, 1287.057]
['Geo_n010_ss_03.txt', 1598.5079999999998, 1635.286, 1604.6609999999998, 1610.1850000000002, 1334.077]
['Geo_n010_ss_04.txt', 3369.1009999999997, 3414.199, 3342.368, 3414.199, 3382.4790000000003]
['Geo_n010_ss_05.txt', 1983.023, 1897.28, 1897.28, 1992.7020000000002, 1697.1280000000002]
['Geo_n010_ss_06.txt', 996.258, 1039.812, 794.4579999999999, 1033.1019999999999, 1014.147]
['Geo_n010_ss_07.txt', 2783.7870000000003, 2857.092, 2935.0029999999997, 3031.267, 2953.9880000000003]
['Geo_n010_ss_08.txt', 2142.3239999999996, 2150.9230000000002, 2120.7709999999997, 2215.2470000000003, 2132.6400000000003]
['Geo_n010_ss_09.txt', 3684.358, 3667.4440000000004, 3797.607, 3745.09, 3642.4180000000006]
['Geo_n010_ss_10.txt', 3621.444, 3685.9130000000005, 3635.732, 3622.974, 3693.794]
['Geo_n012_ds_01.txt', 808.816, 746.9290000000001, 722.8249999999999, 659.1980000000001, 551.319]
['Geo_n012_ds_02.txt', 736.675, 848.2209999999999, 640.7830000000001, 850.665, 769.535]
['Geo_n012_ds_03.txt', 2165.7250000000004, 2175.81, 2127.281, 2352.5860000000002, 1844.0910000000001]
['Geo_n012_ds_04.txt', 1597.991, 1626.527, 1576.7089999999998, 1997.214, 1590.127]
['Geo_n012_ds_05.txt', 2052.7859999999996, 2548.277, 2534.9480000000003, 2028.1970000000001, 1955.2459999999996]
['Geo_n012_ds_06.txt', 1883.577, 1496.64, 1445.6950000000002, 1414.045, 1102.296]
['Geo_n012_ds_07.txt', 1458.252, 1677.068, 1706.917, 1544.246, 1299.6380000000001]
['Geo_n012_ds_08.txt', 2181.238, 2272.626, 2288.734, 2401.3630000000003, 2084.024]
['Geo_n012_ds_09.txt', 1739.5349999999999, 1647.8899999999999, 1502.7979999999998, 1661.458, 1433.787]
['Geo_n012_ds_10.txt', 678.589, 712.6020000000001, 650.0810000000001, 828.4850000000001, 536.455]
['Geo_n012_ss_01.txt', 546.465, 599.309, 513.1899999999999, 659.1980000000001, 423.132]
['Geo_n012_ss_02.txt', 748.529, 756.7439999999999, 715.8219999999999, 763.6899999999999, 622.253]
['Geo_n012_ss_03.txt', 2234.6169999999997, 2175.81, 2127.281, 2352.5860000000002, 1844.0910000000001]
['Geo_n012_ss_04.txt', 1419.134, 1474.652, 1488.7479999999996, 1572.768, 1385.103]
['Geo_n012_ss_05.txt', 1900.562, 2072.405, 1915.1220000000003, 2080.41, 1912.379]
['Geo_n012_ss_06.txt', 1263.542, 1360.771, 1283.8890000000001, 1414.045, 1050.509]
['Geo_n012_ss_07.txt', 1303.0639999999999, 1259.217, 1220.414, 1394.715, 1261.758]
['Geo_n012_ss_08.txt', 2031.9160000000002, 2096.998, 1982.8129999999996, 2235.292, 1914.651]
['Geo_n012_ss_09.txt', 1523.772, 1547.6739999999998, 1534.158, 1715.451, 1427.439]
['Geo_n012_ss_10.txt', 540.6469999999999, 662.686, 649.625, 778.516, 560.26]
['Geo_n030_ds_01.txt', 14086.633999999998, 13846.308, 13374.706, 13766.544, 12378.166000000001]
['Geo_n030_ds_02.txt', 12987.104000000001, 12892.527, 12755.936000000002, 13109.139, 11615.065999999999]
['Geo_n030_ds_03.txt', 10345.970000000001, 10673.681, 10623.952000000001, 10877.721000000001, 9090.398]
['Geo_n030_ds_04.txt', 5412.5419999999995, 5354.9090000000015, 5335.995000000001, 5521.418, 3722.1059999999998]
['Geo_n030_ds_05.txt', 13085.684999999998, 14593.777999999998, 14490.79, 14437.285000000003, 12152.401000000002]
['Geo_n030_ds_06.txt', 14032.558, 14444.656000000003, 13866.795000000002, 14604.086, 12495.548000000003]
['Geo_n030_ds_07.txt', 7466.661, 7563.919000000001, 7453.709999999999, 7569.590000000001, 6145.992]
['Geo_n030_ds_08.txt', 14944.599999999999, 12474.775000000001, 12525.347, 13081.996, 11505.061]
['Geo_n030_ds_09.txt', 10689.161, 10242.942, 9952.01, 10684.897, 9168.028999999999]
['Geo_n030_ds_10.txt', 10049.791, 10436.095000000001, 9618.542, 10134.454, 8623.626]
['Geo_n030_ss_01.txt', 12671.648000000001, 12949.286, 12667.283, 13264.797000000002, 12446.872]
['Geo_n030_ss_02.txt', 12414.462, 12720.514, 12601.651999999998, 12858.27, 11864.872]
['Geo_n030_ss_03.txt', 9873.052, 9999.893, 9949.957, 10361.306, 8767.248000000001]
['Geo_n030_ss_04.txt', 5017.427000000001, 4956.842, 5005.097, 5201.308, 3837.015]
['Geo_n030_ss_05.txt', 13236.819, 13064.616, 12963.725999999999, 13475.033, 11877.108]
['Geo_n030_ss_06.txt', 13174.435, 13787.429999999998, 13481.155, 14072.295999999998, 12387.760000000002]
['Geo_n030_ss_07.txt', 7004.963, 7206.653, 7000.3730000000005, 7350.049000000001, 6188.754]
['Geo_n030_ss_08.txt', 12581.888, 12615.461000000001, 12558.426, 12822.626, 11338.859]
['Geo_n030_ss_09.txt', 9905.192000000001, 10291.582, 9744.002, 10500.978, 9089.148000000001]
['Geo_n030_ss_10.txt', 9745.142, 9896.512, 9496.851, 9830.269, 8623.626]
['Geo_n060_ds_01.txt', 45436.136999999995, 44534.606, 44118.699, 45682.945999999996, 42696.816999999995]
['Geo_n060_ds_02.txt', 43286.356999999996, 44579.238999999994, 44191.334, 44028.695999999996, 38373.865000000005]
['Geo_n060_ds_03.txt', 51039.246999999996, 54599.03700000001, 53814.66100000001, 53385.137, 47802.274000000005]
['Geo_n060_ds_04.txt', 46612.25200000001, 47594.219, 47204.63099999999, 48302.769, 40568.377]
['Geo_n060_ds_05.txt', 51425.374, 51018.387, 50808.875, 50497.93600000001, 46098.358]
['Geo_n060_ds_06.txt', 24080.701999999997, 25567.517000000003, 24626.035, 24996.453, 19772.016000000003]
['Geo_n060_ds_07.txt', 37618.174000000006, 37598.39400000001, 37660.726, 38254.837, 33760.346]
['Geo_n060_ds_08.txt', 39693.201, 38455.270000000004, 38457.05300000001, 39415.402, 35840.7]
['Geo_n060_ds_09.txt', 35803.694, 36978.780999999995, 36663.734000000004, 37837.982, 32171.841]
['Geo_n060_ds_10.txt', 54555.149000000005, 52991.981999999996, 52813.602999999996, 53623.886, 47632.668000000005]
['Geo_n060_ss_01.txt', 43813.272, 43762.71, 43435.909999999996, 43993.978, 41240.945999999996]
['Geo_n060_ss_02.txt', 41372.87300000001, 41942.147, 41145.761000000006, 42797.676, 38383.439]
['Geo_n060_ss_03.txt', 49921.416000000005, 49797.606, 49201.80799999999, 50150.47, 46610.524999999994]
['Geo_n060_ss_04.txt', 44554.38100000001, 44556.499, 43615.629, 45224.628000000004, 40727.809]
['Geo_n060_ss_05.txt', 47960.928, 48009.432, 47821.205, 48900.122, 45271.206]
['Geo_n060_ss_06.txt', 23934.245, 23821.265999999996, 22464.002, 24155.191, 19721.524]
['Geo_n060_ss_07.txt', 36419.644, 36233.795000000006, 36445.422, 37493.796, 33146.86]
['Geo_n060_ss_08.txt', 38760.903000000006, 38201.928, 37792.761, 39415.401999999995, 36060.7]
['Geo_n060_ss_09.txt', 34593.594000000005, 34806.305, 34489.162000000004, 35442.384, 32080.381]
['Geo_n060_ss_10.txt', 49365.37899999999, 50243.708, 49892.087, 50959.855, 46589.712]
['Geo_n120_ds_01.txt', 102202.75299999998, 104632.92700000003, 103769.09500000003, 106203.18800000001, 88136.844]
['Geo_n120_ds_02.txt', 52743.515999999996, 54587.167, 55236.718, 57104.516, 36963.600000000006]
['Geo_n120_ds_03.txt', 46632.317, 47063.335, 46728.47600000001, 47860.299, 29116.952999999998]
['Geo_n120_ds_04.txt', 72708.92399999998, 72573.524, 73543.019, 74290.766, 59120.023]
['Geo_n120_ds_05.txt', 109514.271, 114487.611, 114275.63399999999, 115566.23800000001, 99972.38799999999]
['Geo_n120_ds_06.txt', 125758.85400000002, 127361.63500000001, 127230.51500000001, 128878.99299999999, 113545.65]
['Geo_n120_ds_07.txt', 99912.04299999999, 101256.629, 99952.21299999997, 102804.132, 84558.179]
['Geo_n120_ds_08.txt', 79636.745, 79738.51700000002, 78404.85399999999, 79686.49, 67278.706]
['Geo_n120_ds_09.txt', 86651.05500000001, 87801.582, 88401.633, 88686.583, 73077.253]
['Geo_n120_ds_10.txt', 60150.052999999985, 60686.748, 60234.823000000004, 62312.380999999994, 46009.663]
['Geo_n120_ss_01.txt', 97983.467, 96426.08, 96531.92499999999, 100024.36, 87716.05799999999]
['Geo_n120_ss_02.txt', 52776.459, 50221.201, 51618.05699999999, 52831.397000000004, 38447.396]
['Geo_n120_ss_03.txt', 44747.326, 44368.441999999995, 42875.488, 45896.481, 27653.024999999998]
['Geo_n120_ss_04.txt', 69793.488, 69451.693, 69938.91500000001, 71801.937, 57305.663]
['Geo_n120_ss_05.txt', 108444.236, 108434.38100000002, 107766.579, 111099.99900000001, 97494.03]
['Geo_n120_ss_06.txt', 119716.511, 121416.381, 120781.03600000001, 124120.88400000002, 110495.406]
['Geo_n120_ss_07.txt', 93710.654, 94346.759, 94139.5, 96603.215, 83318.83600000001]
['Geo_n120_ss_08.txt', 76332.563, 75454.619, 74173.548, 77800.30799999999, 64669.181000000004]
['Geo_n120_ss_09.txt', 84050.313, 83628.02900000001, 82703.556, 85640.836, 72467.3]
['Geo_n120_ss_10.txt', 57580.20199999999, 56819.647000000004, 55662.40600000001, 58356.473, 44322.619000000006]
['Geo_n240_ds_01.txt', 185485.95700000002, 189286.04500000004, 190671.01499999996, 188411.54599999994, 122793.24]
['Geo_n240_ds_02.txt', 329880.00399999996, 334961.399, 334451.9470000001, 332690.409, 281712.356]
['Geo_n240_ds_03.txt', 203572.936, 202182.191, 203303.31399999995, 205313.987, 147044.05800000002]
['Geo_n240_ds_04.txt', 242560.569, 250501.32399999996, 251216.045, 250593.213, 195945.606]
['Geo_n240_ds_05.txt', 296428.73, 300195.477, 296708.5779999999, 298949.716, 249459.56500000003]
['Geo_n240_ds_06.txt', 340517.89800000004, 339535.998, 338030.92299999995, 340697.967, 290701.044]
['Geo_n240_ds_07.txt', 325126.3949999999, 325664.2780000001, 324685.0470000001, 329834.4660000001, 278020.92299999995]
['Geo_n240_ds_08.txt', 125649.32100000001, 121827.634, 123514.53000000001, 123791.219, 70439.22200000001]
['Geo_n240_ds_09.txt', 387959.1660000001, 392299.52599999995, 390814.34699999995, 396108.408, 348472.177]
['Geo_n240_ds_10.txt', 336287.05600000004, 340726.68100000004, 341093.70199999993, 342700.87899999996, 298625.39600000007]
['Geo_n240_ss_01.txt', 182272.312, 178576.736, 180048.734, 183533.106, 126992.599]
['Geo_n240_ss_02.txt', 318270.501, 319947.081, 320617.48500000004, 326782.20900000003, 279074.03]
['Geo_n240_ss_03.txt', 199383.12000000005, 196957.252, 196361.34200000003, 203262.96300000002, 149151.761]
['Geo_n240_ss_04.txt', 239929.81600000002, 237118.611, 235592.47699999998, 242052.429, 196311.91999999998]
['Geo_n240_ss_05.txt', 289530.508, 288974.17, 288059.09400000004, 294736.515, 246847.507]
['Geo_n240_ss_06.txt', 329195.30399999995, 331023.66099999996, 327213.889, 335182.34200000006, 289697.99500000005]
['Geo_n240_ss_07.txt', 317120.936, 315547.53400000004, 314397.198, 322863.297, 277157.47000000003]
['Geo_n240_ss_08.txt', 122315.632, 116073.662, 115669.72899999999, 120834.83499999999, 62145.961]
['Geo_n240_ss_09.txt', 378893.21700000006, 380510.04400000005, 378680.336, 387970.74100000004, 345946.941]
['Geo_n240_ss_10.txt', 331146.612, 329940.036, 329740.189, 336151.051, 291763.72699999996]
['Geo_n480_ds_01.txt', 541695.8280000001, 550045.8330000002, 551585.2989999999, 558031.531, 398052.29999999993]
['Geo_n480_ds_02.txt', 1035235.8720000002, 1058735.8110000002, 1060252.0, 1055678.3949999998, 927292.58]
['Geo_n480_ds_03.txt', 629576.149, 634130.7120000002, 631730.636, 638493.068, 476270.54500000004]
['Geo_n480_ds_04.txt', 781578.724, 799108.004, 798551.0179999999, 797393.187, 664167.3709999999]
['Geo_n480_ds_05.txt', 937450.947, 959693.9410000001, 957407.11, 957605.7399999999, 824059.231]
['Geo_n480_ds_06.txt', 974287.7490000001, 984952.9689999998, 983309.2669999996, 980461.5669999999, 842836.347]
['Geo_n480_ds_07.txt', 820900.5979999999, 839430.2960000001, 837975.335, 843393.27, 687380.448]
['Geo_n480_ds_08.txt', 553402.66, 553832.1410000001, 554461.142, 565953.9630000001, 390453.10900000005]
['Geo_n480_ds_09.txt', 629536.309, 634770.827, 637251.759, 640890.1529999999, 486626.28799999994]
['Geo_n480_ds_10.txt', 886141.7740000001, 896637.878, 894979.3179999999, 908048.217, 765207.569]
['Geo_n480_ss_01.txt', 536188.766, 526826.833, 532865.8979999999, 544265.7779999999, 387924.11999999994]
['Geo_n480_ss_02.txt', 1024032.8750000001, 1024849.4370000002, 1022889.5970000002, 1041210.086, 919676.8339999999]
['Geo_n480_ss_03.txt', 616648.923, 613193.663, 612610.8599999999, 625747.773, 478646.63600000006]
['Geo_n480_ss_04.txt', 772048.2289999999, 769381.2479999999, 764524.0739999999, 780568.7629999998, 662143.476]
['Geo_n480_ss_05.txt', 924935.5979999999, 924088.1849999998, 919782.389, 938772.5760000001, 818632.3979999999]
['Geo_n480_ss_06.txt', 946761.3649999999, 943257.0140000002, 941097.6539999999, 960482.4990000001, 838702.2119999999]
['Geo_n480_ss_07.txt', 810358.9970000001, 807438.4580000002, 804095.0510000001, 821369.9390000001, 682068.212]
['Geo_n480_ss_08.txt', 542679.092, 534915.638, 530938.045, 546416.787, 387007.82899999997]
['Geo_n480_ss_09.txt', 620481.1329999998, 614579.7750000001, 617373.7289999999, 627919.065, 484195.415]
['Geo_n480_ss_10.txt', 861305.5609999999, 862551.3859999999, 859831.541, 877142.904, 758667.84]
['Geo_n960_ds_01.txt', 3247222.6169999996, 3271620.866, 3270444.6750000007, 3293700.297, 2846005.501]
['Geo_n960_ds_02.txt', 1642426.7340000002, 1656731.84, 1647101.1220000002, 1644891.4160000004, 1089723.103]
['Geo_n960_ds_03.txt', 3228892.3730000006, 3277602.8280000007, 3271662.581, 3276565.002000001, 2831125.7079999996]
['Geo_n960_ds_04.txt', 3503305.3599999994, 3514537.8440000005, 3515590.2159999995, 3551604.7890000003, 3102889.5690000006]
['Geo_n960_ds_05.txt', 2256881.9409999996, 2277487.6130000004, 2274351.3809999996, 2268042.9169999994, 1759520.3380000005]
['Geo_n960_ds_06.txt', 3047192.496, 3076596.2339999997, 3075088.034, 3083314.865, 2646646.658]
['Geo_n960_ds_07.txt', 1256001.8480000002, 1221727.3490000002, 1231205.0700000003, 1235016.027, 728987.5750000001]
['Geo_n960_ds_08.txt', 1662322.698, 1648595.5369999998, 1652291.5630000003, 1650759.3850000002, 1087093.5529999998]
['Geo_n960_ds_09.txt', 1835044.6879999996, 1831026.7230000005, 1833883.7020000003, 1827285.592, 1263386.8100000003]
['Geo_n960_ds_10.txt', 2518008.2180000003, 2541901.051, 2542419.687999999, 2542346.5130000003, 2067470.4130000004]
['Geo_n960_ss_01.txt', 3214031.8450000007, 3199518.8049999997, 3196471.5799999996, 3239669.372, 2833474.898]
['Geo_n960_ss_02.txt', 1630045.5729999999, 1611800.383, 1603442.8699999994, 1626931.9149999998, 1093578.6630000002]
['Geo_n960_ss_03.txt', 3209336.397, 3196350.477, 3195898.8030000003, 3235222.7540000007, 2833191.737]
['Geo_n960_ss_04.txt', 3459993.574, 3463372.695, 3461832.949, 3498966.0450000004, 3092403.192]
['Geo_n960_ss_05.txt', 2230674.829, 2214366.2839999995, 2211907.083, 2244113.2989999996, 1758794.4189999998]
['Geo_n960_ss_06.txt', 3028105.431000001, 3014057.622, 3009037.0589999994, 3053023.2689999994, 2636654.7539999997]
['Geo_n960_ss_07.txt', 1232324.2700000005, 1181804.2040000001, 1187050.1149999998, 1209293.156, 735505.8430000001]
['Geo_n960_ss_08.txt', 1642821.8360000001, 1616103.667, 1622529.048, 1645587.832, 1056135.263]
['Geo_n960_ss_09.txt', 1806523.2230000002, 1786538.9869999997, 1788790.64, 1812469.8300000003, 1248400.7010000001]
['Geo_n960_ss_10.txt', 2489476.3879999993, 2475125.7550000004, 2474975.3959999997, 2509595.794, 2052865.658]
['RanInt_n010_ds_01.txt', 923.0, 1094.0, 1056.0, 1099.0, 881.0]
['RanInt_n010_ds_02.txt', 1134.0, 1183.0, 1084.0, 1198.0, 1025.0]
['RanInt_n010_ds_03.txt', 1123.0, 1102.0, 1094.0, 1194.0, 1014.0]
['RanInt_n010_ds_04.txt', 900.0, 1172.0, 1058.0, 1063.0, 729.0]
['RanInt_n010_ds_05.txt', 902.0, 1218.0, 1054.0, 1189.0, 719.0]
['RanInt_n010_ds_06.txt', 800.0, 924.0, 975.0, 1110.0, 899.0]
['RanInt_n010_ds_07.txt', 1015.0, 1005.0, 987.0, 1075.0, 736.0]
['RanInt_n010_ds_08.txt', 935.0, 911.0, 959.0, 1180.0, 726.0]
['RanInt_n010_ds_09.txt', 998.0, 1188.0, 1009.0, 1164.0, 979.0]
['RanInt_n010_ds_10.txt', 908.0, 1155.0, 1268.0, 948.0, 728.0]
['RanInt_n010_ss_01.txt', 1091.0, 1149.0, 1015.0, 1026.0, 881.0]
['RanInt_n010_ss_02.txt', 1101.0, 1183.0, 1084.0, 1198.0, 1025.0]
['RanInt_n010_ss_03.txt', 1079.0, 1102.0, 1094.0, 1194.0, 1014.0]
['RanInt_n010_ss_04.txt', 1033.0, 1143.0, 973.0, 1063.0, 795.0]
['RanInt_n010_ss_05.txt', 1069.0, 1074.0, 857.0, 1189.0, 719.0]
['RanInt_n010_ss_06.txt', 886.0, 924.0, 975.0, 1110.0, 899.0]
['RanInt_n010_ss_07.txt', 833.0, 1005.0, 987.0, 1068.0, 736.0]
['RanInt_n010_ss_08.txt', 995.0, 911.0, 959.0, 1180.0, 726.0]
['RanInt_n010_ss_09.txt', 1249.0, 1188.0, 1009.0, 1164.0, 979.0]
['RanInt_n010_ss_10.txt', 785.0, 984.0, 935.0, 948.0, 728.0]
['RanInt_n012_ds_01.txt', 824.0, 788.0, 559.0, 969.0, 545.0]
['RanInt_n012_ds_02.txt', 593.0, 827.0, 569.0, 855.0, 349.0]
['RanInt_n012_ds_03.txt', 538.0, 692.0, 814.0, 778.0, 446.0]
['RanInt_n012_ds_04.txt', 948.0, 703.0, 656.0, 951.0, 394.0]
['RanInt_n012_ds_05.txt', 938.0, 1068.0, 817.0, 975.0, 360.0]
['RanInt_n012_ds_06.txt', 858.0, 789.0, 743.0, 615.0, 237.0]
['RanInt_n012_ds_07.txt', 590.0, 1160.0, 857.0, 875.0, 359.0]
['RanInt_n012_ds_08.txt', 561.0, 888.0, 621.0, 970.0, 401.0]
['RanInt_n012_ds_09.txt', 770.0, 586.0, 695.0, 1043.0, 503.0]
['RanInt_n012_ds_10.txt', 627.0, 574.0, 667.0, 956.0, 190.0]
['RanInt_n012_ss_01.txt', 782.0, 699.0, 633.0, 892.0, 544.0]
['RanInt_n012_ss_02.txt', 707.0, 790.0, 560.0, 855.0, 344.0]
['RanInt_n012_ss_03.txt', 703.0, 692.0, 814.0, 778.0, 446.0]
['RanInt_n012_ss_04.txt', 608.0, 745.0, 626.0, 802.0, 393.0]
['RanInt_n012_ss_05.txt', 498.0, 717.0, 474.0, 946.0, 360.0]
['RanInt_n012_ss_06.txt', 661.0, 652.0, 661.0, 672.0, 237.0]
['RanInt_n012_ss_07.txt', 457.0, 706.0, 530.0, 875.0, 319.0]
['RanInt_n012_ss_08.txt', 541.0, 681.0, 518.0, 854.0, 372.0]
['RanInt_n012_ss_09.txt', 467.0, 795.0, 500.0, 890.0, 487.0]
['RanInt_n012_ss_10.txt', 385.0, 631.0, 656.0, 888.0, 185.0]
['RanInt_n030_ds_01.txt', 4168.0, 4522.0, 4019.0, 4706.0, 2729.0]
['RanInt_n030_ds_02.txt', 4287.0, 4166.0, 4137.0, 5490.0, 2362.0]
['RanInt_n030_ds_03.txt', 3603.0, 3669.0, 4058.0, 5212.0, 2378.0]
['RanInt_n030_ds_04.txt', 4175.0, 3567.0, 3545.0, 4981.0, 2282.0]
['RanInt_n030_ds_05.txt', 4179.0, 4723.0, 4564.0, 5480.0, 2760.0]
['RanInt_n030_ds_06.txt', 4064.0, 4134.0, 3730.0, 4843.0, 2091.0]
['RanInt_n030_ds_07.txt', 4269.0, 4098.0, 4130.0, 4922.0, 2613.0]
['RanInt_n030_ds_08.txt', 4316.0, 4021.0, 3570.0, 4671.0, 2656.0]
['RanInt_n030_ds_09.txt', 4828.0, 4041.0, 3801.0, 5136.0, 2762.0]
['RanInt_n030_ds_10.txt', 4737.0, 4269.0, 4083.0, 5046.0, 2220.0]
['RanInt_n030_ss_01.txt', 4548.0, 3864.0, 3752.0, 4697.0, 2715.0]
['RanInt_n030_ss_02.txt', 4016.0, 4077.0, 3587.0, 5420.0, 2481.0]
['RanInt_n030_ss_03.txt', 3807.0, 3825.0, 4053.0, 4880.0, 2614.0]
['RanInt_n030_ss_04.txt', 3202.0, 3364.0, 3233.0, 4813.0, 2328.0]
['RanInt_n030_ss_05.txt', 3748.0, 4328.0, 4140.0, 4851.0, 2672.0]
['RanInt_n030_ss_06.txt', 3401.0, 4325.0, 3556.0, 4524.0, 2296.0]
['RanInt_n030_ss_07.txt', 3573.0, 3783.0, 3471.0, 4752.0, 2496.0]
['RanInt_n030_ss_08.txt', 3745.0, 3940.0, 3617.0, 4533.0, 2380.0]
['RanInt_n030_ss_09.txt', 3941.0, 3960.0, 3902.0, 5112.0, 2595.0]
['RanInt_n030_ss_10.txt', 3856.0, 3368.0, 3849.0, 4947.0, 2376.0]
['RanInt_n060_ds_01.txt', 15100.0, 14748.0, 13694.0, 17786.0, 9745.0]
['RanInt_n060_ds_02.txt', 13198.0, 14430.0, 13904.0, 17736.0, 9365.0]
['RanInt_n060_ds_03.txt', 14276.0, 15763.0, 14010.0, 17395.0, 9228.0]
['RanInt_n060_ds_04.txt', 14397.0, 14468.0, 13682.0, 18385.0, 9046.0]
['RanInt_n060_ds_05.txt', 14238.0, 14316.0, 14651.0, 17421.0, 9637.0]
['RanInt_n060_ds_06.txt', 14361.0, 14456.0, 14369.0, 17003.0, 9603.0]
['RanInt_n060_ds_07.txt', 14968.0, 14189.0, 13805.0, 17223.0, 9892.0]
['RanInt_n060_ds_08.txt', 13976.0, 13880.0, 13586.0, 17778.0, 9537.0]
['RanInt_n060_ds_09.txt', 14475.0, 14337.0, 14300.0, 17873.0, 9467.0]
['RanInt_n060_ds_10.txt', 13684.0, 15254.0, 14226.0, 17664.0, 9475.0]
['RanInt_n060_ss_01.txt', 14206.0, 13988.0, 13489.0, 17547.0, 9818.0]
['RanInt_n060_ss_02.txt', 13706.0, 13274.0, 12860.0, 17446.0, 9353.0]
['RanInt_n060_ss_03.txt', 13039.0, 14439.0, 12609.0, 17161.0, 9233.0]
['RanInt_n060_ss_04.txt', 12792.0, 13646.0, 13250.0, 17458.0, 9268.0]
['RanInt_n060_ss_05.txt', 13283.0, 14295.0, 14056.0, 17185.0, 9730.0]
['RanInt_n060_ss_06.txt', 13049.0, 13327.0, 12949.0, 16771.0, 9589.0]
['RanInt_n060_ss_07.txt', 13652.0, 14980.0, 13526.0, 16993.0, 9801.0]
['RanInt_n060_ss_08.txt', 14298.0, 13774.0, 13707.0, 17027.0, 9515.0]
['RanInt_n060_ss_09.txt', 13043.0, 13879.0, 13590.0, 17386.0, 9686.0]
['RanInt_n060_ss_10.txt', 13253.0, 14087.0, 13382.0, 16876.0, 9406.0]
['RanInt_n120_ds_01.txt', 34806.0, 36839.0, 34998.0, 44497.0, 22327.0]
['RanInt_n120_ds_02.txt', 33413.0, 36467.0, 34223.0, 44986.0, 23434.0]
['RanInt_n120_ds_03.txt', 35332.0, 35970.0, 35019.0, 44839.0, 22735.0]
['RanInt_n120_ds_04.txt', 35278.0, 36073.0, 33536.0, 44843.0, 23021.0]
['RanInt_n120_ds_05.txt', 34956.0, 36444.0, 34982.0, 44137.0, 22100.0]
['RanInt_n120_ds_06.txt', 34468.0, 36156.0, 33672.0, 44411.0, 21501.0]
['RanInt_n120_ds_07.txt', 34646.0, 35715.0, 34995.0, 43803.0, 22393.0]
['RanInt_n120_ds_08.txt', 33657.0, 35218.0, 33114.0, 44266.0, 22387.0]
['RanInt_n120_ds_09.txt', 34661.0, 35807.0, 35577.0, 44601.0, 22091.0]
['RanInt_n120_ds_10.txt', 34892.0, 37227.0, 34947.0, 43993.0, 23188.0]
['RanInt_n120_ss_01.txt', 33428.0, 34846.0, 32338.0, 43427.0, 22411.0]
['RanInt_n120_ss_02.txt', 32842.0, 35824.0, 32851.0, 43324.0, 22943.0]
['RanInt_n120_ss_03.txt', 32947.0, 34942.0, 33192.0, 43287.0, 23304.0]
['RanInt_n120_ss_04.txt', 32947.0, 35510.0, 34665.0, 44187.0, 22592.0]
['RanInt_n120_ss_05.txt', 32341.0, 34142.0, 32629.0, 43157.0, 21850.0]
['RanInt_n120_ss_06.txt', 32568.0, 33919.0, 32094.0, 43470.0, 21699.0]
['RanInt_n120_ss_07.txt', 32326.0, 34423.0, 34122.0, 42349.0, 22318.0]
['RanInt_n120_ss_08.txt', 32562.0, 35031.0, 32849.0, 43495.0, 22615.0]
['RanInt_n120_ss_09.txt', 33921.0, 35260.0, 33416.0, 43766.0, 22165.0]
['RanInt_n120_ss_10.txt', 33542.0, 35598.0, 33394.0, 43059.0, 22944.0]
['RanInt_n240_ds_01.txt', 114612.0, 119809.0, 116461.0, 144866.0, 83195.0]
['RanInt_n240_ds_02.txt', 116247.0, 121463.0, 117416.0, 145737.0, 83567.0]
['RanInt_n240_ds_03.txt', 115254.0, 119610.0, 116517.0, 145897.0, 83089.0]
['RanInt_n240_ds_04.txt', 117847.0, 123106.0, 120271.0, 147225.0, 84331.0]
['RanInt_n240_ds_05.txt', 116803.0, 121782.0, 117442.0, 145780.0, 84394.0]
['RanInt_n240_ds_06.txt', 116768.0, 120416.0, 116910.0, 148327.0, 83358.0]
['RanInt_n240_ds_07.txt', 113638.0, 121261.0, 116443.0, 145623.0, 83626.0]
['RanInt_n240_ds_08.txt', 117611.0, 119957.0, 116946.0, 145388.0, 82480.0]
['RanInt_n240_ds_09.txt', 117175.0, 119651.0, 117605.0, 148682.0, 82680.0]
['RanInt_n240_ds_10.txt', 115358.0, 120870.0, 114691.0, 145307.0, 84907.0]
['RanInt_n240_ss_01.txt', 112305.0, 116018.0, 113809.0, 143705.0, 83278.0]
['RanInt_n240_ss_02.txt', 112958.0, 117409.0, 113086.0, 144451.0, 84080.0]
['RanInt_n240_ss_03.txt', 116714.0, 121037.0, 114056.0, 143967.0, 82989.0]
['RanInt_n240_ss_04.txt', 113246.0, 120683.0, 116133.0, 144912.0, 84584.0]
['RanInt_n240_ss_05.txt', 115552.0, 119018.0, 114586.0, 144471.0, 83639.0]
['RanInt_n240_ss_06.txt', 117203.0, 117339.0, 112659.0, 144717.0, 83826.0]
['RanInt_n240_ss_07.txt', 112929.0, 119970.0, 115714.0, 144063.0, 83228.0]
['RanInt_n240_ss_08.txt', 113354.0, 118320.0, 115622.0, 144870.0, 82867.0]
['RanInt_n240_ss_09.txt', 113230.0, 118236.0, 113505.0, 145041.0, 83002.0]
['RanInt_n240_ss_10.txt', 114901.0, 117840.0, 112601.0, 143814.0, 85140.0]
['RanInt_n480_ds_01.txt', 279960.0, 293069.0, 285369.0, 358936.0, 197748.0]
['RanInt_n480_ds_02.txt', 284549.0, 288947.0, 288270.0, 356365.0, 197969.0]
['RanInt_n480_ds_03.txt', 279574.0, 289674.0, 283057.0, 357323.0, 196049.0]
['RanInt_n480_ds_04.txt', 281404.0, 291354.0, 286048.0, 360031.0, 197955.0]
['RanInt_n480_ds_05.txt', 282557.0, 294457.0, 287444.0, 355666.0, 195565.0]
['RanInt_n480_ds_06.txt', 285008.0, 293989.0, 288361.0, 358200.0, 201968.0]
['RanInt_n480_ds_07.txt', 283080.0, 289896.0, 283806.0, 359251.0, 195930.0]
['RanInt_n480_ds_08.txt', 282001.0, 294350.0, 286034.0, 357974.0, 198603.0]
['RanInt_n480_ds_09.txt', 283519.0, 289388.0, 283028.0, 356089.0, 197458.0]
['RanInt_n480_ds_10.txt', 288142.0, 296375.0, 288631.0, 359728.0, 200335.0]
['RanInt_n480_ss_01.txt', 272941.0, 289259.0, 276535.0, 355456.0, 198501.0]
['RanInt_n480_ss_02.txt', 277552.0, 283906.0, 279332.0, 353056.0, 198959.0]
['RanInt_n480_ss_03.txt', 274953.0, 281791.0, 276233.0, 351710.0, 197433.0]
['RanInt_n480_ss_04.txt', 276247.0, 288490.0, 274295.0, 356318.0, 198617.0]
['RanInt_n480_ss_05.txt', 276596.0, 284430.0, 277490.0, 353273.0, 196677.0]
['RanInt_n480_ss_06.txt', 276757.0, 286861.0, 276611.0, 354632.0, 201059.0]
['RanInt_n480_ss_07.txt', 275325.0, 283463.0, 277238.0, 356437.0, 197928.0]
['RanInt_n480_ss_08.txt', 273793.0, 284578.0, 275540.0, 353866.0, 198689.0]
['RanInt_n480_ss_09.txt', 278797.0, 286840.0, 277920.0, 353914.0, 197911.0]
['RanInt_n480_ss_10.txt', 276210.0, 286228.0, 277666.0, 356754.0, 199210.0]
['RanInt_n960_ds_01.txt', 934917.0, 970533.0, 950368.0, 1162236.0, 720148.0]
['RanInt_n960_ds_02.txt', 938836.0, 967574.0, 953374.0, 1157104.0, 718203.0]
['RanInt_n960_ds_03.txt', 946862.0, 975735.0, 953982.0, 1157245.0, 720118.0]
['RanInt_n960_ds_04.txt', 948944.0, 972057.0, 955643.0, 1161711.0, 717094.0]
['RanInt_n960_ds_05.txt', 947830.0, 971611.0, 952657.0, 1157061.0, 721772.0]
['RanInt_n960_ds_06.txt', 941553.0, 970139.0, 952931.0, 1155504.0, 722996.0]
['RanInt_n960_ds_07.txt', 946706.0, 965581.0, 953868.0, 1160248.0, 720190.0]
['RanInt_n960_ds_08.txt', 948495.0, 963607.0, 951975.0, 1157542.0, 721349.0]
['RanInt_n960_ds_09.txt', 939098.0, 971102.0, 942378.0, 1157314.0, 718741.0]
['RanInt_n960_ds_10.txt', 945720.0, 969962.0, 951873.0, 1158682.0, 719179.0]
['RanInt_n960_ss_01.txt', 934267.0, 962629.0, 931460.0, 1155940.0, 720610.0]
['RanInt_n960_ss_02.txt', 939590.0, 956609.0, 937836.0, 1149944.0, 717393.0]
['RanInt_n960_ss_03.txt', 925039.0, 957440.0, 938495.0, 1151711.0, 721537.0]
['RanInt_n960_ss_04.txt', 945515.0, 958728.0, 937876.0, 1154954.0, 718542.0]
['RanInt_n960_ss_05.txt', 934453.0, 958247.0, 930778.0, 1153296.0, 720503.0]
['RanInt_n960_ss_06.txt', 935919.0, 952897.0, 939416.0, 1151368.0, 723332.0]
['RanInt_n960_ss_07.txt', 940637.0, 960472.0, 933748.0, 1154931.0, 721924.0]
['RanInt_n960_ss_08.txt', 933219.0, 954229.0, 940891.0, 1153216.0, 719320.0]
['RanInt_n960_ss_09.txt', 935496.0, 950741.0, 927168.0, 1150993.0, 718499.0]
['RanInt_n960_ss_10.txt', 942757.0, 955072.0, 934795.0, 1155060.0, 720282.0]
['RanReal_n010_ds_01.txt', 1102.5629999999999, 1335.641, 1152.027, 1255.813, 975.731]
['RanReal_n010_ds_02.txt', 1151.719, 1202.093, 773.3810000000001, 1202.093, 829.4459999999999]
['RanReal_n010_ds_03.txt', 1182.262, 1127.701, 945.289, 1176.024, 901.5049999999999]
['RanReal_n010_ds_04.txt', 1011.414, 1171.5040000000001, 1228.6770000000001, 1263.772, 769.895]
['RanReal_n010_ds_05.txt', 1057.5529999999999, 1233.9899999999998, 1312.6779999999999, 1300.7559999999999, 1062.152]
['RanReal_n010_ds_06.txt', 951.841, 971.685, 936.692, 1049.602, 779.352]
['RanReal_n010_ds_07.txt', 1049.915, 1033.067, 1145.511, 1179.6620000000003, 887.449]
['RanReal_n010_ds_08.txt', 1244.8990000000001, 1189.401, 1208.627, 1033.22, 995.7719999999999]
['RanReal_n010_ds_09.txt', 1276.437, 1274.605, 1194.7779999999998, 1420.132, 944.836]
['RanReal_n010_ds_10.txt', 827.06, 1351.403, 1351.403, 1068.661, 935.642]
['RanReal_n010_ss_01.txt', 1091.011, 1255.813, 1336.0529999999999, 1255.813, 975.731]
['RanReal_n010_ss_02.txt', 794.171, 1202.0929999999998, 773.3810000000001, 1202.093, 829.446]
['RanReal_n010_ss_03.txt', 949.9680000000001, 1127.701, 945.289, 1176.024, 901.5049999999999]
['RanReal_n010_ss_04.txt', 915.181, 1166.495, 940.8969999999999, 1263.772, 769.895]
['RanReal_n010_ss_05.txt', 1090.3000000000002, 1088.074, 1063.069, 1207.7179999999998, 1069.342]
['RanReal_n010_ss_06.txt', 1067.209, 971.685, 936.692, 1049.602, 779.352]
['RanReal_n010_ss_07.txt', 1046.511, 1033.067, 1145.511, 1179.6620000000003, 887.449]
['RanReal_n010_ss_08.txt', 978.825, 1189.401, 1208.627, 1033.22, 995.772]
['RanReal_n010_ss_09.txt', 1100.2330000000002, 1274.605, 1194.7779999999998, 1420.132, 944.836]
['RanReal_n010_ss_10.txt', 1034.801, 1160.059, 1050.006, 1068.661, 836.1429999999999]
['RanReal_n012_ds_01.txt', 888.259, 756.623, 1050.349, 786.0039999999999, 421.52000000000004]
['RanReal_n012_ds_02.txt', 713.1310000000001, 896.232, 743.013, 972.55, 494.7250000000001]
['RanReal_n012_ds_03.txt', 688.547, 715.459, 602.112, 860.996, 452.821]
['RanReal_n012_ds_04.txt', 792.1759999999999, 826.877, 806.0859999999999, 925.885, 498.748]
['RanReal_n012_ds_05.txt', 982.8789999999999, 927.4989999999999, 887.917, 983.818, 397.164]
['RanReal_n012_ds_06.txt', 787.2070000000001, 854.1959999999999, 734.14, 778.5799999999999, 416.0569999999999]
['RanReal_n012_ds_07.txt', 616.881, 969.415, 942.1619999999998, 917.654, 443.244]
['RanReal_n012_ds_08.txt', 790.762, 610.455, 667.3969999999999, 911.3050000000001, 396.03599999999994]
['RanReal_n012_ds_09.txt', 676.633, 873.7, 565.2950000000001, 829.086, 345.25300000000004]
['RanReal_n012_ds_10.txt', 635.519, 789.7629999999999, 835.866, 846.5049999999999, 573.062]
['RanReal_n012_ss_01.txt', 666.342, 718.6, 763.89, 680.7169999999999, 424.312]
['RanReal_n012_ss_02.txt', 621.9499999999999, 756.457, 594.2560000000001, 972.55, 445.647]
['RanReal_n012_ss_03.txt', 667.8140000000001, 715.459, 602.112, 860.996, 452.821]
['RanReal_n012_ss_04.txt', 691.963, 652.8399999999999, 751.0500000000001, 951.03, 459.202]
['RanReal_n012_ss_05.txt', 763.274, 686.3520000000001, 643.616, 894.306, 400.47299999999996]
['RanReal_n012_ss_06.txt', 641.311, 763.231, 620.0350000000001, 874.385, 419.674]
['RanReal_n012_ss_07.txt', 632.7470000000001, 833.409, 624.4499999999999, 856.303, 477.64300000000003]
['RanReal_n012_ss_08.txt', 622.203, 686.05, 493.69899999999996, 691.218, 351.995]
['RanReal_n012_ss_09.txt', 577.977, 711.201, 585.076, 829.086, 443.25899999999996]
['RanReal_n012_ss_10.txt', 560.7180000000001, 822.05, 805.9950000000001, 849.403, 553.263]
['RanReal_n030_ds_01.txt', 4078.402, 3953.0779999999995, 4119.7210000000005, 4920.24, 2759.93]
['RanReal_n030_ds_02.txt', 4648.063, 4548.202, 3941.3070000000007, 4993.704, 2837.326]
['RanReal_n030_ds_03.txt', 3697.3019999999997, 4165.288, 3888.4219999999996, 4836.955999999999, 2342.495]
['RanReal_n030_ds_04.txt', 4867.437, 4413.339000000001, 4326.176, 5431.853, 2606.6400000000003]
['RanReal_n030_ds_05.txt', 4259.521, 4373.5470000000005, 3826.291, 5215.98, 2449.125]
['RanReal_n030_ds_06.txt', 3970.62, 4353.401, 3903.8860000000004, 4876.365000000001, 2859.372]
['RanReal_n030_ds_07.txt', 4133.388, 4092.702, 4179.691999999999, 4979.875, 2406.076]
['RanReal_n030_ds_08.txt', 4635.316000000001, 3955.201, 3656.854, 4785.895, 2868.689]
['RanReal_n030_ds_09.txt', 3764.8959999999997, 3945.383, 3618.79, 4845.225, 2196.517]
['RanReal_n030_ds_10.txt', 4168.857, 4017.8420000000006, 3631.973, 4879.659, 2746.974]
['RanReal_n030_ss_01.txt', 3822.372, 4073.461, 3820.2, 4744.929, 2823.4010000000003]
['RanReal_n030_ss_02.txt', 3844.99, 4185.946, 3675.192, 4741.812, 2806.395]
['RanReal_n030_ss_03.txt', 3837.477, 4096.192999999999, 3577.0980000000004, 4665.425, 2399.611]
['RanReal_n030_ss_04.txt', 3838.955, 4368.263, 4150.408, 4831.322, 2730.617]
['RanReal_n030_ss_05.txt', 3604.803, 4097.878000000001, 3530.0429999999997, 4927.6939999999995, 2914.685]
['RanReal_n030_ss_06.txt', 3810.8149999999996, 3776.842, 3579.8589999999995, 4834.767, 2620.2439999999997]
['RanReal_n030_ss_07.txt', 4113.421, 4274.561, 4049.3399999999997, 4910.585, 2422.545]
['RanReal_n030_ss_08.txt', 4006.0840000000003, 3724.396, 3686.3019999999997, 4984.378, 2921.8929999999996]
['RanReal_n030_ss_09.txt', 3827.438, 4193.9, 3555.222, 4746.4490000000005, 2238.4359999999997]
['RanReal_n030_ss_10.txt', 3949.2219999999998, 4000.674, 3701.547, 4324.697, 2592.8229999999994]
['RanReal_n060_ds_01.txt', 13737.968, 14450.350999999999, 13901.792000000001, 17470.817, 9916.758]
['RanReal_n060_ds_02.txt', 14285.363, 14427.27, 14519.737, 17647.337999999996, 9852.698]
['RanReal_n060_ds_03.txt', 15417.442, 16165.597000000002, 14533.689, 17713.164, 9608.364000000001]
['RanReal_n060_ds_04.txt', 13550.288, 15035.939, 14899.136999999999, 18014.757, 9838.269999999999]
['RanReal_n060_ds_05.txt', 14421.918, 14484.648000000001, 14590.707999999999, 17852.752, 9860.279999999999]
['RanReal_n060_ds_06.txt', 13527.844, 13684.065999999999, 13714.417999999998, 17804.365, 9456.233]
['RanReal_n060_ds_07.txt', 13400.897, 14494.523000000003, 13006.119999999999, 17428.992000000002, 9952.582]
['RanReal_n060_ds_08.txt', 14067.848, 13921.915, 14094.833, 17102.01, 9032.46]
['RanReal_n060_ds_09.txt', 14285.081999999999, 14960.854000000001, 14761.434000000001, 17541.98, 9622.806999999999]
['RanReal_n060_ds_10.txt', 15323.787, 14249.085, 14057.946, 18161.891, 9781.374]
['RanReal_n060_ss_01.txt', 13742.456999999999, 14289.837, 13260.801000000003, 17340.857, 9971.565]
['RanReal_n060_ss_02.txt', 13725.858, 14164.346999999998, 13503.564999999999, 17092.03, 9952.561]
['RanReal_n060_ss_03.txt', 13178.684999999998, 14664.724999999999, 13574.467, 17269.578, 9683.894]
['RanReal_n060_ss_04.txt', 13365.902999999998, 14488.780999999999, 13848.97, 17463.15, 9984.233]
['RanReal_n060_ss_05.txt', 13162.492000000002, 13919.826, 13163.187, 17621.733, 10051.811]
['RanReal_n060_ss_06.txt', 13021.437000000002, 12914.128, 12531.783, 16999.198999999997, 9816.176]
['RanReal_n060_ss_07.txt', 13524.967, 14427.163999999999, 13005.076, 17030.552, 10020.778]
['RanReal_n060_ss_08.txt', 12960.031, 14365.367999999999, 13978.734, 17010.134, 9014.126]
['RanReal_n060_ss_09.txt', 13548.687, 14355.889000000001, 13326.960000000001, 16474.073, 9735.532000000001]
['RanReal_n060_ss_10.txt', 13656.137999999999, 13856.737000000001, 13691.232, 17253.521, 9968.135000000002]
['RanReal_n120_ds_01.txt', 34117.53399999999, 35790.338, 36002.185999999994, 44494.935, 22666.151]
['RanReal_n120_ds_02.txt', 33411.747, 36411.534, 34908.406, 44039.435, 22564.894]
['RanReal_n120_ds_03.txt', 32001.696000000004, 35482.189, 35832.015999999996, 44487.59, 21795.950999999997]
['RanReal_n120_ds_04.txt', 37454.39599999999, 34774.962, 34934.501000000004, 43713.005, 23244.424]
['RanReal_n120_ds_05.txt', 32662.265000000007, 35578.111999999994, 35211.703, 43965.755, 22634.572]
['RanReal_n120_ds_06.txt', 34433.854999999996, 35308.32899999999, 34127.939, 43684.922, 22539.421]
['RanReal_n120_ds_07.txt', 34700.398, 35078.356, 35055.397, 43729.452, 22062.536]
['RanReal_n120_ds_08.txt', 34796.446, 34005.389, 33666.987, 43904.63, 22402.342999999993]
['RanReal_n120_ds_09.txt', 34127.57, 36138.775, 34451.88, 45115.618, 22807.015]
['RanReal_n120_ds_10.txt', 34650.399, 35376.871, 35275.024999999994, 43974.113, 22521.228]
['RanReal_n120_ss_01.txt', 32967.035, 33570.865, 33104.022000000004, 43480.625, 23034.894000000004]
['RanReal_n120_ss_02.txt', 32861.065, 35410.646, 33117.549999999996, 42822.452000000005, 22511.595]
['RanReal_n120_ss_03.txt', 33416.683, 34555.092000000004, 33467.316, 43366.227, 21862.394]
['RanReal_n120_ss_04.txt', 33350.043000000005, 34662.163, 33075.384000000005, 43070.17599999999, 22996.929]
['RanReal_n120_ss_05.txt', 33270.073, 35076.004, 34005.989, 43336.15299999999, 22270.698000000004]
['RanReal_n120_ss_06.txt', 33951.242000000006, 32949.52099999999, 32871.541000000005, 43040.452999999994, 22518.234]
['RanReal_n120_ss_07.txt', 33834.746, 34485.007, 32905.253000000004, 42769.706999999995, 22216.249]
['RanReal_n120_ss_08.txt', 31857.932, 32842.976, 33071.706, 42904.207, 22991.09]
['RanReal_n120_ss_09.txt', 33122.075, 34689.731999999996, 31818.902, 44050.562000000005, 22943.146999999997]
['RanReal_n120_ss_10.txt', 32624.057999999997, 34196.359000000004, 32860.644, 43081.325000000004, 22259.597999999998]
['RanReal_n240_ds_01.txt', 116473.016, 118244.622, 117345.56599999999, 145745.83399999997, 82995.249]
['RanReal_n240_ds_02.txt', 118266.28100000002, 119019.67400000001, 118062.922, 146631.13500000004, 81278.914]
['RanReal_n240_ds_03.txt', 116996.30900000001, 116954.12999999999, 117497.989, 146241.883, 82677.90899999999]
['RanReal_n240_ds_04.txt', 115368.43800000001, 120589.12599999999, 118439.753, 146502.945, 83966.611]
['RanReal_n240_ds_05.txt', 116363.098, 117110.12099999998, 118561.66, 146120.85700000002, 82166.436]
['RanReal_n240_ds_06.txt', 118221.45999999999, 120308.185, 116817.96900000001, 147681.47900000002, 84682.01699999999]
['RanReal_n240_ds_07.txt', 115714.34300000001, 122125.792, 117539.844, 145201.70100000003, 82530.68299999999]
['RanReal_n240_ds_08.txt', 114995.79900000001, 117498.23400000003, 116982.11499999999, 145119.755, 81477.12199999999]
['RanReal_n240_ds_09.txt', 115146.221, 118408.69399999999, 116671.91399999998, 146672.67, 83667.581]
['RanReal_n240_ds_10.txt', 117522.757, 117900.10900000001, 116171.114, 146868.028, 83489.69300000001]
['RanReal_n240_ss_01.txt', 113055.951, 113604.47700000001, 113499.77000000002, 144551.568, 83776.233]
['RanReal_n240_ss_02.txt', 112860.23200000002, 116945.897, 113057.97400000002, 143945.063, 82061.746]
['RanReal_n240_ss_03.txt', 115940.764, 114805.18699999999, 115703.39699999998, 145178.55299999999, 83523.81]
['RanReal_n240_ss_04.txt', 115120.16, 117200.63500000001, 113766.101, 144219.332, 84824.50499999999]
['RanReal_n240_ss_05.txt', 114846.64, 115054.79100000001, 115112.044, 144897.428, 81947.98]
['RanReal_n240_ss_06.txt', 114538.89200000002, 117182.856, 113116.00899999999, 143981.879, 84673.18800000001]
['RanReal_n240_ss_07.txt', 114602.677, 116707.78000000001, 113828.23500000003, 143407.368, 83064.228]
['RanReal_n240_ss_08.txt', 111839.65, 117384.38099999998, 112974.36899999998, 144491.037, 81552.065]
['RanReal_n240_ss_09.txt', 116622.76199999999, 116570.068, 114525.58899999999, 144515.416, 83772.71500000001]
['RanReal_n240_ss_10.txt', 114462.64600000001, 114640.92300000001, 115480.92099999999, 143780.774, 83718.969]
['RanReal_n480_ds_01.txt', 279932.596, 288496.221, 282921.901, 353962.328, 200660.674]
['RanReal_n480_ds_02.txt', 280752.518, 287200.99500000005, 283952.7160000001, 354785.2910000001, 197669.419]
['RanReal_n480_ds_03.txt', 285095.12899999996, 290128.4539999999, 279744.232, 357683.5609999999, 197023.25600000005]
['RanReal_n480_ds_04.txt', 281709.111, 289004.68, 284530.991, 356346.5579999999, 198273.60000000003]
['RanReal_n480_ds_05.txt', 278534.50499999995, 289427.021, 282755.002, 357253.40499999997, 198508.98500000002]
['RanReal_n480_ds_06.txt', 280787.94800000003, 283931.825, 286282.1650000001, 357821.426, 197013.26899999997]
['RanReal_n480_ds_07.txt', 279689.739, 290568.86300000007, 288303.392, 357381.62600000005, 197881.35000000003]
['RanReal_n480_ds_08.txt', 281249.37100000004, 287602.9, 283592.142, 357732.1100000001, 197133.11200000002]
['RanReal_n480_ds_09.txt', 276600.56500000006, 285436.572, 278954.58200000005, 354927.296, 195518.30900000004]
['RanReal_n480_ds_10.txt', 283137.981, 290431.147, 284864.94899999996, 358960.364, 199988.26499999996]
['RanReal_n480_ss_01.txt', 272606.218, 281599.752, 276026.30600000004, 350691.317, 198849.199]
['RanReal_n480_ss_02.txt', 274070.86199999996, 282535.016, 275680.271, 352133.34599999996, 198568.94799999997]
['RanReal_n480_ss_03.txt', 273428.55900000007, 282714.834, 275048.041, 354559.44600000005, 198150.465]
['RanReal_n480_ss_04.txt', 275857.12000000005, 283456.564, 274000.056, 352568.4309999999, 197538.58099999998]
['RanReal_n480_ss_05.txt', 275174.98699999996, 280912.20499999996, 272456.579, 353121.43799999997, 199135.07600000003]
['RanReal_n480_ss_06.txt', 274034.317, 278205.5129999999, 276834.20900000003, 353058.09, 197876.58099999998]
['RanReal_n480_ss_07.txt', 275171.71499999997, 285954.09, 275620.23600000003, 353211.03899999993, 198387.876]
['RanReal_n480_ss_08.txt', 276644.779, 281558.84500000003, 275555.993, 353520.453, 198240.136]
['RanReal_n480_ss_09.txt', 275732.058, 282576.017, 274452.64700000006, 353402.445, 196047.26499999998]
['RanReal_n480_ss_10.txt', 276244.615, 283636.97099999996, 276765.94800000003, 354212.60000000003, 199601.70400000003]
['RanReal_n960_ds_01.txt', 948214.6800000002, 961078.599, 954197.1029999999, 1156687.7499999998, 721357.4219999999]
['RanReal_n960_ds_02.txt', 952795.8800000001, 958829.0540000001, 943803.017, 1161832.1369999999, 722925.1910000001]
['RanReal_n960_ds_03.txt', 954475.1149999998, 957281.682, 956218.914, 1158428.468, 719867.6340000001]
['RanReal_n960_ds_04.txt', 949534.0569999998, 958605.1940000001, 950618.959, 1156555.4420000003, 719730.274]
['RanReal_n960_ds_05.txt', 948384.439, 962994.81, 951126.411, 1157153.2960000003, 722795.4820000001]
['RanReal_n960_ds_06.txt', 947155.0340000001, 955980.1170000001, 950531.8679999999, 1154760.6100000003, 721671.7189999999]
['RanReal_n960_ds_07.txt', 952204.5530000001, 955552.81, 952041.106, 1154762.352, 723787.546]
['RanReal_n960_ds_08.txt', 946569.3160000001, 952460.6600000001, 945867.105, 1154431.7219999998, 719937.743]
['RanReal_n960_ds_09.txt', 948729.6430000002, 957051.0100000001, 947693.3040000001, 1158391.791, 720101.2189999999]
['RanReal_n960_ds_10.txt', 944819.1860000002, 960406.4739999999, 952872.729, 1156611.037, 725094.3150000002]
['RanReal_n960_ss_01.txt', 941867.422, 942340.2910000001, 940149.9240000002, 1151180.687, 721537.6499999999]
['RanReal_n960_ss_02.txt', 935125.4190000001, 948473.4140000002, 928220.9780000002, 1154119.0389999999, 723112.608]
['RanReal_n960_ss_03.txt', 939090.6159999998, 941663.4920000001, 935685.2929999998, 1153795.6950000003, 719338.457]
['RanReal_n960_ss_04.txt', 933517.388, 950547.342, 934459.9400000001, 1153243.2970000003, 720610.0860000001]
['RanReal_n960_ss_05.txt', 935779.6779999998, 952327.1440000001, 942303.5860000004, 1150780.582, 720253.7149999999]
['RanReal_n960_ss_06.txt', 934004.2820000002, 944791.6849999999, 936072.033, 1150429.934, 721501.278]
['RanReal_n960_ss_07.txt', 937138.156, 945258.0520000001, 936501.3780000001, 1149355.7769999998, 724000.4460000001]
['RanReal_n960_ss_08.txt', 931283.0249999999, 943955.1750000003, 935919.4270000001, 1148619.023, 718953.9729999999]
['RanReal_n960_ss_09.txt', 943137.21, 945517.8800000001, 931180.0850000001, 1152361.6130000001, 721122.089]
['RanReal_n960_ss_10.txt', 938240.145, 949390.7540000002, 942163.612, 1154309.3079999997, 723192.5930000001]
