10 2 ss 5 5 5 5 
0 1 150.643
0 2 182.775
0 3 127.291
0 4 144.124
0 5 166.949
0 6 164.264
0 7 209.069
0 8 182.895
0 9 139.912
1 2 179.578
1 3 183.743
1 4 149.354
1 5 132.699
1 6 166.278
1 7 191.362
1 8 170.780
1 9 166.839
2 3 153.865
2 4 169.817
2 5 165.800
2 6 146.910
2 7 164.708
2 8 207.689
2 9 178.358
3 4 153.323
3 5 161.355
3 6 184.622
3 7 203.799
3 8 193.802
3 9 169.223
4 5 179.600
4 6 164.449
4 7 199.654
4 8 158.707
4 9 165.251
5 6 164.243
5 7 169.487
5 8 161.019
5 9 169.996
6 7 187.039
6 8 172.558
6 9 167.588
7 8 162.009
7 9 156.553
8 9 152.122
