120 10 ss 12 12 12 12 12 12 12 12 12 12 12 12 12 12 12 12 12 12 12 12 
0 1 93.504
0 2 37.887
0 3 89.924
0 4 122.110
0 5 118.076
0 6 45.049
0 7 45.733
0 8 67.145
0 9 67.520
0 10 99.595
0 11 110.385
0 12 94.600
0 13 102.493
0 14 68.069
0 15 99.848
0 16 85.026
0 17 49.600
0 18 52.199
0 19 54.738
0 20 45.169
0 21 87.572
0 22 96.706
0 23 60.063
0 24 102.910
0 25 75.386
0 26 44.353
0 27 59.256
0 28 101.011
0 29 99.094
0 30 58.769
0 31 37.570
0 32 106.196
0 33 99.482
0 34 99.567
0 35 93.667
0 36 86.147
0 37 112.236
0 38 56.327
0 39 40.933
0 40 68.070
0 41 119.087
0 42 85.237
0 43 81.791
0 44 75.006
0 45 82.278
0 46 61.445
0 47 69.850
0 48 95.850
0 49 99.305
0 50 35.966
0 51 87.974
0 52 97.949
0 53 45.648
0 54 89.187
0 55 50.097
0 56 96.606
0 57 84.945
0 58 99.345
0 59 111.875
0 60 87.961
0 61 103.778
0 62 89.186
0 63 109.957
0 64 66.300
0 65 90.131
0 66 62.993
0 67 90.042
0 68 82.292
0 69 105.192
0 70 56.372
0 71 66.487
0 72 82.976
0 73 47.106
0 74 62.381
0 75 85.776
0 76 49.444
0 77 111.507
0 78 67.443
0 79 68.311
0 80 96.352
0 81 97.595
0 82 71.876
0 83 72.200
0 84 29.487
0 85 96.971
0 86 106.829
0 87 134.498
0 88 100.462
0 89 99.361
0 90 108.802
0 91 86.553
0 92 60.696
0 93 114.067
0 94 53.574
0 95 92.762
0 96 78.883
0 97 73.288
0 98 98.501
0 99 106.000
0 100 56.426
0 101 79.169
0 102 106.247
0 103 106.904
0 104 93.133
0 105 58.320
0 106 77.566
0 107 30.448
0 108 100.732
0 109 88.649
0 110 95.500
0 111 77.589
0 112 110.764
0 113 82.088
0 114 49.262
0 115 107.714
0 116 71.135
0 117 104.253
0 118 74.315
0 119 109.396
1 2 102.402
1 3 61.838
1 4 131.075
1 5 72.585
1 6 72.513
1 7 78.581
1 8 114.261
1 9 96.930
1 10 62.209
1 11 94.462
1 12 98.757
1 13 110.828
1 14 131.706
1 15 62.672
1 16 113.943
1 17 77.044
1 18 81.274
1 19 80.282
1 20 112.506
1 21 101.116
1 22 93.291
1 23 72.601
1 24 80.038
1 25 134.356
1 26 94.752
1 27 93.472
1 28 96.225
1 29 142.735
1 30 91.625
1 31 116.002
1 32 101.339
1 33 61.783
1 34 86.397
1 35 114.640
1 36 23.502
1 37 104.041
1 38 85.381
1 39 82.526
1 40 113.729
1 41 107.244
1 42 87.825
1 43 83.409
1 44 97.188
1 45 85.904
1 46 93.364
1 47 99.583
1 48 78.418
1 49 50.195
1 50 100.472
1 51 113.396
1 52 57.176
1 53 106.964
1 54 82.535
1 55 93.528
1 56 91.973
1 57 103.081
1 58 97.956
1 59 105.402
1 60 109.147
1 61 94.320
1 62 66.727
1 63 78.321
1 64 107.148
1 65 81.058
1 66 81.685
1 67 129.990
1 68 89.359
1 69 119.588
1 70 66.390
1 71 94.284
1 72 95.813
1 73 116.576
1 74 62.835
1 75 106.152
1 76 89.218
1 77 60.056
1 78 114.315
1 79 63.566
1 80 33.768
1 81 115.011
1 82 78.004
1 83 112.604
1 84 108.734
1 85 119.598
1 86 106.190
1 87 101.081
1 88 93.730
1 89 156.821
1 90 92.029
1 91 80.742
1 92 109.586
1 93 115.348
1 94 82.320
1 95 81.249
1 96 102.576
1 97 116.978
1 98 119.550
1 99 96.854
1 100 66.473
1 101 122.595
1 102 86.771
1 103 103.961
1 104 113.943
1 105 102.534
1 106 58.150
1 107 113.396
1 108 108.974
1 109 123.312
1 110 133.990
1 111 122.554
1 112 137.690
1 113 59.039
1 114 66.266
1 115 132.658
1 116 90.481
1 117 94.062
1 118 124.079
1 119 93.867
2 3 79.364
2 4 104.683
2 5 115.446
2 6 61.653
2 7 43.483
2 8 54.018
2 9 82.793
2 10 86.075
2 11 95.645
2 12 78.524
2 13 84.869
2 14 58.711
2 15 89.211
2 16 62.832
2 17 67.001
2 18 63.419
2 19 71.684
2 20 30.410
2 21 87.534
2 22 93.198
2 23 51.323
2 24 88.949
2 25 66.638
2 26 59.070
2 27 35.267
2 28 105.302
2 29 77.228
2 30 63.860
2 31 57.576
2 32 81.142
2 33 90.233
2 34 80.905
2 35 91.608
2 36 91.703
2 37 84.417
2 38 51.352
2 39 66.096
2 40 58.425
2 41 105.417
2 42 83.800
2 43 68.240
2 44 50.580
2 45 60.843
2 46 86.166
2 47 75.701
2 48 86.082
2 49 96.875
2 50 50.381
2 51 96.913
2 52 89.437
2 53 60.740
2 54 81.208
2 55 40.545
2 56 103.914
2 57 73.587
2 58 92.554
2 59 104.045
2 60 63.249
2 61 93.326
2 62 75.835
2 63 104.425
2 64 49.228
2 65 71.992
2 66 47.220
2 67 96.091
2 68 75.206
2 69 94.611
2 70 78.179
2 71 60.258
2 72 91.552
2 73 49.471
2 74 71.018
2 75 91.027
2 76 70.042
2 77 99.717
2 78 41.226
2 79 68.649
2 80 102.916
2 81 89.712
2 82 57.284
2 83 63.109
2 84 23.841
2 85 75.348
2 86 96.846
2 87 122.501
2 88 83.792
2 89 69.184
2 90 101.314
2 91 71.863
2 92 73.819
2 93 88.990
2 94 67.855
2 95 79.367
2 96 72.827
2 97 68.407
2 98 70.426
2 99 103.213
2 100 55.566
2 101 81.496
2 102 90.624
2 103 92.924
2 104 77.993
2 105 52.088
2 106 77.249
2 107 55.319
2 108 112.468
2 109 95.779
2 110 98.930
2 111 87.285
2 112 83.585
2 113 98.845
2 114 48.049
2 115 84.389
2 116 62.904
2 117 83.883
2 118 60.906
2 119 108.807
3 4 78.913
3 5 43.614
3 6 69.179
3 7 59.542
3 8 74.548
3 9 84.449
3 10 31.724
3 11 72.323
3 12 65.752
3 13 65.550
3 14 97.028
3 15 29.671
3 16 97.128
3 17 74.348
3 18 71.469
3 19 79.766
3 20 94.063
3 21 78.102
3 22 83.125
3 23 65.194
3 24 46.152
3 25 128.374
3 26 81.330
3 27 77.715
3 28 81.350
3 29 93.999
3 30 76.068
3 31 103.917
3 32 70.493
3 33 21.327
3 34 52.504
3 35 82.339
3 36 44.019
3 37 71.765
3 38 84.674
3 39 98.044
3 40 90.436
3 41 56.721
3 42 64.373
3 43 44.940
3 44 66.967
3 45 55.668
3 46 96.650
3 47 73.900
3 48 66.980
3 49 37.314
3 50 92.424
3 51 91.951
3 52 34.065
3 53 91.873
3 54 50.720
3 55 69.505
3 56 70.377
3 57 67.651
3 58 89.358
3 59 57.032
3 60 61.184
3 61 42.800
3 62 60.800
3 63 39.946
3 64 83.858
3 65 33.911
3 66 57.210
3 67 112.706
3 68 62.475
3 69 107.472
3 70 75.378
3 71 63.831
3 72 80.471
3 73 95.263
3 74 82.703
3 75 81.648
3 76 84.646
3 77 41.700
3 78 89.237
3 79 64.915
3 80 45.473
3 81 75.422
3 82 49.559
3 83 70.548
3 84 93.845
3 85 75.511
3 86 60.553
3 87 84.799
3 88 56.382
3 89 109.580
3 90 47.846
3 91 55.606
3 92 97.456
3 93 61.597
3 94 83.420
3 95 49.926
3 96 84.344
3 97 84.514
3 98 77.419
3 99 85.470
3 100 38.074
3 101 97.099
3 102 40.478
3 103 61.157
3 104 67.904
3 105 65.356
3 106 42.087
3 107 106.416
3 108 94.738
3 109 101.189
3 110 111.914
3 111 104.124
3 112 81.001
3 113 66.068
3 114 56.441
3 115 76.984
3 116 53.299
3 117 43.906
3 118 86.358
3 119 64.670
4 5 95.878
4 6 117.018
4 7 83.510
4 8 83.921
4 9 121.776
4 10 88.154
4 11 109.093
4 12 115.906
4 13 102.872
4 14 108.311
4 15 97.008
4 16 129.040
4 17 104.737
4 18 104.527
4 19 121.528
4 20 127.515
4 21 79.838
4 22 87.528
4 23 119.378
4 24 105.147
4 25 147.207
4 26 114.381
4 27 111.989
4 28 80.744
4 29 50.311
4 30 90.828
4 31 115.579
4 32 114.283
4 33 88.734
4 34 114.686
4 35 64.410
4 36 109.009
4 37 109.535
4 38 115.679
4 39 138.076
4 40 112.871
4 41 56.843
4 42 109.775
4 43 55.714
4 44 110.148
4 45 112.835
4 46 113.964
4 47 84.570
4 48 126.904
4 49 89.282
4 50 131.339
4 51 82.388
4 52 86.249
4 53 114.420
4 54 110.969
4 55 102.058
4 56 108.748
4 57 71.115
4 58 94.213
4 59 46.964
4 60 87.200
4 61 70.615
4 62 128.675
4 63 85.678
4 64 109.876
4 65 67.422
4 66 110.977
4 67 93.158
4 68 117.491
4 69 137.401
4 70 110.744
4 71 64.920
4 72 122.235
4 73 93.021
4 74 133.448
4 75 66.920
4 76 102.512
4 77 97.157
4 78 119.565
4 79 129.840
4 80 111.083
4 81 101.543
4 82 106.572
4 83 65.365
4 84 120.166
4 85 83.536
4 86 90.178
4 87 94.644
4 88 83.366
4 89 86.190
4 90 49.853
4 91 106.790
4 92 94.275
4 93 83.264
4 94 102.279
4 95 64.744
4 96 124.403
4 97 83.743
4 98 69.502
4 99 90.649
4 100 82.030
4 101 123.784
4 102 53.390
4 103 107.527
4 104 47.005
4 105 72.829
4 106 79.235
4 107 127.005
4 108 96.558
4 109 104.345
4 110 129.518
4 111 128.788
4 112 43.183
4 113 116.156
4 114 111.362
4 115 62.380
4 116 86.150
4 117 94.585
4 118 63.461
4 119 78.243
5 6 88.617
5 7 93.331
5 8 94.698
5 9 89.739
5 10 67.957
5 11 105.624
5 12 90.916
5 13 76.048
5 14 118.011
5 15 46.208
5 16 138.629
5 17 97.198
5 18 96.067
5 19 100.024
5 20 124.845
5 21 89.356
5 22 113.726
5 23 101.856
5 24 71.685
5 25 168.597
5 26 101.050
5 27 117.870
5 28 97.607
5 29 121.390
5 30 104.842
5 31 125.205
5 32 107.896
5 33 46.907
5 34 77.570
5 35 91.768
5 36 57.050
5 37 110.844
5 38 123.007
5 39 121.012
5 40 123.418
5 41 71.027
5 42 80.990
5 43 79.517
5 44 98.088
5 45 87.938
5 46 108.759
5 47 82.245
5 48 96.197
5 49 50.025
5 50 116.828
5 51 104.003
5 52 58.347
5 53 112.840
5 54 62.384
5 55 95.119
5 56 57.573
5 57 98.763
5 58 122.364
5 59 56.009
5 60 85.497
5 61 51.411
5 62 91.643
5 63 21.652
5 64 121.715
5 65 66.497
5 66 90.860
5 67 136.104
5 68 79.697
5 69 142.415
5 70 92.700
5 71 89.478
5 72 86.638
5 73 122.976
5 74 108.808
5 75 95.042
5 76 101.440
5 77 69.614
5 78 121.729
5 79 91.925
5 80 41.619
5 81 86.060
5 82 76.217
5 83 92.436
5 84 125.018
5 85 95.255
5 86 55.553
5 87 111.732
5 88 90.245
5 89 140.784
5 90 51.362
5 91 90.843
5 92 119.144
5 93 88.648
5 94 110.248
5 95 84.652
5 96 112.631
5 97 100.254
5 98 111.453
5 99 113.240
5 100 64.292
5 101 110.635
5 102 66.627
5 103 70.186
5 104 95.267
5 105 87.789
5 106 65.601
5 107 128.323
5 108 100.454
5 109 116.538
5 110 128.123
5 111 117.134
5 112 107.976
5 113 60.540
5 114 83.156
5 115 100.699
5 116 78.544
5 117 65.260
5 118 112.623
5 119 54.432
6 7 53.089
6 8 71.793
6 9 36.923
6 10 84.062
6 11 92.022
6 12 69.956
6 13 88.395
6 14 69.553
6 15 83.775
6 16 91.785
6 17 35.716
6 18 29.795
6 19 22.586
6 20 66.535
6 21 94.952
6 22 98.605
6 23 52.427
6 24 74.764
6 25 103.585
6 26 23.199
6 27 79.856
6 28 86.866
6 29 106.059
6 30 53.603
6 31 65.211
6 32 95.661
6 33 71.905
6 34 80.981
6 35 97.646
6 36 66.416
6 37 107.652
6 38 78.033
6 39 67.020
6 40 61.712
6 41 95.510
6 42 47.428
6 43 79.021
6 44 80.826
6 45 73.538
6 46 69.553
6 47 68.581
6 48 71.186
6 49 84.810
6 50 34.699
6 51 76.479
6 52 88.009
6 53 37.298
6 54 59.663
6 55 63.836
6 56 61.490
6 57 72.760
6 58 109.146
6 59 93.992
6 60 85.937
6 61 75.176
6 62 81.515
6 63 87.365
6 64 66.183
6 65 85.918
6 66 50.685
6 67 96.342
6 68 52.023
6 69 95.485
6 70 42.453
6 71 75.505
6 72 42.221
6 73 73.960
6 74 76.698
6 75 81.020
6 76 59.840
6 77 96.998
6 78 88.217
6 79 44.093
6 80 68.215
6 81 67.496
6 82 65.116
6 83 64.821
6 84 64.721
6 85 103.853
6 86 87.343
6 87 126.726
6 88 82.028
6 89 114.367
6 90 93.813
6 91 66.353
6 92 77.693
6 93 96.057
6 94 66.736
6 95 89.648
6 96 56.702
6 97 85.166
6 98 111.856
6 99 99.087
6 100 42.359
6 101 56.119
6 102 98.066
6 103 79.010
6 104 84.305
6 105 56.232
6 106 70.452
6 107 63.067
6 108 78.758
6 109 69.135
6 110 71.662
6 111 53.612
6 112 110.165
6 113 50.061
6 114 49.735
6 115 96.220
6 116 45.328
6 117 84.843
6 118 90.014
6 119 97.412
7 8 62.981
7 9 78.090
7 10 64.915
7 11 83.221
7 12 86.644
7 13 94.686
7 14 78.911
7 15 76.946
7 16 78.225
7 17 38.909
7 18 43.861
7 19 58.822
7 20 69.174
7 21 65.815
7 22 56.717
7 23 55.086
7 24 82.303
7 25 83.238
7 26 57.226
7 27 52.093
7 28 65.225
7 29 73.423
7 30 35.083
7 31 58.692
7 32 87.166
7 33 70.209
7 34 87.936
7 35 69.387
7 36 63.692
7 37 88.396
7 38 43.498
7 39 61.904
7 40 65.440
7 41 83.168
7 42 75.646
7 43 37.437
7 44 71.911
7 45 74.791
7 46 59.884
7 47 59.769
7 48 83.636
7 49 66.920
7 50 65.490
7 51 65.978
7 52 64.598
7 53 59.404
7 54 82.525
7 55 53.543
7 56 89.454
7 57 52.437
7 58 61.864
7 59 79.328
7 60 75.980
7 61 76.924
7 62 80.506
7 63 85.544
7 64 58.906
7 65 57.023
7 66 59.971
7 67 67.990
7 68 81.258
7 69 94.037
7 70 45.839
7 71 35.030
7 72 84.699
7 73 43.517
7 74 63.295
7 75 56.174
7 76 45.190
7 77 77.229
7 78 74.541
7 79 69.020
7 80 76.084
7 81 89.337
7 82 66.150
7 83 53.163
7 84 55.580
7 85 82.330
7 86 93.105
7 87 92.164
7 88 68.312
7 89 88.595
7 90 72.339
7 91 67.767
7 92 47.582
7 93 89.439
7 94 33.031
7 95 48.415
7 96 77.594
7 97 65.823
7 98 69.444
7 99 67.244
7 100 33.329
7 101 89.514
7 102 65.086
7 103 96.541
7 104 57.910
7 105 43.887
7 106 41.772
7 107 63.345
7 108 79.573
7 109 79.000
7 110 98.371
7 111 89.156
7 112 81.211
7 113 73.955
7 114 50.596
7 115 83.765
7 116 55.041
7 117 85.883
7 118 53.213
7 119 84.164
8 9 68.893
8 10 97.186
8 11 119.072
8 12 86.441
8 13 57.140
8 14 41.706
8 15 81.650
8 16 108.335
8 17 81.771
8 18 78.977
8 19 87.426
8 20 59.099
8 21 65.755
8 22 113.298
8 23 87.394
8 24 95.950
8 25 118.627
8 26 64.616
8 27 77.989
8 28 108.482
8 29 64.558
8 30 81.796
8 31 59.261
8 32 105.343
8 33 90.107
8 34 84.798
8 35 61.502
8 36 96.615
8 37 108.205
8 38 94.195
8 39 88.522
8 40 86.435
8 41 93.827
8 42 86.447
8 43 72.303
8 44 58.969
8 45 73.555
8 46 84.031
8 47 43.283
8 48 109.182
8 49 93.545
8 50 70.894
8 51 87.897
8 52 89.894
8 53 67.603
8 54 71.242
8 55 36.111
8 56 77.065
8 57 84.053
8 58 115.892
8 59 73.058
8 60 41.629
8 61 74.271
8 62 97.312
8 63 78.801
8 64 86.015
8 65 66.001
8 66 68.467
8 67 104.644
8 68 73.988
8 69 130.842
8 70 89.027
8 71 52.108
8 72 84.841
8 73 57.411
8 74 96.069
8 75 78.567
8 76 68.593
8 77 109.611
8 78 60.324
8 79 92.604
8 80 98.805
8 81 73.675
8 82 57.433
8 83 44.108
8 84 56.623
8 85 46.536
8 86 57.603
8 87 138.195
8 88 97.631
8 89 64.332
8 90 77.981
8 91 93.937
8 92 77.021
8 93 86.184
8 94 87.626
8 95 89.380
8 96 95.501
8 97 31.724
8 98 72.674
8 99 121.630
8 100 51.308
8 101 72.836
8 102 83.983
8 103 76.870
8 104 73.816
8 105 29.631
8 106 77.938
8 107 63.811
8 108 105.066
8 109 94.572
8 110 101.891
8 111 83.808
8 112 67.889
8 113 88.768
8 114 59.070
8 115 69.378
8 116 61.875
8 117 73.862
8 118 47.068
8 119 77.078
9 10 107.963
9 11 117.960
9 12 82.055
9 13 84.496
9 14 61.755
9 15 96.804
9 16 121.380
9 17 60.722
9 18 55.235
9 19 48.576
9 20 80.911
9 21 100.136
9 22 125.082
9 23 84.983
9 24 91.572
9 25 132.821
9 26 32.387
9 27 107.564
9 28 102.303
9 29 111.233
9 30 76.474
9 31 70.261
9 32 119.465
9 33 88.378
9 34 94.737
9 35 97.614
9 36 87.929
9 37 132.379
9 38 110.528
9 39 89.232
9 40 81.866
9 41 102.184
9 42 56.573
9 43 98.559
9 44 95.603
9 45 91.393
9 46 78.024
9 47 63.639
9 48 96.585
9 49 101.857
9 50 50.271
9 51 78.700
9 52 107.320
9 53 42.989
9 54 62.323
9 55 74.196
9 56 41.148
9 57 90.454
9 58 136.915
9 59 91.404
9 60 90.227
9 61 75.917
9 62 106.558
9 63 87.781
9 64 91.698
9 65 101.252
9 66 72.934
9 67 109.412
9 68 57.262
9 69 123.048
9 70 65.250
9 71 87.975
9 72 31.829
9 73 85.824
9 74 103.969
9 75 86.255
9 76 70.588
9 77 120.649
9 78 103.225
9 79 72.970
9 80 81.753
9 81 58.462
9 82 78.683
9 83 65.262
9 84 81.578
9 85 107.043
9 86 76.785
9 87 152.279
9 88 103.168
9 89 119.782
9 90 98.124
9 91 91.662
9 92 89.638
9 93 105.664
9 94 91.587
9 95 112.509
9 96 76.368
9 97 83.179
9 98 127.856
9 99 124.295
9 100 58.536
9 101 41.338
9 102 113.188
9 103 76.596
9 104 94.641
9 105 58.408
9 106 89.895
9 107 70.410
9 108 80.389
9 109 69.421
9 110 68.427
9 111 40.839
9 112 115.743
9 113 52.240
9 114 69.995
9 115 98.231
9 116 55.638
9 117 92.382
9 118 96.805
9 119 95.219
10 11 54.097
10 12 73.950
10 13 89.943
10 14 116.737
10 15 47.118
10 16 84.917
10 17 82.343
10 18 79.907
10 19 89.427
10 20 104.896
10 21 95.444
10 22 70.026
10 23 61.542
10 24 48.152
10 25 119.868
10 26 97.668
10 27 73.830
10 28 82.280
10 29 103.406
10 30 79.424
10 31 119.472
10 32 57.774
10 33 30.550
10 34 61.368
10 35 101.627
10 36 50.753
10 37 54.360
10 38 76.085
10 39 105.677
10 40 92.559
10 41 64.696
10 42 77.220
10 43 46.184
10 44 77.632
10 45 62.873
10 46 110.855
10 47 98.413
10 48 60.152
10 49 44.795
10 50 105.233
10 51 104.877
10 52 35.950
10 53 106.712
10 54 73.167
10 55 87.055
10 56 98.722
10 57 68.093
10 58 74.242
10 59 79.672
10 60 80.461
10 61 64.782
10 62 57.302
10 63 68.060
10 64 81.147
10 65 44.551
10 66 64.951
10 67 115.794
10 68 80.129
10 69 94.359
10 70 84.141
10 71 76.698
10 72 100.030
10 73 105.934
10 74 83.720
10 75 94.860
10 76 99.362
10 77 18.510
10 78 97.859
10 79 68.203
10 80 60.277
10 81 95.679
10 82 66.510
10 83 88.626
10 84 103.886
10 85 93.875
10 86 90.843
10 87 60.301
10 88 47.006
10 89 118.554
10 90 66.793
10 91 49.287
10 92 107.305
10 93 66.715
10 94 85.616
10 95 39.662
10 96 87.352
10 97 106.156
10 98 78.533
10 99 71.783
10 100 58.614
10 101 116.709
10 102 43.073
10 103 82.269
10 104 74.414
10 105 85.673
10 106 50.405
10 107 121.354
10 108 106.630
10 109 112.916
10 110 124.025
10 111 121.773
10 112 89.897
10 113 87.101
10 114 70.766
10 115 89.008
10 116 68.899
10 117 60.513
10 118 99.137
10 119 89.090
11 12 65.902
11 13 114.490
11 14 120.915
11 15 94.135
11 16 64.258
11 17 88.027
11 18 78.184
11 19 86.101
11 20 113.916
11 21 135.627
11 22 82.033
11 23 60.532
11 24 48.380
11 25 107.894
11 26 100.060
11 27 90.171
11 28 89.376
11 29 110.991
11 30 78.018
11 31 134.797
11 32 45.713
11 33 59.372
11 34 78.387
11 35 135.816
11 36 90.434
11 37 56.945
11 38 89.223
11 39 129.669
11 40 69.925
11 41 71.238
11 42 68.789
11 43 75.846
11 44 103.161
11 45 80.633
11 46 135.429
11 47 128.383
11 48 42.546
11 49 94.550
11 50 105.707
11 51 111.656
11 52 88.847
11 53 105.722
11 54 89.518
11 55 114.919
11 56 118.043
11 57 57.649
11 58 93.622
11 59 109.032
11 60 106.718
11 61 79.697
11 62 82.455
11 63 109.882
11 64 61.033
11 65 88.496
11 66 70.857
11 67 115.912
11 68 84.155
11 69 48.770
11 70 98.587
11 71 106.991
11 72 99.172
11 73 120.159
11 74 115.400
11 75 113.515
11 76 123.609
11 77 67.783
11 78 118.006
11 79 69.944
11 80 97.149
11 81 92.378
11 82 96.194
11 83 97.104
11 84 116.918
11 85 128.903
11 86 121.151
11 87 73.675
11 88 27.474
11 89 122.931
11 90 104.379
11 91 33.741
11 92 124.902
11 93 64.033
11 94 103.729
11 95 71.439
11 96 62.505
11 97 136.131
11 98 107.659
11 99 71.000
11 100 86.579
11 101 111.596
11 102 85.543
11 103 92.477
11 104 76.492
11 105 102.412
11 106 91.280
11 107 136.657
11 108 109.990
11 109 101.532
11 110 103.230
11 111 113.812
11 112 100.219
11 113 112.542
11 114 99.764
11 115 87.505
11 116 69.352
11 117 82.638
11 118 119.076
11 119 132.200
12 13 65.301
12 14 80.142
12 15 78.650
12 16 75.583
12 17 90.202
12 18 75.288
12 19 75.414
12 20 80.092
12 21 127.858
12 22 120.829
12 23 54.868
12 24 32.977
12 25 118.724
12 26 74.177
12 27 86.963
12 28 116.447
12 29 107.603
12 30 89.925
12 31 116.633
12 32 49.779
12 33 59.450
12 34 38.224
12 35 127.653
12 36 93.037
12 37 69.564
12 38 103.336
12 39 119.613
12 40 63.338
12 41 80.080
12 42 42.742
12 43 89.774
12 44 70.946
12 45 44.920
12 46 130.702
12 47 107.823
12 48 40.624
12 49 100.775
12 50 74.760
12 51 116.267
12 52 95.352
12 53 84.572
12 54 39.679
12 55 86.622
12 56 85.275
12 57 76.197
12 58 129.481
12 59 101.284
12 60 70.343
12 61 62.345
12 62 67.492
12 63 90.899
12 64 61.781
12 65 84.408
12 66 36.443
12 67 134.264
12 68 28.516
12 69 80.141
12 70 101.735
12 71 104.464
12 72 65.202
12 73 113.461
12 74 112.129
12 75 119.098
12 76 116.699
12 77 89.206
12 78 89.232
12 79 49.354
12 80 92.359
12 81 50.187
12 82 61.340
12 83 80.851
12 84 94.206
12 85 102.447
12 86 81.627
12 87 124.531
12 88 59.608
12 89 105.751
12 90 104.099
12 91 37.611
12 92 127.433
12 93 46.441
12 94 115.582
12 95 96.737
12 96 43.991
12 97 113.280
12 98 108.381
12 99 116.510
12 100 72.616
12 101 68.278
12 102 96.886
12 103 38.673
12 104 85.530
12 105 81.912
12 106 98.268
12 107 115.078
12 108 117.725
12 109 98.196
12 110 81.849
12 111 81.050
12 112 94.137
12 113 97.354
12 114 75.389
12 115 71.288
12 116 46.235
12 117 45.582
12 118 111.816
12 119 119.894
13 14 73.799
13 15 61.352
13 16 116.454
13 17 110.181
13 18 102.405
13 19 105.649
13 20 81.256
13 21 98.364
13 22 137.948
13 23 91.482
13 24 74.183
13 25 147.357
13 26 90.447
13 27 95.188
13 28 133.016
13 29 100.656
13 30 113.034
13 31 109.330
13 32 90.224
13 33 76.002
13 34 50.321
13 35 99.016
13 36 97.089
13 37 95.112
13 38 119.237
13 39 118.002
13 40 105.154
13 41 92.141
13 42 83.039
13 43 91.610
13 44 53.426
13 45 53.177
13 46 124.011
13 47 81.992
13 48 95.631
13 49 93.607
13 50 93.537
13 51 123.535
13 52 87.829
13 53 100.840
13 54 42.969
13 55 64.286
13 56 75.599
13 57 103.684
13 58 140.755
13 59 81.676
13 60 31.258
13 61 65.453
13 62 80.160
13 63 63.253
13 64 102.370
13 65 67.993
13 66 64.629
13 67 147.592
13 68 55.894
13 69 137.078
13 70 115.578
13 71 90.504
13 72 87.719
13 73 109.311
13 74 111.562
13 75 116.019
13 76 109.838
13 77 99.657
13 78 74.398
13 79 87.520
13 80 93.331
13 81 67.847
13 82 44.830
13 83 79.539
13 84 92.541
13 85 56.454
13 86 33.653
13 87 144.059
13 88 97.341
13 89 96.050
13 90 86.080
13 91 86.955
13 92 124.975
13 93 67.649
13 94 123.757
13 95 103.415
13 96 98.608
13 97 79.630
13 98 91.427
13 99 142.058
13 100 69.842
13 101 84.877
13 102 88.031
13 103 39.465
13 104 96.729
13 105 72.321
13 106 94.132
13 107 108.913
13 108 131.634
13 109 122.384
13 110 117.293
13 111 102.601
13 112 84.465
13 113 96.915
13 114 68.626
13 115 76.167
13 116 70.519
13 117 36.719
13 118 96.241
13 119 86.709
14 15 109.140
14 16 103.646
14 17 84.365
14 18 75.495
14 19 79.502
14 20 54.591
14 21 103.149
14 22 130.207
14 23 88.406
14 24 100.753
14 25 112.436
14 26 52.585
14 27 91.654
14 28 120.246
14 29 76.479
14 30 83.651
14 31 64.318
14 32 108.995
14 33 105.677
14 34 94.354
14 35 96.100
14 36 118.383
14 37 119.085
14 38 106.733
14 39 102.404
14 40 68.654
14 41 105.714
14 42 78.473
14 43 96.708
14 44 77.838
14 45 83.816
14 46 100.931
14 47 72.357
14 48 107.391
14 49 122.539
14 50 54.532
14 51 93.561
14 52 119.640
14 53 51.436
14 54 76.962
14 55 62.423
14 56 84.447
14 57 86.308
14 58 136.875
14 59 98.957
14 60 66.917
14 61 86.018
14 62 111.490
14 63 107.381
14 64 75.881
14 65 97.766
14 66 69.356
14 67 108.801
14 68 68.696
14 69 119.293
14 70 97.652
14 71 82.810
14 72 73.045
14 73 68.988
14 74 116.413
14 75 96.253
14 76 86.686
14 77 132.463
14 78 74.645
14 79 91.589
14 80 119.191
14 81 61.664
14 82 77.190
14 83 49.954
14 84 60.211
14 85 83.896
14 86 81.064
14 87 157.740
14 88 102.481
14 89 67.299
14 90 108.178
14 91 94.641
14 92 91.975
14 93 90.916
14 94 102.695
14 95 113.165
14 96 78.638
14 97 68.146
14 98 102.446
14 99 133.308
14 100 72.290
14 101 44.511
14 102 113.834
14 103 79.357
14 104 82.924
14 105 46.672
14 106 105.593
14 107 66.489
14 108 108.329
14 109 81.295
14 110 74.303
14 111 57.169
14 112 83.699
14 113 102.107
14 114 77.849
14 115 71.082
14 116 59.729
14 117 88.505
14 118 71.384
14 119 112.012
15 16 110.573
15 17 95.049
15 18 93.787
15 19 99.034
15 20 98.044
15 21 80.128
15 22 103.215
15 23 77.443
15 24 62.514
15 25 141.256
15 26 98.034
15 27 81.874
15 28 107.178
15 29 112.509
15 30 100.395
15 31 114.220
15 32 81.301
15 33 43.834
15 34 51.045
15 35 90.605
15 36 48.275
15 37 78.623
15 38 94.274
15 39 99.360
15 40 112.185
15 41 82.841
15 42 85.856
15 43 65.040
15 44 60.818
15 45 54.507
15 46 106.904
15 47 81.836
15 48 81.386
15 49 39.986
15 50 104.133
15 51 116.122
15 52 33.466
15 53 110.172
15 54 55.870
15 55 69.208
15 56 81.356
15 57 95.732
15 58 103.656
15 59 73.472
15 60 60.126
15 61 65.513
15 62 53.083
15 63 37.735
15 64 103.558
15 65 37.877
15 66 66.980
15 67 136.484
15 68 72.639
15 69 128.740
15 70 92.576
15 71 76.002
15 72 97.704
15 73 109.204
15 74 78.462
15 75 102.523
15 76 95.717
15 77 47.622
15 78 86.104
15 79 74.707
15 80 49.818
15 81 94.106
15 82 43.184
15 83 91.827
15 84 99.635
15 85 69.877
15 86 59.953
15 87 101.476
15 88 82.303
15 89 121.832
15 90 62.016
15 91 74.612
15 92 113.071
15 93 78.532
15 94 98.522
15 95 68.112
15 96 104.243
15 97 88.650
15 98 81.585
15 99 109.756
15 100 53.856
15 101 113.175
15 102 53.316
15 103 68.407
15 104 94.242
15 105 81.912
15 106 54.074
15 107 114.025
15 108 119.792
15 109 127.205
15 110 134.822
15 111 122.646
15 112 97.566
15 113 75.683
15 114 55.062
15 115 97.655
15 116 76.685
15 117 46.437
15 118 99.867
15 119 65.427
16 17 93.005
16 18 84.032
16 19 90.333
16 20 76.554
16 21 136.815
16 22 97.453
16 23 46.476
16 24 81.900
16 25 55.057
16 26 94.552
16 27 55.146
16 28 119.305
16 29 107.468
16 30 83.099
16 31 114.352
16 32 51.191
16 33 96.323
16 34 85.547
16 35 140.588
16 36 111.020
16 37 58.507
16 38 63.583
16 39 108.216
16 40 56.239
16 41 112.964
16 42 91.569
16 43 89.577
16 44 82.400
16 45 71.781
16 46 132.975
16 47 129.390
16 48 64.448
16 49 118.392
16 50 84.503
16 51 127.830
16 52 108.093
16 53 96.961
16 54 101.665
16 55 96.448
16 56 138.327
16 57 78.487
16 58 98.192
16 59 135.699
16 60 99.536
16 61 111.651
16 62 76.978
16 63 134.470
16 64 36.960
16 65 97.970
16 66 60.072
16 67 119.521
16 68 90.937
16 69 49.965
16 70 106.668
16 71 105.447
16 72 113.662
16 73 101.212
16 74 99.481
16 75 127.379
16 76 118.889
16 77 98.539
16 78 82.598
16 79 70.370
16 80 124.001
16 81 108.562
16 82 89.015
16 83 101.000
16 84 81.602
16 85 119.899
16 86 134.060
16 87 110.069
16 88 70.259
16 89 99.651
16 90 131.005
16 91 55.292
16 92 118.194
16 93 86.434
16 94 99.256
16 95 90.130
16 96 63.546
16 97 126.545
16 98 96.847
16 99 99.482
16 100 93.284
16 101 109.561
16 102 108.709
16 103 108.614
16 104 94.620
16 105 100.121
16 106 105.908
16 107 111.749
16 108 136.071
16 109 115.332
16 110 109.710
16 111 113.719
16 112 104.993
16 113 131.284
16 114 88.164
16 115 99.603
16 116 82.625
16 117 97.047
16 118 108.867
16 119 150.223
17 18 18.097
17 19 29.554
17 20 84.257
17 21 88.303
17 22 71.130
17 23 62.659
17 24 87.082
17 25 95.856
17 26 40.484
17 27 82.260
17 28 57.723
17 29 95.996
17 30 25.425
17 31 62.835
17 32 103.575
17 33 77.159
17 34 101.660
17 35 88.475
17 36 67.787
17 37 111.920
17 38 67.553
17 39 69.099
17 40 62.247
17 41 89.661
17 42 62.476
17 43 65.850
17 44 97.838
17 45 93.148
17 46 55.130
17 47 69.414
17 48 83.404
17 49 81.757
17 50 57.169
17 51 52.418
17 52 86.406
17 53 42.266
17 54 85.537
17 55 76.797
17 56 78.156
17 57 57.172
17 58 85.382
17 59 89.873
17 60 100.668
17 61 80.693
17 62 97.572
17 63 96.253
17 64 65.910
17 65 86.655
17 66 70.627
17 67 64.505
17 68 79.745
17 69 91.119
17 70 20.381
17 71 64.407
17 72 63.888
17 73 61.276
17 74 79.817
17 75 57.910
17 76 47.376
17 77 94.938
17 78 102.010
17 79 65.509
17 80 74.046
17 81 83.801
17 82 85.428
17 83 61.141
17 84 73.427
17 85 112.301
17 86 104.153
17 87 108.176
17 88 76.708
17 89 113.989
17 90 87.328
17 91 73.524
17 92 54.529
17 93 103.742
17 94 41.061
17 95 74.838
17 96 68.596
17 97 87.108
17 98 107.234
17 99 71.142
17 100 46.455
17 101 76.938
17 102 90.709
17 103 101.480
17 104 70.621
17 105 56.787
17 106 60.579
17 107 66.886
17 108 56.595
17 109 56.268
17 110 77.473
17 111 68.380
17 112 105.961
17 113 58.320
17 114 67.044
17 115 97.410
17 116 53.979
17 117 101.690
17 118 79.857
17 119 97.009
18 19 19.350
18 20 78.719
18 21 97.390
18 22 78.648
18 23 54.464
18 24 75.541
18 25 93.921
18 26 31.740
18 27 81.220
18 28 64.266
18 29 92.988
18 30 26.987
18 31 68.833
18 32 92.766
18 33 71.564
18 34 91.915
18 35 95.841
18 36 72.804
18 37 104.170
18 38 72.117
18 39 78.689
18 40 47.376
18 41 82.967
18 42 47.071
18 43 68.090
18 44 93.143
18 45 84.709
18 46 70.484
18 47 74.907
18 48 71.275
18 49 86.798
18 50 49.091
18 51 57.723
18 52 89.694
18 53 35.171
18 54 75.476
18 55 77.008
18 56 74.197
18 57 49.582
18 58 93.526
18 59 89.830
18 60 94.877
18 61 72.611
18 62 93.028
18 63 95.881
18 64 53.774
18 65 86.778
18 66 59.904
18 67 72.006
18 68 66.557
18 69 79.197
18 70 36.254
18 71 70.939
18 72 51.913
18 73 67.095
18 74 87.273
18 75 66.583
18 76 60.694
18 77 94.695
18 78 98.793
18 79 56.098
18 80 77.090
18 81 69.536
18 82 80.843
18 83 55.805
18 84 72.779
18 85 111.436
18 86 99.426
18 87 110.366
18 88 66.945
18 89 108.095
18 90 89.890
18 91 61.445
18 92 67.221
18 93 91.642
18 94 55.900
18 95 77.697
18 96 51.322
18 97 90.786
18 98 107.732
18 99 75.392
18 100 47.067
18 101 63.458
18 102 92.064
18 103 89.473
18 104 65.676
18 105 54.664
18 106 68.181
18 107 71.883
18 108 60.490
18 109 48.860
18 110 62.464
18 111 56.106
18 112 100.347
18 113 62.763
18 114 66.975
18 115 86.892
18 116 40.445
18 117 92.571
18 118 82.688
18 119 102.501
19 20 80.267
19 21 108.788
19 22 94.753
19 23 56.437
19 24 78.689
19 25 100.582
19 26 29.062
19 27 89.504
19 28 79.371
19 29 109.747
19 30 45.467
19 31 74.715
19 32 98.822
19 33 78.000
19 34 93.490
19 35 108.967
19 36 76.238
19 37 112.640
19 38 81.720
19 39 79.457
19 40 53.912
19 41 95.630
19 42 45.379
19 43 84.381
19 44 97.935
19 45 87.398
19 46 76.712
19 47 83.282
19 48 70.550
19 49 95.152
19 50 43.049
19 51 71.360
19 52 99.062
19 53 36.584
19 54 74.051
19 55 82.769
19 56 72.578
19 57 66.621
19 58 108.933
19 59 101.994
19 60 102.371
19 61 80.960
19 62 94.115
19 63 101.713
19 64 62.116
19 65 98.510
19 66 61.637
19 67 88.210
19 68 63.024
19 69 83.408
19 70 41.474
19 71 85.687
19 72 43.723
19 73 80.031
19 74 89.774
19 75 82.032
19 76 68.958
19 77 103.297
19 78 104.126
19 79 50.379
19 80 78.357
19 81 71.266
19 82 83.751
19 83 69.592
19 84 77.408
19 85 121.143
19 86 103.893
19 87 124.322
19 88 78.684
19 89 121.170
19 90 102.556
19 91 66.361
19 92 80.524
19 93 100.526
19 94 68.096
19 95 93.300
19 96 49.660
19 97 100.728
19 98 122.380
19 99 90.826
19 100 56.427
19 101 59.434
19 102 106.093
19 103 90.261
19 104 83.200
19 105 66.685
19 106 79.651
19 107 74.490
19 108 69.985
19 109 56.685
19 110 60.443
19 111 50.401
19 112 115.866
19 113 60.338
19 114 69.149
19 115 99.412
19 116 48.627
19 117 97.489
19 118 98.205
19 119 111.324
20 21 103.263
20 22 121.850
20 23 61.948
20 24 98.290
20 25 80.928
20 26 63.101
20 27 52.957
20 28 130.024
20 29 98.710
20 30 87.164
20 31 64.747
20 32 92.364
20 33 104.336
20 34 81.780
20 35 108.688
20 36 104.910
20 37 98.701
20 38 74.185
20 39 71.133
20 40 71.360
20 41 124.522
20 42 90.640
20 43 94.156
20 44 49.219
20 45 61.513
20 46 99.614
20 47 85.845
20 48 93.910
20 49 113.637
20 50 44.535
20 51 116.782
20 52 106.764
20 53 67.142
20 54 79.871
20 55 43.277
20 56 106.616
20 57 97.512
20 58 121.017
20 59 120.588
20 60 66.315
20 61 105.967
20 62 79.115
20 63 113.637
20 64 65.965
20 65 89.839
20 66 50.707
20 67 121.093
20 68 72.312
20 69 109.242
20 70 94.001
20 71 82.821
20 72 92.640
20 73 69.678
20 74 79.536
20 75 113.114
20 76 84.860
20 77 117.728
20 78 35.869
20 79 71.297
20 80 113.377
20 81 92.878
20 82 57.335
20 83 79.697
20 84 24.748
20 85 81.788
20 86 98.719
20 87 148.881
20 88 104.142
20 89 81.725
20 90 119.918
20 91 84.895
20 92 94.867
20 93 100.690
20 94 90.868
20 95 105.678
20 96 78.864
20 97 77.601
20 98 91.521
20 99 130.808
20 100 70.831
20 101 77.512
20 102 112.512
20 103 92.252
20 104 101.871
20 105 67.034
20 106 97.716
20 107 56.476
20 108 130.633
20 109 110.059
20 110 103.457
20 111 86.683
20 112 102.738
20 113 105.992
20 114 51.357
20 115 98.967
20 116 75.092
20 117 88.629
20 118 82.302
20 119 121.350
21 22 93.325
21 23 110.810
21 24 120.548
21 25 139.018
21 26 98.338
21 27 93.043
21 28 94.331
21 29 88.362
21 30 91.195
21 31 75.348
21 32 132.655
21 33 97.495
21 34 115.335
21 35 25.288
21 36 80.208
21 37 127.304
21 38 93.197
21 39 82.328
21 40 124.765
21 41 105.096
21 42 118.505
21 43 63.698
21 44 90.352
21 45 105.814
21 46 61.298
21 47 40.053
21 48 134.266
21 49 67.329
21 50 109.784
21 51 87.048
21 52 69.140
21 53 101.473
21 54 105.554
21 55 63.076
21 56 95.343
21 57 101.552
21 58 90.912
21 59 68.155
21 60 82.077
21 61 95.041
21 62 111.495
21 63 73.137
21 64 120.112
21 65 61.405
21 66 104.565
21 67 99.848
21 68 115.281
21 69 157.574
21 70 82.740
21 71 35.510
21 72 117.993
21 73 67.528
21 74 83.405
21 75 62.318
21 76 53.646
21 77 99.016
21 78 94.198
21 79 117.058
21 80 86.123
21 81 118.766
21 82 83.924
21 83 78.078
21 84 88.231
21 85 64.123
21 86 83.356
21 87 119.801
21 88 115.497
21 89 107.348
21 90 58.504
21 91 119.441
21 92 62.488
21 93 120.603
21 94 70.834
21 95 74.934
21 96 133.983
21 97 41.333
21 98 73.289
21 99 109.012
21 100 60.227
21 101 123.263
21 102 68.184
21 103 117.415
21 104 90.015
21 105 63.691
21 106 52.110
21 107 82.843
21 108 103.067
21 109 118.619
21 110 143.538
21 111 126.396
21 112 94.192
21 113 84.216
21 114 74.086
21 115 108.924
21 116 96.723
21 117 104.160
21 118 56.452
21 119 44.368
22 23 88.241
22 24 103.957
22 25 102.229
22 26 105.220
22 27 86.422
22 28 49.618
22 29 95.139
22 30 58.167
22 31 107.318
22 32 104.237
22 33 86.686
22 34 121.554
22 35 95.300
22 36 81.240
22 37 99.552
22 38 63.654
22 39 102.104
22 40 96.832
22 41 88.870
22 42 107.270
22 43 48.853
22 44 116.171
22 45 113.501
22 46 91.065
22 47 102.798
22 48 104.213
22 49 76.731
22 50 116.281
22 51 80.848
22 52 75.655
22 53 105.199
22 54 123.283
22 55 106.371
22 56 126.924
22 57 63.115
22 58 25.006
22 59 97.276
22 60 118.880
22 61 101.315
22 62 109.630
22 63 111.415
22 64 88.114
22 65 80.561
22 66 102.693
22 67 67.109
22 68 123.570
22 69 100.078
22 70 72.757
22 71 69.249
22 72 123.548
22 73 85.032
22 74 93.605
22 75 70.040
22 76 84.178
22 77 75.964
22 78 121.253
22 79 104.139
22 80 95.690
22 81 126.501
22 82 111.022
22 83 91.649
22 84 107.972
22 85 120.977
22 86 132.371
22 87 51.745
22 88 73.727
22 89 121.540
22 90 84.665
22 91 89.215
22 92 74.048
22 93 111.085
22 94 53.322
22 95 40.782
22 96 108.833
22 97 110.445
22 98 87.978
22 99 25.185
22 100 78.509
22 101 135.420
22 102 69.012
22 103 133.874
22 104 70.796
22 105 91.486
22 106 59.253
22 107 114.244
22 108 88.065
22 109 101.814
22 110 130.275
22 111 131.410
22 112 101.006
22 113 105.219
22 114 99.264
22 115 109.119
22 116 92.582
22 117 118.293
22 118 86.771
22 119 107.375
23 24 56.664
23 25 76.908
23 26 63.925
23 27 48.697
23 28 99.385
23 29 107.305
23 30 64.600
23 31 92.785
23 32 53.102
23 33 64.865
23 34 60.171
23 35 117.412
23 36 70.880
23 37 64.149
23 38 54.026
23 39 78.427
23 40 53.538
23 41 96.401
23 42 61.057
23 43 72.180
23 44 63.393
23 45 47.908
23 46 102.187
23 47 99.083
23 48 40.157
23 49 85.164
23 50 57.266
23 51 106.059
23 52 79.072
23 53 72.666
23 54 66.499
23 55 70.362
23 56 99.810
23 57 69.500
23 58 92.610
23 59 110.320
23 60 81.238
23 61 85.263
23 62 48.477
23 63 99.711
23 64 41.406
23 65 75.970
23 66 28.705
23 67 111.046
23 68 58.197
23 69 64.477
23 70 71.965
23 71 84.602
23 72 79.131
23 73 88.016
23 74 69.030
23 75 105.060
23 76 89.271
23 77 75.020
23 78 72.624
23 79 27.133
23 80 81.948
23 81 85.203
23 82 57.418
23 83 83.330
23 84 66.137
23 85 103.015
23 86 103.680
23 87 104.498
23 88 61.322
23 89 107.654
23 90 104.649
23 91 34.798
23 92 99.070
23 93 79.120
23 94 76.658
23 95 75.459
23 96 47.603
23 97 104.292
23 98 94.597
23 99 90.443
23 100 58.333
23 101 85.893
23 102 89.796
23 103 81.951
23 104 85.937
23 105 77.309
23 106 75.026
23 107 88.759
23 108 110.482
23 109 97.544
23 110 94.525
23 111 89.525
23 112 104.119
23 113 88.125
23 114 51.316
23 115 94.639
23 116 56.551
23 117 73.648
23 118 98.513
23 119 117.722
24 25 126.670
24 26 85.076
24 27 89.045
24 28 100.507
24 29 110.190
24 30 86.418
24 31 124.956
24 32 45.288
24 33 32.299
24 34 38.905
24 35 121.763
24 36 73.863
24 37 60.296
24 38 99.316
24 39 120.717
24 40 76.341
24 41 62.972
24 42 46.139
24 43 75.721
24 44 78.665
24 45 51.362
24 46 127.252
24 47 107.465
24 48 32.788
24 49 78.834
24 50 91.436
24 51 111.185
24 52 74.308
24 53 96.104
24 54 45.564
24 55 93.251
24 56 84.194
24 57 69.617
24 58 113.570
24 59 88.965
24 60 77.313
24 61 51.352
24 62 61.383
24 63 75.970
24 64 71.427
24 65 71.383
24 66 48.404
24 67 130.050
24 68 46.303
24 69 81.329
24 70 94.800
24 71 99.018
24 72 73.530
24 73 117.920
24 74 106.651
24 75 111.005
24 76 114.607
24 77 61.925
24 78 101.152
24 79 51.593
24 80 72.998
24 81 63.423
24 82 64.635
24 83 85.240
24 84 106.627
24 85 104.440
24 86 81.865
24 87 98.684
24 88 43.166
24 89 118.045
24 90 87.348
24 91 29.008
24 92 125.300
24 93 44.212
24 94 108.737
24 95 78.165
24 96 58.653
24 97 116.749
24 98 103.589
24 99 98.076
24 100 67.209
24 101 88.884
24 102 77.225
24 103 48.108
24 104 79.551
24 105 86.504
24 106 82.122
24 107 125.147
24 108 109.346
24 109 101.575
24 110 96.633
24 111 97.481
24 112 94.026
24 113 88.621
24 114 76.950
24 115 76.045
24 116 50.537
24 117 42.359
24 118 113.435
24 119 107.551
25 26 101.735
25 27 65.593
25 28 128.098
25 29 116.064
25 30 86.729
25 31 99.245
25 32 103.707
25 33 132.687
25 34 128.030
25 35 143.657
25 36 131.138
25 37 106.128
25 38 58.222
25 39 95.674
25 40 75.031
25 41 145.520
25 42 122.402
25 43 107.363
25 44 106.380
25 45 108.982
25 46 122.449
25 47 133.586
25 48 108.975
25 49 140.169
25 50 88.496
25 51 129.743
25 52 132.303
25 53 97.912
25 54 135.680
25 55 104.154
25 56 159.205
25 57 99.774
25 58 99.212
25 59 157.331
25 60 125.506
25 61 143.937
25 62 111.481
25 63 161.725
25 64 63.132
25 65 122.748
25 66 93.098
25 67 107.830
25 68 124.388
25 69 82.953
25 70 108.080
25 71 109.102
25 72 134.862
25 73 87.304
25 74 100.035
25 75 129.109
25 76 111.291
25 77 131.856
25 78 92.709
25 79 100.242
25 80 147.045
25 81 138.320
25 82 115.446
25 83 113.483
25 84 73.976
25 85 136.234
25 86 160.851
25 87 133.931
25 88 109.151
25 89 107.426
25 90 151.973
25 91 99.203
25 92 103.986
25 93 130.259
25 94 89.639
25 95 109.923
25 96 94.775
25 97 128.058
25 98 110.911
25 99 110.535
25 100 109.736
25 101 125.926
25 102 133.703
25 103 146.947
25 104 113.917
25 105 109.422
25 106 119.614
25 107 96.027
25 108 142.797
25 109 122.636
25 110 124.689
25 111 124.312
25 112 127.293
25 113 145.286
25 114 102.710
25 115 128.704
25 116 109.359
25 117 137.207
25 118 107.621
25 119 165.444
26 27 85.832
26 28 90.097
26 29 95.753
26 30 51.988
26 31 55.718
26 32 103.041
26 33 85.058
26 34 91.078
26 35 96.294
26 36 86.063
26 37 115.773
26 38 85.972
26 39 76.422
26 40 53.794
26 41 97.277
26 42 51.209
26 43 84.422
26 44 86.351
26 45 82.423
26 46 72.192
26 47 66.904
26 48 83.335
26 49 100.171
26 50 27.709
26 51 69.842
26 52 102.422
26 53 16.019
26 54 68.140
26 55 66.020
26 56 65.093
26 57 70.327
26 58 116.598
26 59 95.283
26 60 86.561
26 61 77.965
26 62 97.236
26 63 97.644
26 64 63.469
26 65 94.122
26 66 58.071
26 67 89.024
26 68 57.387
26 69 97.612
26 70 53.108
26 71 76.425
26 72 41.464
26 73 65.517
26 74 92.041
26 75 78.211
26 76 61.472
26 77 112.471
26 78 89.204
26 79 60.561
26 80 87.132
26 81 61.075
26 82 74.741
26 83 53.746
26 84 61.088
26 85 104.304
26 86 89.668
26 87 136.891
26 88 86.884
26 89 102.594
26 90 99.252
26 91 75.279
26 92 73.651
26 93 96.984
26 94 72.231
26 95 97.693
26 96 56.214
26 97 80.598
26 98 113.271
26 99 105.104
26 100 51.127
26 101 40.495
26 102 105.905
26 103 82.296
26 104 79.388
26 105 48.096
26 106 82.480
26 107 56.038
26 108 76.182
26 109 56.254
26 110 57.042
26 111 36.159
26 112 103.898
26 113 64.662
26 114 62.139
26 115 88.382
26 116 43.562
26 117 91.598
26 118 82.465
26 119 103.915
27 28 112.486
27 29 94.580
27 30 78.864
27 31 84.070
27 32 70.951
27 33 88.490
27 34 78.175
27 35 103.409
27 36 85.663
27 37 66.504
27 38 35.105
27 39 68.883
27 40 78.180
27 41 112.644
27 42 99.161
27 43 66.788
27 44 47.760
27 45 57.050
27 46 99.946
27 47 94.299
27 48 83.425
27 49 88.894
27 50 76.387
27 51 116.735
27 52 77.350
27 53 90.248
27 54 91.184
27 55 54.172
27 56 122.027
27 57 85.144
27 58 78.660
27 59 114.542
27 60 71.614
27 61 104.658
27 62 58.379
27 63 107.442
27 64 61.238
27 65 65.482
27 66 54.273
27 67 111.759
27 68 89.185
27 69 95.837
27 70 88.892
27 71 69.079
27 72 112.994
27 73 72.146
27 74 56.728
27 75 106.179
27 76 85.289
27 77 83.308
27 78 43.278
27 79 70.870
27 80 101.749
27 81 111.477
27 82 58.240
27 83 88.081
27 84 48.558
27 85 80.087
27 86 109.386
27 87 107.476
27 88 84.461
27 89 87.826
27 90 105.610
27 91 71.148
27 92 89.856
27 93 94.005
27 94 72.633
27 95 70.484
27 96 87.469
27 97 86.653
27 98 62.268
27 99 100.146
27 100 66.364
27 101 110.583
27 102 84.320
27 103 104.325
27 104 91.391
27 105 77.092
27 106 74.201
27 107 80.421
27 108 130.011
27 109 120.535
27 110 125.498
27 111 116.509
27 112 94.526
27 113 109.580
27 114 50.917
27 115 101.014
27 116 81.492
27 117 85.784
27 118 78.641
27 119 114.634
28 29 93.899
28 30 48.892
28 31 103.629
28 32 118.750
28 33 81.091
28 34 125.227
28 35 87.598
28 36 81.782
28 37 121.706
28 38 94.671
28 39 113.259
28 40 94.118
28 41 69.833
28 42 88.232
28 43 60.138
28 44 128.894
28 45 122.509
28 46 81.732
28 47 89.728
28 48 106.855
28 49 80.317
28 50 111.152
28 51 43.978
28 52 87.309
28 53 89.416
28 54 113.574
28 55 112.353
28 56 98.665
28 57 53.728
28 58 72.591
28 59 76.009
28 60 122.141
28 61 80.961
28 62 125.676
28 63 99.851
28 64 95.611
28 65 91.386
28 66 106.906
28 67 54.085
28 68 113.511
28 69 108.038
28 70 59.448
28 71 73.713
28 72 98.023
28 73 88.303
28 74 113.877
28 75 44.688
28 76 77.820
28 77 91.380
28 78 137.443
28 79 105.421
28 80 85.624
28 81 104.376
28 82 116.717
28 83 75.359
28 84 118.022
28 85 127.897
28 86 118.757
28 87 78.345
28 88 74.239
28 89 128.103
28 90 71.609
28 91 93.149
28 92 70.696
28 93 108.610
28 94 63.299
28 95 62.632
28 96 102.145
28 97 107.579
28 98 110.853
28 99 39.460
28 100 72.952
28 101 114.845
28 102 77.440
28 103 122.083
28 104 59.287
28 105 80.702
28 106 64.218
28 107 113.518
28 108 42.099
28 109 69.029
28 110 105.093
28 111 107.318
28 112 101.387
28 113 83.114
28 114 105.931
28 115 98.976
28 116 78.044
28 117 117.093
28 118 89.290
28 119 94.712
29 30 78.653
29 31 90.269
29 32 109.086
29 33 104.515
29 34 114.516
29 35 73.268
29 36 123.043
29 37 107.998
29 38 102.164
29 39 125.177
29 40 86.859
29 41 79.924
29 42 105.207
29 43 66.036
29 44 97.884
29 45 105.469
29 46 108.977
29 47 82.025
29 48 123.888
29 49 112.146
29 50 107.016
29 51 80.819
29 52 106.448
29 53 91.046
29 54 110.532
29 55 86.930
29 56 114.873
29 57 64.401
29 58 100.051
29 59 76.930
29 60 78.930
29 61 84.680
29 62 127.639
29 63 108.942
29 64 85.531
29 65 80.471
29 66 97.880
29 67 80.187
29 68 109.666
29 69 121.979
29 70 108.375
29 71 62.379
29 72 115.138
29 73 65.696
29 74 128.996
29 75 72.466
29 76 94.650
29 77 117.364
29 78 96.799
29 79 122.253
29 80 128.358
29 81 93.386
29 82 101.598
29 83 47.074
29 84 91.564
29 85 79.617
29 86 98.784
29 87 117.635
29 88 86.690
29 89 42.410
29 90 83.011
29 91 102.468
29 92 81.090
29 93 83.938
29 94 95.405
29 95 79.816
29 96 107.328
29 97 71.667
29 98 65.076
29 99 100.265
29 100 81.651
29 101 102.757
29 102 81.166
29 103 107.764
29 104 44.031
29 105 56.170
29 106 93.166
29 107 101.498
29 108 102.008
29 109 90.425
29 110 108.953
29 111 108.155
29 112 31.575
29 113 124.328
29 114 103.684
29 115 50.378
29 116 77.260
29 117 99.433
29 118 39.070
29 119 102.903
30 31 69.165
30 32 96.265
30 33 78.495
30 34 103.900
30 35 87.544
30 36 79.874
30 37 103.221
30 38 64.340
30 39 83.424
30 40 52.095
30 41 79.618
30 42 66.510
30 43 56.019
30 44 99.296
30 45 94.827
30 46 68.785
30 47 76.457
30 48 84.249
30 49 87.077
30 50 67.336
30 51 47.591
30 52 88.564
30 53 49.043
30 54 92.929
30 55 82.010
30 56 90.936
30 57 37.413
30 58 74.231
30 59 87.056
30 60 99.238
30 61 78.679
30 62 102.578
30 63 102.493
30 64 54.548
30 65 83.732
30 66 72.927
30 67 48.691
30 68 86.275
30 69 80.086
30 70 42.103
30 71 60.673
30 72 75.479
30 73 56.193
30 74 90.825
30 75 53.068
30 76 58.606
30 77 93.895
30 78 102.011
30 79 75.063
30 80 87.763
30 81 83.921
30 82 91.166
30 83 52.840
30 84 76.093
30 85 110.576
30 86 108.800
30 87 96.499
30 88 64.262
30 89 99.626
30 90 85.353
30 91 69.532
30 92 53.202
30 93 94.401
30 94 43.635
30 95 64.835
30 96 66.812
30 97 88.568
30 98 96.587
30 99 56.581
30 100 53.047
30 101 81.937
30 102 84.185
30 103 104.109
30 104 52.419
30 105 54.684
30 106 64.093
30 107 76.164
30 108 57.108
30 109 50.819
30 110 76.084
30 111 74.894
30 112 90.367
30 113 78.198
30 114 77.270
30 115 83.944
30 116 51.822
30 117 101.438
30 118 69.859
30 119 102.681
31 32 132.354
31 33 116.743
31 34 121.538
31 35 75.792
31 36 103.433
31 37 136.563
31 38 81.553
31 39 57.849
31 40 87.969
31 41 124.961
31 42 102.478
31 43 89.466
31 44 92.339
31 45 105.773
31 46 49.293
31 47 53.848
31 48 125.170
31 49 110.324
31 50 58.864
31 51 77.982
31 52 111.148
31 53 50.700
31 54 105.263
31 55 56.764
31 56 97.141
31 57 94.908
31 58 110.526
31 59 106.402
31 60 94.203
31 61 110.021
31 62 117.738
31 63 114.103
31 64 90.454
31 65 99.245
31 66 89.330
31 67 82.053
31 68 101.281
31 69 132.415
31 70 67.423
31 71 61.129
31 72 93.586
31 73 31.750
31 74 85.321
31 75 73.814
31 76 39.089
31 77 131.074
31 78 82.092
31 79 99.583
31 80 110.309
31 81 104.582
31 82 89.777
31 83 66.515
31 84 45.584
31 85 94.435
31 86 106.446
31 87 149.444
31 88 118.759
31 89 94.770
31 90 106.804
31 91 112.669
31 92 44.899
31 93 127.833
31 94 61.056
31 95 103.971
31 96 103.402
31 97 54.881
31 98 102.282
31 99 117.872
31 100 66.494
31 101 84.509
31 102 112.880
31 103 119.584
31 104 94.596
31 105 52.130
31 106 86.060
31 107 16.323
31 108 96.439
31 109 87.804
31 110 102.886
31 111 81.907
31 112 108.747
31 113 88.748
31 114 70.269
31 115 109.824
31 116 83.621
31 117 119.072
31 118 59.946
31 119 102.191
32 33 65.336
32 34 49.816
32 35 135.978
32 36 96.626
32 37 23.921
32 38 87.330
32 39 124.925
32 40 75.348
32 41 87.040
32 42 78.398
32 43 81.475
32 44 72.329
32 45 49.084
32 46 143.240
32 47 126.483
32 48 43.468
32 49 98.524
32 50 100.243
32 51 131.913
32 52 86.869
32 53 110.749
32 54 76.170
32 55 97.508
32 56 121.655
32 57 78.026
32 58 106.925
32 59 114.733
32 60 81.148
32 61 84.779
32 62 57.243
32 63 106.065
32 64 60.759
32 65 77.647
32 66 52.145
32 67 137.055
32 68 72.583
32 69 68.554
32 70 114.125
32 71 106.367
32 72 106.175
32 73 119.692
32 74 107.223
32 75 128.797
32 76 128.552
32 77 70.512
32 78 88.671
32 79 65.281
32 80 104.492
32 81 91.974
32 82 72.725
32 83 99.658
32 84 102.056
32 85 106.403
32 86 108.292
32 87 96.942
32 88 50.233
32 89 106.561
32 90 110.151
32 91 35.006
32 92 133.609
32 93 51.059
32 94 114.886
32 95 80.376
32 96 67.501
32 97 126.346
32 98 91.210
32 99 102.905
32 100 86.178
32 101 109.808
32 102 86.718
32 103 77.214
32 104 88.795
32 105 100.135
32 106 97.173
32 107 131.168
32 108 136.095
32 109 122.147
32 110 115.650
32 111 119.266
32 112 92.734
32 113 121.695
32 114 85.443
32 115 83.660
32 116 73.118
32 117 60.192
32 118 115.316
32 119 132.084
33 34 52.991
33 35 99.965
33 36 49.397
33 37 70.966
33 38 92.937
33 39 110.089
33 40 88.460
33 41 51.969
33 42 55.659
33 43 56.751
33 44 80.561
33 45 61.563
33 46 108.562
33 47 90.049
33 48 54.702
33 49 49.005
33 50 96.877
33 51 96.130
33 52 48.161
33 53 96.006
33 54 51.637
33 55 86.371
33 56 73.218
33 57 66.166
33 58 96.492
33 59 66.961
33 60 76.140
33 61 41.406
33 62 64.660
33 63 52.150
33 64 83.218
33 65 53.027
33 66 60.019
33 67 117.788
33 68 60.450
33 69 97.981
33 70 79.508
33 71 80.836
33 72 76.729
33 73 108.480
33 74 94.494
33 75 90.850
33 76 97.568
33 77 41.796
33 78 103.446
33 79 61.071
33 80 47.689
33 81 72.649
33 82 62.662
33 83 78.985
33 84 106.230
33 85 94.875
33 86 72.314
33 87 82.229
33 88 47.278
33 89 120.854
33 90 60.419
33 91 46.701
33 92 109.432
33 93 58.218
33 94 92.719
33 95 58.353
33 96 77.270
33 97 103.092
33 98 93.605
33 99 83.289
33 100 51.475
33 101 97.724
33 102 53.475
33 103 59.891
33 104 71.646
33 105 77.754
33 106 56.141
33 107 118.933
33 108 94.044
33 109 99.301
33 110 106.956
33 111 103.569
33 112 90.334
33 113 69.879
33 114 69.777
33 115 80.020
33 116 53.132
33 117 47.929
33 118 101.828
33 119 80.887
34 35 120.724
34 36 80.098
34 37 58.726
34 38 99.837
34 39 113.301
34 40 90.165
34 41 87.771
34 42 68.617
34 43 84.852
34 44 50.683
34 45 23.226
34 46 130.683
34 47 104.309
34 48 53.662
34 49 83.372
34 50 89.601
34 51 129.497
34 52 74.662
34 53 103.485
34 54 37.031
34 55 76.256
34 56 90.356
34 57 92.744
34 58 124.417
34 59 98.131
34 60 55.282
34 61 68.265
34 62 42.253
34 63 73.941
34 64 81.911
34 65 65.539
34 66 40.804
34 67 147.378
34 68 44.374
34 69 103.892
34 70 107.636
34 71 99.002
34 72 86.693
34 73 117.905
34 74 97.035
34 75 124.319
34 76 116.638
34 77 71.178
34 78 76.853
34 79 55.923
34 80 81.152
34 81 74.787
34 82 39.834
34 83 92.900
34 84 94.781
34 85 83.953
34 86 70.570
34 87 119.350
34 88 72.082
34 89 111.475
34 90 95.389
34 91 51.186
34 92 131.217
34 93 54.563
34 94 116.740
34 95 89.561
34 96 75.745
34 97 106.699
34 98 94.413
34 99 122.965
34 100 69.549
34 101 93.662
34 102 83.219
34 103 42.379
34 104 97.012
34 105 87.598
34 106 87.828
34 107 118.688
34 108 132.831
34 109 123.241
34 110 114.981
34 111 107.530
34 112 96.695
34 113 96.853
34 114 62.648
34 115 85.145
34 116 65.360
34 117 25.834
34 118 112.088
34 119 106.020
35 36 92.386
35 37 132.433
35 38 103.850
35 39 97.839
35 40 120.891
35 41 95.223
35 42 115.212
35 43 64.226
35 44 99.564
35 45 112.875
35 46 66.606
35 47 36.648
35 48 138.036
35 49 78.630
35 50 111.797
35 51 73.605
35 52 81.123
35 53 97.031
35 54 107.559
35 55 72.108
35 56 91.204
35 57 93.812
35 58 97.315
35 59 55.671
35 60 83.701
35 61 87.701
35 62 124.154
35 63 76.292
35 64 119.171
35 65 68.282
35 66 109.000
35 67 89.603
35 68 115.875
35 69 156.940
35 70 86.459
35 71 36.717
35 72 113.985
35 73 64.913
35 74 102.784
35 75 49.390
35 76 58.458
35 77 107.979
35 78 103.176
35 79 123.791
35 80 95.158
35 81 110.259
35 82 93.163
35 83 65.304
35 84 94.510
35 85 68.024
35 86 80.643
35 87 122.491
35 88 112.543
35 89 98.257
35 90 52.983
35 91 121.326
35 92 59.908
35 93 115.718
35 94 77.078
35 95 78.193
35 96 132.243
35 97 38.992
35 98 76.800
35 99 107.459
35 100 63.904
35 101 116.415
35 102 70.168
35 103 115.337
35 104 77.806
35 105 55.821
35 106 61.901
35 107 86.973
35 108 91.933
35 109 106.538
35 110 134.024
35 111 119.113
35 112 82.016
35 113 88.488
35 114 86.356
35 115 96.393
35 116 91.722
35 117 105.740
35 118 46.523
35 119 46.200
36 37 97.627
36 38 79.530
36 39 78.672
36 40 106.537
36 41 90.215
36 42 81.053
36 43 63.879
36 44 86.847
36 45 78.936
36 46 80.623
36 47 80.182
36 48 79.678
36 49 29.513
36 50 95.554
36 51 97.082
36 52 38.905
36 53 97.409
36 54 73.921
36 55 79.671
36 56 79.298
36 57 89.066
36 58 86.393
36 59 83.191
36 60 93.228
36 61 77.546
36 62 66.838
36 63 59.462
36 64 100.278
36 65 61.549
36 66 75.305
36 67 115.637
36 68 83.026
36 69 118.956
36 70 57.869
36 71 73.854
36 72 89.188
36 73 101.165
36 74 61.239
36 75 86.691
36 76 74.698
36 77 50.594
36 78 104.355
36 79 65.803
36 80 21.646
36 81 103.267
36 82 67.403
36 83 94.487
36 84 99.366
36 85 101.082
36 86 88.941
36 87 91.419
36 88 83.259
36 89 139.854
36 90 69.103
36 91 75.968
36 92 93.994
36 93 102.520
36 94 70.840
36 95 63.963
36 96 99.247
36 97 97.586
36 98 101.703
36 99 86.440
36 100 48.407
36 101 113.629
36 102 66.221
36 103 93.624
36 104 95.785
36 105 84.394
36 106 36.601
36 107 103.358
36 108 95.543
36 109 111.771
36 110 126.603
36 111 114.682
36 112 118.074
36 113 49.422
36 114 56.884
36 115 115.495
36 116 77.650
36 117 81.854
36 118 104.327
36 119 72.014
37 38 84.047
37 39 126.044
37 40 90.485
37 41 91.799
37 42 96.063
37 43 76.864
37 44 71.095
37 45 55.143
37 46 145.354
37 47 128.318
37 48 62.661
37 49 94.230
37 50 113.164
37 51 138.008
37 52 79.684
37 53 122.916
37 54 88.487
37 55 98.077
37 56 132.273
37 57 85.220
37 58 97.472
37 59 115.281
37 60 80.981
37 61 92.920
37 62 57.903
37 63 106.541
37 64 73.256
37 65 69.985
37 66 64.704
37 67 139.826
37 68 89.023
37 69 83.906
37 70 120.511
37 71 102.991
37 72 122.774
37 73 120.670
37 74 104.219
37 75 130.375
37 76 130.586
37 77 63.385
37 78 86.759
37 79 79.876
37 80 108.134
37 81 107.826
37 82 75.353
37 83 106.113
37 84 105.390
37 85 100.221
37 86 112.371
37 87 87.639
37 88 59.017
37 89 105.873
37 90 107.530
37 91 52.173
37 92 134.180
37 93 60.024
37 94 115.018
37 95 72.831
37 96 87.739
37 97 125.089
37 98 77.908
37 99 102.309
37 100 90.117
37 101 126.376
37 102 78.300
37 103 90.159
37 104 92.086
37 105 104.967
37 106 94.082
37 107 135.949
37 108 144.391
37 109 135.017
37 110 134.023
37 111 135.921
37 112 90.256
37 113 129.404
37 114 88.200
37 115 90.124
37 116 86.084
37 117 65.747
37 118 112.844
37 119 129.529
38 39 59.618
38 40 80.058
38 41 115.527
38 42 102.808
38 43 64.479
38 44 78.185
38 45 82.209
38 46 85.446
38 47 96.916
38 48 89.286
38 49 86.286
38 50 81.107
38 51 104.748
38 52 79.179
38 53 88.157
38 54 106.772
38 55 71.791
38 56 126.336
38 57 80.729
38 58 56.636
38 59 118.308
38 60 97.454
38 61 112.180
38 62 75.736
38 63 115.878
38 64 65.304
38 65 77.324
38 66 71.601
38 67 92.940
38 68 103.647
38 69 91.542
38 70 71.548
38 71 68.134
38 72 115.608
38 73 67.852
38 74 50.835
38 75 95.234
38 76 74.280
38 77 84.106
38 78 74.547
38 79 75.806
38 80 98.385
38 81 122.356
38 82 80.446
38 83 92.927
38 84 61.090
38 85 102.767
38 86 125.964
38 87 95.356
38 88 86.074
38 89 106.421
38 90 107.129
38 91 77.930
38 92 74.921
38 93 110.814
38 94 48.771
38 95 64.594
38 96 91.821
38 97 96.249
38 98 78.303
38 99 79.183
38 100 68.933
38 101 119.127
38 102 87.805
38 103 122.644
38 104 91.666
38 105 83.307
38 106 67.141
38 107 79.795
38 108 116.315
38 109 113.052
38 110 125.908
38 111 118.853
38 112 108.286
38 113 104.263
38 114 63.273
38 115 114.383
38 116 87.652
38 117 106.588
38 118 82.981
38 119 117.533
39 40 104.414
39 41 138.991
39 42 111.076
39 43 92.394
39 44 85.441
39 45 96.462
39 46 56.460
39 47 78.007
39 48 113.832
39 49 93.140
39 50 70.059
39 51 107.829
39 52 93.465
39 53 81.031
39 54 105.931
39 55 60.190
39 56 110.465
39 57 111.595
39 58 98.913
39 59 124.115
39 60 103.983
39 61 123.341
39 62 90.819
39 63 112.672
39 64 98.674
39 65 95.159
39 66 85.374
39 67 109.615
39 68 105.251
39 69 131.658
39 70 63.014
39 71 74.703
39 72 107.843
39 73 68.710
39 74 36.484
39 75 98.681
39 76 51.398
39 77 111.419
39 78 79.738
39 79 83.512
39 80 92.106
39 81 127.170
39 82 80.525
39 83 101.163
39 84 54.606
39 85 104.676
39 86 119.136
39 87 138.424
39 88 122.287
39 89 128.071
39 90 115.154
39 91 107.660
39 92 70.544
39 93 138.319
39 94 55.491
39 95 99.312
39 96 110.398
39 97 82.998
39 98 107.216
39 99 116.605
39 100 69.143
39 101 112.925
39 102 111.550
39 103 127.727
39 104 118.429
39 105 83.701
39 106 75.305
39 107 49.044
39 108 118.315
39 109 119.660
39 110 131.371
39 111 111.241
39 112 134.737
39 113 83.425
39 114 52.490
39 115 137.238
39 116 99.570
39 117 119.805
39 118 92.890
39 119 107.338
40 41 91.304
40 42 56.537
40 43 83.964
40 44 91.758
40 45 80.965
40 46 109.247
40 47 103.495
40 48 66.983
40 49 116.203
40 50 54.771
40 51 87.925
40 52 112.448
40 53 51.958
40 54 84.843
40 55 88.893
40 56 103.617
40 57 50.702
40 58 108.349
40 59 111.758
40 60 94.553
40 61 85.889
40 62 97.703
40 63 120.954
40 64 20.946
40 65 99.974
40 66 55.864
40 67 89.423
40 68 69.072
40 69 52.562
40 70 81.655
40 71 92.192
40 72 71.871
40 73 79.986
40 74 109.983
40 75 97.281
40 76 96.052
40 77 110.300
40 78 93.090
40 79 65.061
40 80 112.548
40 81 69.271
40 82 89.210
40 83 64.439
40 84 74.291
40 85 117.334
40 86 114.072
40 87 121.311
40 88 62.429
40 89 88.682
40 90 114.690
40 91 54.684
40 92 94.582
40 93 78.556
40 94 86.798
40 95 92.612
40 96 30.697
40 97 107.778
40 98 107.456
40 99 92.205
40 100 74.855
40 101 63.115
40 102 107.816
40 103 90.111
40 104 68.363
40 105 69.793
40 106 98.964
40 107 89.391
40 108 95.017
40 109 63.371
40 110 55.130
40 111 62.607
40 112 91.898
40 113 105.011
40 114 85.042
40 115 74.310
40 116 47.656
40 117 93.242
40 118 90.872
40 119 133.194
41 42 69.021
41 43 60.348
41 44 107.545
41 45 94.553
41 46 120.673
41 47 95.763
41 48 87.358
41 49 80.068
41 50 116.008
41 51 80.316
41 52 79.971
41 53 101.700
41 54 81.123
41 55 107.331
41 56 84.507
41 57 51.022
41 58 103.934
41 59 49.581
41 60 88.865
41 61 33.275
41 62 109.099
41 63 72.822
41 64 91.505
41 65 71.243
41 66 88.824
41 67 102.621
41 68 85.389
41 69 106.124
41 70 97.496
41 71 84.662
41 72 88.793
41 73 109.629
41 74 131.254
41 75 78.606
41 76 109.468
41 77 77.234
41 78 125.027
41 79 99.157
41 80 86.803
41 81 68.731
41 82 95.841
41 83 65.573
41 84 123.937
41 85 103.634
41 86 81.647
41 87 85.030
41 88 47.025
41 89 107.559
41 90 55.124
41 91 71.759
41 92 109.898
41 93 53.038
41 94 105.745
41 95 65.824
41 96 90.278
41 97 106.495
41 98 96.348
41 99 79.562
41 100 72.426
41 101 100.851
41 102 58.482
41 103 75.610
41 104 43.741
41 105 76.620
41 106 77.759
41 107 132.912
41 108 80.567
41 109 84.282
41 110 99.996
41 111 105.357
41 112 65.318
41 113 95.270
41 114 103.574
41 115 52.872
41 116 57.967
41 117 70.778
41 118 93.374
41 119 88.346
42 43 83.775
42 44 92.614
42 45 72.760
42 46 107.405
42 47 92.702
42 48 51.431
42 49 93.165
42 50 65.235
42 51 84.612
42 52 94.879
42 53 61.277
42 54 47.770
42 55 90.596
42 56 60.509
42 57 60.686
42 58 122.355
42 59 87.540
42 60 87.969
42 61 50.777
42 62 87.717
42 63 85.657
42 64 64.431
42 65 90.233
42 66 52.846
42 67 109.568
42 68 36.376
42 69 80.464
42 70 73.790
42 71 95.503
42 72 31.522
42 73 102.160
42 74 111.128
42 75 94.065
42 76 96.620
42 77 92.853
42 78 107.717
42 79 50.051
42 80 76.517
42 81 37.388
42 82 76.302
42 83 66.288
42 84 96.580
42 85 114.217
42 86 83.210
42 87 120.023
42 88 58.224
42 89 116.106
42 90 92.500
42 91 47.461
42 92 107.434
42 93 66.842
42 94 97.573
42 95 92.468
42 96 37.950
42 97 108.056
42 98 119.570
42 99 98.732
42 100 60.538
42 101 51.618
42 102 96.128
42 103 54.521
42 104 73.658
42 105 70.080
42 106 86.629
42 107 103.768
42 108 80.375
42 109 64.009
42 110 55.109
42 111 54.595
42 112 100.066
42 113 69.977
42 114 77.842
42 115 74.806
42 116 29.025
42 117 68.540
42 118 105.841
42 119 108.037
43 44 77.862
43 45 77.824
43 46 83.299
43 47 69.647
43 48 87.703
43 49 51.636
43 50 96.314
43 51 73.703
43 52 46.117
43 53 87.920
43 54 85.609
43 55 70.395
43 56 94.733
43 57 49.513
43 58 53.634
43 59 59.308
43 60 72.544
43 61 63.967
43 62 83.701
43 63 71.331
43 64 75.284
43 65 35.863
43 66 72.749
43 67 79.275
43 68 90.282
43 69 103.040
43 70 69.882
43 71 37.131
43 72 99.484
43 73 68.849
43 74 82.390
43 75 57.494
43 76 70.356
43 77 56.864
43 78 88.246
43 79 85.339
43 80 74.254
43 81 93.018
43 82 71.864
43 83 58.960
43 84 84.919
43 85 75.622
43 86 86.401
43 87 66.841
43 88 56.203
43 89 89.851
43 90 47.846
43 91 69.103
43 92 69.274
43 93 75.044
43 94 58.723
43 95 18.195
43 96 92.779
43 97 73.847
43 98 53.627
43 99 58.456
43 100 43.848
43 101 107.691
43 102 30.627
43 103 93.566
43 104 45.198
43 105 56.168
43 106 34.302
43 107 96.289
43 108 85.257
43 109 92.777
43 110 114.902
43 111 110.562
43 112 63.359
43 113 84.941
43 114 68.497
43 115 72.862
43 116 62.133
43 117 75.694
43 118 57.237
43 119 71.912
44 45 31.126
44 46 111.018
44 47 85.002
44 48 85.249
44 49 87.019
44 50 78.536
44 51 125.940
44 52 75.600
44 53 95.230
44 54 63.443
44 55 39.132
44 56 102.448
44 57 98.181
44 58 111.928
44 59 102.022
44 60 35.128
44 61 89.307
44 62 49.982
44 63 84.515
44 64 80.441
44 65 56.621
44 66 45.781
44 67 135.570
44 68 67.987
44 69 118.194
44 70 103.236
44 71 76.003
44 72 102.522
44 73 88.615
44 74 73.783
44 75 114.978
44 76 95.510
44 77 86.605
44 78 28.631
44 79 71.478
44 80 95.018
44 81 93.723
44 82 25.165
44 83 84.973
44 84 58.581
44 85 52.220
44 86 75.182
44 87 128.181
44 88 92.216
44 89 85.899
44 90 97.175
44 91 75.370
44 92 108.423
44 93 79.523
44 94 99.293
44 95 86.289
44 96 91.894
44 97 75.502
44 98 66.548
44 99 126.556
44 100 62.820
44 101 98.273
44 102 83.328
44 103 73.690
44 104 97.544
44 105 72.079
44 106 81.056
44 107 88.001
44 108 137.866
44 109 127.599
44 110 125.689
44 111 111.506
44 112 88.517
44 113 103.027
44 114 41.496
44 115 90.696
44 116 75.996
44 117 55.475
44 118 84.404
44 119 99.573
45 46 119.464
45 47 96.079
45 48 57.375
45 49 83.216
45 50 76.606
45 51 124.619
45 52 72.826
45 53 93.577
45 54 45.634
45 55 59.362
45 56 95.061
45 57 88.605
45 58 113.727
45 59 100.887
45 60 47.058
45 61 76.296
45 62 34.148
45 63 80.529
45 64 70.130
45 65 60.097
45 66 28.091
45 67 137.500
45 68 48.336
45 69 99.162
45 70 99.908
45 71 87.397
45 72 88.785
45 73 101.819
45 74 81.605
45 75 118.058
45 76 104.540
45 77 73.752
45 78 55.075
45 79 51.085
45 80 84.769
45 81 79.822
45 82 27.269
45 83 86.288
45 84 74.218
45 85 74.034
45 86 75.465
45 87 118.557
45 88 73.759
45 89 98.449
45 90 96.814
45 91 51.108
45 92 118.072
45 93 61.962
45 94 103.714
45 95 83.692
45 96 72.482
45 97 94.675
45 98 81.650
45 99 118.388
45 100 62.088
45 101 90.645
45 102 82.017
45 103 55.685
45 104 93.269
45 105 78.106
45 106 81.757
45 107 101.818
45 108 131.467
45 109 119.881
45 110 113.321
45 111 103.734
45 112 91.967
45 113 96.886
45 114 47.706
45 115 84.958
45 116 63.536
45 117 38.478
45 118 98.994
45 119 105.625
46 47 51.419
46 48 129.378
46 49 87.982
46 50 84.969
46 51 66.329
46 52 95.488
46 53 72.131
46 54 112.441
46 55 76.401
46 56 91.031
46 57 98.734
46 58 96.642
46 59 96.581
46 60 112.291
46 61 108.738
46 62 121.500
46 63 101.750
46 64 110.415
46 65 96.790
46 66 104.849
46 67 77.226
46 68 113.763
46 69 143.087
46 70 44.674
46 71 58.933
46 72 98.719
46 73 57.208
46 74 77.741
46 75 56.656
46 76 17.200
46 77 117.793
46 78 109.980
46 79 104.654
46 80 86.820
46 81 118.115
46 82 100.339
46 83 81.598
46 84 80.585
46 85 108.721
46 86 110.949
46 87 133.156
46 88 120.467
46 89 127.725
46 90 91.344
46 91 118.796
46 92 36.906
46 93 139.306
46 94 43.906
46 95 93.804
46 96 118.714
46 97 69.654
46 98 112.511
46 99 101.888
46 100 63.591
46 101 107.550
46 102 102.739
46 103 130.236
46 104 99.573
46 105 68.405
46 106 65.563
46 107 55.799
46 108 77.990
46 109 93.078
46 110 119.922
46 111 100.922
46 112 124.031
46 113 65.637
46 114 76.951
46 115 126.477
46 116 93.455
46 117 127.102
46 118 76.809
46 119 82.719
47 48 120.586
47 49 77.487
47 50 82.161
47 51 68.072
47 52 81.596
47 53 70.216
47 54 83.872
47 55 51.942
47 56 64.514
47 57 89.139
47 58 107.785
47 59 61.361
47 60 72.802
47 61 77.572
47 62 109.118
47 63 68.606
47 64 104.742
47 65 70.346
47 66 88.102
47 67 92.175
47 68 90.139
47 69 144.385
47 70 67.813
47 71 41.524
47 72 85.013
47 73 57.019
47 74 89.128
47 75 53.852
47 76 41.047
47 77 107.278
47 78 89.264
47 79 100.144
47 80 80.322
47 81 88.771
47 82 74.126
47 83 53.632
47 84 74.394
47 85 68.059
47 86 65.366
47 87 132.852
47 88 107.010
47 89 98.641
47 90 62.666
47 91 107.073
47 92 56.887
47 93 108.814
47 94 70.625
47 95 85.682
47 96 110.737
47 97 30.447
47 98 88.644
47 99 111.908
47 100 44.849
47 101 87.532
47 102 80.726
47 103 95.701
47 104 79.859
47 105 37.672
47 106 60.284
47 107 62.099
47 108 83.256
47 109 90.623
47 110 111.043
47 111 90.378
47 112 90.088
47 113 63.582
47 114 63.959
47 115 92.896
47 116 72.646
47 117 93.285
47 118 53.801
47 119 50.637
48 49 92.916
48 50 83.098
48 51 119.181
48 52 88.322
48 53 93.734
48 54 62.603
48 55 99.559
48 56 100.791
48 57 75.740
48 58 113.258
48 59 113.975
48 60 95.013
48 61 78.323
48 62 58.316
48 63 100.792
48 64 60.278
48 65 89.083
48 66 46.103
48 67 131.212
48 68 54.607
48 69 60.019
48 70 92.223
48 71 109.565
48 72 78.092
48 73 119.970
48 74 100.571
48 75 121.867
48 76 117.560
48 77 73.089
48 78 102.592
48 79 35.645
48 80 83.758
48 81 79.377
48 82 74.270
48 83 98.133
48 84 102.642
48 85 122.145
48 86 107.029
48 87 104.343
48 88 51.999
48 89 127.764
48 90 110.425
48 91 22.053
48 92 127.836
48 93 67.778
48 94 105.895
48 95 88.082
48 96 45.456
48 97 129.767
48 98 115.800
48 99 98.061
48 100 77.284
48 101 92.568
48 102 96.892
48 103 71.608
48 104 93.587
48 105 97.872
48 106 92.067
48 107 122.754
48 108 116.638
48 109 104.363
48 110 94.969
48 111 97.519
48 112 113.203
48 113 96.268
48 114 78.872
48 115 95.726
48 116 61.165
48 117 68.113
48 118 124.088
48 119 128.680
49 50 111.719
49 51 97.968
49 52 17.943
49 53 109.765
49 54 81.483
49 55 81.605
49 56 86.355
49 57 88.519
49 58 79.176
49 59 67.298
49 60 86.482
49 61 72.612
49 62 75.480
49 63 47.257
49 64 108.420
49 65 44.537
49 66 85.327
49 67 115.708
49 68 94.124
49 69 129.693
49 70 74.041
49 71 65.019
49 72 103.909
49 73 101.992
49 74 73.694
49 75 81.472
49 76 80.652
49 77 41.005
49 78 105.635
49 79 85.599
49 80 37.227
49 81 107.997
49 82 70.801
49 83 92.192
49 84 106.990
49 85 88.160
49 86 82.189
49 87 79.651
49 88 82.474
49 89 132.332
49 90 48.536
49 91 84.157
49 92 95.049
49 93 96.971
49 94 77.355
49 95 50.333
49 96 112.835
49 97 90.930
49 98 85.833
49 99 84.542
49 100 52.238
49 101 124.556
49 102 42.897
49 103 95.755
49 104 88.192
49 105 83.421
49 106 28.004
49 107 113.122
49 108 99.882
49 109 119.233
49 110 138.188
49 111 127.823
49 112 104.094
49 113 65.780
49 114 67.081
49 115 107.919
49 116 83.259
49 117 77.891
49 118 95.619
49 119 55.579
50 51 94.552
50 52 110.907
50 53 33.777
50 54 73.588
50 55 63.171
50 56 85.289
50 57 85.585
50 58 123.505
50 59 115.841
50 60 87.834
50 61 96.180
50 62 90.334
50 63 111.852
50 64 60.342
50 65 101.572
50 66 52.539
50 67 105.597
50 68 60.224
50 69 96.235
50 70 68.633
50 71 87.743
50 72 59.442
50 73 71.467
50 74 86.233
50 75 100.022
50 76 73.615
50 77 119.554
50 78 76.555
50 79 56.088
50 80 99.971
50 81 75.924
50 82 71.933
50 83 71.969
50 84 47.787
50 85 106.998
50 86 101.325
50 87 147.470
50 88 97.060
50 89 103.605
50 90 117.637
50 91 77.786
50 92 86.348
50 93 104.308
50 94 80.939
50 95 108.162
50 96 56.758
50 97 88.819
50 98 115.851
50 99 118.884
50 100 64.022
50 101 50.606
50 102 118.113
50 103 89.185
50 104 96.358
50 105 63.253
50 106 94.733
50 107 52.252
50 108 102.332
50 109 79.441
50 110 70.652
50 111 51.060
50 112 114.320
50 113 82.304
50 114 58.574
50 115 100.677
50 116 59.135
50 117 96.161
50 118 92.140
50 119 120.469
51 52 104.947
51 53 64.693
51 54 108.994
51 55 100.850
51 56 82.445
51 57 60.601
51 58 99.096
51 59 72.150
51 60 114.360
51 61 80.177
51 62 136.126
51 63 101.953
51 64 95.965
51 65 99.703
51 66 105.956
51 67 44.305
51 68 106.777
51 69 120.797
51 70 58.366
51 71 68.034
51 72 82.458
51 73 69.121
51 74 120.172
51 75 27.822
51 76 62.172
51 77 117.102
51 78 130.116
51 79 109.672
51 80 97.153
51 81 89.413
51 82 114.464
51 83 53.142
51 84 104.303
51 85 119.414
51 86 107.255
51 87 116.534
51 88 91.536
51 89 113.086
51 90 77.346
51 91 104.570
51 92 53.994
51 93 112.892
51 94 66.825
51 95 85.585
51 96 99.960
51 97 87.030
51 98 114.998
51 99 77.116
51 100 69.255
51 101 90.340
51 102 94.052
51 103 116.441
51 104 58.734
51 105 59.712
51 106 77.141
51 107 90.690
51 108 26.136
51 109 44.138
51 110 84.824
51 111 81.123
51 112 96.289
51 113 78.036
51 114 102.723
51 115 90.536
51 116 70.425
51 117 119.050
51 118 73.130
51 119 90.905
52 53 111.775
52 54 79.905
52 55 76.182
52 56 94.687
52 57 86.575
52 58 74.404
52 59 71.422
52 60 77.142
52 61 73.869
52 62 65.066
52 63 51.987
52 64 102.071
52 65 32.104
52 66 78.621
52 67 118.552
52 68 92.236
52 69 124.499
52 70 81.770
52 71 63.079
52 72 108.848
52 73 100.198
52 74 70.450
52 75 87.697
52 76 85.755
52 77 31.940
52 78 94.677
52 79 83.352
52 80 49.930
52 81 108.336
52 82 62.989
52 83 91.638
52 84 101.409
52 85 79.030
52 86 81.994
52 87 75.144
52 88 77.285
52 89 123.052
52 90 52.882
52 91 78.115
52 92 97.999
52 93 88.818
52 94 79.694
52 95 43.273
52 96 110.240
52 97 89.375
52 98 72.365
52 99 85.450
52 100 53.203
52 101 125.648
52 102 35.094
52 103 92.724
52 104 85.743
52 105 82.730
52 106 32.147
52 107 113.281
52 108 109.558
52 109 123.780
52 110 140.227
52 111 130.832
52 112 96.037
52 113 78.062
52 114 62.991
52 115 102.456
52 116 82.471
52 117 69.967
52 118 91.624
52 119 63.276
53 54 82.052
53 55 72.680
53 56 75.824
53 57 69.608
53 58 117.099
53 59 99.994
53 60 94.140
53 61 85.942
53 62 109.335
53 63 108.626
53 64 63.903
53 65 101.672
53 66 68.763
53 67 79.632
53 68 70.659
53 69 98.805
53 70 57.233
53 71 77.731
53 72 52.240
53 73 59.223
53 74 100.019
53 75 75.557
53 76 61.868
53 77 122.060
53 78 94.417
53 79 73.374
53 80 99.565
53 81 67.884
53 82 86.513
53 83 51.956
53 84 62.155
53 85 109.762
53 86 99.546
53 87 140.608
53 88 91.731
53 89 98.594
53 90 104.990
53 91 83.849
53 92 68.112
53 93 103.441
53 94 71.681
53 95 101.700
53 96 61.699
53 97 81.877
53 98 115.535
53 99 105.013
53 100 60.146
53 101 44.164
53 102 111.888
53 103 93.830
53 104 78.019
53 105 49.067
53 106 89.336
53 107 53.589
53 108 73.986
53 109 49.149
53 110 53.795
53 111 35.768
53 112 103.568
53 113 75.912
53 114 73.242
53 115 89.192
53 116 50.794
53 117 102.651
53 118 78.867
53 119 110.963
54 55 70.187
54 56 55.597
54 57 87.317
54 58 130.938
54 59 83.001
54 60 57.872
54 61 51.687
54 62 65.024
54 63 60.688
54 64 84.536
54 65 72.071
54 66 44.019
54 67 135.464
54 68 21.255
54 69 110.840
54 70 90.713
54 71 91.859
54 72 55.276
54 73 107.922
54 74 99.429
54 75 107.695
54 76 100.014
54 77 84.689
54 78 85.815
54 79 53.102
54 80 67.851
54 81 49.755
54 82 43.218
54 83 76.306
54 84 90.629
54 85 85.614
54 86 50.822
54 87 130.256
54 88 77.410
54 89 113.216
54 90 85.478
54 91 59.902
54 92 117.931
54 93 63.674
54 94 108.888
54 95 95.145
54 96 68.948
54 97 93.691
54 98 106.238
54 99 122.582
54 100 55.592
54 101 66.879
54 102 87.717
54 103 25.314
54 104 90.472
54 105 70.873
54 106 82.675
54 107 103.561
54 108 110.174
54 109 101.244
54 110 93.159
54 111 80.326
54 112 98.180
54 113 70.669
54 114 58.026
54 115 80.423
54 116 48.345
54 117 36.633
54 118 104.992
54 119 90.937
55 56 86.582
55 57 92.026
55 58 104.251
55 59 89.651
55 60 46.263
55 61 87.514
55 62 73.396
55 63 80.000
55 64 82.800
55 65 59.234
55 66 56.987
55 67 111.996
55 68 73.716
55 69 126.065
55 70 79.940
55 71 51.585
55 72 91.229
55 73 58.674
55 74 63.229
55 75 88.878
55 76 61.187
55 77 96.690
55 78 38.952
55 79 76.742
55 80 87.265
55 81 91.006
55 82 38.786
55 83 66.835
55 84 38.068
55 85 49.785
55 86 71.094
55 87 131.791
55 88 99.437
55 89 83.100
55 90 86.026
55 91 87.620
55 92 76.646
55 93 95.833
55 94 75.193
55 95 83.526
55 96 94.867
55 97 43.607
55 98 69.640
55 99 118.632
55 100 45.161
55 101 86.616
55 102 83.066
55 103 84.760
55 104 89.260
55 105 47.882
55 106 66.890
55 107 53.922
55 108 115.622
55 109 109.147
55 110 115.301
55 111 95.485
55 112 88.713
55 113 83.108
55 114 30.308
55 115 92.374
55 116 70.343
55 117 74.820
55 118 61.019
55 119 81.140
56 57 94.334
56 58 139.723
56 59 67.599
56 60 88.427
56 61 55.413
56 62 108.976
56 63 59.535
56 64 110.690
56 65 92.002
56 66 85.030
56 67 121.465
56 68 62.409
56 69 137.672
56 70 77.892
56 71 90.399
56 72 44.750
56 73 105.414
56 74 115.418
56 75 85.148
56 76 84.602
56 77 108.521
56 78 118.330
56 79 85.750
56 80 65.024
56 81 57.190
56 82 80.926
56 83 71.555
56 84 107.609
56 85 103.231
56 86 54.997
56 87 143.467
56 88 100.459
56 89 130.762
56 90 76.163
56 91 95.639
56 92 104.053
56 93 98.007
56 94 104.984
56 95 107.307
56 96 94.069
56 97 88.106
56 98 127.630
56 99 124.380
56 100 60.145
56 101 66.740
56 102 98.824
56 103 65.250
56 104 92.986
56 105 67.670
56 106 83.577
56 107 100.286
56 108 79.099
56 109 83.360
56 110 89.235
56 111 70.719
56 112 111.752
56 113 43.478
56 114 80.546
56 115 94.793
56 116 61.193
56 117 80.830
56 118 104.381
56 119 72.506
57 58 79.900
57 59 75.676
57 60 90.731
57 61 60.335
57 62 101.961
57 63 97.090
57 64 51.249
57 65 76.086
57 66 71.530
57 67 66.026
57 68 81.865
57 69 71.325
57 70 72.251
57 71 69.375
57 72 80.518
57 73 76.496
57 74 110.671
57 75 64.492
57 76 86.375
57 77 84.907
57 78 106.108
57 79 81.177
57 80 94.190
57 81 71.427
57 82 91.548
57 83 48.597
57 84 92.918
57 85 106.155
57 86 101.337
57 87 83.263
57 88 36.456
57 89 88.443
57 90 77.003
57 91 56.580
57 92 79.891
57 93 65.838
57 94 73.419
57 95 57.079
57 96 62.932
57 97 97.199
57 98 88.022
57 99 54.900
57 100 61.300
57 101 84.924
57 102 71.433
57 103 90.072
57 104 26.277
57 105 59.752
57 106 72.028
57 107 102.531
57 108 67.857
57 109 57.065
57 110 76.159
57 111 83.889
57 112 66.595
57 113 93.710
57 114 89.039
57 115 56.289
57 116 43.335
57 117 85.572
57 118 73.460
57 119 104.623
58 59 107.499
58 60 118.404
58 61 114.275
58 62 106.953
58 63 117.044
58 64 95.991
58 65 78.615
58 66 107.132
58 67 82.352
58 68 132.643
58 69 111.385
58 70 85.503
58 71 69.997
58 72 138.591
58 73 87.094
58 74 86.213
58 75 83.660
58 76 89.157
58 77 77.054
58 78 114.676
58 79 111.285
58 80 103.899
58 81 140.162
58 82 110.615
58 83 102.688
58 84 106.072
58 85 116.203
58 86 137.949
58 87 56.332
58 88 86.759
58 89 121.435
58 90 92.282
58 91 98.321
58 92 79.649
58 93 119.016
58 94 58.216
58 95 43.443
58 96 121.330
58 97 110.210
58 98 78.232
58 99 48.884
58 100 85.422
58 101 148.026
58 102 70.558
58 103 142.365
58 104 84.510
58 105 99.092
58 106 62.811
58 107 116.028
58 108 109.370
58 109 121.390
58 110 147.529
58 111 146.028
58 112 105.114
58 113 116.747
58 114 98.831
58 115 118.946
58 116 105.431
58 117 122.466
58 118 87.673
58 119 111.227
59 60 78.185
59 61 43.617
59 62 115.264
59 63 47.857
59 64 112.212
59 65 60.923
59 66 98.359
59 67 102.099
59 68 93.790
59 69 140.410
59 70 91.210
59 71 62.876
59 72 93.019
59 73 95.489
59 74 120.649
59 75 59.261
59 76 87.170
59 77 87.644
59 78 117.496
59 79 111.029
59 80 77.437
59 81 79.952
59 82 88.682
59 83 59.164
59 84 115.481
59 85 79.717
59 86 57.512
59 87 105.843
59 88 83.967
59 89 106.510
59 90 22.073
59 91 98.644
59 92 92.186
59 93 81.823
59 94 97.457
59 95 71.031
59 96 114.101
59 97 74.199
59 98 88.547
59 99 97.987
59 100 60.759
59 101 103.717
59 102 52.842
59 103 83.113
59 104 59.030
59 105 61.420
59 106 63.546
59 107 115.844
59 108 78.821
59 109 93.761
59 110 116.337
59 111 108.885
59 112 69.052
59 113 79.090
59 114 93.006
59 115 69.817
59 116 70.155
59 117 77.537
59 118 74.794
59 119 44.555
60 61 69.581
60 62 74.006
60 63 69.270
60 64 87.929
60 65 50.144
60 66 57.949
60 67 130.262
60 68 66.222
60 69 127.225
60 70 107.308
60 71 69.495
60 72 96.469
60 73 87.906
60 74 97.060
60 75 103.159
60 76 96.402
60 77 91.072
60 78 51.861
60 79 86.495
60 80 95.871
60 81 77.167
60 82 37.881
60 83 67.797
60 84 73.387
60 85 33.619
60 86 49.497
60 87 128.884
60 88 88.319
60 89 72.025
60 90 78.933
60 91 81.286
60 92 106.761
60 93 64.671
60 94 106.096
60 95 84.839
60 96 96.125
60 97 62.435
60 98 62.123
60 99 126.676
60 100 60.018
60 101 89.963
60 102 73.128
60 103 58.888
60 104 82.123
60 105 58.660
60 106 81.025
60 107 94.907
60 108 127.215
60 109 117.775
60 110 118.513
60 111 105.375
60 112 65.035
60 113 100.789
60 114 58.232
60 115 67.220
60 116 67.202
60 117 43.271
60 118 72.339
60 119 83.386
61 62 94.196
61 63 51.864
61 64 87.837
61 65 63.889
61 66 70.843
61 67 110.039
61 68 58.892
61 69 110.414
61 70 87.289
61 71 78.420
61 72 64.768
61 73 102.237
61 74 117.852
61 75 78.791
61 76 97.007
61 77 77.871
61 78 108.885
61 79 81.666
61 80 70.166
61 81 45.720
61 82 73.338
61 83 55.732
61 84 108.270
61 85 88.626
61 86 53.254
61 87 104.840
61 88 56.975
61 89 104.735
61 90 52.246
61 91 65.708
61 92 105.385
61 93 50.288
61 94 102.066
61 95 74.103
61 96 79.583
61 97 90.699
61 98 96.785
61 99 95.985
61 100 54.756
61 101 78.387
61 102 63.017
61 103 47.985
61 104 55.163
61 105 61.450
61 106 71.460
61 107 115.750
61 108 80.642
61 109 80.634
61 110 89.135
61 111 86.234
61 112 71.014
61 113 73.852
61 114 82.924
61 115 53.203
61 116 40.954
61 117 50.547
61 118 89.392
61 119 74.326
62 63 87.609
62 64 84.103
62 65 66.774
62 66 47.494
62 67 146.177
62 68 69.612
62 69 103.743
62 70 99.347
62 71 96.592
62 72 104.121
62 73 114.265
62 74 65.764
62 75 127.623
62 76 109.079
62 77 61.431
62 78 70.609
62 79 50.379
62 80 77.304
62 81 105.177
62 82 43.322
62 83 108.213
62 84 86.677
62 85 92.532
62 86 96.322
62 87 110.855
62 88 83.360
62 89 124.797
62 90 105.347
62 91 58.900
62 92 124.899
62 93 85.608
62 94 102.183
62 95 83.619
62 96 87.153
62 97 111.074
62 98 92.523
62 99 116.293
62 100 71.410
62 101 114.334
62 102 86.053
62 103 80.847
62 104 110.555
62 105 97.993
62 106 79.074
62 107 112.110
62 108 140.253
62 109 135.809
62 110 133.159
62 111 123.446
62 112 115.645
62 113 97.934
62 114 51.012
62 115 112.110
62 116 83.536
62 117 61.393
62 118 115.874
62 119 112.145
63 64 117.992
63 65 52.681
63 66 85.968
63 67 131.749
63 68 79.028
63 69 144.861
63 70 92.613
63 71 75.884
63 72 90.342
63 73 111.045
63 74 101.246
63 75 89.113
63 76 92.788
63 77 70.633
63 78 106.957
63 79 93.427
63 80 49.540
63 81 85.679
63 82 64.905
63 83 83.610
63 84 113.011
63 85 74.831
63 86 41.566
63 87 113.298
63 88 91.804
63 89 126.192
63 90 42.380
63 91 92.275
63 92 110.094
63 93 85.406
63 94 104.514
63 95 78.951
63 96 114.065
63 97 82.476
63 98 95.527
63 99 114.821
63 100 56.239
63 101 108.048
63 102 57.734
63 103 68.289
63 104 89.832
63 105 76.416
63 106 59.037
63 107 117.498
63 108 103.845
63 109 117.345
63 110 129.764
63 111 116.398
63 112 95.798
63 113 64.535
63 114 73.339
63 115 93.351
63 116 76.377
63 117 58.817
63 118 97.731
63 119 40.138
64 65 89.570
64 66 48.117
64 67 93.328
64 68 71.325
64 69 47.568
64 70 83.387
64 71 86.919
64 72 83.650
64 73 78.815
64 74 98.876
64 75 100.027
64 76 96.223
64 77 98.233
64 78 81.768
64 79 60.387
64 80 109.432
64 81 79.247
64 82 80.953
64 83 69.732
64 84 68.683
64 85 109.699
64 86 114.158
64 87 109.843
64 88 56.060
64 89 84.836
64 90 111.770
64 91 45.933
64 92 94.844
64 93 73.942
64 94 82.353
64 95 81.658
64 96 38.477
64 97 106.030
64 98 94.260
64 99 86.682
64 100 71.932
64 101 77.660
64 102 98.659
64 103 91.030
64 104 68.656
64 105 72.015
64 106 91.972
64 107 90.771
64 108 104.467
64 109 79.292
64 110 75.280
64 111 79.752
64 112 87.774
64 113 108.113
64 114 77.604
64 115 75.949
64 116 52.622
64 117 87.165
64 118 87.898
64 119 131.022
65 66 67.686
65 67 111.969
65 68 83.200
65 69 120.280
65 70 87.999
65 71 48.726
65 72 104.507
65 73 85.042
65 74 78.385
65 75 82.078
65 76 83.129
65 77 50.581
65 78 74.374
65 79 84.740
65 80 69.646
65 81 94.366
65 82 50.401
65 83 72.290
65 84 86.118
65 85 51.782
65 86 66.699
65 87 85.251
65 88 70.875
65 89 93.242
65 90 48.165
65 91 73.687
65 92 91.308
65 93 70.577
65 94 81.519
65 95 42.062
65 96 102.419
65 97 69.581
65 98 46.482
65 99 91.012
65 100 46.421
65 101 112.115
65 102 27.750
65 103 79.768
65 104 69.123
65 105 63.961
65 106 42.109
65 107 102.651
65 108 110.043
65 109 115.682
65 110 129.748
65 111 120.492
65 112 67.837
65 113 87.283
65 114 57.590
65 115 78.302
65 116 70.337
65 117 54.817
65 118 69.130
65 119 62.117
66 67 118.150
66 68 36.293
66 69 80.380
66 70 80.613
66 71 80.787
66 72 68.567
66 73 86.926
66 74 78.538
66 75 104.206
66 76 90.179
66 77 79.576
66 78 60.114
66 79 32.813
66 80 81.245
66 81 66.042
66 82 38.146
66 83 71.548
66 84 61.659
66 85 84.867
66 86 80.711
66 87 116.441
66 88 63.612
66 89 94.290
66 90 96.403
66 91 38.039
66 92 102.389
66 93 63.516
66 94 88.080
66 95 80.638
66 96 47.657
66 97 91.036
66 98 88.363
66 99 105.029
66 100 51.279
66 101 69.997
66 102 85.919
66 103 57.494
66 104 81.280
66 105 64.927
66 106 77.206
66 107 85.741
66 108 112.093
66 109 96.189
66 110 88.692
66 111 79.899
66 112 90.953
66 113 84.886
66 114 43.581
66 115 78.684
66 116 44.403
66 117 51.915
66 118 91.098
66 119 107.146
67 68 130.542
67 69 115.505
67 70 73.032
67 71 74.799
67 72 113.565
67 73 62.832
67 74 122.563
67 75 49.098
67 76 72.866
67 77 127.766
67 78 132.978
67 79 123.498
67 80 123.165
67 81 118.267
67 82 130.745
67 83 72.973
67 84 104.265
67 85 132.150
67 86 137.971
67 87 112.424
67 88 99.955
67 89 110.114
67 90 101.987
67 91 114.698
67 92 48.390
67 93 128.370
67 94 60.295
67 95 87.188
67 96 110.820
67 97 100.980
67 98 112.455
67 99 67.842
67 100 89.314
67 101 114.722
67 102 105.804
67 103 143.579
67 104 68.037
67 105 78.411
67 106 90.400
67 107 94.784
67 108 61.925
67 109 65.970
67 110 103.582
67 111 104.837
67 112 102.841
67 113 110.076
67 114 115.968
67 115 105.375
67 116 92.215
67 117 140.107
67 118 73.259
67 119 118.557
68 69 96.848
68 70 88.541
68 71 96.570
68 72 45.449
68 73 104.739
68 74 102.665
68 75 109.705
68 76 101.022
68 77 94.099
68 78 85.780
68 79 44.486
68 80 79.212
68 81 42.190
68 82 51.937
68 83 73.851
68 84 85.070
68 85 96.121
68 86 66.952
68 87 134.290
68 88 74.224
68 89 109.791
68 90 97.623
68 91 52.957
68 92 116.767
68 93 64.333
68 94 107.594
68 95 100.164
68 96 50.790
68 97 99.429
68 98 112.063
68 99 121.159
68 100 60.168
68 101 52.578
68 102 98.276
68 103 33.214
68 104 89.095
68 105 70.611
68 106 90.719
68 107 98.877
68 108 107.889
68 109 91.368
68 110 76.820
68 111 65.912
68 112 100.445
68 113 76.522
68 114 61.916
68 115 78.693
68 116 41.241
68 117 49.100
68 118 106.263
68 119 105.782
69 70 106.437
69 71 124.745
69 72 105.209
69 73 120.624
69 74 126.550
69 75 129.169
69 76 131.730
69 77 109.084
69 78 123.684
69 79 77.295
69 80 127.454
69 81 104.342
69 82 115.776
69 83 107.790
69 84 112.985
69 85 150.929
69 86 148.004
69 87 109.391
69 88 62.813
69 89 125.876
69 90 138.618
69 91 56.263
69 92 129.413
69 93 92.550
69 94 110.075
69 95 102.395
69 96 51.970
69 97 150.127
69 98 129.252
69 99 89.754
69 100 106.222
69 101 108.254
69 102 122.570
69 103 115.470
69 104 95.069
69 105 113.600
69 106 118.553
69 107 132.421
69 108 121.084
69 109 98.668
69 110 91.112
69 111 106.469
69 112 120.465
69 113 131.617
69 114 113.465
69 115 104.915
69 116 82.839
69 117 112.827
69 118 129.763
69 119 162.927
70 71 65.956
70 72 72.123
70 73 69.142
70 74 72.924
70 75 59.097
70 76 41.569
70 77 93.396
70 78 108.747
70 79 71.590
70 80 64.276
70 81 96.016
70 82 88.527
70 83 73.828
70 84 81.504
70 85 115.495
70 86 106.267
70 87 109.331
70 88 88.297
70 89 127.929
70 90 85.696
70 91 84.515
70 92 55.524
70 93 115.474
70 94 38.146
70 95 77.151
70 96 84.722
70 97 88.980
70 98 112.675
70 99 75.254
70 100 48.617
70 101 90.351
70 102 91.375
70 103 109.209
70 104 83.235
70 105 66.197
70 106 54.517
70 107 70.591
70 108 59.578
70 109 71.358
70 110 94.231
70 111 81.980
70 112 117.434
70 113 47.821
70 114 67.296
70 115 111.421
70 116 67.556
70 117 107.900
70 118 87.381
70 119 90.247
71 72 100.456
71 73 43.079
71 74 76.293
71 75 46.794
71 76 44.756
71 77 85.640
71 78 78.478
71 79 95.760
71 80 82.935
71 81 98.367
71 82 71.825
71 83 52.195
71 84 67.717
71 85 62.596
71 86 82.279
71 87 100.555
71 88 86.605
71 89 82.873
71 90 55.481
71 91 92.199
71 92 45.105
71 93 96.725
71 94 49.975
71 95 52.091
71 96 105.006
71 97 41.526
71 98 56.124
71 99 83.426
71 100 41.064
71 101 102.687
71 102 55.578
71 103 102.546
71 104 60.357
71 105 40.167
71 106 41.033
71 107 69.905
71 108 86.464
71 109 93.432
71 110 117.463
71 111 105.113
71 112 70.950
71 113 80.898
71 114 61.605
71 115 83.560
71 116 70.750
71 117 89.386
71 118 32.851
71 119 61.705
72 73 101.987
72 74 115.883
72 75 94.546
72 76 90.519
72 77 114.051
72 78 114.607
72 79 64.020
72 80 81.205
72 81 41.902
72 82 84.468
72 83 69.687
72 84 97.250
72 85 119.597
72 86 82.636
72 87 143.562
72 88 87.101
72 89 125.517
72 90 100.647
72 91 75.912
72 92 105.431
72 93 91.552
72 94 101.582
72 95 111.017
72 96 57.859
72 97 104.152
72 98 134.184
72 99 117.080
72 100 65.829
72 101 37.671
72 102 112.688
72 103 65.279
72 104 89.426
72 105 70.237
72 106 95.579
72 107 94.357
72 108 77.601
72 109 61.777
72 110 51.756
72 111 36.853
72 112 114.947
72 113 60.047
72 114 81.407
72 115 90.546
72 116 45.046
72 117 85.469
72 118 109.794
72 119 107.053
73 74 86.382
73 75 60.145
73 76 43.631
73 77 118.040
73 78 78.815
73 79 101.595
73 80 110.828
73 81 104.396
73 82 89.477
73 83 55.147
73 84 49.120
73 85 85.917
73 86 107.011
73 87 127.369
73 88 102.563
73 89 75.877
73 90 94.248
73 91 103.443
73 92 31.859
73 93 114.619
73 94 50.039
73 95 82.864
73 96 100.810
73 97 52.178
73 98 79.606
73 99 97.334
73 100 62.366
73 101 93.493
73 102 94.734
73 103 119.068
73 104 73.507
73 105 44.907
73 106 75.357
73 107 43.325
73 108 91.464
73 109 84.165
73 110 105.162
73 111 92.065
73 112 86.858
73 113 97.276
73 114 73.613
73 115 94.231
73 116 78.208
73 117 112.893
73 118 35.782
73 119 98.319
74 75 107.273
74 76 70.566
74 77 85.264
74 78 75.939
74 79 75.713
74 80 79.097
74 81 130.358
74 82 68.681
74 83 109.156
74 84 68.892
74 85 98.371
74 86 115.360
74 87 118.323
74 88 111.336
74 89 132.331
74 90 107.142
74 91 95.776
74 92 88.356
74 93 127.549
74 94 63.880
74 95 84.061
74 96 111.504
74 97 92.777
74 98 95.191
74 99 109.346
74 100 67.501
74 101 125.979
74 102 95.108
74 103 121.187
74 104 117.972
74 105 92.679
74 106 63.616
74 107 78.697
74 108 128.326
74 109 133.202
74 110 144.027
74 111 127.569
74 112 131.182
74 113 86.810
74 114 45.736
74 115 135.860
74 116 100.704
74 117 106.011
74 118 100.603
74 119 102.771
75 76 51.048
75 77 104.746
75 78 119.307
75 79 111.229
75 80 89.307
75 81 97.857
75 82 104.846
75 83 52.904
75 84 98.272
75 85 101.739
75 86 98.586
75 87 105.612
75 88 91.916
75 89 106.351
75 90 59.393
75 91 105.596
75 92 42.346
75 93 110.894
75 94 56.815
75 95 69.811
75 96 109.972
75 97 70.436
75 98 95.818
75 99 73.760
75 100 59.990
75 101 102.371
75 102 75.688
75 103 116.233
75 104 56.371
75 105 53.605
75 106 59.384
75 107 86.991
75 108 47.076
75 109 68.179
75 110 105.008
75 111 97.469
75 112 86.789
75 113 76.663
75 114 93.180
75 115 90.156
75 116 74.913
75 117 112.377
75 118 57.215
75 119 71.207
76 77 107.790
76 78 94.450
76 79 93.679
76 80 81.956
76 81 105.862
76 82 86.063
76 83 67.487
76 84 66.180
76 85 94.186
76 86 99.240
76 87 125.146
76 88 107.648
76 89 111.637
76 90 82.378
76 91 105.586
76 92 30.441
76 93 124.242
76 94 37.355
76 95 82.429
76 96 106.484
76 97 56.835
76 98 97.610
76 99 95.470
76 100 49.714
76 101 96.603
76 102 91.182
76 103 116.974
76 104 86.542
76 105 52.950
76 106 56.402
76 107 46.402
76 108 76.599
76 109 86.145
76 110 110.834
76 111 92.261
76 112 108.784
76 113 63.560
76 114 63.813
76 115 111.503
76 116 79.913
76 117 112.736
76 118 62.492
76 119 76.881
77 78 107.497
77 79 80.031
77 80 60.872
77 81 111.617
77 82 75.372
77 83 104.186
77 84 115.870
77 85 100.637
77 86 99.069
77 87 58.957
77 88 63.988
77 89 132.953
77 90 71.650
77 91 65.680
77 92 117.047
77 93 81.749
77 94 93.725
77 95 47.007
77 96 104.278
77 97 115.224
77 98 85.305
77 99 79.673
77 100 70.325
77 101 132.874
77 102 46.859
77 103 94.650
77 104 89.874
77 105 99.725
77 106 54.481
77 107 132.502
77 108 117.873
77 109 128.748
77 110 141.237
77 111 137.800
77 112 103.191
77 113 93.332
77 114 79.135
77 115 105.168
77 116 86.024
77 117 71.125
77 118 110.726
77 119 90.888
78 79 85.462
78 80 114.856
78 81 107.715
78 82 49.425
78 83 89.521
78 84 42.561
78 85 59.544
78 86 94.696
78 87 141.218
78 88 107.229
78 89 77.383
78 90 113.359
78 91 91.492
78 92 103.593
78 93 98.191
78 94 98.339
78 95 97.730
78 96 100.293
78 97 73.520
78 98 68.693
78 99 134.214
78 100 75.149
78 101 103.511
78 102 99.872
78 103 95.959
78 104 105.361
78 105 75.535
78 106 93.507
78 107 76.358
78 108 145.632
78 109 131.741
78 110 130.311
78 111 115.137
78 112 94.881
78 113 116.982
78 114 52.280
78 115 100.742
78 116 88.476
78 117 81.471
78 118 79.706
78 119 114.075
79 80 71.085
79 81 77.948
79 82 57.417
79 83 89.728
79 84 78.513
79 85 110.803
79 86 97.489
79 87 117.621
79 88 71.006
79 89 124.195
79 90 106.958
79 91 41.176
79 92 109.479
79 93 84.250
79 94 88.162
79 95 89.651
79 96 47.328
79 97 110.667
79 98 112.637
79 99 103.417
79 100 60.185
79 101 78.558
79 102 98.700
79 103 72.253
79 104 97.175
79 105 83.187
79 106 80.522
79 107 94.408
79 108 109.391
79 109 98.300
79 110 90.626
79 111 82.351
79 112 117.336
79 113 75.121
79 114 52.688
79 115 102.561
79 116 56.515
79 117 71.509
79 118 112.374
79 119 116.103
80 81 96.289
80 82 72.318
80 83 95.470
80 84 110.022
80 85 105.593
80 86 80.447
80 87 102.901
80 88 88.100
80 89 146.616
80 90 66.712
80 91 81.695
80 92 103.019
80 93 102.600
80 94 84.868
80 95 76.635
80 96 101.892
80 97 101.415
80 98 113.422
80 99 97.166
80 100 53.130
80 101 109.471
80 102 72.796
80 103 86.447
80 104 99.235
80 105 86.879
80 106 48.716
80 107 110.897
80 108 92.151
80 109 110.201
80 110 123.630
80 111 110.960
80 112 121.781
80 113 38.894
80 114 66.082
80 115 115.357
80 116 77.110
80 117 80.078
80 118 111.853
80 119 67.096
81 82 80.697
81 83 56.753
81 84 101.262
81 85 103.705
81 86 67.202
81 87 138.987
81 88 74.474
81 89 101.246
81 90 92.301
81 91 70.772
81 92 114.692
81 93 61.004
81 94 115.261
81 95 105.770
81 96 59.820
81 97 99.501
81 98 118.391
81 99 119.928
81 100 70.559
81 101 40.078
81 102 101.785
81 103 42.455
81 104 72.536
81 105 64.342
81 106 100.966
81 107 107.939
81 108 90.575
81 109 68.823
81 110 56.104
81 111 52.931
81 112 86.239
81 113 85.892
81 114 89.234
81 115 56.416
81 116 36.078
81 117 65.215
81 118 100.048
81 119 105.963
82 83 78.470
82 84 64.791
82 85 58.063
82 86 60.106
82 87 122.357
82 88 84.563
82 89 98.292
82 90 83.852
82 91 66.604
82 92 103.589
82 93 75.197
82 94 92.608
82 95 80.736
82 96 83.947
82 97 73.713
82 98 76.899
82 99 118.886
82 100 47.154
82 101 87.927
82 102 75.647
82 103 59.067
82 104 92.372
82 105 65.183
82 106 68.008
82 107 86.018
82 108 122.801
82 109 116.639
82 110 115.874
82 111 100.129
82 112 91.814
82 113 80.667
82 114 28.609
82 115 88.639
82 116 63.514
82 117 44.181
82 118 86.817
82 119 84.644
83 84 74.537
83 85 78.915
83 86 72.735
83 87 118.396
83 88 72.879
83 89 67.987
83 90 68.336
83 91 80.267
83 92 65.847
83 93 74.355
83 94 76.779
83 95 76.088
83 96 77.400
83 97 59.045
83 98 82.524
83 99 92.603
83 100 48.966
83 101 62.453
83 102 77.389
83 103 78.637
83 104 38.108
83 105 20.709
83 106 73.303
83 107 76.454
83 108 69.947
83 109 56.226
83 110 73.686
83 111 66.305
83 112 56.175
83 113 83.163
83 114 76.698
83 115 47.720
83 116 39.774
83 117 80.149
83 118 46.367
83 119 83.078
84 85 80.707
84 86 103.294
84 87 141.365
84 88 105.521
84 89 81.073
84 90 113.002
84 91 91.278
84 92 73.802
84 93 109.422
84 94 71.817
84 95 96.728
84 96 87.307
84 97 65.947
84 98 84.695
84 99 119.721
84 100 64.712
84 101 85.349
84 102 106.559
84 103 104.887
84 104 96.303
84 105 59.692
84 106 86.849
84 107 38.241
84 108 120.512
84 109 104.797
84 110 107.404
84 111 90.062
84 112 101.273
84 113 100.703
84 114 49.916
84 115 102.550
84 116 77.876
84 117 98.744
84 118 67.981
84 119 113.276
85 86 61.416
85 87 133.724
85 88 108.984
85 89 76.118
85 90 77.220
85 91 107.029
85 92 102.554
85 93 90.938
85 94 106.817
85 95 87.701
85 96 123.759
85 97 48.979
85 98 51.808
85 99 133.682
85 100 70.705
85 101 113.708
85 102 73.044
85 103 88.855
85 104 92.605
85 105 66.764
85 106 81.414
85 107 96.997
85 108 135.737
85 109 133.290
85 110 142.053
85 111 126.688
85 112 70.488
85 113 110.582
85 114 69.680
85 115 85.745
85 116 90.615
85 117 70.944
85 118 64.531
85 119 74.127
86 87 140.140
86 88 100.394
86 89 106.666
86 90 64.939
86 91 97.220
86 92 115.305
86 93 78.329
86 94 117.872
86 95 99.375
86 96 108.656
86 97 71.410
86 98 97.275
86 99 135.533
86 100 63.516
86 101 87.274
86 102 79.974
86 103 50.023
86 104 90.819
86 105 66.240
86 106 83.832
86 107 109.347
86 108 113.642
86 109 113.600
86 110 117.274
86 111 101.186
86 112 85.522
86 113 80.312
86 114 75.289
86 115 78.314
86 116 70.618
86 117 51.741
86 118 91.681
86 119 60.730
87 88 71.775
87 89 142.536
87 90 91.126
87 91 92.266
87 92 120.641
87 93 105.440
87 94 99.277
87 95 50.042
87 96 124.931
87 97 139.698
87 98 98.613
87 99 50.287
87 100 101.837
87 101 159.628
87 102 66.070
87 103 136.081
87 104 88.787
87 105 120.607
87 106 79.441
87 107 155.048
87 108 117.800
87 109 132.425
87 110 154.597
87 111 159.643
87 112 109.742
87 113 126.691
87 114 120.619
87 115 117.307
87 116 110.176
87 117 115.425
87 118 119.176
87 119 120.166
88 89 103.044
88 90 81.686
88 91 33.930
88 92 107.773
88 93 46.779
88 94 92.673
88 95 56.471
88 96 60.536
88 97 114.346
88 98 90.506
88 99 64.344
88 100 69.004
88 101 97.124
88 102 66.618
88 103 78.184
88 104 50.654
88 105 80.087
88 106 76.374
88 107 122.913
88 108 92.925
88 109 85.242
88 110 92.177
88 111 100.608
88 112 75.496
88 113 100.004
88 114 89.382
88 115 62.862
88 116 50.260
88 117 68.453
88 118 96.651
88 119 111.219
89 90 111.817
89 91 108.224
89 92 102.628
89 93 89.069
89 94 114.146
89 95 102.873
89 96 109.162
89 97 79.429
89 98 68.616
89 99 128.940
89 100 96.273
89 101 103.836
89 102 104.176
89 103 109.356
89 104 75.859
89 105 70.674
89 106 114.602
89 107 101.097
89 108 133.940
89 109 112.618
89 110 117.328
89 111 114.004
89 112 49.843
89 113 142.780
89 114 104.239
89 115 63.227
89 116 89.323
89 117 101.030
89 118 57.630
89 119 125.769
90 91 95.495
90 92 88.548
90 93 85.797
90 94 88.114
90 95 56.380
90 96 116.887
90 97 74.970
90 98 79.850
90 99 88.600
90 100 55.980
90 101 114.370
90 102 36.393
90 103 89.792
90 104 63.587
90 105 66.407
90 106 47.354
90 107 115.172
90 108 83.783
90 109 102.933
90 110 126.892
90 111 118.793
90 112 74.873
90 113 76.286
90 114 86.033
90 115 80.796
90 116 75.360
90 117 77.567
90 118 75.226
90 119 36.799
91 92 112.548
91 93 52.881
91 94 93.328
91 95 70.923
91 96 41.850
91 97 114.157
91 98 96.984
91 99 84.279
91 100 64.354
91 101 86.151
91 102 80.594
91 103 66.779
91 104 73.041
91 105 81.339
91 106 79.494
91 107 112.335
91 108 105.496
91 109 92.740
91 110 88.649
91 111 91.656
91 112 92.206
91 113 92.960
91 114 71.576
91 115 76.900
91 116 46.918
91 117 59.290
91 118 104.581
91 119 116.651
92 93 127.835
92 94 35.718
92 95 80.878
92 96 112.343
92 97 64.450
92 98 94.313
92 99 86.087
92 100 65.400
92 101 106.398
92 102 94.306
92 103 131.121
92 104 78.105
92 105 57.624
92 106 67.677
92 107 57.512
92 108 74.665
92 109 82.106
92 110 112.798
92 111 100.427
92 112 101.762
92 113 87.640
92 114 84.166
92 115 108.614
92 116 87.107
92 117 125.296
92 118 51.799
92 119 91.364
93 94 120.673
93 95 81.010
93 96 73.542
93 97 109.719
93 98 87.590
93 99 106.728
93 100 78.795
93 101 92.016
93 102 74.742
93 103 51.048
93 104 64.218
93 105 81.279
93 106 95.399
93 107 131.151
93 108 117.799
93 109 103.901
93 110 100.137
93 111 104.497
93 112 60.850
93 113 113.473
93 114 93.102
93 115 42.494
93 116 55.643
93 117 41.704
93 118 99.736
93 119 110.927
94 95 64.388
94 96 99.661
94 97 80.903
94 98 91.902
94 99 67.091
94 100 56.689
94 101 110.192
94 102 84.675
94 103 125.535
94 104 80.508
94 105 67.548
94 106 51.176
94 107 66.205
94 108 78.883
94 109 88.248
94 110 114.473
94 111 104.396
94 112 108.669
94 113 78.517
94 114 70.386
94 115 113.131
94 116 81.959
94 117 116.133
94 118 69.784
94 119 94.668
95 96 99.760
95 97 90.138
95 98 59.078
95 99 51.378
95 100 57.028
95 101 122.003
95 102 30.607
95 103 103.401
95 104 56.798
95 105 73.908
95 106 38.714
95 107 109.824
95 108 94.260
95 109 104.496
95 110 126.498
95 111 124.244
95 112 74.864
95 113 93.527
95 114 77.529
95 115 85.042
95 116 74.378
95 117 82.784
95 118 73.032
95 119 81.728
96 97 119.289
96 98 120.419
96 99 101.496
96 100 76.279
96 101 59.053
96 102 111.171
96 103 75.078
96 104 81.883
96 105 81.043
96 106 101.835
96 107 102.327
96 108 100.437
96 109 72.761
96 110 54.280
96 111 60.948
96 112 105.350
96 113 97.099
96 114 83.388
96 115 82.173
96 116 45.016
96 117 83.098
96 118 110.111
96 119 134.153
97 98 72.663
97 99 123.089
97 100 58.743
97 101 97.516
97 102 84.421
97 103 102.415
97 104 84.541
97 105 42.522
97 106 73.238
97 107 62.352
97 108 106.639
97 109 106.772
97 110 123.545
97 111 104.022
97 112 80.671
97 113 90.794
97 114 67.806
97 115 91.260
97 116 83.535
97 117 95.292
97 118 40.312
97 119 65.418
98 99 103.510
98 100 76.854
98 101 130.404
98 102 56.976
98 103 109.795
98 104 76.801
98 105 76.141
98 106 74.196
98 107 106.971
98 108 132.607
98 109 131.188
98 110 145.972
98 111 139.046
98 112 58.098
98 113 124.914
98 114 81.792
98 115 83.818
98 116 93.956
98 117 85.103
98 118 57.494
98 119 93.500
99 100 84.446
99 101 131.533
99 102 76.707
99 103 131.127
99 104 67.299
99 105 96.816
99 106 70.409
99 107 125.183
99 108 78.534
99 109 91.883
99 110 120.036
99 111 126.060
99 112 104.304
99 113 105.639
99 114 109.293
99 115 105.866
99 116 88.548
99 117 119.355
99 118 98.885
99 119 115.492
100 101 76.822
100 102 58.735
100 103 71.521
100 104 62.386
100 105 36.504
100 106 35.973
100 107 69.607
100 108 77.771
100 109 80.424
100 110 94.796
100 111 80.548
100 112 81.338
100 113 50.661
100 114 37.537
100 115 77.769
100 116 42.488
100 117 64.292
100 118 63.231
100 119 62.432
101 102 124.043
101 103 70.306
101 104 89.914
101 105 64.632
101 106 111.479
101 107 85.294
101 108 94.425
101 109 63.688
101 110 41.890
101 111 21.439
101 112 106.044
101 113 88.053
101 114 87.379
101 115 81.168
101 116 50.344
101 117 91.181
101 118 101.029
101 119 120.631
102 103 92.512
102 104 62.490
102 105 74.638
102 106 43.005
102 107 119.037
102 108 102.186
102 109 114.587
102 110 134.670
102 111 129.811
102 112 68.214
102 113 92.829
102 114 80.133
102 115 80.122
102 116 77.663
102 117 69.796
102 118 76.083
102 119 63.012
103 104 89.687
103 105 78.356
103 106 97.682
103 107 119.708
103 108 118.029
103 109 105.574
103 110 94.377
103 111 86.627
103 112 90.871
103 113 89.958
103 114 78.755
103 115 69.106
103 116 53.744
103 117 32.350
103 118 110.394
103 119 99.814
104 105 52.089
104 106 71.904
104 107 104.596
104 108 71.467
104 109 65.321
104 110 87.714
104 111 91.894
104 112 45.713
104 113 98.428
104 114 93.108
104 115 42.560
104 116 50.383
104 117 83.465
104 118 59.024
104 119 92.411
105 106 63.498
105 107 60.679
105 108 76.910
105 109 68.213
105 110 83.793
105 111 69.464
105 112 64.669
105 113 74.035
105 114 60.028
105 115 61.735
105 116 44.023
105 117 77.094
105 118 40.309
105 119 73.556
106 107 90.494
106 108 84.034
106 109 100.835
106 110 123.418
106 111 112.660
106 112 92.131
106 113 61.567
106 114 57.092
106 115 97.581
106 116 71.337
106 117 82.255
106 118 72.693
106 119 56.314
107 108 106.907
107 109 96.610
107 110 106.406
107 111 83.684
107 112 117.512
107 113 90.133
107 114 64.983
107 115 117.283
107 116 87.297
107 117 119.326
107 118 71.481
107 119 108.880
108 109 44.993
108 110 83.761
108 111 82.986
108 112 112.612
108 113 72.718
108 114 111.555
108 115 101.554
108 116 74.965
108 117 123.663
108 118 96.630
108 119 98.074
109 110 43.163
109 111 50.564
109 112 102.751
109 113 89.023
109 114 108.334
109 115 83.628
109 116 58.323
109 117 116.523
109 118 92.873
109 119 119.148
110 111 31.627
110 112 115.241
110 113 103.612
110 114 112.594
110 115 87.534
110 116 60.231
110 117 112.955
110 118 114.914
110 119 141.469
111 112 115.613
111 113 85.432
111 114 94.225
111 115 91.733
111 116 56.206
111 117 105.890
111 118 104.650
111 119 125.487
112 113 125.114
112 114 101.882
112 115 34.818
112 116 73.963
112 117 78.620
112 118 58.331
112 119 98.744
113 114 67.905
113 115 114.871
113 116 70.906
113 117 94.255
113 118 104.810
113 119 70.093
114 115 100.172
114 116 65.167
114 117 68.367
114 118 80.867
114 119 83.458
115 116 53.331
115 117 67.970
115 118 74.968
115 119 105.220
116 117 59.426
116 118 77.700
116 119 92.495
117 118 100.372
117 119 90.483
118 119 83.494
