10 2 ss 5 5 5 5 
0 1 185.882
0 2 162.881
0 3 179.394
0 4 191.005
0 5 165.506
0 6 202.534
0 7 162.641
0 8 177.632
0 9 183.097
1 2 184.443
1 3 142.523
1 4 162.648
1 5 144.030
1 6 174.493
1 7 175.030
1 8 156.473
1 9 150.527
2 3 182.284
2 4 182.840
2 5 161.882
2 6 186.558
2 7 170.911
2 8 170.121
2 9 210.732
3 4 162.061
3 5 180.499
3 6 178.010
3 7 181.220
3 8 159.295
3 9 158.220
4 5 192.969
4 6 212.234
4 7 192.385
4 8 156.082
4 9 182.727
5 6 195.469
5 7 168.971
5 8 191.361
5 9 194.397
6 7 183.392
6 8 223.151
6 9 211.130
7 8 177.331
7 9 195.577
8 9 148.984
