30 5 ss 6 6 6 6 6 6 6 6 6 6 
0 1 108.086
0 2 131.692
0 3 109.773
0 4 150.379
0 5 104.102
0 6 106.962
0 7 140.075
0 8 116.107
0 9 129.422
0 10 135.332
0 11 154.921
0 12 123.187
0 13 99.044
0 14 135.886
0 15 133.917
0 16 90.237
0 17 141.261
0 18 130.234
0 19 130.521
0 20 158.005
0 21 132.647
0 22 134.932
0 23 131.430
0 24 88.147
0 25 126.517
0 26 131.645
0 27 151.631
0 28 130.382
0 29 115.447
1 2 129.701
1 3 118.817
1 4 166.998
1 5 125.520
1 6 122.984
1 7 160.172
1 8 142.259
1 9 117.343
1 10 149.840
1 11 162.584
1 12 118.274
1 13 162.776
1 14 141.578
1 15 136.031
1 16 142.507
1 17 168.579
1 18 89.431
1 19 167.718
1 20 163.780
1 21 138.742
1 22 154.001
1 23 157.173
1 24 126.129
1 25 113.238
1 26 157.531
1 27 132.018
1 28 163.166
1 29 118.388
2 3 78.192
2 4 102.495
2 5 112.880
2 6 113.585
2 7 147.007
2 8 130.045
2 9 165.221
2 10 139.422
2 11 103.954
2 12 140.420
2 13 144.969
2 14 139.318
2 15 102.769
2 16 126.254
2 17 112.776
2 18 130.906
2 19 106.507
2 20 146.666
2 21 151.065
2 22 123.893
2 23 99.158
2 24 146.745
2 25 132.913
2 26 106.084
2 27 137.877
2 28 138.220
2 29 76.118
3 4 131.220
3 5 108.235
3 6 126.305
3 7 166.150
3 8 130.458
3 9 162.178
3 10 166.401
3 11 128.668
3 12 149.317
3 13 141.362
3 14 147.818
3 15 136.121
3 16 121.951
3 17 149.793
3 18 151.230
3 19 134.920
3 20 162.508
3 21 142.244
3 22 148.973
3 23 130.169
3 24 136.344
3 25 118.795
3 26 120.542
3 27 152.553
3 28 152.278
3 29 92.143
4 5 121.765
4 6 121.511
4 7 151.704
4 8 158.425
4 9 168.208
4 10 119.768
4 11 135.847
4 12 139.681
4 13 138.945
4 14 124.864
4 15 112.810
4 16 130.592
4 17 85.965
4 18 147.941
4 19 83.620
4 20 125.737
4 21 149.068
4 22 136.787
4 23 145.994
4 24 137.453
4 25 124.627
4 26 130.833
4 27 129.281
4 28 146.082
4 29 126.290
5 6 139.071
5 7 141.482
5 8 131.862
5 9 153.260
5 10 161.589
5 11 120.625
5 12 133.234
5 13 124.706
5 14 124.993
5 15 107.584
5 16 128.882
5 17 138.579
5 18 115.133
5 19 107.582
5 20 145.098
5 21 91.365
5 22 120.215
5 23 147.434
5 24 110.896
5 25 103.637
5 26 87.673
5 27 143.093
5 28 149.503
5 29 99.221
6 7 145.651
6 8 111.063
6 9 138.999
6 10 108.221
6 11 152.086
6 12 101.947
6 13 152.926
6 14 127.568
6 15 136.753
6 16 139.462
6 17 122.390
6 18 103.562
6 19 119.267
6 20 175.568
6 21 185.745
6 22 106.735
6 23 129.858
6 24 124.962
6 25 160.566
6 26 124.021
6 27 110.507
6 28 145.087
6 29 119.845
7 8 114.398
7 9 154.795
7 10 128.691
7 11 119.790
7 12 130.145
7 13 142.156
7 14 145.753
7 15 130.636
7 16 131.969
7 17 119.825
7 18 137.387
7 19 88.914
7 20 155.443
7 21 160.988
7 22 173.528
7 23 127.074
7 24 123.439
7 25 143.373
7 26 112.394
7 27 152.473
7 28 141.388
7 29 154.091
8 9 131.066
8 10 149.201
8 11 122.904
8 12 114.862
8 13 160.162
8 14 109.073
8 15 118.785
8 16 136.986
8 17 141.843
8 18 140.363
8 19 107.391
8 20 181.372
8 21 163.245
8 22 138.099
8 23 118.349
8 24 133.040
8 25 156.915
8 26 99.577
8 27 140.968
8 28 161.965
8 29 111.699
9 10 110.652
9 11 180.128
9 12 107.497
9 13 160.357
9 14 98.056
9 15 118.393
9 16 156.881
9 17 153.026
9 18 131.625
9 19 159.203
9 20 122.735
9 21 129.036
9 22 153.758
9 23 164.601
9 24 104.736
9 25 133.275
9 26 174.210
9 27 109.659
9 28 164.117
9 29 169.505
10 11 163.649
10 12 121.183
10 13 148.912
10 14 136.217
10 15 119.844
10 16 143.438
10 17 102.431
10 18 135.180
10 19 117.794
10 20 111.671
10 21 160.750
10 22 138.094
10 23 146.146
10 24 111.032
10 25 145.539
10 26 159.683
10 27 98.853
10 28 124.370
10 29 164.788
11 12 139.235
11 13 174.177
11 14 152.038
11 15 139.310
11 16 136.177
11 17 124.723
11 18 151.995
11 19 91.606
11 20 169.623
11 21 147.255
11 22 131.226
11 23 98.140
11 24 137.987
11 25 133.703
11 26 84.948
11 27 135.958
11 28 124.152
11 29 104.456
12 13 160.678
12 14 108.628
12 15 125.124
12 16 146.798
12 17 141.299
12 18 101.375
12 19 127.044
12 20 140.065
12 21 153.659
12 22 134.842
12 23 133.781
12 24 115.106
12 25 125.184
12 26 127.970
12 27 93.622
12 28 166.275
12 29 140.255
13 14 135.246
13 15 137.678
13 16 81.664
13 17 112.954
13 18 161.191
13 19 127.974
13 20 142.974
13 21 143.767
13 22 171.556
13 23 133.057
13 24 108.040
13 25 147.070
13 26 158.092
13 27 192.439
13 28 138.348
13 29 157.520
14 15 97.095
14 16 133.178
14 17 110.533
14 18 126.974
14 19 117.620
14 20 140.185
14 21 133.898
14 22 133.945
14 23 135.701
14 24 115.084
14 25 139.254
14 26 142.664
14 27 130.696
14 28 162.656
14 29 138.210
15 16 139.049
15 17 118.681
15 18 128.287
15 19 103.515
15 20 101.694
15 21 112.296
15 22 140.780
15 23 138.092
15 24 139.368
15 25 120.966
15 26 124.444
15 27 134.418
15 28 166.277
15 29 113.429
16 17 101.838
16 18 161.734
16 19 113.837
16 20 153.348
16 21 138.425
16 22 160.668
16 23 101.358
16 24 102.424
16 25 123.394
16 26 151.275
16 27 174.078
16 28 106.604
16 29 117.474
17 18 142.329
17 19 75.460
17 20 137.165
17 21 157.096
17 22 126.362
17 23 98.191
17 24 110.832
17 25 149.815
17 26 136.238
17 27 139.344
17 28 96.681
17 29 137.830
18 19 140.939
18 20 166.916
18 21 157.801
18 22 120.540
18 23 150.406
18 24 123.852
18 25 143.730
18 26 127.593
18 27 114.982
18 28 159.472
18 29 133.961
19 20 139.383
19 21 142.209
19 22 125.902
19 23 111.005
19 24 116.493
19 25 131.417
19 26 80.429
19 27 130.808
19 28 122.527
19 29 115.032
20 21 107.608
20 22 179.297
20 23 169.744
20 24 132.384
20 25 105.173
20 26 172.835
20 27 136.708
20 28 166.956
20 29 176.436
21 22 161.004
21 23 173.579
21 24 112.053
21 25 77.328
21 26 152.075
21 27 149.017
21 28 155.154
21 29 142.100
22 23 132.635
22 24 122.768
22 25 172.099
22 26 118.280
22 27 109.809
22 28 124.037
22 29 123.746
23 24 130.750
23 25 163.862
23 26 125.498
23 27 158.632
23 28 111.129
23 29 117.474
24 25 113.320
24 26 135.710
24 27 116.024
24 28 91.121
24 29 148.653
25 26 145.407
25 27 129.220
25 28 154.639
25 29 127.960
26 27 136.651
26 28 153.256
26 29 106.991
27 28 144.910
27 29 150.312
28 29 148.908
