12 4 ds 2 3 3 4 3 5 2 3 
0 1 122.562
0 2 140.523
0 3 131.365
0 4 117.564
0 5 116.352
0 6 119.975
0 7 127.352
0 8 106.388
0 9 126.792
0 10 109.228
0 11 96.759
1 2 138.128
1 3 121.041
1 4 98.728
1 5 123.378
1 6 114.315
1 7 101.316
1 8 171.359
1 9 143.105
1 10 138.826
1 11 107.982
2 3 121.059
2 4 110.414
2 5 92.073
2 6 108.596
2 7 134.060
2 8 121.425
2 9 121.471
2 10 120.477
2 11 122.689
3 4 118.771
3 5 119.296
3 6 135.233
3 7 141.088
3 8 135.938
3 9 126.430
3 10 138.578
3 11 92.846
4 5 112.497
4 6 132.616
4 7 138.046
4 8 159.378
4 9 114.506
4 10 125.854
4 11 136.588
5 6 99.442
5 7 137.595
5 8 109.020
5 9 105.937
5 10 138.401
5 11 129.069
6 7 117.594
6 8 107.705
6 9 81.465
6 10 88.800
6 11 120.908
7 8 135.736
7 9 168.737
7 10 157.444
7 11 109.815
8 9 126.579
8 10 130.539
8 11 124.310
9 10 83.515
9 11 149.639
10 11 115.625
