10 2 ds 3 5 3 5 
0 1 66.568
0 2 59.213
0 3 48.237
0 4 55.706
0 5 103.489
0 6 69.404
0 7 54.014
0 8 75.388
0 9 96.131
1 2 59.375
1 3 104.034
1 4 56.158
1 5 71.559
1 6 65.905
1 7 75.185
1 8 58.313
1 9 72.014
2 3 95.940
2 4 92.065
2 5 103.192
2 6 105.472
2 7 66.198
2 8 37.889
2 9 102.238
3 4 78.509
3 5 115.482
3 6 92.645
3 7 54.210
3 8 103.461
3 9 102.950
4 5 77.314
4 6 43.991
4 7 74.191
4 8 90.704
4 9 72.071
5 6 106.590
5 7 73.648
5 8 74.268
5 9 17.644
6 7 98.218
6 8 114.536
6 9 99.074
7 8 57.207
7 9 63.773
8 9 76.847
