120 10 ds 10 13 11 14 8 16 10 15 11 14 12 16 11 15 12 15 8 13 12 16 
0 1 113.716
0 2 105.817
0 3 116.355
0 4 102.311
0 5 97.731
0 6 120.116
0 7 74.563
0 8 79.057
0 9 122.129
0 10 107.698
0 11 88.138
0 12 129.602
0 13 70.181
0 14 109.850
0 15 100.551
0 16 116.833
0 17 148.484
0 18 106.987
0 19 137.074
0 20 118.320
0 21 137.518
0 22 133.595
0 23 153.134
0 24 98.048
0 25 92.913
0 26 108.571
0 27 156.494
0 28 123.024
0 29 143.013
0 30 100.043
0 31 79.576
0 32 158.425
0 33 152.494
0 34 92.646
0 35 122.317
0 36 121.604
0 37 89.098
0 38 121.678
0 39 107.842
0 40 103.842
0 41 94.855
0 42 106.723
0 43 89.709
0 44 120.823
0 45 82.672
0 46 139.966
0 47 151.527
0 48 73.712
0 49 95.387
0 50 135.476
0 51 111.298
0 52 124.326
0 53 127.291
0 54 114.744
0 55 118.267
0 56 114.831
0 57 92.357
0 58 143.580
0 59 115.435
0 60 113.093
0 61 88.808
0 62 115.355
0 63 95.769
0 64 120.127
0 65 91.610
0 66 112.740
0 67 99.258
0 68 103.526
0 69 75.273
0 70 110.403
0 71 100.899
0 72 122.484
0 73 138.520
0 74 134.337
0 75 101.359
0 76 119.231
0 77 128.873
0 78 144.070
0 79 108.143
0 80 139.219
0 81 90.151
0 82 142.797
0 83 122.088
0 84 101.592
0 85 99.952
0 86 117.066
0 87 116.067
0 88 112.594
0 89 68.936
0 90 85.772
0 91 120.024
0 92 123.640
0 93 120.721
0 94 116.626
0 95 91.418
0 96 127.547
0 97 85.464
0 98 83.527
0 99 141.405
0 100 115.607
0 101 145.461
0 102 142.549
0 103 139.598
0 104 131.803
0 105 113.650
0 106 143.750
0 107 81.997
0 108 114.898
0 109 115.791
0 110 93.059
0 111 173.507
0 112 119.535
0 113 141.055
0 114 102.907
0 115 178.596
0 116 155.362
0 117 108.483
0 118 123.025
0 119 134.165
1 2 91.866
1 3 100.375
1 4 156.716
1 5 137.816
1 6 121.309
1 7 91.008
1 8 126.187
1 9 160.495
1 10 123.676
1 11 74.979
1 12 142.402
1 13 95.984
1 14 128.612
1 15 90.140
1 16 104.520
1 17 122.367
1 18 142.795
1 19 94.476
1 20 48.744
1 21 128.099
1 22 126.824
1 23 125.865
1 24 140.836
1 25 91.797
1 26 94.984
1 27 128.135
1 28 99.763
1 29 147.979
1 30 97.757
1 31 113.564
1 32 125.582
1 33 129.735
1 34 114.155
1 35 119.671
1 36 134.722
1 37 109.461
1 38 95.713
1 39 103.197
1 40 99.382
1 41 130.110
1 42 98.418
1 43 67.013
1 44 128.605
1 45 108.203
1 46 101.067
1 47 148.935
1 48 87.196
1 49 128.114
1 50 170.163
1 51 142.239
1 52 135.563
1 53 168.143
1 54 111.885
1 55 89.010
1 56 138.536
1 57 124.707
1 58 125.799
1 59 113.143
1 60 97.950
1 61 119.225
1 62 102.012
1 63 93.674
1 64 141.988
1 65 117.912
1 66 99.073
1 67 135.829
1 68 129.396
1 69 95.003
1 70 133.802
1 71 77.309
1 72 64.748
1 73 105.359
1 74 119.132
1 75 59.140
1 76 137.056
1 77 72.615
1 78 114.805
1 79 112.066
1 80 96.777
1 81 91.432
1 82 107.669
1 83 113.690
1 84 142.415
1 85 70.577
1 86 79.394
1 87 129.439
1 88 92.002
1 89 117.346
1 90 74.369
1 91 112.878
1 92 133.518
1 93 157.647
1 94 108.196
1 95 134.142
1 96 143.408
1 97 94.418
1 98 138.962
1 99 131.789
1 100 114.095
1 101 120.502
1 102 137.586
1 103 123.343
1 104 146.310
1 105 139.314
1 106 140.314
1 107 82.424
1 108 139.674
1 109 141.844
1 110 125.123
1 111 155.881
1 112 136.782
1 113 88.494
1 114 135.657
1 115 169.429
1 116 123.872
1 117 99.651
1 118 117.764
1 119 163.409
2 3 42.676
2 4 120.137
2 5 76.924
2 6 90.228
2 7 78.804
2 8 114.253
2 9 99.096
2 10 84.691
2 11 79.454
2 12 83.363
2 13 75.834
2 14 73.816
2 15 65.999
2 16 121.074
2 17 82.532
2 18 98.052
2 19 88.837
2 20 97.211
2 21 69.477
2 22 108.642
2 23 91.805
2 24 118.786
2 25 110.382
2 26 73.444
2 27 88.218
2 28 80.584
2 29 116.038
2 30 69.581
2 31 58.267
2 32 103.815
2 33 125.992
2 34 60.468
2 35 89.816
2 36 71.426
2 37 42.245
2 38 91.299
2 39 82.166
2 40 61.090
2 41 90.119
2 42 67.672
2 43 89.061
2 44 105.478
2 45 104.553
2 46 101.666
2 47 101.444
2 48 59.445
2 49 104.639
2 50 143.480
2 51 84.337
2 52 65.367
2 53 116.602
2 54 65.637
2 55 93.647
2 56 93.656
2 57 84.633
2 58 76.852
2 59 90.531
2 60 101.786
2 61 84.811
2 62 85.555
2 63 100.913
2 64 100.831
2 65 85.618
2 66 69.810
2 67 82.487
2 68 96.475
2 69 64.691
2 70 74.365
2 71 93.637
2 72 92.060
2 73 87.984
2 74 82.145
2 75 47.700
2 76 99.940
2 77 83.092
2 78 70.584
2 79 62.647
2 80 101.233
2 81 84.720
2 82 109.402
2 83 90.252
2 84 92.128
2 85 44.862
2 86 106.701
2 87 92.734
2 88 74.672
2 89 99.623
2 90 79.903
2 91 63.926
2 92 67.409
2 93 98.207
2 94 70.747
2 95 66.590
2 96 69.967
2 97 92.579
2 98 112.354
2 99 112.348
2 100 113.238
2 101 82.526
2 102 126.935
2 103 112.227
2 104 110.821
2 105 84.351
2 106 111.193
2 107 93.534
2 108 103.189
2 109 104.455
2 110 71.603
2 111 99.772
2 112 71.929
2 113 78.151
2 114 75.234
2 115 121.129
2 116 78.243
2 117 109.422
2 118 65.399
2 119 124.231
3 4 114.904
3 5 95.104
3 6 88.658
3 7 81.538
3 8 119.539
3 9 102.596
3 10 106.750
3 11 79.044
3 12 98.710
3 13 80.365
3 14 77.071
3 15 69.063
3 16 125.910
3 17 92.099
3 18 93.843
3 19 104.864
3 20 112.282
3 21 45.562
3 22 98.604
3 23 64.612
3 24 130.402
3 25 90.139
3 26 71.785
3 27 68.648
3 28 92.153
3 29 104.631
3 30 89.319
3 31 59.123
3 32 101.849
3 33 107.076
3 34 75.501
3 35 71.541
3 36 67.339
3 37 48.295
3 38 69.857
3 39 79.883
3 40 47.522
3 41 98.124
3 42 71.201
3 43 99.608
3 44 99.867
3 45 94.203
3 46 85.534
3 47 73.803
3 48 83.284
3 49 82.487
3 50 142.625
3 51 78.250
3 52 93.792
3 53 104.921
3 54 89.941
3 55 85.653
3 56 92.529
3 57 102.407
3 58 45.743
3 59 85.074
3 60 108.647
3 61 89.471
3 62 66.530
3 63 96.959
3 64 112.212
3 65 78.654
3 66 64.479
3 67 80.101
3 68 108.314
3 69 77.515
3 70 87.373
3 71 109.936
3 72 88.054
3 73 106.050
3 74 53.962
3 75 63.677
3 76 121.953
3 77 84.193
3 78 74.662
3 79 54.993
3 80 92.652
3 81 84.387
3 82 95.623
3 83 91.040
3 84 96.917
3 85 57.243
3 86 96.968
3 87 87.288
3 88 74.834
3 89 115.844
3 90 73.345
3 91 64.641
3 92 85.379
3 93 96.823
3 94 50.607
3 95 76.700
3 96 98.100
3 97 88.612
3 98 96.743
3 99 88.293
3 100 107.111
3 101 68.894
3 102 113.967
3 103 91.428
3 104 98.146
3 105 82.465
3 106 131.818
3 107 81.660
3 108 83.296
3 109 105.743
3 110 81.432
3 111 85.829
3 112 95.504
3 113 80.591
3 114 90.944
3 115 88.948
3 116 56.483
3 117 102.147
3 118 55.648
3 119 98.861
4 5 134.001
4 6 80.282
4 7 110.356
4 8 99.341
4 9 68.561
4 10 151.411
4 11 141.378
4 12 118.963
4 13 93.083
4 14 104.164
4 15 131.280
4 16 149.669
4 17 125.529
4 18 146.818
4 19 180.099
4 20 180.472
4 21 131.907
4 22 117.978
4 23 113.246
4 24 111.376
4 25 118.681
4 26 118.971
4 27 120.412
4 28 159.235
4 29 136.804
4 30 94.326
4 31 103.159
4 32 195.348
4 33 146.382
4 34 111.751
4 35 101.673
4 36 138.991
4 37 97.860
4 38 94.922
4 39 116.554
4 40 122.076
4 41 70.356
4 42 138.267
4 43 137.877
4 44 82.065
4 45 103.024
4 46 119.569
4 47 138.252
4 48 99.628
4 49 73.758
4 50 151.732
4 51 114.416
4 52 142.129
4 53 64.201
4 54 134.125
4 55 153.422
4 56 145.638
4 57 128.783
4 58 150.631
4 59 144.780
4 60 108.374
4 61 90.510
4 62 144.654
4 63 116.588
4 64 93.713
4 65 92.877
4 66 125.733
4 67 53.745
4 68 68.213
4 69 92.686
4 70 120.733
4 71 164.333
4 72 119.319
4 73 175.703
4 74 99.905
4 75 135.507
4 76 158.956
4 77 145.822
4 78 147.348
4 79 95.804
4 80 166.430
4 81 122.710
4 82 117.131
4 83 81.927
4 84 88.484
4 85 117.660
4 86 124.813
4 87 89.717
4 88 94.059
4 89 131.592
4 90 98.449
4 91 122.865
4 92 121.220
4 93 127.451
4 94 139.274
4 95 98.292
4 96 117.608
4 97 143.804
4 98 70.088
4 99 106.059
4 100 128.102
4 101 129.581
4 102 155.627
4 103 117.712
4 104 84.784
4 105 56.484
4 106 122.476
4 107 119.020
4 108 137.826
4 109 84.732
4 110 112.210
4 111 139.583
4 112 134.097
4 113 155.606
4 114 126.527
4 115 133.458
4 116 151.915
4 117 127.089
4 118 112.212
4 119 108.711
5 6 123.520
5 7 79.951
5 8 125.299
5 9 105.624
5 10 41.898
5 11 95.594
5 12 74.952
5 13 110.716
5 14 72.516
5 15 83.350
5 16 116.555
5 17 137.790
5 18 59.652
5 19 115.077
5 20 123.992
5 21 93.030
5 22 120.589
5 23 140.069
5 24 91.444
5 25 131.853
5 26 104.048
5 27 137.211
5 28 122.477
5 29 126.882
5 30 108.344
5 31 82.074
5 32 112.653
5 33 153.571
5 34 78.915
5 35 114.512
5 36 56.611
5 37 59.808
5 38 139.072
5 39 119.072
5 40 98.627
5 41 112.607
5 42 68.531
5 43 109.680
5 44 130.053
5 45 106.202
5 46 151.461
5 47 118.886
5 48 85.840
5 49 127.875
5 50 135.693
5 51 113.548
5 52 69.856
5 53 125.898
5 54 110.011
5 55 114.057
5 56 84.059
5 57 90.055
5 58 113.596
5 59 93.880
5 60 123.787
5 61 83.748
5 62 95.578
5 63 127.466
5 64 128.238
5 65 79.710
5 66 84.995
5 67 109.062
5 68 132.052
5 69 94.037
5 70 69.222
5 71 91.330
5 72 146.762
5 73 92.309
5 74 135.936
5 75 93.485
5 76 77.758
5 77 127.564
5 78 100.088
5 79 101.618
5 80 131.543
5 81 114.052
5 82 159.897
5 83 128.928
5 84 105.874
5 85 91.650
5 86 135.487
5 87 113.280
5 88 112.088
5 89 61.051
5 90 109.210
5 91 77.761
5 92 114.180
5 93 80.518
5 94 91.808
5 95 73.708
5 96 78.116
5 97 109.363
5 98 129.832
5 99 144.381
5 100 124.695
5 101 115.658
5 102 127.067
5 103 151.298
5 104 150.051
5 105 121.468
5 106 155.037
5 107 123.855
5 108 91.076
5 109 122.625
5 110 90.564
5 111 130.387
5 112 91.871
5 113 121.654
5 114 60.285
5 115 150.172
5 116 136.328
5 117 117.068
5 118 98.417
5 119 114.415
6 7 107.769
6 8 108.213
6 9 82.108
6 10 129.454
6 11 110.006
6 12 84.383
6 13 104.527
6 14 104.349
6 15 85.414
6 16 119.413
6 17 77.000
6 18 134.673
6 19 147.902
6 20 141.676
6 21 107.641
6 22 113.014
6 23 79.728
6 24 104.456
6 25 117.417
6 26 70.479
6 27 90.749
6 28 145.946
6 29 139.340
6 30 85.682
6 31 110.918
6 32 163.117
6 33 125.197
6 34 78.511
6 35 51.837
6 36 112.042
6 37 86.999
6 38 75.696
6 39 109.747
6 40 92.819
6 41 100.140
6 42 119.277
6 43 117.038
6 44 97.485
6 45 110.761
6 46 96.903
6 47 126.479
6 48 93.457
6 49 81.903
6 50 174.544
6 51 117.061
6 52 123.805
6 53 99.467
6 54 106.864
6 55 142.074
6 56 146.357
6 57 104.320
6 58 126.701
6 59 127.685
6 60 76.604
6 61 99.841
6 62 117.722
6 63 120.120
6 64 101.822
6 65 84.581
6 66 75.754
6 67 86.429
6 68 83.432
6 69 77.926
6 70 127.445
6 71 137.151
6 72 91.640
6 73 138.795
6 74 82.208
6 75 102.683
6 76 147.987
6 77 109.657
6 78 91.105
6 79 100.418
6 80 148.138
6 81 108.101
6 82 102.298
6 83 60.437
6 84 92.648
6 85 90.116
6 86 104.971
6 87 107.442
6 88 52.106
6 89 125.809
6 90 80.235
6 91 104.916
6 92 115.101
6 93 118.430
6 94 112.210
6 95 97.901
6 96 94.521
6 97 143.538
6 98 101.824
6 99 60.672
6 100 127.912
6 101 66.870
6 102 123.641
6 103 77.033
6 104 72.445
6 105 73.483
6 106 110.889
6 107 104.068
6 108 141.278
6 109 113.103
6 110 124.280
6 111 104.317
6 112 121.558
6 113 122.897
6 114 100.712
6 115 114.141
6 116 120.549
6 117 105.247
6 118 59.699
6 119 113.870
7 8 104.292
7 9 106.877
7 10 74.629
7 11 78.820
7 12 98.068
7 13 76.677
7 14 56.923
7 15 84.922
7 16 80.011
7 17 132.410
7 18 92.174
7 19 107.170
7 20 99.899
7 21 91.298
7 22 67.932
7 23 110.919
7 24 81.510
7 25 70.580
7 26 94.075
7 27 111.507
7 28 108.443
7 29 100.443
7 30 75.154
7 31 76.836
7 32 116.161
7 33 117.167
7 34 100.748
7 35 100.312
7 36 93.105
7 37 60.089
7 38 85.973
7 39 88.679
7 40 94.789
7 41 83.282
7 42 46.162
7 43 67.653
7 44 77.769
7 45 43.808
7 46 101.439
7 47 108.419
7 48 55.878
7 49 100.349
7 50 115.070
7 51 123.378
7 52 104.232
7 53 109.699
7 54 120.865
7 55 63.059
7 56 89.111
7 57 115.432
7 58 112.354
7 59 77.823
7 60 79.592
7 61 45.368
7 62 76.787
7 63 70.520
7 64 114.200
7 65 50.834
7 66 80.061
7 67 88.282
7 68 109.339
7 69 77.909
7 70 67.248
7 71 67.459
7 72 88.352
7 73 92.462
7 74 107.785
7 75 68.243
7 76 94.850
7 77 89.815
7 78 109.405
7 79 69.447
7 80 90.957
7 81 89.528
7 82 107.353
7 83 91.363
7 84 109.077
7 85 57.503
7 86 64.491
7 87 68.581
7 88 72.835
7 89 59.070
7 90 50.707
7 91 58.452
7 92 123.256
7 93 110.353
7 94 89.216
7 95 94.896
7 96 107.496
7 97 79.292
7 98 105.873
7 99 120.733
7 100 70.002
7 101 112.337
7 102 113.985
7 103 126.917
7 104 136.868
7 105 107.029
7 106 141.925
7 107 89.066
7 108 78.482
7 109 87.155
7 110 86.449
7 111 129.283
7 112 116.391
7 113 92.096
7 114 104.995
7 115 137.047
7 116 132.137
7 117 67.821
7 118 104.643
7 119 96.123
8 9 102.278
8 10 129.752
8 11 103.843
8 12 143.722
8 13 65.172
8 14 128.360
8 15 116.821
8 16 112.243
8 17 111.506
8 18 127.570
8 19 122.547
8 20 144.282
8 21 153.507
8 22 148.227
8 23 132.736
8 24 101.126
8 25 107.451
8 26 84.509
8 27 130.735
8 28 107.638
8 29 111.845
8 30 101.508
8 31 93.599
8 32 152.734
8 33 108.318
8 34 94.060
8 35 123.515
8 36 137.417
8 37 113.439
8 38 113.092
8 39 69.287
8 40 120.186
8 41 87.085
8 42 136.861
8 43 80.278
8 44 122.618
8 45 89.788
8 46 109.224
8 47 176.263
8 48 86.726
8 49 91.469
8 50 109.992
8 51 101.306
8 52 115.499
8 53 103.140
8 54 93.349
8 55 125.123
8 56 106.333
8 57 82.587
8 58 147.469
8 59 98.734
8 60 98.102
8 61 93.199
8 62 140.958
8 63 74.946
8 64 76.188
8 65 92.544
8 66 118.483
8 67 107.242
8 68 81.350
8 69 51.087
8 70 131.525
8 71 122.522
8 72 115.719
8 73 136.920
8 74 112.526
8 75 128.936
8 76 112.190
8 77 103.885
8 78 160.407
8 79 105.734
8 80 126.302
8 81 56.515
8 82 110.938
8 83 100.698
8 84 55.448
8 85 97.248
8 86 130.924
8 87 122.079
8 88 107.019
8 89 100.810
8 90 110.110
8 91 123.824
8 92 106.851
8 93 97.229
8 94 139.706
8 95 78.596
8 96 126.467
8 97 132.462
8 98 94.347
8 99 120.223
8 100 96.153
8 101 145.204
8 102 112.821
8 103 102.570
8 104 92.321
8 105 97.188
8 106 106.495
8 107 88.680
8 108 126.921
8 109 102.039
8 110 85.353
8 111 144.526
8 112 96.234
8 113 122.182
8 114 132.188
8 115 154.612
8 116 140.887
8 117 94.781
8 118 116.707
8 119 142.553
9 10 119.624
9 11 140.932
9 12 86.427
9 13 100.373
9 14 78.466
9 15 125.129
9 16 135.089
9 17 97.869
9 18 130.388
9 19 150.230
9 20 177.489
9 21 115.673
9 22 109.676
9 23 99.351
9 24 92.017
9 25 139.695
9 26 105.133
9 27 93.943
9 28 139.913
9 29 104.013
9 30 82.198
9 31 98.912
9 32 163.403
9 33 129.267
9 34 99.932
9 35 105.454
9 36 114.905
9 37 85.378
9 38 106.365
9 39 100.046
9 40 125.525
9 41 62.431
9 42 122.097
9 43 127.922
9 44 82.623
9 45 107.395
9 46 113.290
9 47 135.783
9 48 89.133
9 49 104.673
9 50 126.186
9 51 111.307
9 52 94.795
9 53 45.433
9 54 113.593
9 55 141.450
9 56 115.763
9 57 115.652
9 58 138.032
9 59 118.518
9 60 97.650
9 61 70.267
9 62 142.683
9 63 114.946
9 64 63.489
9 65 77.932
9 66 111.977
9 67 63.645
9 68 71.542
9 69 82.984
9 70 91.365
9 71 149.639
9 72 125.981
9 73 139.072
9 74 96.851
9 75 130.657
9 76 117.296
9 77 126.460
9 78 130.491
9 79 80.224
9 80 147.357
9 81 116.946
9 82 114.096
9 83 69.892
9 84 64.601
9 85 98.849
9 86 133.959
9 87 79.347
9 88 85.204
9 89 118.261
9 90 113.684
9 91 89.438
9 92 97.978
9 93 90.387
9 94 135.937
9 95 72.415
9 96 70.101
9 97 156.963
9 98 111.169
9 99 111.405
9 100 113.306
9 101 116.798
9 102 134.837
9 103 120.131
9 104 94.135
9 105 53.711
9 106 101.058
9 107 137.569
9 108 125.790
9 109 66.234
9 110 91.792
9 111 94.354
9 112 95.322
9 113 126.666
9 114 114.829
9 115 110.174
9 116 137.245
9 117 118.621
9 118 98.316
9 119 105.977
10 11 94.465
10 12 78.993
10 13 119.517
10 14 78.958
10 15 86.728
10 16 89.964
10 17 138.639
10 18 79.243
10 19 96.724
10 20 107.318
10 21 106.817
10 22 114.481
10 23 143.884
10 24 80.798
10 25 133.478
10 26 103.500
10 27 138.531
10 28 121.309
10 29 124.577
10 30 105.466
10 31 103.810
10 32 100.995
10 33 146.814
10 34 95.517
10 35 123.623
10 36 77.010
10 37 78.853
10 38 140.389
10 39 119.239
10 40 115.035
10 41 121.054
10 42 62.459
10 43 92.754
10 44 130.562
10 45 103.898
10 46 146.231
10 47 135.853
10 48 83.606
10 49 145.315
10 50 135.286
10 51 139.731
10 52 73.950
10 53 141.499
10 54 117.669
10 55 103.025
10 56 91.190
10 57 103.044
10 58 128.618
10 59 86.693
10 60 108.052
10 61 82.736
10 62 100.166
10 63 121.681
10 64 132.559
10 65 81.444
10 66 84.199
10 67 128.069
10 68 140.145
10 69 98.432
10 70 77.565
10 71 63.517
10 72 138.539
10 73 61.275
10 74 146.189
10 75 89.609
10 76 60.898
10 77 112.372
10 78 102.537
10 79 110.282
10 80 119.068
10 81 115.045
10 82 155.254
10 83 126.348
10 84 120.136
10 85 83.774
10 86 123.930
10 87 117.484
10 88 106.302
10 89 49.799
10 90 108.138
10 91 72.649
10 92 130.128
10 93 97.276
10 94 105.932
10 95 96.584
10 96 85.737
10 97 119.541
10 98 152.302
10 99 150.712
10 100 112.782
10 101 120.168
10 102 119.165
10 103 155.759
10 104 165.145
10 105 138.300
10 106 154.584
10 107 130.570
10 108 103.657
10 109 126.850
10 110 104.885
10 111 132.822
10 112 102.395
10 113 106.410
10 114 86.174
10 115 160.238
10 116 148.084
10 117 102.344
10 118 110.623
10 119 128.057
11 12 121.998
11 13 90.029
11 14 114.772
11 15 42.388
11 16 93.413
11 17 123.822
11 18 77.487
11 19 91.820
11 20 66.266
11 21 101.235
11 22 129.779
11 23 120.901
11 24 118.131
11 25 76.256
11 26 61.170
11 27 126.932
11 28 99.347
11 29 131.464
11 30 115.323
11 31 84.148
11 32 96.376
11 33 115.957
11 34 72.186
11 35 88.389
11 36 82.366
11 37 83.226
11 38 103.938
11 39 95.293
11 40 59.117
11 41 129.942
11 42 80.986
11 43 69.375
11 44 137.847
11 45 88.412
11 46 115.197
11 47 124.631
11 48 91.983
11 49 94.678
11 50 151.685
11 51 104.723
11 52 114.421
11 53 146.320
11 54 97.898
11 55 86.961
11 56 100.579
11 57 79.721
11 58 91.507
11 59 78.337
11 60 108.792
11 61 107.438
11 62 59.054
11 63 97.146
11 64 139.525
11 65 86.271
11 66 59.243
11 67 126.122
11 68 134.304
11 69 77.148
11 70 122.169
11 71 68.535
11 72 104.220
11 73 96.673
11 74 110.326
11 75 67.468
11 76 115.960
11 77 86.276
11 78 97.123
11 79 107.446
11 80 98.330
11 81 66.494
11 82 127.100
11 83 123.367
11 84 112.562
11 85 75.199
11 86 99.978
11 87 131.205
11 88 98.089
11 89 84.823
11 90 75.886
11 91 100.639
11 92 123.572
11 93 105.440
11 94 63.604
11 95 96.394
11 96 129.630
11 97 74.396
11 98 107.469
11 99 107.245
11 100 110.487
11 101 96.610
11 102 94.439
11 103 100.629
11 104 125.362
11 105 129.942
11 106 156.739
11 107 49.881
11 108 93.931
11 109 142.673
11 110 105.831
11 111 138.526
11 112 114.449
11 113 99.289
11 114 90.769
11 115 145.839
11 116 105.304
11 117 83.327
11 118 81.424
11 119 125.111
12 13 131.158
12 14 69.935
12 15 89.679
12 16 118.746
12 17 115.187
12 18 111.548
12 19 142.277
12 20 141.569
12 21 90.667
12 22 101.419
12 23 115.370
12 24 87.176
12 25 146.916
12 26 103.566
12 27 115.841
12 28 154.374
12 29 142.626
12 30 93.979
12 31 115.947
12 32 146.128
12 33 157.360
12 34 89.706
12 35 89.998
12 36 82.039
12 37 70.206
12 38 122.176
12 39 135.509
12 40 110.887
12 41 112.891
12 42 87.601
12 43 129.508
12 44 109.738
12 45 122.239
12 46 139.603
12 47 114.433
12 48 93.401
12 49 131.241
12 50 171.315
12 51 139.623
12 52 94.388
12 53 118.624
12 54 124.124
12 55 139.960
12 56 133.020
12 57 115.788
12 58 131.266
12 59 125.436
12 60 99.478
12 61 89.943
12 62 113.351
12 63 144.338
12 64 124.846
12 65 83.420
12 66 77.665
12 67 102.229
12 68 120.307
12 69 104.811
12 70 89.349
12 71 119.872
12 72 131.602
12 73 109.631
12 74 126.310
12 75 98.529
12 76 116.762
12 77 130.227
12 78 71.524
12 79 107.300
12 80 153.735
12 81 138.404
12 82 146.874
12 83 98.078
12 84 117.585
12 85 95.496
12 86 123.621
12 87 105.876
12 88 80.586
12 89 100.479
12 90 102.251
12 91 79.232
12 92 126.693
12 93 111.303
12 94 110.279
12 95 100.447
12 96 55.419
12 97 146.122
12 98 142.288
12 99 120.653
12 100 137.604
12 101 82.934
12 102 137.994
12 103 140.109
12 104 138.471
12 105 107.752
12 106 139.933
12 107 142.819
12 108 130.907
12 109 120.367
12 110 125.103
12 111 108.530
12 112 116.811
12 113 126.944
12 114 74.244
12 115 134.055
12 116 143.472
12 117 121.390
12 118 83.502
12 119 111.791
13 14 97.735
13 15 102.800
13 16 123.838
13 17 103.732
13 18 119.524
13 19 107.680
13 20 119.093
13 21 117.323
13 22 120.261
13 23 109.762
13 24 118.619
13 25 83.660
13 26 88.214
13 27 107.388
13 28 73.673
13 29 104.326
13 30 69.427
13 31 48.584
13 32 136.007
13 33 113.668
13 34 86.977
13 35 113.500
13 36 118.879
13 37 77.606
13 38 83.764
13 39 52.400
13 40 88.819
13 41 59.389
13 42 103.236
13 43 73.732
13 44 94.472
13 45 79.267
13 46 89.817
13 47 136.658
13 48 54.372
13 49 80.606
13 50 110.531
13 51 76.696
13 52 100.572
13 53 98.917
13 54 78.769
13 55 92.386
13 56 92.452
13 57 92.413
13 58 111.229
13 59 93.699
13 60 100.187
13 61 76.661
13 62 113.681
13 63 56.631
13 64 76.787
13 65 88.207
13 66 108.146
13 67 70.633
13 68 67.062
13 69 45.544
13 70 95.059
13 71 108.854
13 72 83.965
13 73 124.940
13 74 82.759
13 75 87.564
13 76 111.332
13 77 88.533
13 78 134.930
13 79 60.375
13 80 100.391
13 81 54.948
13 82 90.117
13 83 87.762
13 84 71.820
13 85 64.739
13 86 104.695
13 87 86.483
13 88 89.787
13 89 101.119
13 90 79.649
13 91 96.173
13 92 74.440
13 93 108.077
13 94 107.201
13 95 68.888
13 96 112.035
13 97 86.674
13 98 76.354
13 99 119.926
13 100 89.858
13 101 129.384
13 102 131.920
13 103 108.257
13 104 95.122
13 105 72.931
13 106 100.019
13 107 70.424
13 108 105.556
13 109 79.493
13 110 50.050
13 111 133.369
13 112 85.490
13 113 97.884
13 114 117.131
13 115 139.486
13 116 107.062
13 117 100.885
13 118 104.482
13 119 131.502
14 15 102.600
14 16 113.188
14 17 125.202
14 18 101.558
14 19 126.208
14 20 137.090
14 21 71.581
14 22 57.789
14 23 99.010
14 24 90.837
14 25 111.467
14 26 109.630
14 27 95.208
14 28 124.300
14 29 98.033
14 30 73.284
14 31 82.461
14 32 127.316
14 33 131.915
14 34 105.802
14 35 102.221
14 36 84.174
14 37 48.258
14 38 95.832
14 39 103.351
14 40 105.812
14 41 75.458
14 42 55.621
14 43 107.972
14 44 66.467
14 45 80.888
14 46 111.549
14 47 89.824
14 48 69.787
14 49 113.990
14 50 122.406
14 51 123.336
14 52 89.160
14 53 88.858
14 54 125.713
14 55 93.268
14 56 94.790
14 57 128.300
14 58 109.908
14 59 96.654
14 60 95.378
14 61 44.809
14 62 96.530
14 63 102.403
14 64 106.818
14 65 59.485
14 66 89.872
14 67 70.206
14 68 106.850
14 69 94.087
14 70 34.887
14 71 106.438
14 72 109.066
14 73 102.775
14 74 103.152
14 75 86.687
14 76 99.364
14 77 110.788
14 78 100.123
14 79 57.744
14 80 113.332
14 81 117.974
14 82 116.145
14 83 85.714
14 84 107.716
14 85 71.277
14 86 94.775
14 87 47.901
14 88 75.489
14 89 88.581
14 90 80.538
14 91 38.195
14 92 112.923
14 93 104.544
14 94 98.012
14 95 89.124
14 96 77.603
14 97 112.073
14 98 119.514
14 99 124.837
14 100 93.967
14 101 105.337
14 102 132.179
14 103 138.788
14 104 136.542
14 105 90.332
14 106 136.654
14 107 125.200
14 108 87.674
14 109 73.128
14 110 87.013
14 111 103.393
14 112 109.209
14 113 101.347
14 114 100.495
14 115 115.838
14 116 129.216
14 117 100.920
14 118 100.257
14 119 85.721
15 16 100.098
15 17 109.500
15 18 77.033
15 19 107.114
15 20 81.395
15 21 82.490
15 22 122.087
15 23 108.514
15 24 110.370
15 25 97.126
15 26 54.573
15 27 116.789
15 28 117.750
15 29 140.087
15 30 108.399
15 31 89.088
15 32 107.847
15 33 127.711
15 34 52.815
15 35 62.150
15 36 61.844
15 37 67.591
15 38 101.482
15 39 108.845
15 40 48.155
15 41 128.250
15 42 76.665
15 43 91.255
15 44 131.996
15 45 101.548
15 46 119.483
15 47 108.320
15 48 91.466
15 49 94.312
15 50 168.427
15 51 105.264
15 52 106.184
15 53 138.876
15 54 95.340
15 55 107.426
15 56 113.733
15 57 75.683
15 58 88.214
15 59 93.841
15 60 103.330
15 61 106.086
15 62 58.273
15 63 117.401
15 64 137.187
15 65 81.212
15 66 31.495
15 67 116.173
15 68 128.628
15 69 79.526
15 70 116.023
15 71 84.133
15 72 107.347
15 73 97.937
15 74 104.992
15 75 61.807
15 76 121.129
15 77 97.028
15 78 60.432
15 79 106.498
15 80 119.009
15 81 88.415
15 82 131.735
15 83 112.646
15 84 110.416
15 85 75.996
15 86 103.518
15 87 127.035
15 88 83.618
15 89 90.140
15 90 73.880
15 91 92.670
15 92 118.834
15 93 101.387
15 94 54.640
15 95 90.933
15 96 106.198
15 97 93.776
15 98 110.218
15 99 92.458
15 100 125.336
15 101 63.328
15 102 101.248
15 103 97.302
15 104 116.995
15 105 118.386
15 106 150.866
15 107 73.176
15 108 104.262
15 109 142.037
15 110 113.536
15 111 122.173
15 112 111.645
15 113 106.011
15 114 61.688
15 115 133.599
15 116 101.856
15 117 94.259
15 118 51.886
15 119 115.071
16 17 138.620
16 18 118.906
16 19 106.324
16 20 109.028
16 21 137.716
16 22 107.253
16 23 132.099
16 24 71.458
16 25 105.739
16 26 90.149
16 27 131.594
16 28 137.752
16 29 116.372
16 30 113.851
16 31 135.689
16 32 119.652
16 33 104.925
16 34 123.151
16 35 116.112
16 36 124.094
16 37 118.211
16 38 116.294
16 39 110.286
16 40 134.151
16 41 131.095
16 42 97.573
16 43 66.148
16 44 121.682
16 45 78.268
16 46 113.007
16 47 161.961
16 48 100.687
16 49 135.095
16 50 136.697
16 51 166.433
16 52 128.514
16 53 143.535
16 54 141.763
16 55 96.920
16 56 120.041
16 57 127.164
16 58 152.534
16 59 83.627
16 60 65.115
16 61 89.717
16 62 110.777
16 63 95.038
16 64 134.906
16 65 75.261
16 66 87.050
16 67 146.754
16 68 141.943
16 69 100.110
16 70 128.182
16 71 68.076
16 72 109.383
16 73 83.356
16 74 140.957
16 75 110.883
16 76 101.443
16 77 85.900
16 78 130.497
16 79 125.410
16 80 105.685
16 81 102.285
16 82 122.404
16 83 108.488
16 84 128.759
16 85 88.871
16 86 87.526
16 87 124.727
16 88 88.878
16 89 76.490
16 90 94.100
16 91 96.443
16 92 163.505
16 93 122.882
16 94 130.638
16 95 130.310
16 96 133.726
16 97 140.017
16 98 153.151
16 99 124.188
16 100 78.561
16 101 123.520
16 102 81.625
16 103 125.017
16 104 155.541
16 105 149.452
16 106 156.891
16 107 115.850
16 108 121.603
16 109 129.946
16 110 135.451
16 111 137.927
16 112 141.204
16 113 99.665
16 114 137.984
16 115 156.858
16 116 163.290
16 117 42.338
16 118 122.339
16 119 128.045
17 18 153.302
17 19 114.191
17 20 144.177
17 21 125.473
17 22 144.455
17 23 85.306
17 24 137.581
17 25 146.181
17 26 74.251
17 27 77.329
17 28 108.962
17 29 127.298
17 30 88.907
17 31 113.422
17 32 143.219
17 33 114.707
17 34 88.392
17 35 104.676
17 36 127.879
17 37 108.422
17 38 99.484
17 39 87.181
17 40 110.270
17 41 106.437
17 42 136.343
17 43 112.933
17 44 123.702
17 45 138.382
17 46 89.258
17 47 155.987
17 48 98.829
17 49 120.729
17 50 163.646
17 51 109.099
17 52 97.376
17 53 118.230
17 54 68.705
17 55 140.686
17 56 135.531
17 57 101.867
17 58 123.874
17 59 120.794
17 60 98.790
17 61 118.479
17 62 143.656
17 63 118.424
17 64 80.094
17 65 116.461
17 66 103.514
17 67 110.214
17 68 85.360
17 69 76.477
17 70 133.247
17 71 142.523
17 72 98.029
17 73 123.297
17 74 80.684
17 75 112.009
17 76 132.555
17 77 86.796
17 78 111.784
17 79 99.581
17 80 130.337
17 81 96.855
17 82 93.803
17 83 75.996
17 84 85.027
17 85 83.256
17 86 136.091
17 87 124.710
17 88 82.389
17 89 147.350
17 90 119.457
17 91 109.558
17 92 79.146
17 93 116.503
17 94 131.616
17 95 93.952
17 96 90.230
17 97 160.211
17 98 137.622
17 99 100.485
17 100 131.011
17 101 97.237
17 102 131.139
17 103 88.393
17 104 80.643
17 105 83.308
17 106 71.116
17 107 123.010
17 108 155.823
17 109 117.485
17 110 109.305
17 111 86.732
17 112 85.666
17 113 93.863
17 114 126.952
17 115 118.591
17 116 94.547
17 117 125.163
17 118 80.650
17 119 157.117
18 19 121.403
18 20 127.317
18 21 90.883
18 22 133.931
18 23 138.451
18 24 114.586
18 25 112.926
18 26 97.586
18 27 141.469
18 28 128.442
18 29 124.976
18 30 141.004
18 31 87.564
18 32 97.228
18 33 137.312
18 34 87.433
18 35 105.928
18 36 46.268
18 37 80.545
18 38 138.733
18 39 120.804
18 40 86.422
18 41 138.968
18 42 81.793
18 43 114.962
18 44 149.577
18 45 100.532
18 46 151.189
18 47 111.643
18 48 116.808
18 49 112.230
18 50 139.023
18 51 107.281
18 52 105.330
18 53 134.437
18 54 125.907
18 55 108.549
18 56 77.435
18 57 95.223
18 58 93.125
18 59 80.193
18 60 141.046
18 61 106.453
18 62 70.571
18 63 128.487
18 64 151.941
18 65 81.827
18 66 78.483
18 67 129.341
18 68 157.225
18 69 106.483
18 70 106.214
18 71 100.787
18 72 155.227
18 73 108.827
18 74 132.129
18 75 108.540
18 76 105.689
18 77 130.062
18 78 111.021
18 79 115.496
18 80 124.000
18 81 105.834
18 82 162.933
18 83 148.065
18 84 114.778
18 85 107.536
18 86 138.360
18 87 133.553
18 88 127.641
18 89 81.503
18 90 113.862
18 91 96.574
18 92 135.423
18 93 71.720
18 94 70.999
18 95 87.222
18 96 123.508
18 97 100.755
18 98 119.473
18 99 130.276
18 100 125.525
18 101 112.974
18 102 99.971
18 103 134.648
18 104 146.557
18 105 139.099
18 106 184.992
18 107 104.925
18 108 61.600
18 109 145.647
18 110 106.187
18 111 134.035
18 112 115.265
18 113 128.647
18 114 78.885
18 115 138.145
18 116 125.582
18 117 109.235
18 118 94.921
18 119 98.175
19 20 91.495
19 21 130.906
19 22 146.503
19 23 134.707
19 24 138.034
19 25 131.467
19 26 93.523
19 27 122.495
19 28 58.606
19 29 109.205
19 30 115.165
19 31 109.609
19 32 63.575
19 33 110.434
19 34 112.870
19 35 145.692
19 36 117.748
19 37 115.752
19 38 133.355
19 39 82.013
19 40 120.189
19 41 133.915
19 42 101.792
19 43 66.218
19 44 150.353
19 45 120.924
19 46 115.122
19 47 165.163
19 48 98.406
19 49 154.407
19 50 126.753
19 51 131.987
19 52 84.276
19 53 161.433
19 54 91.200
19 55 81.527
19 56 87.152
19 57 109.867
19 58 117.563
19 59 69.611
19 60 118.634
19 61 115.873
19 62 119.308
19 63 97.255
19 64 125.400
19 65 117.448
19 66 107.933
19 67 151.300
19 68 143.259
19 69 94.353
19 70 118.534
19 71 73.821
19 72 117.305
19 73 52.866
19 74 129.507
19 75 96.013
19 76 77.044
19 77 61.010
19 78 130.590
19 79 110.513
19 80 67.210
19 81 80.912
19 82 124.616
19 83 130.999
19 84 121.479
19 85 71.890
19 86 130.864
19 87 138.383
19 88 118.875
19 89 109.975
19 90 125.820
19 91 96.136
19 92 113.276
19 93 114.857
19 94 120.444
19 95 110.626
19 96 124.385
19 97 125.737
19 98 166.331
19 99 153.610
19 100 102.463
19 101 136.842
19 102 112.317
19 103 136.933
19 104 156.714
19 105 147.459
19 106 135.445
19 107 118.398
19 108 121.908
19 109 137.977
19 110 98.556
19 111 127.347
19 112 90.152
19 113 54.589
19 114 138.353
19 115 157.996
19 116 113.430
19 117 104.915
19 118 123.064
19 119 168.550
20 21 130.775
20 22 145.409
20 23 152.187
20 24 145.249
20 25 112.772
20 26 105.065
20 27 154.103
20 28 110.371
20 29 165.621
20 30 122.680
20 31 121.630
20 32 113.239
20 33 153.057
20 34 112.628
20 35 131.174
20 36 123.224
20 37 113.612
20 38 130.408
20 39 126.931
20 40 101.212
20 41 154.533
20 42 93.502
20 43 81.562
20 44 157.542
20 45 125.016
20 46 137.913
20 47 153.716
20 48 103.231
20 49 147.856
20 50 183.077
20 51 150.823
20 52 133.479
20 53 190.055
20 54 119.117
20 55 100.094
20 56 138.471
20 57 119.693
20 58 128.239
20 59 116.424
20 60 122.826
20 61 134.324
20 62 95.593
20 63 121.869
20 64 166.350
20 65 128.149
20 66 97.867
20 67 157.292
20 68 157.386
20 69 111.598
20 70 138.561
20 71 60.135
20 72 108.194
20 73 94.978
20 74 146.886
20 75 61.994
20 76 131.448
20 77 97.055
20 78 109.408
20 79 133.908
20 80 111.635
20 81 107.426
20 82 147.344
20 83 144.575
20 84 157.146
20 85 89.098
20 86 107.706
20 87 152.934
20 88 117.245
20 89 108.015
20 90 96.493
20 91 121.426
20 92 146.906
20 93 157.109
20 94 102.500
20 95 139.675
20 96 147.122
20 97 92.534
20 98 156.844
20 99 152.546
20 100 135.760
20 101 127.027
20 102 141.558
20 103 146.627
20 104 171.036
20 105 163.896
20 106 167.253
20 107 97.296
20 108 139.933
20 109 167.548
20 110 136.390
20 111 170.786
20 112 140.777
20 113 105.936
20 114 122.688
20 115 188.066
20 116 135.860
20 117 115.224
20 118 123.870
20 119 172.613
21 22 91.021
21 23 81.570
21 24 137.623
21 25 109.427
21 26 101.595
21 27 88.211
21 28 128.416
21 29 120.929
21 30 113.747
21 31 87.031
21 32 110.229
21 33 131.831
21 34 100.041
21 35 78.916
21 36 56.413
21 37 56.311
21 38 94.500
21 39 117.635
21 40 70.332
21 41 122.253
21 42 64.763
21 43 128.759
21 44 110.256
21 45 108.408
21 46 115.889
21 47 38.940
21 48 108.702
21 49 105.909
21 50 160.856
21 51 109.784
21 52 111.079
21 53 118.389
21 54 127.413
21 55 100.859
21 56 107.899
21 57 130.168
21 58 55.678
21 59 103.436
21 60 128.167
21 61 101.360
21 62 61.362
21 63 127.887
21 64 143.274
21 65 86.429
21 66 71.487
21 67 97.485
21 68 139.799
21 69 112.994
21 70 87.796
21 71 123.020
21 72 117.506
21 73 115.979
21 74 86.774
21 75 81.187
21 76 136.139
21 77 115.706
21 78 67.018
21 79 79.113
21 80 114.903
21 81 122.795
21 82 126.375
21 83 114.217
21 84 127.446
21 85 86.595
21 86 107.739
21 87 95.509
21 88 93.203
21 89 124.693
21 90 89.102
21 91 66.720
21 92 119.727
21 93 110.280
21 94 50.567
21 95 102.309
21 96 107.540
21 97 103.203
21 98 119.442
21 99 104.729
21 100 126.362
21 101 69.676
21 102 127.230
21 103 120.919
21 104 130.713
21 105 108.773
21 106 166.072
21 107 113.372
21 108 82.087
21 109 124.317
21 110 110.573
21 111 93.044
21 112 124.476
21 113 105.986
21 114 92.816
21 115 90.496
21 116 87.437
21 117 118.475
21 118 72.698
21 119 83.963
22 23 93.993
22 24 106.234
22 25 101.339
22 26 125.170
22 27 96.098
22 28 150.251
22 29 107.117
22 30 91.949
22 31 119.788
22 32 145.232
22 33 125.466
22 34 141.127
22 35 106.865
22 36 119.307
22 37 88.874
22 38 81.106
22 39 119.976
22 40 128.028
22 41 100.511
22 42 75.258
22 43 116.707
22 44 52.987
22 45 77.179
22 46 99.105
22 47 97.334
22 48 97.396
22 49 123.023
22 50 141.290
22 51 159.368
22 52 136.218
22 53 106.818
22 54 161.072
22 55 93.053
22 56 128.070
22 57 164.881
22 58 130.142
22 59 113.414
22 60 87.900
22 61 67.377
22 62 103.623
22 63 104.032
22 64 132.389
22 65 72.717
22 66 102.970
22 67 97.337
22 68 128.304
22 69 120.346
22 70 84.893
22 71 118.984
22 72 95.023
22 73 121.785
22 74 109.975
22 75 102.735
22 76 135.238
22 77 112.542
22 78 117.228
22 79 80.945
22 80 114.138
22 81 135.836
22 82 102.763
22 83 85.526
22 84 140.522
22 85 88.263
22 86 62.197
22 87 53.717
22 88 72.502
22 89 115.562
22 90 74.058
22 91 63.572
22 92 152.881
22 93 141.603
22 94 116.983
22 95 132.991
22 96 122.487
22 97 128.478
22 98 135.573
22 99 120.860
22 100 87.799
22 101 112.696
22 102 135.393
22 103 139.739
22 104 151.751
22 105 115.543
22 106 158.832
22 107 133.710
22 108 106.331
22 109 88.483
22 110 126.542
22 111 116.102
22 112 153.363
22 113 108.001
22 114 140.829
22 115 117.138
22 116 148.976
22 117 91.190
22 118 121.841
22 119 85.020
23 24 139.525
23 25 107.798
23 26 86.482
23 27 26.554
23 28 128.362
23 29 100.539
23 30 101.600
23 31 109.370
23 32 133.952
23 33 86.847
23 34 114.533
23 35 74.694
23 36 112.177
23 37 94.829
23 38 51.565
23 39 91.875
23 40 98.759
23 41 107.768
23 42 111.564
23 43 121.826
23 44 88.469
23 45 106.584
23 46 56.656
23 47 99.285
23 48 112.134
23 49 93.488
23 50 154.265
23 51 117.755
23 52 127.543
23 53 93.193
23 54 123.542
23 55 111.664
23 56 127.037
23 57 139.909
23 58 91.258
23 59 107.718
23 60 99.172
23 61 102.712
23 62 107.216
23 63 106.335
23 64 111.109
23 65 90.079
23 66 88.868
23 67 94.960
23 68 111.790
23 69 101.228
23 70 120.398
23 71 145.269
23 72 82.484
23 73 132.028
23 74 39.495
23 75 108.536
23 76 150.918
23 77 89.230
23 78 102.729
23 79 74.869
23 80 108.683
23 81 108.828
23 82 65.841
23 83 70.081
23 84 109.630
23 85 83.496
23 86 96.867
23 87 89.550
23 88 67.071
23 89 150.302
23 90 92.029
23 91 84.018
23 92 116.792
23 93 119.933
23 94 103.116
23 95 111.554
23 96 118.923
23 97 141.596
23 98 118.458
23 99 64.048
23 100 106.886
23 101 73.163
23 102 113.779
23 103 73.729
23 104 88.641
23 105 84.449
23 106 130.349
23 107 112.821
23 108 116.730
23 109 103.785
23 110 117.944
23 111 59.885
23 112 127.699
23 113 90.198
23 114 136.844
23 115 53.304
23 116 84.150
23 117 102.546
23 118 76.226
23 119 99.514
24 25 127.681
24 26 104.003
24 27 138.197
24 28 153.507
24 29 122.210
24 30 99.088
24 31 124.532
24 32 152.903
24 33 135.590
24 34 109.934
24 35 115.031
24 36 118.073
24 37 101.808
24 38 127.209
24 39 119.852
24 40 138.644
24 41 102.672
24 42 105.312
24 43 98.250
24 44 106.009
24 45 85.012
24 46 134.425
24 47 159.208
24 48 87.990
24 49 127.157
24 50 130.753
24 51 154.249
24 52 112.613
24 53 110.962
24 54 137.742
24 55 128.779
24 56 120.775
24 57 115.410
24 58 164.061
24 59 106.480
24 60 72.209
24 61 66.546
24 62 130.141
24 63 111.794
24 64 111.229
24 65 62.947
24 66 98.890
24 67 117.106
24 68 115.350
24 69 92.080
24 70 106.043
24 71 101.818
24 72 131.302
24 73 111.100
24 74 144.139
24 75 124.058
24 76 94.932
24 77 122.499
24 78 134.045
24 79 118.207
24 80 143.285
24 81 117.771
24 82 139.465
24 83 98.385
24 84 104.338
24 85 101.342
24 86 114.133
24 87 108.187
24 88 90.000
24 89 60.954
24 90 102.439
24 91 95.909
24 92 148.627
24 93 105.766
24 94 140.419
24 95 106.076
24 96 100.077
24 97 149.922
24 98 136.351
24 99 130.325
24 100 98.633
24 101 129.258
24 102 112.468
24 103 139.442
24 104 143.847
24 105 122.624
24 106 140.764
24 107 132.788
24 108 125.682
24 109 105.738
24 110 121.772
24 111 138.271
24 112 126.141
24 113 130.345
24 114 115.002
24 115 158.081
24 116 175.893
24 117 81.823
24 118 119.570
24 119 114.640
25 26 97.060
25 27 118.496
25 28 121.334
25 29 116.441
25 30 115.323
25 31 93.335
25 32 133.168
25 33 102.307
25 34 119.188
25 35 96.851
25 36 119.867
25 37 97.855
25 38 71.218
25 39 93.960
25 40 90.068
25 41 115.199
25 42 95.094
25 43 86.343
25 44 104.403
25 45 53.513
25 46 91.206
25 47 115.712
25 48 101.894
25 49 72.852
25 50 137.544
25 51 121.857
25 52 150.842
25 53 124.765
25 54 138.956
25 55 76.163
25 56 114.604
25 57 132.143
25 58 107.602
25 59 94.411
25 60 106.346
25 61 96.702
25 62 76.190
25 63 71.681
25 64 139.754
25 65 81.836
25 66 95.495
25 67 110.193
25 68 129.314
25 69 96.396
25 70 125.400
25 71 105.757
25 72 85.105
25 73 135.917
25 74 96.194
25 75 95.185
25 76 146.372
25 77 98.130
25 78 133.602
25 79 93.586
25 80 95.294
25 81 83.825
25 82 98.190
25 83 111.734
25 84 124.802
25 85 89.443
25 86 66.507
25 87 103.156
25 88 95.518
25 89 110.456
25 90 57.669
25 91 105.618
25 92 144.772
25 93 132.022
25 94 90.059
25 95 120.421
25 96 157.822
25 97 76.399
25 98 84.635
25 99 101.638
25 100 86.057
25 101 119.618
25 102 110.486
25 103 101.165
25 104 123.689
25 105 121.720
25 106 166.632
25 107 53.940
25 108 86.724
25 109 119.289
25 110 113.551
25 111 146.317
25 112 148.509
25 113 112.114
25 114 136.253
25 115 133.027
25 116 124.028
25 117 74.224
25 118 112.030
25 119 101.531
26 27 90.221
26 28 101.789
26 29 111.631
26 30 98.787
26 31 90.901
26 32 106.534
26 33 87.032
26 34 56.776
26 35 65.843
26 36 86.666
26 37 84.582
26 38 85.729
26 39 74.636
26 40 71.376
26 41 111.987
26 42 100.671
26 43 74.897
26 44 121.706
26 45 93.678
26 46 86.659
26 47 131.440
26 48 88.104
26 49 84.072
26 50 144.891
26 51 95.808
26 52 97.907
26 53 115.432
26 54 76.808
26 55 105.391
26 56 103.267
26 57 68.348
26 58 96.533
26 59 75.748
26 60 82.212
26 61 97.493
26 62 89.645
26 63 93.244
26 64 103.413
26 65 73.747
26 66 49.432
26 67 111.297
26 68 105.802
26 69 54.053
26 70 123.173
26 71 97.319
26 72 92.504
26 73 96.798
26 74 81.231
26 75 87.063
26 76 111.642
26 77 68.289
26 78 91.457
26 79 95.907
26 80 103.308
26 81 57.471
26 82 99.054
26 83 87.337
26 84 77.521
26 85 65.940
26 86 105.069
26 87 120.255
26 88 70.812
26 89 101.268
26 90 84.095
26 91 91.300
26 92 103.199
26 93 82.735
26 94 86.767
26 95 77.664
26 96 103.560
26 97 119.398
26 98 107.024
26 99 69.836
26 100 102.133
26 101 71.743
26 102 73.282
26 103 58.166
26 104 83.313
26 105 99.482
26 106 120.063
26 107 71.278
26 108 109.253
26 109 122.469
26 110 100.687
26 111 96.204
26 112 92.598
26 113 85.197
26 114 95.156
26 115 112.589
26 116 91.119
26 117 74.678
26 118 49.878
26 119 117.849
27 28 116.520
27 29 86.204
27 30 94.858
27 31 108.192
27 32 126.002
27 33 82.657
27 34 117.628
27 35 93.276
27 36 115.392
27 37 96.853
27 38 64.473
27 39 81.824
27 40 109.270
27 41 100.543
27 42 111.402
27 43 117.142
27 44 87.399
27 45 109.500
27 46 53.983
27 47 111.177
27 48 106.814
27 49 108.364
27 50 140.864
27 51 118.712
27 52 113.574
27 53 90.986
27 54 116.645
27 55 106.930
27 56 117.418
27 57 139.778
27 58 96.090
27 59 100.919
27 60 98.051
27 61 97.295
27 62 117.544
27 63 101.055
27 64 98.171
27 65 92.620
27 66 97.305
27 67 96.426
27 68 107.568
27 69 98.436
27 70 111.577
27 71 142.323
27 72 85.358
27 73 121.372
27 74 47.483
27 75 110.840
27 76 137.254
27 77 80.791
27 78 110.280
27 79 67.515
27 80 99.272
27 81 106.521
27 82 61.630
27 83 67.442
27 84 104.164
27 85 77.030
27 86 104.555
27 87 84.777
27 88 70.980
27 89 148.605
27 90 102.199
27 91 75.650
27 92 106.753
27 93 115.117
27 94 112.964
27 95 106.958
27 96 109.949
27 97 147.165
27 98 130.168
27 99 84.477
27 100 99.414
27 101 87.438
27 102 115.517
27 103 86.786
27 104 96.563
27 105 83.679
27 106 117.817
27 107 122.815
27 108 118.079
27 109 93.398
27 110 108.034
27 111 47.035
27 112 114.820
27 113 75.884
27 114 141.855
27 115 58.716
27 116 84.729
27 117 104.287
27 118 86.129
27 119 110.708
28 29 105.528
28 30 104.400
28 31 78.523
28 32 95.212
28 33 115.439
28 34 108.372
28 35 147.468
28 36 125.058
28 37 106.658
28 38 121.573
28 39 59.855
28 40 108.281
28 41 110.072
28 42 111.884
28 43 78.778
28 44 139.427
28 45 118.761
28 46 107.026
28 47 157.277
28 48 88.883
28 49 134.448
28 50 114.914
28 51 96.666
28 52 86.910
28 53 143.805
28 54 72.657
28 55 84.931
28 56 81.030
28 57 106.179
28 58 104.955
28 59 84.037
28 60 131.331
28 61 113.147
28 62 125.584
28 63 82.996
28 64 106.218
28 65 122.622
28 66 123.585
28 67 125.349
28 68 119.083
28 69 82.018
28 70 110.776
28 71 104.039
28 72 110.210
28 73 99.299
28 74 107.852
28 75 96.840
28 76 97.407
28 77 75.578
28 78 143.170
28 79 87.426
28 80 73.693
28 81 66.677
28 82 111.832
28 83 125.828
28 84 103.851
28 85 72.634
28 86 135.639
28 87 124.335
28 88 122.749
28 89 123.739
28 90 122.286
28 91 103.659
28 92 77.720
28 93 115.758
28 94 117.404
28 95 92.544
28 96 126.260
28 97 106.662
28 98 138.115
28 99 152.745
28 100 105.982
28 101 146.029
28 102 135.355
28 103 132.472
28 104 135.141
28 105 121.370
28 106 117.856
28 107 103.721
28 108 116.944
28 109 119.204
28 110 64.393
28 111 132.646
28 112 74.432
28 113 71.157
28 114 139.193
28 115 152.246
28 116 92.824
28 117 122.005
28 118 123.746
28 119 167.468
29 30 115.114
29 31 106.638
29 32 108.759
29 33 68.053
29 34 137.974
29 35 136.644
29 36 125.088
29 37 113.771
29 38 107.920
29 39 67.187
29 40 139.297
29 41 98.788
29 42 112.950
29 43 101.525
29 44 102.266
29 45 84.393
29 46 86.900
29 47 143.581
29 48 110.552
29 49 126.209
29 50 62.222
29 51 128.922
29 52 107.593
29 53 88.301
29 54 133.879
29 55 83.757
29 56 68.320
29 57 143.961
29 58 121.145
29 59 63.261
29 60 112.161
29 61 78.955
29 62 129.829
29 63 74.676
29 64 97.186
29 65 83.748
29 66 122.923
29 67 116.930
29 68 126.765
29 69 102.990
29 70 101.098
29 71 128.580
29 72 121.756
29 73 111.015
29 74 100.212
29 75 136.838
29 76 98.272
29 77 90.012
29 78 157.832
29 79 77.639
29 80 75.350
29 81 96.129
29 82 91.786
29 83 104.325
29 84 98.194
29 85 91.348
29 86 122.110
29 87 88.413
29 88 110.332
29 89 123.853
29 90 124.550
29 91 77.594
29 92 124.647
29 93 92.599
29 94 134.685
29 95 103.636
29 96 130.275
29 97 146.400
29 98 139.508
29 99 130.458
29 100 54.472
29 101 142.446
29 102 98.252
29 103 123.383
29 104 132.922
29 105 114.737
29 106 140.522
29 107 132.095
29 108 87.208
29 109 80.397
29 110 87.782
29 111 91.268
29 112 110.448
29 113 81.760
29 114 160.649
29 115 100.023
29 116 125.980
29 117 88.502
29 118 129.115
29 119 111.195
30 31 87.882
30 32 148.478
30 33 130.487
30 34 98.744
30 35 111.801
30 36 124.247
30 37 74.265
30 38 82.362
30 39 83.317
30 40 111.364
30 41 49.207
30 42 93.931
30 43 85.985
30 44 64.325
30 45 95.272
30 46 89.903
30 47 135.951
30 48 33.302
30 49 114.310
30 50 133.732
30 51 120.874
30 52 91.803
30 53 101.381
30 54 94.157
30 55 106.705
30 56 120.213
30 57 115.197
30 58 133.357
30 59 113.483
30 60 67.593
30 61 62.043
30 62 126.982
30 63 83.947
30 64 70.061
30 65 87.028
30 66 104.741
30 67 67.236
30 68 55.360
30 69 64.977
30 70 77.471
30 71 107.645
30 72 70.673
30 73 110.455
30 74 95.780
30 75 78.958
30 76 107.633
30 77 88.944
30 78 114.293
30 79 62.698
30 80 116.471
30 81 98.802
30 82 88.160
30 83 51.858
30 84 93.985
30 85 54.176
30 86 91.196
30 87 65.401
30 88 56.810
30 89 102.670
30 90 75.479
30 91 76.641
30 92 88.099
30 93 127.268
30 94 124.128
30 95 91.102
30 96 76.050
30 97 120.818
30 98 118.135
30 99 124.712
30 100 96.639
30 101 116.695
30 102 146.635
30 103 126.281
30 104 115.500
30 105 70.625
30 106 76.485
30 107 114.013
30 108 132.791
30 109 64.872
30 110 82.941
30 111 119.371
30 112 95.811
30 113 91.652
30 114 116.901
30 115 141.145
30 116 128.571
30 117 104.552
30 118 105.772
30 119 135.875
31 32 118.995
31 33 126.296
31 34 72.661
31 35 105.376
31 36 83.815
31 37 51.087
31 38 98.241
31 39 73.009
31 40 66.282
31 41 77.477
31 42 84.828
31 43 95.171
31 44 107.416
31 45 88.919
31 46 111.288
31 47 106.804
31 48 68.846
31 49 81.662
31 50 117.151
31 51 52.886
31 52 84.884
31 53 99.609
31 54 79.947
31 55 92.792
31 56 73.394
31 57 85.272
31 58 80.142
31 59 88.163
31 60 122.187
31 61 81.130
31 62 92.146
31 63 87.063
31 64 98.490
31 65 84.458
31 66 96.035
31 67 68.135
31 68 93.928
31 69 63.632
31 70 76.312
31 71 110.162
31 72 109.973
31 73 119.633
31 74 84.172
31 75 81.034
31 76 106.593
31 77 104.865
31 78 115.621
31 79 56.809
31 80 105.215
31 81 72.800
31 82 116.133
31 83 107.344
31 84 77.297
31 85 71.366
31 86 118.841
31 87 89.556
31 88 101.064
31 89 97.493
31 90 87.693
31 91 84.102
31 92 67.812
31 93 88.092
31 94 77.453
31 95 49.815
31 96 100.475
31 97 71.722
31 98 75.957
31 99 121.942
31 100 107.113
31 101 116.310
31 102 131.093
31 103 117.470
31 104 104.494
31 105 78.098
31 106 125.949
31 107 78.612
31 108 79.597
31 109 94.127
31 110 41.004
31 111 123.347
31 112 76.399
31 113 104.078
31 114 89.123
31 115 126.970
31 116 89.815
31 117 113.860
31 118 89.201
31 119 114.393
32 33 112.155
32 34 126.565
32 35 141.849
32 36 95.232
32 37 118.693
32 38 143.977
32 39 108.724
32 40 117.958
32 41 160.020
32 42 94.765
32 43 102.879
32 44 164.716
32 45 125.823
32 46 132.320
32 47 141.482
32 48 131.091
32 49 157.564
32 50 136.941
32 51 138.857
32 52 104.551
32 53 167.276
32 54 126.552
32 55 81.234
32 56 79.675
32 57 130.681
32 58 93.653
32 59 63.208
32 60 145.426
32 61 129.569
32 62 97.184
32 63 122.632
32 64 159.092
32 65 117.555
32 66 102.345
32 67 165.073
32 68 177.549
32 69 124.703
32 70 124.698
32 71 92.574
32 72 144.193
32 73 66.965
32 74 135.133
32 75 111.531
32 76 98.870
32 77 91.505
32 78 125.336
32 79 121.624
32 80 71.609
32 81 106.621
32 82 145.828
32 83 154.939
32 84 142.104
32 85 97.318
32 86 140.748
32 87 148.218
32 88 136.498
32 89 122.772
32 90 137.154
32 91 95.088
32 92 140.478
32 93 107.918
32 94 101.542
32 95 123.644
32 96 143.178
32 97 127.674
32 98 173.126
32 99 152.071
32 100 115.575
32 101 129.515
32 102 98.891
32 103 142.869
32 104 171.449
32 105 165.880
32 106 181.020
32 107 129.085
32 108 95.123
32 109 158.284
32 110 118.872
32 111 119.524
32 112 117.745
32 113 77.452
32 114 139.185
32 115 139.634
32 116 108.955
32 117 112.186
32 118 121.790
32 119 147.543
33 34 135.283
33 35 118.081
33 36 135.893
33 37 131.824
33 38 92.065
33 39 70.774
33 40 130.713
33 41 127.741
33 42 130.878
33 43 95.008
33 44 122.667
33 45 92.663
33 46 62.437
33 47 154.687
33 48 127.304
33 49 113.795
33 50 114.311
33 51 135.649
33 52 136.657
33 53 114.668
33 54 133.919
33 55 95.029
33 56 105.081
33 57 140.729
33 58 120.803
33 59 72.013
33 60 103.458
33 61 110.298
33 62 124.286
33 63 78.532
33 64 116.535
33 65 94.914
33 66 110.130
33 67 139.137
33 68 136.745
33 69 103.207
33 70 144.746
33 71 131.313
33 72 104.659
33 73 120.758
33 74 89.674
33 75 137.541
33 76 131.471
33 77 70.024
33 78 152.826
33 79 104.701
33 80 76.904
33 81 82.404
33 82 73.677
33 83 104.045
33 84 108.647
33 85 96.660
33 86 112.033
33 87 121.368
33 88 103.713
33 89 141.173
33 90 118.619
33 91 105.298
33 92 141.685
33 93 109.840
33 94 131.985
33 95 122.818
33 96 153.900
33 97 152.921
33 98 138.571
33 99 97.076
33 100 70.382
33 101 125.357
33 102 67.345
33 103 79.371
33 104 114.625
33 105 127.972
33 106 147.058
33 107 110.691
33 108 110.293
33 109 118.354
33 110 120.437
33 111 95.033
33 112 131.797
33 113 81.080
33 114 168.614
33 115 96.659
33 116 115.568
33 117 71.189
33 118 116.480
33 119 122.692
34 35 78.890
34 36 73.229
34 37 66.344
34 38 112.361
34 39 98.087
34 40 59.220
34 41 108.483
34 42 102.085
34 43 100.544
34 44 133.408
34 45 114.313
34 46 125.602
34 47 127.937
34 48 82.690
34 49 89.671
34 50 158.218
34 51 73.389
34 52 83.433
34 53 120.471
34 54 60.295
34 55 128.372
34 56 108.044
34 57 36.488
34 58 99.535
34 59 102.703
34 60 110.815
34 61 104.079
34 62 98.244
34 63 119.152
34 64 107.818
34 65 89.334
34 66 66.550
34 67 98.321
34 68 100.529
34 69 57.300
34 70 111.897
34 71 109.008
34 72 119.880
34 73 113.592
34 74 100.335
34 75 84.161
34 76 112.854
34 77 108.175
34 78 85.692
34 79 100.565
34 80 134.782
34 81 80.461
34 82 134.306
34 83 106.963
34 84 74.446
34 85 82.052
34 86 131.789
34 87 126.564
34 88 92.595
34 89 95.998
34 90 96.104
34 91 102.128
34 92 82.881
34 93 81.483
34 94 82.504
34 95 54.234
34 96 82.385
34 97 110.117
34 98 97.600
34 99 101.280
34 100 133.487
34 101 84.764
34 102 116.758
34 103 98.650
34 104 91.746
34 105 91.813
34 106 120.980
34 107 84.279
34 108 116.569
34 109 128.838
34 110 90.543
34 111 119.384
34 112 76.310
34 113 116.261
34 114 50.579
34 115 136.187
34 116 99.112
34 117 114.481
34 118 51.597
34 119 128.233
35 36 83.971
35 37 78.688
35 38 75.149
35 39 116.073
35 40 67.308
35 41 122.623
35 42 101.515
35 43 119.564
35 44 111.090
35 45 101.140
35 46 102.999
35 47 93.645
35 48 109.417
35 49 68.701
35 50 176.522
35 51 112.558
35 52 132.177
35 53 110.668
35 54 121.302
35 55 127.219
35 56 135.196
35 57 108.312
35 58 96.614
35 59 113.888
35 60 97.878
35 61 106.584
35 62 78.798
35 63 123.838
35 64 132.561
35 65 75.396
35 66 48.412
35 67 100.058
35 68 119.940
35 69 93.028
35 70 128.216
35 71 128.802
35 72 102.180
35 73 134.103
35 74 80.052
35 75 95.112
35 76 152.284
35 77 111.621
35 78 72.835
35 79 103.010
35 80 136.853
35 81 107.652
35 82 113.879
35 83 91.274
35 84 109.111
35 85 93.799
35 86 97.690
35 87 114.100
35 88 68.270
35 89 122.402
35 90 72.290
35 91 98.906
35 92 130.835
35 93 110.257
35 94 75.891
35 95 102.911
35 96 114.919
35 97 123.565
35 98 95.159
35 99 42.538
35 100 127.401
35 101 39.153
35 102 104.016
35 103 70.157
35 104 88.495
35 105 97.687
35 106 151.158
35 107 87.997
35 108 113.332
35 109 131.210
35 110 129.484
35 111 102.363
35 112 134.007
35 113 122.172
35 114 90.194
35 115 97.581
35 116 105.820
35 117 96.847
35 118 41.356
35 119 85.310
36 37 58.873
36 38 122.501
36 39 118.158
36 40 68.793
36 41 130.535
36 42 69.356
36 43 119.483
36 44 135.684
36 45 110.061
36 46 137.467
36 47 85.057
36 48 107.878
36 49 110.135
36 50 153.663
36 51 100.930
36 52 90.348
36 53 126.160
36 54 112.407
36 55 110.472
36 56 89.746
36 57 95.382
36 58 71.512
36 59 88.271
36 60 130.758
36 61 102.886
36 62 63.259
36 63 132.883
36 64 142.284
36 65 80.022
36 66 57.873
36 67 113.911
36 68 144.864
36 69 101.684
36 70 93.610
36 71 106.237
36 72 140.043
36 73 100.128
36 74 111.570
36 75 89.546
36 76 110.588
36 77 120.019
36 78 71.958
36 79 100.284
36 80 122.973
36 81 110.996
36 82 149.596
36 83 129.283
36 84 111.907
36 85 92.441
36 86 129.619
36 87 120.352
36 88 107.050
36 89 96.970
36 90 103.965
36 91 77.528
36 92 117.957
36 93 76.350
36 94 52.633
36 95 81.329
36 96 97.131
36 97 106.462
36 98 121.889
36 99 113.453
36 100 130.400
36 101 78.665
36 102 107.520
36 103 123.462
36 104 133.227
36 105 120.840
36 106 168.281
36 107 109.628
36 108 76.544
36 109 137.544
36 110 104.827
36 111 105.393
36 112 105.011
36 113 114.349
36 114 59.916
36 115 115.137
36 116 101.586
36 117 113.932
36 118 65.714
36 119 93.846
37 38 88.646
37 39 94.058
37 40 61.850
37 41 81.140
37 42 54.605
37 43 99.227
37 44 89.667
37 45 85.684
37 46 110.782
37 47 79.637
37 48 61.405
37 49 88.197
37 50 137.290
37 51 87.258
37 52 81.143
37 53 97.991
37 54 94.797
37 55 95.289
37 56 91.129
37 57 93.466
37 58 81.907
37 59 92.966
37 60 101.829
37 61 66.476
37 62 73.594
37 63 102.032
37 64 107.048
37 65 63.878
37 66 67.019
37 67 62.642
37 68 98.055
37 69 72.023
37 70 57.979
37 71 98.924
37 72 102.335
37 73 104.063
37 74 86.920
37 75 60.523
37 76 105.249
37 77 104.295
37 78 76.007
37 79 58.138
37 80 113.540
37 81 95.720
37 82 117.727
37 83 90.710
37 84 92.205
37 85 61.335
37 86 98.978
37 87 75.053
37 88 73.850
37 89 84.934
37 90 66.990
37 91 57.692
37 92 88.652
37 93 92.154
37 94 63.185
37 95 64.129
37 96 74.062
37 97 83.660
37 98 92.188
37 99 107.669
37 100 108.771
37 101 83.691
37 102 126.025
37 103 117.610
37 104 112.760
37 105 78.476
37 106 130.315
37 107 92.851
37 108 83.247
37 109 93.914
37 110 74.081
37 111 107.111
37 112 91.208
37 113 101.064
37 114 63.264
37 115 116.374
37 116 100.034
37 117 103.752
37 118 68.354
37 119 92.703
38 39 83.347
38 40 91.841
38 41 90.787
38 42 102.239
38 43 98.997
38 44 67.555
38 45 79.628
38 46 45.399
38 47 105.814
38 48 90.385
38 49 74.075
38 50 148.349
38 51 118.365
38 52 136.575
38 53 97.272
38 54 122.845
38 55 95.937
38 56 129.096
38 57 135.219
38 58 104.425
38 59 107.855
38 60 79.754
38 61 88.366
38 62 98.898
38 63 79.037
38 64 107.971
38 65 81.354
38 66 89.658
38 67 81.850
38 68 94.736
38 69 86.439
38 70 116.452
38 71 127.295
38 72 45.788
38 73 134.218
38 74 50.119
38 75 90.557
38 76 150.037
38 77 81.919
38 78 111.460
38 79 68.092
38 80 102.475
38 81 93.752
38 82 49.963
38 83 59.053
38 84 110.033
38 85 71.482
38 86 60.166
38 87 76.038
38 88 52.214
38 89 132.805
38 90 55.004
38 91 88.448
38 92 120.169
38 93 132.671
38 94 100.954
38 95 113.095
38 96 127.910
38 97 114.605
38 98 94.596
38 99 70.435
38 100 90.548
38 101 89.291
38 102 120.025
38 103 76.773
38 104 90.574
38 105 81.331
38 106 125.524
38 107 84.550
38 108 114.454
38 109 92.422
38 110 111.151
38 111 103.890
38 112 134.236
38 113 93.114
38 114 135.549
38 115 96.049
38 116 102.363
38 117 85.117
38 118 88.704
38 119 102.371
39 40 102.896
39 41 76.861
39 42 107.657
39 43 64.412
39 44 100.881
39 45 80.990
39 46 64.252
39 47 144.163
39 48 74.801
39 49 96.753
39 50 89.916
39 51 89.661
39 52 91.012
39 53 95.596
39 54 80.066
39 55 79.389
39 56 74.545
39 57 100.458
39 58 105.245
39 59 64.250
39 60 93.041
39 61 79.190
39 62 117.123
39 63 44.309
39 64 68.555
39 65 84.316
39 66 103.895
39 67 95.944
39 68 86.344
39 69 52.855
39 70 103.275
39 71 107.901
39 72 84.698
39 73 104.396
39 74 73.109
39 75 102.111
39 76 96.498
39 77 56.928
39 78 137.533
39 79 62.037
39 80 69.610
39 81 41.260
39 82 68.531
39 83 83.016
39 84 66.538
39 85 57.901
39 86 108.072
39 87 92.313
39 88 88.102
39 89 111.062
39 90 97.371
39 91 84.651
39 92 81.174
39 93 91.604
39 94 114.346
39 95 74.562
39 96 114.194
39 97 115.272
39 98 107.374
39 99 111.227
39 100 65.948
39 101 124.475
39 102 101.643
39 103 91.974
39 104 94.953
39 105 86.259
39 106 98.368
39 107 86.467
39 108 100.264
39 109 80.443
39 110 57.680
39 111 102.498
39 112 77.256
39 113 64.685
39 114 134.819
39 115 115.709
39 116 94.372
39 117 83.393
39 118 102.132
39 119 129.953
40 41 121.516
40 42 87.744
40 43 107.935
40 44 129.668
40 45 107.449
40 46 115.002
40 47 89.283
40 48 97.387
40 49 74.739
40 50 167.821
40 51 73.744
40 52 113.827
40 53 130.269
40 54 91.207
40 55 108.673
40 56 112.080
40 57 85.490
40 58 59.435
40 59 103.834
40 60 125.195
40 61 113.697
40 62 60.669
40 63 116.326
40 64 135.511
40 65 94.690
40 66 63.074
40 67 99.146
40 68 122.493
40 69 83.151
40 70 115.328
40 71 112.445
40 72 106.457
40 73 124.483
40 74 82.290
40 75 66.557
40 76 139.633
40 77 106.755
40 78 75.708
40 79 92.003
40 80 119.491
40 81 87.164
40 82 125.359
40 83 116.859
40 84 107.320
40 85 82.327
40 86 112.177
40 87 120.953
40 88 95.438
40 89 115.738
40 90 77.681
40 91 100.165
40 92 100.862
40 93 106.677
40 94 37.106
40 95 84.338
40 96 116.777
40 97 75.897
40 98 85.450
40 99 92.028
40 100 133.064
40 101 73.380
40 102 121.731
40 103 93.783
40 104 101.151
40 105 102.386
40 106 150.563
40 107 61.412
40 108 97.390
40 109 137.194
40 110 100.687
40 111 122.622
40 112 110.003
40 113 112.513
40 114 72.483
40 115 121.417
40 116 72.734
40 117 115.025
40 118 53.662
40 119 113.725
41 42 110.607
41 43 101.948
41 44 60.041
41 45 88.037
41 46 97.142
41 47 139.524
41 48 55.440
41 49 102.209
41 50 106.549
41 51 107.096
41 52 98.561
41 53 67.628
41 54 105.305
41 55 114.276
41 56 107.843
41 57 120.195
41 58 137.103
41 59 113.325
41 60 90.898
41 61 54.186
41 62 138.575
41 63 78.362
41 64 52.088
41 65 84.509
41 66 123.069
41 67 46.122
41 68 45.569
41 69 68.697
41 70 75.850
41 71 130.986
41 72 96.765
41 73 134.341
41 74 93.371
41 75 109.976
41 76 111.416
41 77 109.469
41 78 142.382
41 79 54.320
41 80 124.049
41 81 98.506
41 82 92.678
41 83 65.118
41 84 74.700
41 85 78.377
41 86 111.312
41 87 54.140
41 88 82.484
41 89 108.937
41 90 93.339
41 91 86.953
41 92 85.178
41 93 114.699
41 94 134.071
41 95 78.520
41 96 90.251
41 97 126.071
41 98 98.938
41 99 129.440
41 100 91.560
41 101 136.621
41 102 148.649
41 103 129.461
41 104 105.788
41 105 52.425
41 106 85.552
41 107 118.259
41 108 121.341
41 109 32.066
41 110 64.732
41 111 122.771
41 112 94.151
41 113 111.139
41 114 127.968
41 115 134.104
41 116 134.893
41 117 112.000
41 118 117.745
41 119 124.202
42 43 90.059
42 44 101.548
42 45 80.841
42 46 117.368
42 47 86.888
42 48 77.816
42 49 120.768
42 50 137.244
42 51 128.438
42 52 97.431
42 53 130.304
42 54 124.536
42 55 66.679
42 56 91.245
42 57 122.433
42 58 92.817
42 59 82.312
42 60 103.831
42 61 73.768
42 62 58.911
42 63 102.659
42 64 136.768
42 65 70.566
42 66 71.052
42 67 105.704
42 68 135.052
42 69 99.345
42 70 63.670
42 71 68.319
42 72 105.760
42 73 77.514
42 74 114.590
42 75 56.736
42 76 98.212
42 77 97.280
42 78 83.515
42 79 79.541
42 80 92.688
42 81 108.923
42 82 126.640
42 83 111.380
42 84 128.236
42 85 63.749
42 86 83.207
42 87 86.637
42 88 86.029
42 89 77.010
42 90 70.976
42 91 48.308
42 92 126.718
42 93 113.156
42 94 69.293
42 95 103.427
42 96 103.287
42 97 82.009
42 98 129.321
42 99 129.184
42 100 97.608
42 101 99.029
42 102 120.420
42 103 138.728
42 104 153.193
42 105 123.470
42 106 159.373
42 107 106.513
42 108 76.719
42 109 113.062
42 110 99.338
42 111 120.772
42 112 118.715
42 113 88.905
42 114 94.182
42 115 132.685
42 116 120.509
42 117 91.266
42 118 98.360
42 119 100.752
43 44 113.641
43 45 72.542
43 46 90.262
43 47 155.756
43 48 65.831
43 49 116.855
43 50 113.332
43 51 126.358
43 52 102.223
43 53 134.095
43 54 96.790
43 55 68.497
43 56 92.610
43 57 99.446
43 58 126.760
43 59 65.914
43 60 74.359
43 61 81.263
43 62 104.974
43 63 53.300
43 64 104.824
43 65 82.689
43 66 91.656
43 67 122.590
43 68 110.455
43 69 62.493
43 70 109.883
43 71 54.926
43 72 81.728
43 73 76.994
43 74 114.180
43 75 82.348
43 76 84.993
43 77 51.758
43 78 129.372
43 79 93.947
43 80 72.192
43 81 54.135
43 82 97.228
43 83 98.050
43 84 101.827
43 85 54.017
43 86 87.290
43 87 110.192
43 88 85.618
43 89 76.781
43 90 81.907
43 91 89.008
43 92 118.075
43 93 113.043
43 94 114.029
43 95 100.733
43 96 122.244
43 97 103.570
43 98 127.630
43 99 126.234
43 100 66.516
43 101 126.972
43 102 98.036
43 103 113.154
43 104 132.342
43 105 123.283
43 106 121.871
43 107 81.705
43 108 110.133
43 109 108.881
43 110 90.698
43 111 134.804
43 112 102.991
43 113 69.192
43 114 128.384
43 115 153.707
43 116 127.881
43 117 60.267
43 118 113.002
43 119 141.508
44 45 79.300
44 46 83.544
44 47 119.069
44 48 80.073
44 49 107.762
44 50 129.352
44 51 141.639
44 52 130.044
44 53 77.585
44 54 143.048
44 55 107.806
44 56 129.902
44 57 154.322
44 58 139.356
44 59 121.559
44 60 78.480
44 61 57.438
44 62 128.136
44 63 87.898
44 64 95.119
44 65 78.443
44 66 117.588
44 67 64.831
44 68 85.549
44 69 100.265
44 70 86.101
44 71 134.819
44 72 81.147
44 73 138.410
44 74 92.610
44 75 110.276
44 76 136.449
44 77 110.636
44 78 133.852
44 79 63.086
44 80 122.421
44 81 123.005
44 82 79.644
44 83 54.915
44 84 114.864
44 85 84.536
44 86 76.563
44 87 29.592
44 88 64.657
44 89 122.700
44 90 76.456
44 91 78.294
44 92 128.003
44 93 138.734
44 94 132.535
44 95 116.962
44 96 112.101
44 97 133.894
44 98 114.940
44 99 116.869
44 100 85.420
44 101 123.892
44 102 146.501
44 103 129.289
44 104 123.946
44 105 78.983
44 106 121.373
44 107 127.923
44 108 121.871
44 109 49.465
44 110 107.303
44 111 116.539
44 112 136.751
44 113 111.276
44 114 144.417
44 115 118.657
44 116 144.967
44 117 100.161
44 118 121.865
44 119 102.224
45 46 89.741
45 47 121.762
45 48 80.982
45 49 85.319
45 50 100.232
45 51 125.559
45 52 124.798
45 53 95.632
45 54 134.075
45 55 69.370
45 56 89.998
45 57 124.444
45 58 120.501
45 59 72.453
45 60 80.955
45 61 53.404
45 62 89.172
45 63 55.210
45 64 112.590
45 65 45.241
45 66 91.384
45 67 95.956
45 68 112.880
45 69 82.067
45 70 95.463
45 71 92.035
45 72 92.721
45 73 113.826
45 74 102.154
45 75 100.795
45 76 110.087
45 77 91.953
45 78 134.248
45 79 78.090
45 80 90.044
45 81 82.090
45 82 95.354
45 83 91.910
45 84 102.882
45 85 76.710
45 86 68.298
45 87 75.681
45 88 81.438
45 89 78.298
45 90 63.625
45 91 77.917
45 92 136.422
45 93 106.496
45 94 104.298
45 95 101.644
45 96 130.855
45 97 97.839
45 98 95.493
45 99 107.955
45 100 49.725
45 101 122.149
45 102 95.537
45 103 111.010
45 104 125.583
45 105 108.758
45 106 149.300
45 107 83.927
45 108 73.615
45 109 85.319
45 110 94.867
45 111 128.709
45 112 128.903
45 113 100.898
45 114 128.576
45 115 126.187
45 116 137.694
45 117 48.802
45 118 112.131
45 119 83.792
46 47 135.399
46 48 98.697
46 49 100.741
46 50 131.828
46 51 127.517
46 52 131.426
46 53 103.854
46 54 119.362
46 55 91.298
46 56 122.056
46 57 140.662
46 58 115.205
46 59 96.400
46 60 79.726
46 61 95.336
46 62 120.207
46 63 66.948
46 64 96.716
46 65 93.383
46 66 105.118
46 67 105.282
46 68 100.812
46 69 88.381
46 70 126.037
46 71 128.873
46 72 51.966
46 73 124.115
46 74 58.176
46 75 108.318
46 76 139.771
46 77 58.160
46 78 132.015
46 79 75.032
46 80 82.410
46 81 85.480
46 82 17.007
46 83 62.964
46 84 107.235
46 85 71.102
46 86 80.026
46 87 89.037
46 88 67.733
46 89 141.802
46 90 86.918
46 91 91.869
46 92 119.185
46 93 130.650
46 94 123.231
46 95 118.263
46 96 134.124
46 97 136.203
46 98 122.093
46 99 87.418
46 100 75.229
46 101 109.124
46 102 110.007
46 103 77.692
46 104 98.110
46 105 95.138
46 106 114.038
46 107 100.879
46 108 123.239
46 109 91.932
46 110 109.779
46 111 93.232
46 112 126.725
46 113 70.269
46 114 157.563
46 115 96.531
46 116 102.683
46 117 81.416
46 118 105.063
46 119 124.600
47 48 132.847
47 49 112.821
47 50 181.148
47 51 128.964
47 52 145.852
47 53 130.863
47 54 158.991
47 55 120.739
47 56 134.325
47 57 159.025
47 58 76.357
47 59 132.435
47 60 151.106
47 61 121.302
47 62 75.362
47 63 147.791
47 64 168.602
47 65 106.976
47 66 99.305
47 67 107.204
47 68 159.088
47 69 140.176
47 70 107.864
47 71 149.402
47 72 134.410
47 73 150.373
47 74 103.644
47 75 104.273
47 76 168.247
47 77 145.458
47 78 92.116
47 79 98.878
47 80 139.475
47 81 149.153
47 82 143.991
47 83 134.603
47 84 153.254
47 85 116.267
47 86 117.285
47 87 106.205
47 88 115.021
47 89 147.387
47 90 100.539
47 91 95.425
47 92 146.615
47 93 138.762
47 94 68.356
47 95 129.428
47 96 137.266
47 97 110.342
47 98 122.711
47 99 118.629
47 100 146.748
47 101 92.252
47 102 152.676
47 103 140.345
47 104 147.759
47 105 124.917
47 106 192.779
47 107 128.332
47 108 95.030
47 109 140.344
47 110 134.902
47 111 121.218
47 112 157.406
47 113 137.447
47 114 114.595
47 115 103.248
47 116 111.467
47 117 139.915
47 118 99.828
47 119 82.993
48 49 106.944
48 50 121.028
48 51 108.017
48 52 79.027
48 53 106.376
48 54 82.962
48 55 91.638
48 56 99.438
48 57 94.309
48 58 123.141
48 59 95.162
48 60 73.048
48 61 53.944
48 62 110.479
48 63 73.494
48 64 77.444
48 65 75.735
48 66 93.289
48 67 72.781
48 68 67.898
48 69 49.488
48 70 68.301
48 71 83.187
48 72 80.025
48 73 95.593
48 74 101.578
48 75 65.849
48 76 87.420
48 77 84.104
48 78 110.929
48 79 63.160
48 80 105.381
48 81 80.615
48 82 100.420
48 83 72.312
48 84 85.708
48 85 44.736
48 86 91.163
48 87 73.883
48 88 66.684
48 89 74.971
48 90 68.877
48 91 71.598
48 92 84.633
48 93 111.268
48 94 108.707
48 95 75.382
48 96 77.349
48 97 98.134
48 98 108.107
48 99 126.772
48 100 88.798
48 101 116.907
48 102 133.735
48 103 125.403
48 104 118.713
48 105 80.987
48 106 92.181
48 107 96.398
48 108 114.238
48 109 74.146
48 110 66.344
48 111 126.453
48 112 83.316
48 113 88.075
48 114 99.933
48 115 146.836
48 116 124.588
48 117 93.522
48 118 100.606
48 119 130.386
49 50 150.607
49 51 82.945
49 52 141.904
49 53 90.413
49 54 119.095
49 55 124.304
49 56 123.123
49 57 106.797
49 58 103.640
49 59 113.875
49 60 115.063
49 61 103.248
49 62 98.638
49 63 100.276
49 64 117.761
49 65 82.686
49 66 93.177
49 67 81.124
49 68 101.810
49 69 81.924
49 70 130.946
49 71 142.689
49 72 105.814
49 73 159.212
49 74 71.772
49 75 113.615
49 76 157.071
49 77 120.762
49 78 126.579
49 79 92.371
49 80 134.704
49 81 86.927
49 82 106.131
49 83 99.889
49 84 88.749
49 85 103.309
49 86 108.915
49 87 107.947
49 88 93.948
49 89 125.917
49 90 79.095
49 91 116.883
49 92 119.106
49 93 108.624
49 94 92.711
49 95 90.350
49 96 136.877
49 97 106.446
49 98 34.194
49 99 68.807
49 100 117.417
49 101 101.547
49 102 117.283
49 103 72.593
49 104 66.413
49 105 80.854
49 106 146.380
49 107 62.520
49 108 102.649
49 109 114.392
49 110 106.322
49 111 128.893
49 112 130.069
49 113 134.666
49 114 112.738
49 115 110.776
49 116 109.425
49 117 103.614
49 118 80.821
49 119 91.520
50 51 143.386
50 52 120.674
50 53 112.144
50 54 149.323
50 55 106.702
50 56 73.169
50 57 153.546
50 58 158.535
50 59 89.678
50 60 140.249
50 61 94.061
50 62 160.958
50 63 86.979
50 64 108.669
50 65 111.438
50 66 159.313
50 67 135.399
50 68 138.983
50 69 118.274
50 70 112.506
50 71 139.213
50 72 154.876
50 73 134.317
50 74 143.799
50 75 161.876
50 76 94.496
50 77 125.684
50 78 196.593
50 79 106.668
50 80 105.737
50 81 110.946
50 82 132.554
50 83 139.019
50 84 110.155
50 85 120.727
50 86 153.574
50 87 113.288
50 88 147.680
50 89 122.064
50 90 151.312
50 91 113.687
50 92 139.036
50 93 110.091
50 94 165.746
50 95 115.241
50 96 151.252
50 97 154.664
50 98 151.900
50 99 175.151
50 100 76.696
50 101 188.079
50 102 132.987
50 103 164.530
50 104 162.991
50 105 138.821
50 106 154.650
50 107 150.882
50 108 106.576
50 109 93.289
50 110 88.535
50 111 146.549
50 112 119.432
50 113 120.610
50 114 178.660
50 115 155.880
50 116 165.557
50 117 117.210
50 118 167.650
50 119 144.863
51 52 104.252
51 53 110.507
51 54 75.338
51 55 132.480
51 56 99.207
51 57 80.755
51 58 85.612
51 59 112.821
51 60 149.572
51 61 121.135
51 62 118.946
51 63 118.115
51 64 109.023
51 65 114.816
51 66 113.939
51 67 91.980
51 68 106.525
51 69 80.556
51 70 120.853
51 71 148.284
51 72 135.722
51 73 150.371
51 74 85.714
51 75 115.904
51 76 137.187
51 77 126.657
51 78 131.938
51 79 91.293
51 80 134.300
51 81 83.644
51 82 132.815
51 83 127.816
51 84 73.809
51 85 105.049
51 86 155.152
51 87 127.832
51 88 126.413
51 89 135.428
51 90 122.079
51 91 121.117
51 92 64.569
51 93 89.606
51 94 96.079
51 95 55.896
51 96 119.066
51 97 108.631
51 98 79.188
51 99 120.147
51 100 140.659
51 101 123.380
51 102 140.282
51 103 108.540
51 104 83.428
51 105 84.173
51 106 132.015
51 107 90.740
51 108 108.986
51 109 125.008
51 110 70.745
51 111 127.608
51 112 80.585
51 113 129.478
51 114 101.673
51 115 126.931
51 116 78.649
51 117 141.826
51 118 88.514
51 119 135.346
52 53 120.677
52 54 72.427
52 55 116.028
52 56 78.294
52 57 87.295
52 58 116.608
52 59 89.717
52 60 118.933
52 61 90.444
52 62 128.538
52 63 116.807
52 64 90.550
52 65 100.312
52 66 104.513
52 67 110.140
52 68 110.423
52 69 79.875
52 70 76.042
52 71 106.249
52 72 135.801
52 73 79.682
52 74 120.981
52 75 102.334
52 76 57.857
52 77 103.202
52 78 114.819
52 79 89.318
52 80 116.042
52 81 100.225
52 82 137.668
52 83 113.166
52 84 84.298
52 85 77.076
52 86 148.114
52 87 113.248
52 88 109.571
52 89 97.642
52 90 127.938
52 91 77.477
52 92 72.549
52 93 78.625
52 94 118.349
52 95 62.103
52 96 56.349
52 97 135.563
52 98 146.971
52 99 148.587
52 100 118.804
52 101 124.782
52 102 131.227
52 103 143.475
52 104 135.786
52 105 106.234
52 106 109.004
52 107 135.443
52 108 117.302
52 109 107.395
52 110 68.260
52 111 105.054
52 112 38.665
52 113 91.764
52 114 97.373
52 115 141.731
52 116 115.792
52 117 125.435
52 118 102.528
52 119 146.393
53 54 133.406
53 55 135.055
53 56 112.553
53 57 135.069
53 58 134.073
53 59 116.338
53 60 110.988
53 61 75.549
53 62 141.911
53 63 104.925
53 64 77.439
53 65 79.098
53 66 123.964
53 67 64.998
53 68 86.207
53 69 95.708
53 70 103.216
53 71 161.989
53 72 126.932
53 73 156.287
53 74 86.462
53 75 143.880
53 76 135.051
53 77 130.787
53 78 150.535
53 79 76.269
53 80 140.728
53 81 116.083
53 82 103.322
53 83 80.607
53 84 73.743
53 85 109.613
53 86 130.863
53 87 73.375
53 88 97.746
53 89 132.497
53 90 115.424
53 91 98.010
53 92 113.300
53 93 96.764
53 94 137.723
53 95 86.409
53 96 109.640
53 97 154.160
53 98 97.065
53 99 106.929
53 100 102.738
53 101 129.170
53 102 131.468
53 103 114.373
53 104 90.943
53 105 59.953
53 106 123.686
53 107 132.588
53 108 112.312
53 109 60.734
53 110 94.509
53 111 99.532
53 112 116.162
53 113 132.004
53 114 138.096
53 115 94.406
53 116 136.452
53 117 115.667
53 118 111.500
53 119 89.518
54 55 129.670
54 56 109.020
54 57 57.833
54 58 113.316
54 59 108.494
54 60 121.370
54 61 117.536
54 62 132.406
54 63 112.358
54 64 88.792
54 65 119.080
54 66 105.972
54 67 110.977
54 68 91.597
54 69 58.009
54 70 120.278
54 71 119.767
54 72 116.916
54 73 113.492
54 74 102.873
54 75 96.613
54 76 108.055
54 77 95.511
54 78 118.502
54 79 99.864
54 80 124.632
54 81 73.104
54 82 124.635
54 83 110.872
54 84 74.361
54 85 80.105
54 86 148.288
54 87 134.470
54 88 108.658
54 89 121.668
54 90 120.784
54 91 113.892
54 92 48.513
54 93 100.902
54 94 115.735
54 95 64.721
54 96 90.765
54 97 126.232
54 98 123.698
54 99 130.404
54 100 134.665
54 101 119.763
54 102 137.193
54 103 113.107
54 104 99.598
54 105 95.508
54 106 87.429
54 107 102.667
54 108 139.387
54 109 125.947
54 110 76.869
54 111 124.048
54 112 47.498
54 113 100.962
54 114 101.361
54 115 150.324
54 116 92.050
54 117 131.881
54 118 89.389
54 119 166.207
55 56 78.301
55 57 138.300
55 58 99.237
55 59 60.185
55 60 108.527
55 61 85.128
55 62 82.913
55 63 64.673
55 64 132.687
55 65 86.929
55 66 100.984
55 67 123.720
55 68 140.237
55 69 101.440
55 70 93.875
55 71 75.220
55 72 93.012
55 73 84.832
55 74 108.426
55 75 84.670
55 76 102.710
55 77 69.943
55 78 129.933
55 79 78.859
55 80 36.187
55 81 86.932
55 82 99.759
55 83 116.767
55 84 129.794
55 85 65.290
55 86 80.363
55 87 94.048
55 88 101.634
55 89 101.173
55 90 86.424
55 91 70.458
55 92 132.274
55 93 122.695
55 94 96.489
55 95 117.570
55 96 140.041
55 97 87.345
55 98 134.869
55 99 136.016
55 100 62.528
55 101 129.870
55 102 108.941
55 103 131.016
55 104 153.836
55 105 134.526
55 106 158.667
55 107 97.841
55 108 74.989
55 109 109.611
55 110 94.439
55 111 126.852
55 112 125.071
55 113 63.634
55 114 142.591
55 115 132.999
55 116 116.355
55 117 76.630
55 118 124.081
55 119 120.721
56 57 107.708
56 58 98.445
56 59 46.299
56 60 131.472
56 61 85.235
56 62 106.118
56 63 88.648
56 64 112.582
56 65 85.200
56 66 109.003
56 67 118.147
56 68 134.671
56 69 91.157
56 70 84.907
56 71 102.216
56 72 138.885
56 73 93.391
56 74 115.586
56 75 116.035
56 76 69.403
56 77 100.715
56 78 141.964
56 79 83.718
56 80 80.666
56 81 81.425
56 82 130.090
56 83 130.491
56 84 91.745
56 85 87.009
56 86 136.586
56 87 108.461
56 88 124.683
56 89 93.077
56 90 123.015
56 91 78.771
56 92 106.103
56 93 64.807
56 94 105.162
56 95 74.365
56 96 118.197
56 97 111.129
56 98 128.155
56 99 144.183
56 100 85.536
56 101 139.719
56 102 102.089
56 103 135.628
56 104 140.767
56 105 122.543
56 106 151.548
56 107 114.015
56 108 59.548
56 109 106.445
56 110 60.629
56 111 115.595
56 112 82.226
56 113 91.457
56 114 123.285
56 115 127.770
56 116 114.165
56 117 101.904
56 118 117.394
56 119 118.080
57 58 121.236
57 59 104.905
57 60 123.443
57 61 117.181
57 62 119.930
57 63 122.681
57 64 110.898
57 65 105.236
57 66 90.893
57 67 120.448
57 68 110.624
57 69 61.401
57 70 128.684
57 71 111.930
57 72 137.713
57 73 118.777
57 74 122.453
57 75 106.307
57 76 107.180
57 77 115.769
57 78 117.626
57 79 119.596
57 80 141.170
57 81 75.726
57 82 148.706
57 83 126.065
57 84 72.939
57 85 97.799
57 86 151.620
57 87 146.887
57 88 116.045
57 89 96.519
57 90 118.642
57 91 121.980
57 92 90.456
57 93 81.177
57 94 107.445
57 95 59.937
57 96 100.066
57 97 122.565
57 98 111.197
57 99 123.610
57 100 139.055
57 101 116.225
57 102 118.864
57 103 111.933
57 104 104.651
57 105 111.476
57 106 124.461
57 107 92.453
57 108 128.118
57 109 141.166
57 110 93.459
57 111 139.312
57 112 72.345
57 113 126.408
57 114 74.613
57 115 158.848
57 116 117.426
57 117 122.062
57 118 82.409
57 119 150.354
58 59 96.122
58 60 148.705
58 61 125.264
58 62 68.902
58 63 124.611
58 64 148.215
58 65 108.674
58 66 87.002
58 67 117.134
58 68 149.191
58 69 112.119
58 70 115.483
58 71 130.490
58 72 124.566
58 73 124.152
58 74 80.368
58 75 92.981
58 76 142.982
58 77 109.703
58 78 94.803
58 79 89.726
58 80 102.223
58 81 104.492
58 82 126.993
58 83 134.152
58 84 124.211
58 85 94.367
58 86 128.559
58 87 123.258
58 88 117.365
58 89 141.163
58 90 108.791
58 91 94.431
58 92 109.724
58 93 107.015
58 94 47.826
58 95 100.421
58 96 132.473
58 97 96.618
58 98 117.029
58 99 109.924
58 100 132.807
58 101 90.023
58 102 122.340
58 103 109.598
58 104 122.976
58 105 119.601
58 106 169.785
58 107 97.473
58 108 81.796
58 109 142.079
58 110 104.326
58 111 103.161
58 112 116.953
58 113 102.463
58 114 109.442
58 115 95.854
58 116 48.369
58 117 127.587
58 118 78.831
58 119 112.486
59 60 103.397
59 61 81.115
59 62 88.747
59 63 72.527
59 64 113.515
59 65 68.205
59 66 83.376
59 67 124.587
59 68 133.266
59 69 81.539
59 70 99.562
59 71 80.173
59 72 114.448
59 73 71.907
59 74 104.350
59 75 102.810
59 76 74.612
59 77 68.021
59 78 126.005
59 79 86.493
59 80 57.200
59 81 64.768
59 82 108.004
59 83 113.154
59 84 94.835
59 85 69.425
59 86 109.253
59 87 108.113
59 88 101.385
59 89 86.731
59 90 103.293
59 91 69.722
59 92 118.902
59 93 71.749
59 94 96.647
59 95 87.187
59 96 121.085
59 97 112.189
59 98 129.123
59 99 118.415
59 100 63.030
59 101 117.457
59 102 64.087
59 103 108.709
59 104 131.432
59 105 124.926
59 106 147.553
59 107 96.693
59 108 65.409
59 109 110.329
59 110 83.009
59 111 102.112
59 112 95.516
59 113 66.516
59 114 124.315
59 115 116.374
59 116 108.706
59 117 63.948
59 118 101.829
59 119 110.049
60 61 70.802
60 62 123.577
60 63 83.391
60 64 94.034
60 65 71.299
60 66 89.054
60 67 107.522
60 68 91.674
60 69 76.931
60 70 114.336
60 71 98.913
60 72 70.523
60 73 103.831
60 74 108.041
60 75 99.865
60 76 114.596
60 77 76.916
60 78 118.942
60 79 97.133
60 80 114.703
60 81 98.587
60 82 83.360
60 83 50.385
60 84 105.597
60 85 69.328
60 86 71.970
60 87 91.735
60 88 42.490
60 89 98.046
60 90 73.773
60 91 86.446
60 92 133.766
60 93 127.098
60 94 133.090
60 95 115.040
60 96 105.377
60 97 143.079
60 98 132.330
60 99 101.284
60 100 79.304
60 101 106.931
60 102 109.183
60 103 105.192
60 104 119.651
60 105 104.423
60 106 107.781
60 107 112.759
60 108 135.995
60 109 92.610
60 110 120.035
60 111 116.240
60 112 125.715
60 113 92.478
60 114 132.769
60 115 136.944
60 116 147.378
60 117 62.239
60 118 105.325
60 119 125.094
61 62 107.720
61 63 70.085
61 64 81.789
61 65 43.407
61 66 94.201
61 67 71.332
61 68 87.086
61 69 71.630
61 70 56.556
61 71 96.240
61 72 96.700
61 73 100.508
61 74 101.419
61 75 95.631
61 76 84.629
61 77 94.477
61 78 122.917
61 79 57.624
61 80 101.878
61 81 93.968
61 82 97.967
61 83 70.168
61 84 86.185
61 85 63.355
61 86 86.219
61 87 47.208
61 88 68.407
61 89 71.863
61 90 75.392
61 91 52.186
61 92 111.130
61 93 96.097
61 94 113.546
61 95 81.469
61 96 87.618
61 97 114.456
61 98 108.949
61 99 119.469
61 100 61.725
61 101 118.828
61 102 115.230
61 103 125.558
61 104 123.944
61 105 84.609
61 106 118.870
61 107 111.316
61 108 89.513
61 109 50.680
61 110 75.010
61 111 110.460
61 112 101.655
61 113 93.895
61 114 114.112
61 115 123.683
61 116 137.057
61 117 74.795
61 118 106.920
61 119 93.089
62 63 115.658
62 64 159.560
62 65 82.125
62 66 57.042
62 67 122.350
62 68 153.816
62 69 109.085
62 70 111.144
62 71 91.836
62 72 113.934
62 73 108.271
62 74 106.687
62 75 72.289
62 76 134.574
62 77 106.913
62 78 81.337
62 79 101.727
62 80 102.888
62 81 105.075
62 82 133.063
62 83 129.540
62 84 135.616
62 85 87.740
62 86 91.641
62 87 118.047
62 88 100.427
62 89 103.198
62 90 73.669
62 91 86.193
62 92 141.716
62 93 115.109
62 94 32.426
62 95 113.234
62 96 135.661
62 97 74.599
62 98 113.716
62 99 104.874
62 100 116.950
62 101 82.166
62 102 105.104
62 103 114.687
62 104 140.876
62 105 134.750
62 106 183.007
62 107 80.679
62 108 71.109
62 109 143.771
62 110 120.384
62 111 127.276
62 112 138.372
62 113 108.141
62 114 95.209
62 115 122.608
62 116 104.279
62 117 94.336
62 118 82.679
62 119 91.779
63 64 89.180
63 65 80.176
63 66 111.954
63 67 101.607
63 68 96.424
63 69 69.445
63 70 105.296
63 71 97.779
63 72 74.848
63 73 111.256
63 74 93.036
63 75 102.846
63 76 105.565
63 77 65.169
63 78 149.576
63 79 70.765
63 80 67.760
63 81 58.499
63 82 68.264
63 83 86.290
63 84 93.889
63 85 64.869
63 86 83.646
63 87 83.957
63 88 87.788
63 89 101.835
63 90 82.831
63 91 89.035
63 92 114.432
63 93 116.032
63 94 122.647
63 95 100.677
63 96 133.613
63 97 106.553
63 98 108.379
63 99 121.215
63 100 41.645
63 101 138.242
63 102 108.549
63 103 108.332
63 104 118.366
63 105 103.595
63 106 118.944
63 107 84.850
63 108 99.832
63 109 77.597
63 110 77.930
63 111 128.302
63 112 111.221
63 113 77.294
63 114 148.313
63 115 134.290
63 116 124.633
63 117 66.874
63 118 122.859
63 119 126.601
64 65 101.155
64 66 130.460
64 67 83.123
64 68 47.199
64 69 65.135
64 70 106.613
64 71 142.896
64 72 109.804
64 73 133.231
64 74 97.715
64 75 130.564
64 76 107.500
64 77 103.093
64 78 153.386
64 79 80.304
64 80 129.142
64 81 92.438
64 82 93.092
64 83 69.250
64 84 54.213
64 85 88.167
64 86 137.037
64 87 93.036
64 88 93.854
64 89 125.616
64 90 121.677
64 91 103.999
64 92 76.641
64 93 105.665
64 94 152.783
64 95 77.039
64 96 89.554
64 97 156.649
64 98 121.873
64 99 129.558
64 100 101.062
64 101 141.809
64 102 140.098
64 103 119.577
64 104 93.625
64 105 63.059
64 106 54.127
64 107 130.671
64 108 141.951
64 109 61.678
64 110 74.640
64 111 111.321
64 112 75.863
64 113 107.534
64 114 140.701
64 115 134.485
64 116 133.040
64 117 118.317
64 118 118.469
64 119 147.420
65 66 63.602
65 67 84.945
65 68 104.878
65 69 71.755
65 70 81.942
65 71 93.534
65 72 100.384
65 73 99.419
65 74 92.960
65 75 94.521
65 76 96.860
65 77 91.999
65 78 105.518
65 79 73.209
65 80 102.283
65 81 86.373
65 82 101.823
65 83 77.767
65 84 84.930
65 85 68.873
65 86 81.993
65 87 73.326
65 88 63.550
65 89 70.466
65 90 67.169
65 91 56.970
65 92 122.295
65 93 78.656
65 94 91.530
65 95 79.902
65 96 97.424
65 97 111.657
65 98 98.280
65 99 89.152
65 100 69.007
65 101 92.125
65 102 82.428
65 103 99.789
65 104 111.024
65 105 92.738
65 106 137.964
65 107 93.889
65 108 73.340
65 109 83.765
65 110 91.476
65 111 99.072
65 112 109.774
65 113 96.853
65 114 99.495
65 115 105.184
65 116 125.702
65 117 54.408
65 118 81.732
65 119 65.357
66 67 112.200
66 68 127.332
66 69 82.046
66 70 109.819
66 71 88.037
66 72 101.646
66 73 90.491
66 74 95.042
66 75 71.578
66 76 116.916
66 77 88.427
66 78 56.783
66 79 98.415
66 80 110.748
66 81 91.936
66 82 118.543
66 83 98.209
66 84 107.161
66 85 70.869
66 86 92.452
66 87 114.025
66 88 68.202
66 89 91.935
66 90 70.982
66 91 75.915
66 92 124.040
66 93 93.251
66 94 60.688
66 95 92.753
66 96 100.686
66 97 108.845
66 98 115.083
66 99 76.145
66 100 111.065
66 101 46.474
66 102 83.395
66 103 87.342
66 104 113.209
66 105 112.991
66 106 149.113
66 107 84.941
66 108 96.218
66 109 130.634
66 110 115.336
66 111 99.032
66 112 114.319
66 113 95.339
66 114 75.438
66 115 111.114
66 116 102.023
66 117 78.080
66 118 44.879
66 119 95.262
67 68 62.463
67 69 80.469
67 70 79.308
67 71 143.204
67 72 102.271
67 73 148.469
67 74 78.574
67 75 103.197
67 76 135.320
67 77 124.686
67 78 122.881
67 79 53.684
67 80 137.650
67 81 110.192
67 82 103.829
67 83 74.409
67 84 84.781
67 85 87.660
67 86 111.947
67 87 57.526
67 88 82.073
67 89 120.378
67 90 84.371
67 91 89.664
67 92 86.800
67 93 115.922
67 94 112.216
67 95 77.395
67 96 91.757
67 97 115.081
67 98 76.082
67 99 113.041
67 100 114.944
67 101 116.049
67 102 153.885
67 103 121.892
67 104 93.726
67 105 36.413
67 106 109.966
67 107 111.104
67 108 114.345
67 109 62.958
67 110 78.009
67 111 118.592
67 112 106.529
67 113 125.503
67 114 109.063
67 115 118.230
67 116 120.231
67 117 123.885
67 118 98.732
67 119 104.702
68 69 63.787
68 70 111.012
68 71 145.451
68 72 95.349
68 73 149.294
68 74 94.189
68 75 117.139
68 76 132.275
68 77 114.270
68 78 143.628
68 79 81.789
68 80 144.570
68 81 99.620
68 82 95.518
68 83 62.076
68 84 71.090
68 85 89.809
68 86 125.040
68 87 90.227
68 88 83.741
68 89 127.495
68 90 102.390
68 91 113.534
68 92 80.139
68 93 126.968
68 94 145.386
68 95 85.189
68 96 93.910
68 97 142.534
68 98 100.642
68 99 122.366
68 100 117.340
68 101 134.258
68 102 157.142
68 103 118.051
68 104 84.667
68 105 46.591
68 106 57.368
68 107 117.626
68 108 150.417
68 109 70.654
68 110 86.573
68 111 130.824
68 112 96.420
68 113 123.627
68 114 129.836
68 115 145.281
68 116 135.360
68 117 125.438
68 118 112.936
68 119 147.235
69 70 98.031
69 71 96.123
69 72 86.396
69 73 103.716
69 74 83.677
69 75 84.063
69 76 93.328
69 77 75.365
69 78 114.102
69 79 72.654
69 80 104.784
69 81 45.390
69 82 93.149
69 83 73.278
69 84 49.131
69 85 54.229
69 86 106.052
69 87 96.390
69 88 71.119
69 89 85.140
69 90 79.580
69 91 86.880
69 92 73.139
69 93 84.361
69 94 103.359
69 95 51.830
69 96 86.653
69 97 107.119
69 98 89.419
69 99 100.504
69 100 89.955
69 101 105.782
69 102 106.620
69 103 89.086
69 104 81.820
69 105 71.629
69 106 86.772
69 107 73.695
69 108 109.885
69 109 87.649
69 110 62.746
69 111 113.391
69 112 67.065
69 113 88.835
69 114 96.046
69 115 130.888
69 116 105.292
69 117 84.698
69 118 78.416
69 119 126.034
70 71 106.686
70 72 122.486
70 73 101.323
70 74 117.221
70 75 91.464
70 76 86.362
70 77 117.049
70 78 117.074
70 79 60.918
70 80 112.767
70 81 119.809
70 82 129.235
70 83 104.558
70 84 110.546
70 85 76.376
70 86 115.502
70 87 61.674
70 88 98.720
70 89 90.116
70 90 100.105
70 91 51.468
70 92 102.725
70 93 107.969
70 94 108.715
70 95 86.728
70 96 78.906
70 97 109.691
70 98 130.360
70 99 150.336
70 100 101.658
70 101 129.051
70 102 147.785
70 103 157.632
70 104 150.319
70 105 99.614
70 106 135.008
70 107 134.311
70 108 92.794
70 109 76.393
70 110 72.144
70 111 118.827
70 112 97.334
70 113 103.185
70 114 107.096
70 115 135.873
70 116 132.842
70 117 118.407
70 118 117.891
70 119 112.629
71 72 112.113
71 73 58.207
71 74 144.244
71 75 74.037
71 76 83.478
71 77 85.218
71 78 115.933
71 79 115.806
71 80 91.255
71 81 95.294
71 82 138.221
71 83 128.402
71 84 134.690
71 85 73.277
71 86 97.944
71 87 127.109
71 88 104.505
71 89 61.564
71 90 91.975
71 91 89.849
71 92 141.990
71 93 125.294
71 94 106.170
71 95 119.037
71 96 125.344
71 97 99.054
71 98 151.879
71 99 149.123
71 100 97.424
71 101 128.808
71 102 112.924
71 103 145.845
71 104 168.278
71 105 152.266
71 106 157.989
71 107 104.887
71 108 110.537
71 109 137.532
71 110 113.980
71 111 151.488
71 112 121.795
71 113 89.195
71 114 116.385
71 115 172.925
71 116 145.265
71 117 81.917
71 118 122.293
71 119 145.864
72 73 122.719
72 74 80.364
72 75 79.802
72 76 144.492
72 77 66.086
72 78 118.503
72 79 82.136
72 80 96.988
72 81 93.436
72 82 52.929
72 83 64.831
72 84 123.125
72 85 62.570
72 86 56.387
72 87 90.915
72 88 56.611
72 89 131.411
72 90 60.620
72 91 97.059
72 92 122.104
72 93 151.043
72 94 117.938
72 95 125.975
72 96 130.806
72 97 116.829
72 98 120.906
72 99 102.068
72 100 92.654
72 101 108.223
72 102 133.905
72 103 98.812
72 104 114.250
72 105 101.139
72 106 112.569
72 107 91.776
72 108 136.512
72 109 102.030
72 110 116.331
72 111 124.583
72 112 134.472
72 113 81.509
72 114 145.955
72 115 132.164
72 116 116.071
72 117 89.339
72 118 108.159
72 119 138.745
73 74 138.676
73 75 90.960
73 76 64.466
73 77 76.134
73 78 109.454
73 79 112.225
73 80 84.541
73 81 105.852
73 82 134.777
73 83 124.209
73 84 130.198
73 85 71.784
73 86 119.183
73 87 127.396
73 88 105.468
73 89 89.899
73 90 117.377
73 91 73.577
73 92 131.688
73 93 111.601
73 94 115.919
73 95 115.437
73 96 106.091
73 97 133.279
73 98 173.423
73 99 149.855
73 100 100.735
73 101 121.485
73 102 106.401
73 103 145.884
73 104 167.960
73 105 150.032
73 106 147.547
73 107 133.197
73 108 116.295
73 109 134.519
73 110 112.999
73 111 117.768
73 112 104.152
73 113 64.922
73 114 123.926
73 115 152.806
73 116 132.570
73 117 94.313
73 118 117.025
73 119 149.196
74 75 103.172
74 76 147.704
74 77 89.133
74 78 112.616
74 79 61.912
74 80 105.737
74 81 87.982
74 82 64.191
74 83 75.322
74 84 90.562
74 85 79.143
74 86 104.639
74 87 89.480
74 88 77.147
74 89 145.915
74 90 89.031
74 91 92.380
74 92 92.093
74 93 111.917
74 94 95.977
74 95 92.330
74 96 119.400
74 97 122.797
74 98 91.444
74 99 70.588
74 100 107.019
74 101 87.592
74 102 119.941
74 103 67.109
74 104 65.937
74 105 65.342
74 106 118.267
74 107 91.271
74 108 109.885
74 109 96.981
74 110 95.229
74 111 80.732
74 112 111.213
74 113 93.492
74 114 129.362
74 115 70.661
74 116 66.012
74 117 108.162
74 118 74.429
74 119 107.550
75 76 117.999
75 77 85.600
75 78 71.287
75 79 84.082
75 80 101.467
75 81 96.372
75 82 116.278
75 83 103.116
75 84 125.228
75 85 52.308
75 86 82.814
75 87 102.973
75 88 76.880
75 89 97.034
75 90 59.660
75 91 78.470
75 92 107.299
75 93 130.542
75 94 69.501
75 95 103.308
75 96 103.359
75 97 73.236
75 98 121.298
75 99 121.756
75 100 116.302
75 101 90.529
75 102 135.773
75 103 124.572
75 104 135.818
75 105 113.566
75 106 136.013
75 107 85.894
75 108 112.117
75 109 123.476
75 110 100.857
75 111 130.821
75 112 111.950
75 113 86.689
75 114 89.653
75 115 145.516
75 116 102.820
75 117 104.614
75 118 86.857
75 119 132.880
76 77 103.128
76 78 143.405
76 79 108.167
76 80 105.372
76 81 102.087
76 82 146.117
76 83 127.943
76 84 103.525
76 85 87.763
76 86 143.794
76 87 121.131
76 88 122.249
76 89 73.176
76 90 133.424
76 91 84.613
76 92 116.887
76 93 88.876
76 94 137.207
76 95 91.159
76 96 95.633
76 97 140.258
76 98 162.535
76 99 166.275
76 100 96.962
76 101 151.052
76 102 119.386
76 103 159.678
76 104 163.723
76 105 137.521
76 106 134.360
76 107 141.919
76 108 112.884
76 109 112.864
76 110 85.068
76 111 131.110
76 112 78.606
76 113 94.814
76 114 124.783
76 115 164.094
76 116 150.601
76 117 107.241
76 118 132.930
76 119 150.588
77 78 117.795
77 79 85.695
77 80 55.076
77 81 65.033
77 82 68.998
77 83 85.557
77 84 106.714
77 85 47.164
77 86 87.429
77 87 108.050
77 88 75.489
77 89 114.519
77 90 90.346
77 91 80.983
77 92 111.872
77 93 116.823
77 94 111.880
77 95 108.450
77 96 121.158
77 97 122.843
77 98 139.591
77 99 109.519
77 100 72.115
77 101 108.604
77 102 93.490
77 103 94.130
77 104 121.334
77 105 117.382
77 106 114.565
77 107 94.731
77 108 116.742
77 109 110.090
77 110 99.681
77 111 101.451
77 112 103.853
77 113 31.612
77 114 140.284
77 115 123.910
77 116 100.174
77 117 69.806
77 118 101.157
77 119 140.892
78 79 114.453
78 80 140.391
78 81 132.467
78 82 143.320
78 83 116.878
78 84 139.198
78 85 91.998
78 86 116.164
78 87 129.170
78 88 87.614
78 89 126.040
78 90 94.402
78 91 92.604
78 92 129.638
78 93 129.290
78 94 72.400
78 95 117.102
78 96 97.819
78 97 125.191
78 98 143.151
78 99 106.761
78 100 151.248
78 101 45.783
78 102 135.583
78 103 123.173
78 104 137.615
78 105 125.735
78 106 159.204
78 107 121.368
78 108 130.243
78 109 152.222
78 110 137.614
78 111 111.031
78 112 130.093
78 113 115.787
78 114 75.967
78 115 127.998
78 116 106.967
78 117 127.076
78 118 61.905
78 119 124.744
79 80 87.886
79 81 86.774
79 82 77.021
79 83 71.386
79 84 85.768
79 85 53.976
79 86 93.062
79 87 43.729
79 88 73.324
79 89 110.975
79 90 78.042
79 91 54.789
79 92 79.272
79 93 102.597
79 94 95.818
79 95 75.218
79 96 93.487
79 97 100.608
79 98 97.708
79 99 111.619
79 100 80.385
79 101 109.099
79 102 128.440
79 103 112.486
79 104 105.033
79 105 62.749
79 106 109.946
79 107 100.925
79 108 87.309
79 109 55.231
79 110 56.377
79 111 93.403
79 112 90.594
79 113 78.945
79 114 117.667
79 115 99.426
79 116 93.538
79 117 99.497
79 118 94.800
79 119 102.343
80 81 82.462
80 82 91.835
80 83 120.019
80 84 128.432
80 85 71.285
80 86 99.646
80 87 110.202
80 88 109.991
80 89 121.718
80 90 107.673
80 91 82.756
80 92 129.538
80 93 122.755
80 94 111.800
80 95 122.117
80 96 146.404
80 97 112.432
80 98 148.987
80 99 137.325
80 100 66.439
80 101 135.361
80 102 103.099
80 103 124.568
80 104 150.882
80 105 139.641
80 106 152.445
80 107 107.460
80 108 92.388
80 109 117.608
80 110 99.043
80 111 117.277
80 112 120.472
80 113 46.153
80 114 157.883
80 115 128.210
80 116 107.480
80 117 83.926
80 118 127.922
80 119 137.921
81 82 93.130
81 83 101.159
81 84 70.492
81 85 67.000
81 86 111.445
81 87 116.656
81 88 95.831
81 89 99.504
81 90 93.136
81 91 101.037
81 92 92.736
81 93 89.118
81 94 102.876
81 95 74.109
81 96 124.029
81 97 101.899
81 98 97.879
81 99 106.563
81 100 83.594
81 101 120.092
81 102 90.987
81 103 83.528
81 104 94.485
81 105 102.344
81 106 115.850
81 107 58.593
81 108 100.721
81 109 109.827
81 110 72.270
81 111 122.794
81 112 84.041
81 113 82.452
81 114 120.720
81 115 133.048
81 116 97.503
81 117 79.612
81 118 94.021
81 119 134.262
82 83 61.740
82 84 110.458
82 85 78.793
82 86 85.334
82 87 87.470
82 88 73.693
82 89 148.823
82 90 92.922
82 91 100.022
82 92 120.744
82 93 140.153
82 94 135.318
82 95 123.899
82 96 138.407
82 97 142.575
82 98 124.462
82 99 97.941
82 100 79.348
82 101 121.610
82 102 124.110
82 103 88.439
82 104 100.901
82 105 93.379
82 106 108.787
82 107 109.206
82 108 133.068
82 109 86.750
82 110 112.041
82 111 102.850
82 112 131.469
82 113 80.134
82 114 166.521
82 115 105.553
82 116 112.705
82 117 91.664
82 118 116.621
82 119 132.890
83 84 89.577
83 85 68.983
83 86 85.390
83 87 69.001
83 88 36.405
83 89 122.178
83 90 78.224
83 91 82.477
83 92 107.504
83 93 123.254
83 94 129.495
83 95 101.046
83 96 92.466
83 97 144.097
83 98 115.370
83 99 89.775
83 100 90.302
83 101 100.030
83 102 126.334
83 103 95.347
83 104 91.180
83 105 63.924
83 106 84.537
83 107 115.425
83 108 134.882
83 109 67.268
83 110 104.863
83 111 94.269
83 112 113.693
83 113 94.293
83 114 131.654
83 115 110.416
83 116 125.854
83 117 90.267
83 118 94.463
83 119 117.818
84 85 90.598
84 86 141.371
84 87 108.236
84 88 99.443
84 89 109.676
84 90 116.243
84 91 104.200
84 92 73.644
84 93 64.572
84 94 125.951
84 95 40.886
84 96 91.625
84 97 139.182
84 98 94.238
84 99 108.488
84 100 106.464
84 101 123.572
84 102 112.887
84 103 96.787
84 104 71.209
84 105 66.143
84 106 92.812
84 107 104.927
84 108 116.525
84 109 88.541
84 110 66.250
84 111 107.312
84 112 62.923
84 113 114.433
84 114 111.035
84 115 122.270
84 116 115.123
84 117 109.130
84 118 90.974
84 119 126.155
85 86 76.433
85 87 76.756
85 88 54.116
85 89 88.115
85 90 63.527
85 91 50.917
85 92 87.075
85 93 102.439
85 94 87.842
85 95 80.235
85 96 86.313
85 97 95.989
85 98 115.541
85 99 106.468
85 100 74.733
85 101 92.882
85 102 107.527
85 103 102.437
85 104 112.821
85 105 89.016
85 106 103.426
85 107 85.871
85 108 98.605
85 109 85.465
85 110 72.296
85 111 97.754
85 112 83.771
85 113 48.303
85 114 104.844
85 115 119.407
85 116 94.453
85 117 74.938
85 118 81.918
85 119 119.815
86 87 85.609
86 88 63.356
86 89 113.124
86 90 43.222
86 91 87.842
86 92 153.639
86 93 151.944
86 94 109.089
86 95 138.121
86 96 141.533
86 97 108.102
86 98 124.660
86 99 106.947
86 100 83.387
86 101 108.413
86 102 124.296
86 103 116.841
86 104 141.286
86 105 123.821
86 106 153.607
86 107 97.784
86 108 116.867
86 109 109.964
86 110 131.002
86 111 135.218
86 112 156.676
86 113 97.701
86 114 143.092
86 115 135.422
86 116 140.188
86 117 69.966
86 118 116.501
86 119 111.063
87 88 74.334
87 89 114.074
87 90 80.412
87 91 61.769
87 92 114.717
87 93 124.640
87 94 120.095
87 95 103.002
87 96 103.233
87 97 120.642
87 98 112.142
87 99 123.871
87 100 80.875
87 101 123.871
87 102 143.164
87 103 133.937
87 104 127.122
87 105 76.948
87 106 124.474
87 107 125.219
87 108 102.435
87 109 41.545
87 110 87.818
87 111 109.607
87 112 122.001
87 113 102.473
87 114 134.650
87 115 112.715
87 116 133.084
87 117 102.363
87 118 118.016
87 119 95.874
88 89 105.322
88 90 53.026
88 91 68.638
88 92 113.972
88 93 118.649
88 94 103.833
88 95 100.239
88 96 90.271
88 97 124.618
88 98 112.781
88 99 78.383
88 100 89.586
88 101 74.188
88 102 112.208
88 103 89.581
88 104 100.323
88 105 80.342
88 106 107.026
88 107 99.205
88 108 120.838
88 109 87.243
88 110 108.212
88 111 94.341
88 112 116.171
88 113 85.153
88 114 111.252
88 115 109.789
88 116 116.959
88 117 74.477
88 118 75.575
88 119 105.507
89 90 94.604
89 91 89.992
89 92 135.992
89 93 100.123
89 94 113.215
89 95 94.390
89 96 106.920
89 97 106.873
89 98 128.565
89 99 145.552
89 100 98.524
89 101 133.613
89 102 114.773
89 103 148.037
89 104 155.310
89 105 133.011
89 106 152.984
89 107 110.045
89 108 100.116
89 109 118.003
89 110 100.235
89 111 152.139
89 112 111.950
89 113 119.129
89 114 95.496
89 115 169.759
89 116 159.803
89 117 85.937
89 118 118.751
89 119 123.053
90 91 81.556
90 92 126.575
90 93 129.978
90 94 82.438
90 95 107.652
90 96 118.326
90 97 82.726
90 98 90.972
90 99 92.009
90 100 93.603
90 101 89.196
90 102 121.381
90 103 102.622
90 104 116.014
90 105 97.968
90 106 138.603
90 107 70.715
90 108 103.941
90 109 102.754
90 110 108.416
90 111 129.678
90 112 132.661
90 113 101.679
90 114 106.240
90 115 129.973
90 116 121.127
90 117 76.126
90 118 88.105
90 119 100.002
91 92 108.419
91 93 94.342
91 94 90.104
91 95 88.298
91 96 81.789
91 97 112.611
91 98 129.573
91 99 115.621
91 100 76.677
91 101 94.607
91 102 108.178
91 103 123.322
91 104 132.944
91 105 98.848
91 106 131.942
91 107 117.020
91 108 80.044
91 109 81.208
91 110 83.773
91 111 81.664
91 112 98.644
91 113 67.276
91 114 107.440
91 115 102.298
91 116 110.150
91 117 82.925
91 118 90.979
91 119 92.756
92 93 105.549
92 94 121.792
92 95 60.369
92 96 85.944
92 97 128.776
92 98 117.666
92 99 139.337
92 100 136.024
92 101 130.591
92 102 157.016
92 103 127.553
92 104 99.319
92 105 72.684
92 106 83.364
92 107 119.474
92 108 135.069
92 109 104.527
92 110 58.453
92 111 117.469
92 112 47.639
92 113 108.614
92 114 112.570
92 115 138.384
92 116 89.483
92 117 146.657
92 118 101.489
92 119 159.307
93 94 108.551
93 95 54.501
93 96 100.405
93 97 139.763
93 98 119.552
93 99 117.528
93 100 112.203
93 101 117.139
93 102 86.456
93 103 112.874
93 104 111.755
93 105 109.307
93 106 144.886
93 107 118.235
93 108 86.214
93 109 118.583
93 110 84.574
93 111 98.411
93 112 76.827
93 113 115.974
93 114 100.236
93 115 113.516
93 116 116.056
93 117 107.403
93 118 88.757
93 119 107.432
94 95 99.093
94 96 125.185
94 97 73.116
94 98 104.827
94 99 103.692
94 100 130.222
94 101 75.827
94 102 117.233
94 103 111.303
94 104 127.819
94 105 121.968
94 106 173.410
94 107 79.714
94 108 78.011
94 109 143.351
94 110 110.158
94 111 121.444
94 112 124.055
94 113 111.224
94 114 80.076
94 115 117.495
94 116 82.949
94 117 112.595
94 118 68.362
94 119 100.220
95 96 75.662
95 97 114.515
95 98 91.541
95 99 115.824
95 100 112.673
95 101 112.225
95 102 117.784
95 103 110.086
95 104 90.168
95 105 71.277
95 106 109.003
95 107 98.871
95 108 97.005
95 109 95.042
95 110 49.236
95 111 107.356
95 112 47.967
95 113 109.456
95 114 80.465
95 115 122.920
95 116 100.935
95 117 113.837
95 118 78.460
95 119 117.885
96 97 149.602
96 98 142.660
96 99 136.117
96 100 134.232
96 101 107.918
96 102 147.608
96 103 142.672
96 104 127.120
96 105 88.072
96 106 100.139
96 107 145.322
96 108 137.978
96 109 102.202
96 110 95.518
96 111 103.496
96 112 74.736
96 113 114.800
96 114 85.772
96 115 139.056
96 116 131.552
96 117 132.735
96 118 92.827
96 119 137.914
97 98 100.656
97 99 146.316
97 100 126.824
97 101 134.783
97 102 151.046
97 103 145.279
97 104 152.039
97 105 134.491
97 106 175.738
97 107 73.690
97 108 92.467
97 109 139.646
97 110 101.734
97 111 169.136
97 112 135.965
97 113 125.589
97 114 111.902
97 115 165.519
97 116 120.354
97 117 123.428
97 118 121.481
97 119 133.746
98 99 101.737
98 100 130.417
98 101 126.348
98 102 142.991
98 103 103.565
98 104 82.881
98 105 83.147
98 106 150.479
98 107 73.163
98 108 110.369
98 109 115.912
98 110 102.209
98 111 151.616
98 112 132.788
98 113 151.490
98 114 115.565
98 115 134.908
98 116 124.320
98 117 124.347
98 118 102.477
98 119 107.409
99 100 124.931
99 101 64.322
99 102 96.864
99 103 39.731
99 104 71.765
99 105 100.963
99 106 149.521
99 107 94.930
99 108 126.473
99 109 133.706
99 110 139.207
99 111 97.159
99 112 143.813
99 113 124.332
99 114 126.100
99 115 84.566
99 116 107.685
99 117 97.085
99 118 63.114
99 119 96.674
100 101 138.731
100 102 94.447
100 103 119.259
100 104 136.789
100 105 118.883
100 106 137.091
100 107 110.474
100 108 92.981
100 109 78.494
100 110 95.489
100 111 117.720
100 112 123.500
100 113 76.641
100 114 155.756
100 115 126.163
100 116 140.153
100 117 51.701
100 118 129.565
100 119 112.787
101 102 111.329
101 103 85.798
101 104 107.669
101 105 111.445
101 106 153.452
101 107 108.878
101 108 123.835
101 109 143.379
101 110 137.351
101 111 88.913
101 112 132.239
101 113 112.834
101 114 91.942
101 115 96.447
101 116 96.356
101 117 110.434
101 118 38.809
101 119 104.374
102 103 89.335
102 104 129.787
102 105 147.113
102 106 171.938
102 107 109.809
102 108 100.506
102 109 145.367
102 110 133.520
102 111 108.163
102 112 133.763
102 113 104.558
102 114 140.738
102 115 115.618
102 116 131.444
102 117 64.044
102 118 102.358
102 119 111.033
103 104 60.167
103 105 103.720
103 106 137.271
103 107 83.156
103 108 129.691
103 109 135.545
103 110 129.407
103 111 101.978
103 112 130.991
103 113 113.465
103 114 136.190
103 115 95.887
103 116 95.874
103 117 95.977
103 118 72.439
103 119 120.711
104 105 66.241
104 106 111.045
104 107 99.888
104 108 143.113
104 109 119.278
104 110 113.398
104 111 112.166
104 112 114.644
104 113 135.553
104 114 130.339
104 115 107.767
104 116 103.260
104 117 127.926
104 118 81.825
104 119 131.324
105 106 87.180
105 107 112.907
105 108 128.146
105 109 69.245
105 110 80.606
105 111 104.129
105 112 94.663
105 113 121.064
105 114 115.665
105 115 108.865
105 116 109.859
105 117 125.593
105 118 89.847
105 119 117.750
106 107 149.168
106 108 181.932
106 109 101.059
106 110 107.397
106 111 134.925
106 112 93.463
106 113 121.037
106 114 155.734
106 115 164.929
106 116 144.455
106 117 147.635
106 118 134.010
106 119 187.199
107 108 102.462
107 109 133.052
107 110 103.342
107 111 145.735
107 112 124.390
107 113 113.197
107 114 112.504
107 115 140.651
107 116 102.340
107 117 91.508
107 118 89.618
107 119 124.555
108 109 118.059
108 110 92.838
108 111 121.701
108 112 124.637
108 113 111.225
108 114 119.461
108 115 112.537
108 116 116.571
108 117 96.197
108 118 110.524
108 119 76.428
109 110 77.190
109 111 114.667
109 112 108.381
109 113 107.691
109 114 146.487
109 115 124.412
109 116 142.556
109 117 108.316
109 118 129.286
109 119 117.526
110 111 120.196
110 112 56.123
110 113 95.253
110 114 113.258
110 115 133.753
110 116 104.595
110 117 115.821
110 118 109.861
110 119 131.237
111 112 112.051
111 113 91.614
111 114 138.623
111 115 54.921
111 116 96.862
111 117 117.344
111 118 86.672
111 119 112.725
112 113 99.408
112 114 105.536
112 115 142.822
112 116 105.464
112 117 131.493
112 118 102.056
112 119 155.579
113 114 141.845
113 115 118.910
113 116 96.410
113 117 85.535
113 118 107.290
113 119 140.867
114 115 152.739
114 116 125.517
114 117 135.549
114 118 72.466
114 119 125.016
115 116 98.438
115 117 125.370
115 118 96.171
115 119 90.243
116 117 137.798
116 118 80.061
116 119 141.262
117 118 105.976
117 119 101.974
118 119 103.652
