60 6 ss 10 10 10 10 10 10 10 10 10 10 10 10 
0 1 122.866
0 2 134.656
0 3 142.510
0 4 99.303
0 5 154.411
0 6 163.762
0 7 129.622
0 8 113.126
0 9 123.765
0 10 135.127
0 11 135.458
0 12 102.168
0 13 80.647
0 14 125.414
0 15 118.550
0 16 111.611
0 17 126.596
0 18 152.627
0 19 87.051
0 20 127.503
0 21 127.088
0 22 119.736
0 23 135.385
0 24 150.953
0 25 131.623
0 26 137.840
0 27 176.614
0 28 83.204
0 29 120.905
0 30 130.925
0 31 125.271
0 32 157.974
0 33 125.343
0 34 140.794
0 35 118.391
0 36 139.028
0 37 148.205
0 38 126.318
0 39 97.896
0 40 58.705
0 41 89.970
0 42 109.874
0 43 84.243
0 44 131.752
0 45 102.242
0 46 141.590
0 47 96.171
0 48 158.717
0 49 103.528
0 50 110.743
0 51 120.318
0 52 165.936
0 53 126.292
0 54 137.394
0 55 119.388
0 56 117.327
0 57 104.841
0 58 118.344
0 59 149.735
1 2 120.971
1 3 98.133
1 4 129.198
1 5 84.660
1 6 138.918
1 7 128.656
1 8 96.777
1 9 91.057
1 10 130.296
1 11 99.985
1 12 151.794
1 13 146.532
1 14 95.821
1 15 143.267
1 16 105.713
1 17 115.107
1 18 138.284
1 19 131.940
1 20 122.804
1 21 102.172
1 22 137.096
1 23 117.015
1 24 114.519
1 25 111.958
1 26 106.004
1 27 87.308
1 28 137.435
1 29 97.838
1 30 98.259
1 31 105.066
1 32 109.639
1 33 103.578
1 34 108.835
1 35 119.033
1 36 123.510
1 37 108.637
1 38 119.624
1 39 104.927
1 40 109.949
1 41 108.575
1 42 117.208
1 43 115.305
1 44 133.379
1 45 109.384
1 46 131.362
1 47 131.037
1 48 153.864
1 49 143.601
1 50 130.284
1 51 127.062
1 52 96.720
1 53 96.895
1 54 72.872
1 55 128.600
1 56 138.611
1 57 127.434
1 58 122.875
1 59 95.744
2 3 121.162
2 4 165.430
2 5 144.142
2 6 126.420
2 7 169.104
2 8 136.039
2 9 118.396
2 10 161.243
2 11 81.730
2 12 127.947
2 13 150.979
2 14 135.759
2 15 143.371
2 16 92.226
2 17 152.840
2 18 180.296
2 19 131.084
2 20 107.328
2 21 107.070
2 22 155.189
2 23 98.880
2 24 159.410
2 25 148.554
2 26 127.838
2 27 155.337
2 28 156.658
2 29 131.705
2 30 145.153
2 31 135.545
2 32 122.990
2 33 125.696
2 34 123.614
2 35 153.686
2 36 138.866
2 37 149.282
2 38 165.259
2 39 147.942
2 40 140.176
2 41 140.368
2 42 117.042
2 43 152.209
2 44 120.186
2 45 134.935
2 46 148.161
2 47 153.642
2 48 190.469
2 49 131.814
2 50 131.452
2 51 119.895
2 52 123.543
2 53 133.831
2 54 130.176
2 55 124.292
2 56 128.076
2 57 145.215
2 58 93.443
2 59 129.582
3 4 143.587
3 5 134.624
3 6 120.905
3 7 203.293
3 8 130.060
3 9 130.131
3 10 156.394
3 11 111.612
3 12 164.504
3 13 147.178
3 14 143.131
3 15 147.075
3 16 122.199
3 17 126.442
3 18 133.494
3 19 161.700
3 20 102.224
3 21 137.563
3 22 124.005
3 23 96.579
3 24 164.672
3 25 142.618
3 26 114.393
3 27 113.549
3 28 162.298
3 29 134.693
3 30 130.950
3 31 110.839
3 32 91.112
3 33 88.032
3 34 131.524
3 35 129.627
3 36 129.453
3 37 123.423
3 38 162.849
3 39 131.555
3 40 132.685
3 41 123.646
3 42 126.416
3 43 124.372
3 44 172.669
3 45 131.169
3 46 166.003
3 47 144.035
3 48 141.191
3 49 140.219
3 50 130.819
3 51 137.157
3 52 140.047
3 53 132.393
3 54 106.008
3 55 134.640
3 56 155.222
3 57 144.092
3 58 135.005
3 59 130.397
4 5 142.374
4 6 140.617
4 7 135.340
4 8 127.153
4 9 143.265
4 10 122.214
4 11 146.549
4 12 114.126
4 13 114.938
4 14 109.968
4 15 149.824
4 16 155.318
4 17 131.618
4 18 138.278
4 19 121.808
4 20 153.368
4 21 140.518
4 22 139.769
4 23 145.577
4 24 128.200
4 25 93.455
4 26 182.317
4 27 152.991
4 28 100.165
4 29 132.521
4 30 104.955
4 31 151.600
4 32 120.936
4 33 132.217
4 34 153.378
4 35 99.370
4 36 148.014
4 37 139.111
4 38 168.167
4 39 99.138
4 40 91.407
4 41 103.691
4 42 129.272
4 43 114.990
4 44 148.610
4 45 128.324
4 46 169.138
4 47 115.398
4 48 149.140
4 49 149.312
4 50 111.157
4 51 146.013
4 52 174.330
4 53 109.992
4 54 140.637
4 55 139.797
4 56 110.099
4 57 107.141
4 58 136.586
4 59 143.776
5 6 141.458
5 7 155.159
5 8 127.178
5 9 137.254
5 10 176.182
5 11 120.680
5 12 143.974
5 13 175.291
5 14 133.302
5 15 184.532
5 16 113.470
5 17 116.236
5 18 131.707
5 19 145.047
5 20 132.451
5 21 127.613
5 22 188.689
5 23 144.782
5 24 150.922
5 25 132.956
5 26 134.003
5 27 99.474
5 28 150.490
5 29 118.727
5 30 112.719
5 31 142.648
5 32 113.277
5 33 135.218
5 34 108.853
5 35 127.380
5 36 148.134
5 37 103.530
5 38 125.553
5 39 141.609
5 40 119.635
5 41 135.100
5 42 148.643
5 43 164.556
5 44 141.118
5 45 130.695
5 46 162.458
5 47 174.589
5 48 166.644
5 49 192.297
5 50 128.958
5 51 111.231
5 52 132.694
5 53 100.952
5 54 123.822
5 55 162.774
5 56 163.606
5 57 157.593
5 58 165.323
5 59 121.869
6 7 184.202
6 8 158.560
6 9 165.019
6 10 184.410
6 11 150.540
6 12 123.528
6 13 143.455
6 14 170.268
6 15 185.240
6 16 154.084
6 17 168.016
6 18 172.001
6 19 173.098
6 20 152.887
6 21 135.469
6 22 190.660
6 23 139.323
6 24 169.472
6 25 114.088
6 26 173.664
6 27 133.836
6 28 173.688
6 29 144.440
6 30 140.316
6 31 137.224
6 32 123.060
6 33 129.813
6 34 117.063
6 35 131.302
6 36 144.235
6 37 95.780
6 38 193.852
6 39 157.716
6 40 157.902
6 41 120.892
6 42 112.489
6 43 173.012
6 44 154.998
6 45 129.563
6 46 166.657
6 47 158.866
6 48 172.263
6 49 188.756
6 50 134.322
6 51 150.275
6 52 151.053
6 53 127.797
6 54 179.042
6 55 153.173
6 56 117.416
6 57 161.724
6 58 130.607
6 59 155.029
7 8 160.807
7 9 145.108
7 10 152.855
7 11 162.365
7 12 147.104
7 13 159.591
7 14 117.641
7 15 181.980
7 16 164.880
7 17 192.862
7 18 202.974
7 19 136.777
7 20 193.218
7 21 128.708
7 22 197.760
7 23 185.413
7 24 129.375
7 25 127.144
7 26 189.105
7 27 183.599
7 28 134.616
7 29 145.882
7 30 124.854
7 31 164.739
7 32 185.335
7 33 176.143
7 34 157.367
7 35 157.479
7 36 171.315
7 37 171.172
7 38 163.609
7 39 142.637
7 40 135.392
7 41 138.745
7 42 155.310
7 43 167.528
7 44 146.267
7 45 138.160
7 46 154.636
7 47 134.325
7 48 219.368
7 49 166.534
7 50 175.407
7 51 185.720
7 52 142.736
7 53 145.134
7 54 160.749
7 55 179.326
7 56 137.413
7 57 140.607
7 58 151.703
7 59 154.306
8 9 92.650
8 10 136.620
8 11 134.523
8 12 144.954
8 13 116.898
8 14 110.980
8 15 120.220
8 16 118.924
8 17 72.979
8 18 137.622
8 19 138.216
8 20 131.460
8 21 129.916
8 22 120.026
8 23 123.675
8 24 138.793
8 25 137.615
8 26 137.570
8 27 133.101
8 28 147.282
8 29 120.615
8 30 159.571
8 31 140.040
8 32 145.500
8 33 121.123
8 34 151.914
8 35 137.609
8 36 117.386
8 37 134.185
8 38 118.126
8 39 103.551
8 40 105.377
8 41 133.744
8 42 88.664
8 43 72.551
8 44 99.326
8 45 147.022
8 46 150.192
8 47 144.781
8 48 139.591
8 49 153.522
8 50 89.918
8 51 103.115
8 52 153.736
8 53 68.525
8 54 110.205
8 55 98.040
8 56 122.384
8 57 130.333
8 58 110.664
8 59 122.803
9 10 145.066
9 11 123.780
9 12 148.224
9 13 144.287
9 14 86.312
9 15 100.406
9 16 129.423
9 17 118.806
9 18 184.069
9 19 158.338
9 20 148.555
9 21 150.131
9 22 146.425
9 23 116.179
9 24 135.674
9 25 157.202
9 26 150.398
9 27 138.508
9 28 172.985
9 29 147.455
9 30 147.059
9 31 165.453
9 32 137.306
9 33 132.463
9 34 160.026
9 35 170.467
9 36 134.682
9 37 171.769
9 38 125.341
9 39 116.850
9 40 118.387
9 41 154.464
9 42 116.443
9 43 97.184
9 44 137.627
9 45 159.285
9 46 165.019
9 47 157.114
9 48 199.628
9 49 147.990
9 50 129.851
9 51 153.639
9 52 119.840
9 53 98.963
9 54 91.637
9 55 114.456
9 56 148.915
9 57 159.322
9 58 95.333
9 59 149.144
10 11 150.399
10 12 160.830
10 13 161.339
10 14 117.196
10 15 132.420
10 16 155.563
10 17 147.009
10 18 176.046
10 19 116.856
10 20 166.363
10 21 147.974
10 22 97.922
10 23 135.635
10 24 89.796
10 25 106.084
10 26 170.887
10 27 145.504
10 28 143.225
10 29 108.079
10 30 112.965
10 31 150.117
10 32 135.586
10 33 124.709
10 34 148.991
10 35 107.746
10 36 173.572
10 37 176.457
10 38 182.049
10 39 68.763
10 40 156.022
10 41 135.349
10 42 166.983
10 43 131.260
10 44 138.251
10 45 155.671
10 46 158.446
10 47 145.253
10 48 141.767
10 49 141.604
10 50 173.314
10 51 168.873
10 52 152.602
10 53 144.089
10 54 121.058
10 55 112.462
10 56 117.748
10 57 113.681
10 58 112.443
10 59 124.838
11 12 153.485
11 13 166.654
11 14 106.543
11 15 171.818
11 16 88.673
11 17 139.496
11 18 149.385
11 19 125.637
11 20 98.765
11 21 91.631
11 22 136.807
11 23 120.820
11 24 134.040
11 25 143.960
11 26 135.269
11 27 143.228
11 28 127.774
11 29 135.848
11 30 122.162
11 31 134.181
11 32 92.361
11 33 130.231
11 34 134.279
11 35 144.441
11 36 147.521
11 37 145.082
11 38 168.375
11 39 142.803
11 40 124.719
11 41 140.222
11 42 145.338
11 43 149.089
11 44 138.445
11 45 141.971
11 46 133.943
11 47 141.342
11 48 177.721
11 49 130.047
11 50 120.662
11 51 118.875
11 52 131.290
11 53 140.002
11 54 99.147
11 55 153.071
11 56 147.440
11 57 131.323
11 58 131.110
11 59 118.123
12 13 111.715
12 14 152.969
12 15 146.214
12 16 122.607
12 17 139.780
12 18 175.873
12 19 111.742
12 20 147.829
12 21 146.383
12 22 175.154
12 23 141.484
12 24 157.848
12 25 126.577
12 26 173.834
12 27 170.663
12 28 130.601
12 29 130.295
12 30 130.587
12 31 156.869
12 32 148.083
12 33 136.788
12 34 114.088
12 35 118.788
12 36 157.148
12 37 141.413
12 38 148.264
12 39 118.539
12 40 108.332
12 41 114.352
12 42 127.621
12 43 149.117
12 44 117.220
12 45 125.119
12 46 155.961
12 47 150.028
12 48 175.541
12 49 165.147
12 50 117.767
12 51 122.899
12 52 163.714
12 53 121.489
12 54 179.353
12 55 127.754
12 56 103.318
12 57 143.379
12 58 112.539
12 59 171.961
13 14 144.655
13 15 136.511
13 16 132.205
13 17 142.992
13 18 143.237
13 19 144.245
13 20 131.774
13 21 133.570
13 22 138.445
13 23 135.116
13 24 174.616
13 25 147.681
13 26 159.501
13 27 193.196
13 28 134.052
13 29 154.156
13 30 164.087
13 31 121.516
13 32 175.722
13 33 113.230
13 34 153.359
13 35 135.509
13 36 103.029
13 37 147.373
13 38 135.310
13 39 120.612
13 40 92.921
13 41 118.731
13 42 84.189
13 43 101.193
13 44 127.469
13 45 136.486
13 46 150.424
13 47 86.906
13 48 145.603
13 49 120.255
13 50 101.556
13 51 141.402
13 52 168.097
13 53 118.811
13 54 170.453
13 55 139.821
13 56 93.755
13 57 107.011
13 58 122.483
13 59 166.351
14 15 138.615
14 16 131.004
14 17 136.721
14 18 149.907
14 19 145.109
14 20 137.034
14 21 118.688
14 22 137.837
14 23 120.264
14 24 107.198
14 25 136.763
14 26 165.337
14 27 151.382
14 28 143.510
14 29 149.569
14 30 117.321
14 31 154.855
14 32 118.028
14 33 125.073
14 34 162.182
14 35 150.122
14 36 122.204
14 37 172.684
14 38 143.420
14 39 111.398
14 40 110.571
14 41 155.059
14 42 136.130
14 43 121.385
14 44 128.455
14 45 164.564
14 46 156.538
14 47 122.513
14 48 179.911
14 49 126.917
14 50 126.335
14 51 160.372
14 52 114.446
14 53 101.880
14 54 84.146
14 55 149.269
14 56 127.756
14 57 112.398
14 58 119.866
14 59 123.016
15 16 153.686
15 17 136.797
15 18 194.324
15 19 150.563
15 20 155.694
15 21 184.730
15 22 137.643
15 23 100.525
15 24 176.988
15 25 167.029
15 26 147.403
15 27 172.974
15 28 182.849
15 29 143.957
15 30 164.545
15 31 172.136
15 32 165.016
15 33 126.976
15 34 174.454
15 35 161.870
15 36 149.112
15 37 198.604
15 38 141.160
15 39 110.348
15 40 135.560
15 41 157.102
15 42 129.984
15 43 99.527
15 44 153.406
15 45 160.787
15 46 207.984
15 47 168.119
15 48 185.647
15 49 135.477
15 50 162.323
15 51 165.266
15 52 160.629
15 53 124.304
15 54 125.445
15 55 83.899
15 56 149.233
15 57 154.591
15 58 102.064
15 59 158.983
16 17 114.340
16 18 127.452
16 19 109.522
16 20 68.643
16 21 96.454
16 22 134.802
16 23 108.450
16 24 152.872
16 25 154.290
16 26 99.146
16 27 152.402
16 28 129.221
16 29 118.909
16 30 132.106
16 31 104.553
16 32 129.797
16 33 98.458
16 34 97.249
16 35 126.499
16 36 123.330
16 37 133.763
16 38 107.446
16 39 122.015
16 40 103.040
16 41 130.333
16 42 133.432
16 43 139.650
16 44 103.768
16 45 130.405
16 46 116.478
16 47 133.933
16 48 144.648
16 49 123.695
16 50 111.482
16 51 85.478
16 52 121.974
16 53 125.690
16 54 124.626
16 55 139.204
16 56 132.855
16 57 120.149
16 58 126.330
16 59 128.035
17 18 133.445
17 19 137.704
17 20 132.116
17 21 160.251
17 22 123.309
17 23 134.732
17 24 146.457
17 25 150.883
17 26 147.417
17 27 122.418
17 28 151.373
17 29 124.578
17 30 153.886
17 31 158.087
17 32 129.115
17 33 125.077
17 34 143.451
17 35 128.565
17 36 152.871
17 37 138.155
17 38 121.880
17 39 99.761
17 40 109.961
17 41 140.337
17 42 137.226
17 43 98.230
17 44 126.848
17 45 158.028
17 46 159.612
17 47 174.552
17 48 129.504
17 49 178.263
17 50 95.782
17 51 91.774
17 52 173.744
17 53 97.785
17 54 124.058
17 55 107.463
17 56 151.593
17 57 155.021
17 58 134.571
17 59 150.650
18 19 163.277
18 20 93.459
18 21 129.935
18 22 153.520
18 23 136.618
18 24 189.327
18 25 164.007
18 26 139.630
18 27 171.179
18 28 146.138
18 29 158.247
18 30 153.045
18 31 118.096
18 32 141.404
18 33 107.418
18 34 156.930
18 35 125.557
18 36 110.107
18 37 139.438
18 38 144.180
18 39 150.508
18 40 118.593
18 41 155.756
18 42 153.978
18 43 157.966
18 44 155.532
18 45 163.971
18 46 181.527
18 47 133.166
18 48 98.090
18 49 152.919
18 50 120.957
18 51 128.833
18 52 173.031
18 53 128.924
18 54 145.538
18 55 189.023
18 56 155.574
18 57 105.125
18 58 192.435
18 59 127.428
19 20 136.210
19 21 120.344
19 22 132.021
19 23 147.280
19 24 137.080
19 25 110.891
19 26 137.817
19 27 163.685
19 28 70.910
19 29 80.004
19 30 112.360
19 31 132.761
19 32 147.297
19 33 141.811
19 34 118.301
19 35 91.718
19 36 176.487
19 37 143.845
19 38 157.820
19 39 104.435
19 40 110.655
19 41 92.611
19 42 151.100
19 43 138.883
19 44 122.284
19 45 97.485
19 46 142.090
19 47 138.857
19 48 153.217
19 49 135.091
19 50 143.482
19 51 103.018
19 52 172.652
19 53 146.040
19 54 143.010
19 55 119.945
19 56 124.913
19 57 111.579
19 58 132.275
19 59 126.142
20 21 105.372
20 22 135.262
20 23 82.931
20 24 183.762
20 25 165.972
20 26 93.664
20 27 168.024
20 28 141.916
20 29 141.987
20 30 143.869
20 31 100.278
20 32 122.103
20 33 83.093
20 34 130.463
20 35 133.223
20 36 97.124
20 37 145.697
20 38 130.364
20 39 143.093
20 40 108.996
20 41 145.049
20 42 131.279
20 43 145.603
20 44 133.447
20 45 142.783
20 46 161.637
20 47 125.792
20 48 132.739
20 49 104.324
20 50 114.416
20 51 105.050
20 52 137.325
20 53 129.433
20 54 120.687
20 55 156.262
20 56 141.868
20 57 104.430
20 58 148.581
20 59 116.743
21 22 148.555
21 23 132.675
21 24 136.032
21 25 118.348
21 26 128.840
21 27 157.603
21 28 113.372
21 29 120.772
21 30 124.890
21 31 85.587
21 32 136.938
21 33 118.209
21 34 116.224
21 35 122.597
21 36 113.967
21 37 114.832
21 38 157.331
21 39 140.511
21 40 123.690
21 41 118.422
21 42 116.962
21 43 154.726
21 44 106.180
21 45 118.921
21 46 108.902
21 47 96.505
21 48 151.160
21 49 121.862
21 50 123.797
21 51 121.142
21 52 120.379
21 53 127.735
21 54 133.036
21 55 162.703
21 56 103.609
21 57 87.548
21 58 134.943
21 59 93.486
22 23 134.254
22 24 134.877
22 25 150.535
22 26 154.620
22 27 165.926
22 28 138.644
22 29 136.560
22 30 155.728
22 31 135.526
22 32 144.567
22 33 117.230
22 34 166.073
22 35 129.985
22 36 162.195
22 37 173.986
22 38 176.836
22 39 94.839
22 40 140.559
22 41 138.196
22 42 154.400
22 43 94.793
22 44 152.509
22 45 163.309
22 46 144.721
22 47 131.757
22 48 121.175
22 49 118.532
22 50 142.501
22 51 147.383
22 52 179.089
22 53 157.971
22 54 124.078
22 55 118.643
22 56 138.634
22 57 119.198
22 58 125.077
22 59 148.312
23 24 169.100
23 25 150.161
23 26 107.770
23 27 147.151
23 28 171.559
23 29 132.685
23 30 133.608
23 31 123.431
23 32 109.110
23 33 66.287
23 34 134.214
23 35 134.788
23 36 95.306
23 37 161.778
23 38 136.873
23 39 121.084
23 40 129.565
23 41 149.616
23 42 119.150
23 43 133.389
23 44 131.452
23 45 148.254
23 46 184.960
23 47 142.170
23 48 148.017
23 49 110.002
23 50 137.872
23 51 137.504
23 52 111.390
23 53 106.718
23 54 101.118
23 55 117.513
23 56 126.896
23 57 116.473
23 58 108.316
23 59 109.211
24 25 102.886
24 26 195.634
24 27 125.506
24 28 146.530
24 29 125.430
24 30 109.700
24 31 162.862
24 32 129.578
24 33 149.817
24 34 138.264
24 35 127.895
24 36 185.770
24 37 156.811
24 38 186.406
24 39 93.580
24 40 159.458
24 41 139.151
24 42 171.468
24 43 148.597
24 44 135.254
24 45 163.488
24 46 114.485
24 47 155.665
24 48 171.333
24 49 178.897
24 50 160.240
24 51 170.263
24 52 141.063
24 53 143.657
24 54 135.932
24 55 142.444
24 56 125.396
24 57 145.923
24 58 117.415
24 59 148.473
25 26 165.965
25 27 111.670
25 28 116.693
25 29 79.731
25 30 86.196
25 31 126.973
25 32 120.312
25 33 132.036
25 34 109.627
25 35 70.424
25 36 165.013
25 37 99.769
25 38 185.385
25 39 101.613
25 40 140.695
25 41 76.735
25 42 132.181
25 43 146.488
25 44 135.584
25 45 96.943
25 46 145.554
25 47 136.988
25 48 143.741
25 49 170.087
25 50 148.851
25 51 142.663
25 52 152.410
25 53 121.658
25 54 145.613
25 55 124.641
25 56 97.516
25 57 120.093
25 58 123.145
25 59 111.805
26 27 151.442
26 28 160.232
26 29 113.052
26 30 148.261
26 31 91.484
26 32 157.144
26 33 105.468
26 34 123.364
26 35 138.644
26 36 130.178
26 37 141.719
26 38 120.000
26 39 147.911
26 40 133.828
26 41 133.756
26 42 139.100
26 43 149.354
26 44 156.786
26 45 114.199
26 46 176.720
26 47 153.817
26 48 151.740
26 49 130.416
26 50 165.413
26 51 122.259
26 52 136.454
26 53 143.464
26 54 116.323
26 55 145.946
26 56 171.238
26 57 137.258
26 58 160.910
26 59 106.671
27 28 180.394
27 29 103.998
27 30 115.596
27 31 150.365
27 32 102.448
27 33 133.484
27 34 114.151
27 35 121.729
27 36 177.443
27 37 108.655
27 38 171.811
27 39 123.435
27 40 166.202
27 41 131.378
27 42 159.128
27 43 157.026
27 44 164.559
27 45 140.196
27 46 166.727
27 47 193.895
27 48 158.124
27 49 208.022
27 50 163.655
27 51 147.131
27 52 140.036
27 53 123.438
27 54 121.966
27 55 131.516
27 56 165.355
27 57 178.556
27 58 144.756
27 59 129.185
28 29 119.741
28 30 120.263
28 31 132.024
28 32 153.449
28 33 155.304
28 34 144.966
28 35 103.978
28 36 173.797
28 37 137.191
28 38 173.269
28 39 127.414
28 40 93.479
28 41 88.414
28 42 150.687
28 43 137.968
28 44 149.821
28 45 102.225
28 46 139.618
28 47 110.387
28 48 157.122
28 49 135.081
28 50 128.032
28 51 120.195
28 52 191.420
28 53 156.019
28 54 154.625
28 55 159.871
28 56 134.351
28 57 103.768
28 58 161.362
28 59 142.024
29 30 100.808
29 31 110.336
29 32 131.980
29 33 119.339
29 34 85.378
29 35 69.882
29 36 164.500
29 37 103.961
29 38 149.983
29 39 92.314
29 40 133.920
29 41 79.154
29 42 135.865
29 43 136.880
29 44 121.203
29 45 81.283
29 46 143.258
29 47 154.195
29 48 130.189
29 49 160.101
29 50 154.041
29 51 105.857
29 52 146.012
29 53 122.250
29 54 126.726
29 55 96.161
29 56 123.087
29 57 126.055
29 58 122.535
29 59 94.884
30 31 126.437
30 32 94.674
30 33 115.311
30 34 97.656
30 35 84.775
30 36 162.632
30 37 131.190
30 38 161.737
30 39 101.347
30 40 126.152
30 41 102.321
30 42 164.382
30 43 160.185
30 44 157.288
30 45 107.911
30 46 152.389
30 47 135.887
30 48 159.226
30 49 151.067
30 50 162.022
30 51 155.219
30 52 120.268
30 53 136.236
30 54 119.409
30 55 151.430
30 56 135.189
30 57 121.097
30 58 141.157
30 59 119.587
31 32 149.496
31 33 82.322
31 34 99.191
31 35 102.593
31 36 111.264
31 37 104.796
31 38 142.766
31 39 129.057
31 40 129.249
31 41 99.211
31 42 122.650
31 43 146.103
31 44 140.803
31 45 99.526
31 46 126.137
31 47 95.352
31 48 114.193
31 49 117.446
31 50 147.818
31 51 132.705
31 52 126.651
31 53 141.840
31 54 140.797
31 55 156.231
31 56 122.643
31 57 95.180
31 58 147.280
31 59 108.018
32 33 112.868
32 34 128.050
32 35 117.969
32 36 155.627
32 37 137.042
32 38 182.016
32 39 125.615
32 40 140.790
32 41 139.253
32 42 158.167
32 43 156.479
32 44 159.722
32 45 149.915
32 46 171.012
32 47 163.967
32 48 155.962
32 49 163.741
32 50 133.547
32 51 139.894
32 52 137.627
32 53 126.753
32 54 106.363
32 55 144.073
32 56 147.013
32 57 143.426
32 58 135.405
32 59 124.250
33 34 104.396
33 35 102.041
33 36 87.617
33 37 132.679
33 38 121.960
33 39 95.943
33 40 120.124
33 41 125.128
33 42 121.503
33 43 127.062
33 44 127.532
33 45 133.876
33 46 149.970
33 47 114.040
33 48 103.398
33 49 112.732
33 50 131.743
33 51 134.862
33 52 103.809
33 53 109.163
33 54 115.211
33 55 128.372
33 56 111.163
33 57 96.684
33 58 117.006
33 59 113.513
34 35 88.470
34 36 155.545
34 37 95.094
34 38 142.349
34 39 115.569
34 40 142.296
34 41 100.377
34 42 148.855
34 43 170.534
34 44 126.603
34 45 101.913
34 46 119.954
34 47 154.139
34 48 141.255
34 49 170.209
34 50 154.428
34 51 121.073
34 52 116.379
34 53 136.331
34 54 155.675
34 55 139.749
34 56 125.474
34 57 141.748
34 58 130.888
34 59 132.326
35 36 155.631
35 37 99.355
35 38 160.336
35 39 85.693
35 40 123.604
35 41 73.767
35 42 144.642
35 43 143.031
35 44 133.342
35 45 94.822
35 46 144.010
35 47 131.177
35 48 93.925
35 49 154.509
35 50 141.215
35 51 117.569
35 52 157.791
35 53 127.334
35 54 145.294
35 55 125.698
35 56 107.684
35 57 101.846
35 58 138.526
35 59 113.362
36 37 152.750
36 38 120.951
36 39 148.112
36 40 118.773
36 41 159.742
36 42 94.054
36 43 138.274
36 44 127.042
36 45 160.539
36 46 175.440
36 47 108.824
36 48 149.533
36 49 120.540
36 50 119.973
36 51 150.662
36 52 119.770
36 53 96.488
36 54 136.226
36 55 165.693
36 56 120.538
36 57 104.229
36 58 142.918
36 59 125.138
37 38 167.010
37 39 143.220
37 40 138.192
37 41 85.912
37 42 121.083
37 43 158.038
37 44 145.952
37 45 95.153
37 46 136.101
37 47 152.241
37 48 135.016
37 49 192.036
37 50 127.633
37 51 110.547
37 52 162.288
37 53 125.150
37 54 164.977
37 55 153.131
37 56 134.351
37 57 149.290
37 58 157.243
37 59 130.626
38 39 131.947
38 40 104.221
38 41 161.434
38 42 143.510
38 43 136.957
38 44 135.622
38 45 157.842
38 46 173.079
38 47 158.645
38 48 169.714
38 49 159.554
38 50 144.023
38 51 138.634
38 52 136.087
38 53 113.226
38 54 141.463
38 55 159.425
38 56 167.066
38 57 151.610
38 58 161.114
38 59 160.150
39 40 113.001
39 41 105.278
39 42 137.250
39 43 95.691
39 44 118.199
39 45 130.036
39 46 133.680
39 47 130.201
39 48 120.634
39 49 139.036
39 50 134.496
39 51 135.277
39 52 138.173
39 53 110.194
39 54 117.737
39 55 90.256
39 56 104.969
39 57 112.402
39 58 95.510
39 59 133.608
40 41 108.480
40 42 110.917
40 43 96.944
40 44 134.577
40 45 115.085
40 46 154.486
40 47 105.024
40 48 156.193
40 49 120.096
40 50 85.648
40 51 109.586
40 52 158.278
40 53 103.585
40 54 124.777
40 55 142.355
40 56 132.634
40 57 107.844
40 58 141.028
40 59 142.793
41 42 117.162
41 43 122.466
41 44 148.431
41 45 44.361
41 46 132.383
41 47 117.372
41 48 140.551
41 49 147.747
41 50 134.919
41 51 120.155
41 52 163.996
41 53 134.977
41 54 149.028
41 55 121.753
41 56 117.342
41 57 121.380
41 58 130.377
41 59 131.550
42 43 102.598
42 44 117.780
42 45 121.646
42 46 161.133
42 47 120.398
42 48 163.646
42 49 140.273
42 50 98.239
42 51 124.549
42 52 150.962
42 53 86.293
42 54 145.284
42 55 118.201
42 56 101.448
42 57 127.031
42 58 106.798
42 59 131.704
43 44 145.302
43 45 142.286
43 46 160.477
43 47 128.600
43 48 152.893
43 49 131.825
43 50 109.924
43 51 136.412
43 52 174.481
43 53 112.740
43 54 117.644
43 55 98.490
43 56 136.328
43 57 133.848
43 58 113.078
43 59 153.817
44 45 157.600
44 46 130.286
44 47 148.378
44 48 148.750
44 49 158.012
44 50 116.202
44 51 107.518
44 52 139.256
44 53 97.765
44 54 155.035
44 55 123.822
44 56 83.056
44 57 118.815
44 58 104.220
44 59 126.723
45 46 153.410
45 47 130.251
45 48 162.217
45 49 148.649
45 50 152.441
45 51 123.649
45 52 159.639
45 53 141.639
45 54 148.734
45 55 134.848
45 56 137.231
45 57 130.993
45 58 145.268
45 59 123.936
46 47 135.597
46 48 166.247
46 49 169.882
46 50 146.336
46 51 149.022
46 52 152.212
46 53 170.065
46 54 176.373
46 55 170.561
46 56 130.947
46 57 149.849
46 58 138.155
46 59 173.267
47 48 151.370
47 49 84.255
47 50 133.189
47 51 164.273
47 52 148.767
47 53 145.979
47 54 150.017
47 55 173.196
47 56 107.260
47 57 68.632
47 58 144.891
47 59 141.667
48 49 170.415
48 50 149.561
48 51 134.899
48 52 188.136
48 53 147.667
48 54 168.183
48 55 155.927
48 56 137.450
48 57 117.868
48 58 173.055
48 59 138.903
49 50 155.800
49 51 166.545
49 52 149.524
49 53 162.103
49 54 128.442
49 55 160.775
49 56 137.630
49 57 86.235
49 58 139.787
49 59 138.802
50 51 93.190
50 52 175.153
50 53 96.259
50 54 148.762
50 55 142.348
50 56 120.345
50 57 130.998
50 58 132.754
50 59 154.970
51 52 178.785
51 53 116.362
51 54 147.128
51 55 124.073
51 56 139.279
51 57 138.980
51 58 144.375
51 59 128.404
52 53 129.871
52 54 121.549
52 55 166.842
52 56 142.144
52 57 144.342
52 58 127.738
52 59 128.624
53 54 117.120
53 55 115.564
53 56 109.344
53 57 125.642
53 58 114.618
53 59 113.096
54 55 132.789
54 56 163.388
54 57 130.867
54 58 135.662
54 59 96.728
55 56 123.508
55 57 153.462
55 58 76.070
55 59 140.808
56 57 92.197
56 58 88.946
56 59 131.392
57 58 139.608
57 59 99.322
58 59 146.167
