120 10 ds 8 13 10 14 9 16 12 16 8 14 9 15 8 16 10 13 11 16 12 15 
0 1 65.824
0 2 65.067
0 3 82.349
0 4 74.674
0 5 97.239
0 6 83.574
0 7 66.427
0 8 60.755
0 9 100.687
0 10 44.358
0 11 90.112
0 12 70.208
0 13 78.352
0 14 73.302
0 15 77.899
0 16 98.018
0 17 96.419
0 18 89.587
0 19 76.727
0 20 22.761
0 21 38.206
0 22 82.477
0 23 65.669
0 24 82.187
0 25 49.822
0 26 82.508
0 27 46.037
0 28 95.469
0 29 73.429
0 30 45.802
0 31 85.739
0 32 49.164
0 33 38.332
0 34 64.524
0 35 83.857
0 36 76.624
0 37 98.615
0 38 122.459
0 39 119.905
0 40 58.764
0 41 80.632
0 42 108.641
0 43 55.044
0 44 46.577
0 45 71.606
0 46 89.380
0 47 57.503
0 48 51.153
0 49 88.678
0 50 45.822
0 51 46.330
0 52 47.710
0 53 42.512
0 54 110.120
0 55 105.422
0 56 85.366
0 57 15.157
0 58 46.477
0 59 84.086
0 60 106.648
0 61 87.409
0 62 41.346
0 63 42.472
0 64 117.113
0 65 76.031
0 66 73.508
0 67 43.961
0 68 75.558
0 69 36.725
0 70 72.967
0 71 78.805
0 72 52.797
0 73 52.562
0 74 73.078
0 75 121.667
0 76 78.256
0 77 56.847
0 78 71.984
0 79 112.961
0 80 90.287
0 81 100.295
0 82 78.820
0 83 41.496
0 84 64.478
0 85 82.241
0 86 53.513
0 87 80.408
0 88 66.050
0 89 89.228
0 90 67.844
0 91 78.726
0 92 99.658
0 93 110.780
0 94 100.642
0 95 86.258
0 96 31.478
0 97 63.812
0 98 117.274
0 99 67.757
0 100 70.484
0 101 75.873
0 102 85.858
0 103 75.373
0 104 57.546
0 105 60.414
0 106 110.759
0 107 29.386
0 108 89.101
0 109 114.363
0 110 44.926
0 111 52.068
0 112 78.051
0 113 59.309
0 114 100.983
0 115 87.144
0 116 86.235
0 117 99.743
0 118 32.180
0 119 83.998
1 2 95.981
1 3 131.821
1 4 111.287
1 5 106.974
1 6 94.888
1 7 99.653
1 8 107.067
1 9 125.351
1 10 68.811
1 11 119.914
1 12 115.144
1 13 125.193
1 14 117.055
1 15 65.042
1 16 114.523
1 17 97.980
1 18 58.893
1 19 112.194
1 20 80.868
1 21 81.002
1 22 105.650
1 23 117.246
1 24 95.594
1 25 69.951
1 26 80.154
1 27 69.164
1 28 113.750
1 29 61.937
1 30 93.963
1 31 103.835
1 32 64.908
1 33 84.678
1 34 90.418
1 35 89.001
1 36 94.999
1 37 126.062
1 38 138.220
1 39 125.584
1 40 98.360
1 41 90.314
1 42 132.453
1 43 85.405
1 44 55.100
1 45 49.733
1 46 116.676
1 47 83.573
1 48 84.752
1 49 116.697
1 50 49.975
1 51 53.869
1 52 90.639
1 53 91.389
1 54 109.722
1 55 121.652
1 56 134.021
1 57 67.832
1 58 67.788
1 59 122.559
1 60 153.127
1 61 113.681
1 62 80.104
1 63 85.866
1 64 153.106
1 65 61.873
1 66 81.422
1 67 61.032
1 68 118.436
1 69 64.795
1 70 97.800
1 71 79.171
1 72 99.281
1 73 61.061
1 74 56.208
1 75 165.063
1 76 115.498
1 77 92.352
1 78 69.985
1 79 118.334
1 80 102.743
1 81 108.262
1 82 76.630
1 83 37.618
1 84 62.777
1 85 130.702
1 86 101.975
1 87 66.066
1 88 93.849
1 89 107.513
1 90 78.938
1 91 123.243
1 92 125.426
1 93 116.696
1 94 115.180
1 95 114.838
1 96 78.721
1 97 94.486
1 98 138.213
1 99 119.105
1 100 49.812
1 101 121.686
1 102 128.338
1 103 76.390
1 104 55.983
1 105 121.488
1 106 108.211
1 107 68.035
1 108 114.436
1 109 153.708
1 110 28.094
1 111 62.463
1 112 99.230
1 113 48.610
1 114 153.731
1 115 101.204
1 116 105.978
1 117 115.964
1 118 81.335
1 119 107.274
2 3 95.373
2 4 53.550
2 5 115.911
2 6 36.716
2 7 90.115
2 8 82.623
2 9 66.002
2 10 72.702
2 11 82.588
2 12 103.409
2 13 78.463
2 14 88.269
2 15 80.161
2 16 90.604
2 17 94.045
2 18 86.474
2 19 53.838
2 20 47.030
2 21 53.803
2 22 111.635
2 23 88.676
2 24 89.311
2 25 70.159
2 26 71.993
2 27 72.932
2 28 86.713
2 29 74.535
2 30 57.478
2 31 71.313
2 32 73.439
2 33 53.153
2 34 110.669
2 35 111.356
2 36 77.147
2 37 57.316
2 38 127.297
2 39 99.927
2 40 83.087
2 41 104.121
2 42 107.205
2 43 26.880
2 44 85.114
2 45 82.979
2 46 80.149
2 47 59.029
2 48 87.092
2 49 94.806
2 50 54.250
2 51 44.008
2 52 87.849
2 53 40.633
2 54 95.477
2 55 83.199
2 56 113.597
2 57 58.713
2 58 41.737
2 59 52.377
2 60 99.346
2 61 40.768
2 62 76.617
2 63 71.072
2 64 94.467
2 65 71.120
2 66 103.663
2 67 45.155
2 68 102.696
2 69 43.880
2 70 57.152
2 71 39.587
2 72 56.666
2 73 83.657
2 74 88.737
2 75 102.483
2 76 107.216
2 77 25.889
2 78 60.704
2 79 101.255
2 80 113.707
2 81 113.590
2 82 50.907
2 83 80.561
2 84 81.728
2 85 68.796
2 86 72.433
2 87 75.096
2 88 104.453
2 89 90.677
2 90 83.535
2 91 66.739
2 92 58.792
2 93 104.966
2 94 69.277
2 95 66.197
2 96 78.458
2 97 44.269
2 98 79.707
2 99 97.324
2 100 106.852
2 101 46.981
2 102 93.719
2 103 121.212
2 104 82.702
2 105 84.589
2 106 97.924
2 107 71.137
2 108 45.112
2 109 82.144
2 110 74.278
2 111 84.063
2 112 82.562
2 113 99.964
2 114 101.264
2 115 57.097
2 116 31.209
2 117 71.473
2 118 42.142
2 119 22.318
3 4 90.269
3 5 84.835
3 6 101.565
3 7 64.163
3 8 31.472
3 9 87.063
3 10 64.956
3 11 47.605
3 12 35.881
3 13 95.305
3 14 71.284
3 15 113.791
3 16 83.382
3 17 85.847
3 18 123.814
3 19 69.653
3 20 74.132
3 21 56.024
3 22 59.412
3 23 22.971
3 24 65.467
3 25 66.625
3 26 92.965
3 27 94.255
3 28 66.864
3 29 102.486
3 30 95.746
3 31 90.587
3 32 87.463
3 33 86.555
3 34 65.176
3 35 106.424
3 36 60.971
3 37 85.132
3 38 76.053
3 39 103.303
3 40 72.996
3 41 83.076
3 42 57.003
3 43 87.626
3 44 82.038
3 45 105.339
3 46 52.854
3 47 64.901
3 48 64.363
3 49 50.408
3 50 117.183
3 51 97.413
3 52 50.049
3 53 58.928
3 54 96.536
3 55 86.605
3 56 28.644
3 57 77.571
3 58 88.803
3 59 78.387
3 60 36.073
3 61 93.464
3 62 55.138
3 63 84.013
3 64 72.710
3 65 103.937
3 66 90.850
3 67 112.366
3 68 25.258
3 69 104.935
3 70 77.637
3 71 119.871
3 72 51.314
3 73 82.410
3 74 108.693
3 75 57.038
3 76 36.561
3 77 105.320
3 78 93.822
3 79 96.897
3 80 67.825
3 81 79.829
3 82 106.316
3 83 99.025
3 84 111.756
3 85 38.126
3 86 44.591
3 87 103.390
3 88 63.069
3 89 61.992
3 90 92.587
3 91 65.126
3 92 84.577
3 93 99.771
3 94 86.895
3 95 85.618
3 96 61.375
3 97 89.665
3 98 97.141
3 99 72.519
3 100 110.282
3 101 62.165
3 102 17.378
3 103 98.378
3 104 85.800
3 105 37.860
3 106 98.563
3 107 92.967
3 108 98.281
3 109 68.785
3 110 109.607
3 111 76.593
3 112 56.543
3 113 102.930
3 114 26.866
3 115 95.792
3 116 104.123
3 117 87.031
3 118 65.052
3 119 109.371
4 5 137.518
4 6 64.185
4 7 61.942
4 8 70.283
4 9 101.979
4 10 75.299
4 11 91.983
4 12 106.868
4 13 114.958
4 14 47.526
4 15 117.580
4 16 64.685
4 17 93.798
4 18 96.696
4 19 30.791
4 20 58.425
4 21 58.770
4 22 120.787
4 23 77.438
4 24 99.978
4 25 84.191
4 26 79.141
4 27 106.274
4 28 80.740
4 29 75.754
4 30 45.482
4 31 112.146
4 32 58.964
4 33 40.208
4 34 110.176
4 35 142.782
4 36 79.704
4 37 51.462
4 38 135.089
4 39 129.496
4 40 111.610
4 41 127.135
4 42 110.847
4 43 72.399
4 44 98.179
4 45 103.649
4 46 92.652
4 47 84.285
4 48 105.573
4 49 78.859
4 50 79.956
4 51 67.311
4 52 78.618
4 53 49.980
4 54 101.396
4 55 67.538
4 56 111.956
4 57 61.102
4 58 79.196
4 59 25.753
4 60 102.768
4 61 37.722
4 62 71.331
4 63 47.299
4 64 69.912
4 65 83.528
4 66 128.881
4 67 72.511
4 68 98.703
4 69 64.005
4 70 94.738
4 71 66.877
4 72 42.886
4 73 77.185
4 74 118.418
4 75 92.339
4 76 108.736
4 77 61.019
4 78 85.157
4 79 86.055
4 80 112.308
4 81 129.240
4 82 68.102
4 83 99.864
4 84 119.215
4 85 76.782
4 86 54.622
4 87 89.418
4 88 116.515
4 89 104.723
4 90 117.880
4 91 30.621
4 92 56.685
4 93 81.081
4 94 94.373
4 95 107.737
4 96 88.898
4 97 90.381
4 98 112.747
4 99 64.404
4 100 101.992
4 101 42.135
4 102 93.401
4 103 109.271
4 104 85.436
4 105 76.028
4 106 112.021
4 107 61.640
4 108 32.555
4 109 76.375
4 110 83.876
4 111 97.758
4 112 95.111
4 113 94.891
4 114 96.124
4 115 45.580
4 116 78.476
4 117 102.892
4 118 54.172
4 119 52.417
5 6 108.506
5 7 107.315
5 8 86.569
5 9 84.274
5 10 70.979
5 11 64.362
5 12 65.125
5 13 106.063
5 14 130.847
5 15 67.993
5 16 114.897
5 17 78.238
5 18 102.823
5 19 115.517
5 20 101.750
5 21 81.541
5 22 34.661
5 23 90.138
5 24 45.955
5 25 57.169
5 26 85.715
5 27 73.644
5 28 84.985
5 29 97.260
5 30 135.065
5 31 62.600
5 32 105.450
5 33 122.740
5 34 64.686
5 35 47.203
5 36 67.632
5 37 121.049
5 38 53.617
5 39 65.231
5 40 63.347
5 41 18.851
5 42 64.222
5 43 93.476
5 44 60.684
5 45 69.170
5 46 61.880
5 47 57.397
5 48 50.314
5 49 88.184
5 50 115.449
5 51 95.903
5 52 83.431
5 53 93.536
5 54 84.194
5 55 113.699
5 56 79.460
5 57 99.368
5 58 82.144
5 59 128.811
5 60 92.547
5 61 126.302
5 62 79.797
5 63 123.139
5 64 130.492
5 65 88.630
5 66 34.712
5 67 117.533
5 68 70.919
5 69 117.483
5 70 65.470
5 71 122.798
5 72 99.374
5 73 87.060
5 74 58.792
5 75 119.339
5 76 57.687
5 77 126.459
5 78 74.826
5 79 110.905
5 80 55.779
5 81 23.015
5 82 104.883
5 83 76.400
5 84 73.040
5 85 91.622
5 86 98.006
5 87 82.975
5 88 43.266
5 89 43.654
5 90 48.893
5 91 125.923
5 92 116.971
5 93 120.558
5 94 80.428
5 95 74.903
5 96 71.249
5 97 87.172
5 98 91.631
5 99 133.183
5 100 98.671
5 101 114.175
5 102 72.885
5 103 97.803
5 104 75.579
5 105 103.857
5 106 71.367
5 107 117.695
5 108 133.109
5 109 121.069
5 110 101.821
5 111 53.064
5 112 47.122
5 113 97.094
5 114 103.675
5 115 119.445
5 116 109.112
5 117 72.805
5 118 91.743
5 119 131.700
6 7 91.066
6 8 88.041
6 9 58.972
6 10 71.451
6 11 73.068
6 12 111.038
6 13 104.204
6 14 97.139
6 15 73.123
6 16 73.957
6 17 70.081
6 18 63.484
6 19 53.021
6 20 70.586
6 21 61.162
6 22 108.733
6 23 97.589
6 24 75.332
6 25 66.897
6 26 46.359
6 27 85.822
6 28 67.583
6 29 56.080
6 30 83.364
6 31 69.188
6 32 73.292
6 33 73.801
6 34 112.851
6 35 113.802
6 36 62.474
6 37 44.142
6 38 111.910
6 39 79.284
6 40 97.078
6 41 99.920
6 42 93.448
6 43 44.878
6 44 84.799
6 45 68.915
6 46 69.254
6 47 57.350
6 48 94.401
6 49 85.073
6 50 68.405
6 51 45.389
6 52 94.520
6 53 56.685
6 54 66.006
6 55 60.912
6 56 121.895
6 57 74.699
6 58 50.411
6 59 57.299
6 60 102.149
6 61 34.525
6 62 81.196
6 63 86.059
6 64 86.835
6 65 49.237
6 66 103.597
6 67 64.716
6 68 106.443
6 69 65.771
6 70 57.095
6 71 30.094
6 72 65.355
6 73 79.305
6 74 81.307
6 75 100.141
6 76 109.019
6 77 60.055
6 78 40.996
6 79 75.871
6 80 102.528
6 81 100.685
6 82 24.415
6 83 84.031
6 84 86.751
6 85 76.820
6 86 80.843
6 87 51.475
6 88 107.656
6 89 77.658
6 90 85.486
6 91 74.234
6 92 42.571
6 93 83.567
6 94 46.788
6 95 71.193
6 96 90.428
6 97 60.041
6 98 66.861
6 99 112.626
6 100 99.964
6 101 58.368
6 102 94.326
6 103 118.224
6 104 73.941
6 105 102.586
6 106 69.842
6 107 86.656
6 108 40.508
6 109 77.773
6 110 76.036
6 111 81.268
6 112 72.038
6 113 96.903
6 114 109.350
6 115 37.598
6 116 30.816
6 117 55.120
6 118 58.772
6 119 33.156
7 8 34.587
7 9 113.639
7 10 45.096
7 11 76.354
7 12 70.845
7 13 125.333
7 14 30.841
7 15 112.928
7 16 49.178
7 17 69.836
7 18 90.981
7 19 53.748
7 20 65.065
7 21 47.177
7 22 80.621
7 23 45.650
7 24 72.277
7 25 61.425
7 26 71.282
7 27 99.800
7 28 61.583
7 29 65.976
7 30 70.417
7 31 113.528
7 32 38.340
7 33 57.354
7 34 61.752
7 35 121.800
7 36 56.526
7 37 80.073
7 38 102.534
7 39 124.057
7 40 99.418
7 41 99.035
7 42 84.135
7 43 91.043
7 44 69.105
7 45 88.027
7 46 78.866
7 47 75.307
7 48 79.881
7 49 42.394
7 50 94.184
7 51 75.563
7 52 34.775
7 53 57.514
7 54 88.359
7 55 68.194
7 56 76.500
7 57 54.370
7 58 86.161
7 59 66.511
7 60 92.608
7 61 79.746
7 62 34.708
7 63 43.294
7 64 75.974
7 65 77.580
7 66 102.671
7 67 92.316
7 68 58.356
7 69 83.308
7 70 97.508
7 71 97.804
7 72 38.663
7 73 41.759
7 74 103.700
7 75 91.801
7 76 67.808
7 77 96.831
7 78 82.968
7 79 70.958
7 80 65.664
7 81 97.004
7 82 83.522
7 83 82.084
7 84 113.465
7 85 78.612
7 86 28.668
7 87 81.124
7 88 79.787
7 89 81.459
7 90 105.562
7 91 49.761
7 92 81.485
7 93 62.097
7 94 99.749
7 95 114.827
7 96 63.867
7 97 104.209
7 98 124.490
7 99 43.200
7 100 66.412
7 101 69.034
7 102 67.358
7 103 57.523
7 104 55.456
7 105 59.768
7 106 98.039
7 107 55.635
7 108 79.140
7 109 91.189
7 110 75.023
7 111 68.327
7 112 71.483
7 113 59.700
7 114 83.650
7 115 68.252
7 116 108.675
7 117 106.895
7 118 57.943
7 119 98.994
8 9 92.092
8 10 40.662
8 11 53.425
8 12 41.145
8 13 99.621
8 14 47.450
8 15 102.465
8 16 64.206
8 17 71.471
8 18 101.154
8 19 53.880
8 20 55.540
8 21 34.526
8 22 59.126
8 23 14.138
8 24 58.276
8 25 49.630
8 26 74.602
8 27 83.819
8 28 57.372
8 29 77.856
8 30 73.937
8 31 91.635
8 32 57.085
8 33 62.255
8 34 50.582
8 35 102.772
8 36 47.834
8 37 76.732
8 38 84.153
8 39 106.456
8 40 73.433
8 41 79.835
8 42 64.854
8 43 77.318
8 44 62.641
8 45 86.874
8 46 56.941
8 47 56.513
8 48 57.677
8 49 38.012
8 50 95.420
8 51 75.833
8 52 23.754
8 53 43.143
8 54 86.759
8 55 73.669
8 56 45.675
8 57 52.829
8 58 74.833
8 59 65.750
8 60 62.416
8 61 79.915
8 62 27.471
8 63 56.061
8 64 71.812
8 65 82.891
8 66 84.897
8 67 91.814
8 68 29.195
8 69 83.470
8 70 76.250
8 71 100.912
8 72 29.532
8 73 53.974
8 74 95.185
8 75 72.602
8 76 40.794
8 77 90.642
8 78 78.344
8 79 81.522
8 80 57.831
8 81 79.709
8 82 87.219
8 83 78.557
8 84 100.621
8 85 50.393
8 86 17.086
8 87 84.206
8 88 58.377
8 89 62.150
8 90 86.876
8 91 50.237
8 92 77.037
8 93 80.276
8 94 85.406
8 95 90.200
8 96 46.056
8 97 85.116
8 98 103.952
8 99 51.104
8 100 82.563
8 101 56.050
8 102 36.482
8 103 72.442
8 104 61.107
8 105 34.636
8 106 91.638
8 107 65.226
8 108 82.832
8 109 75.988
8 110 83.250
8 111 59.239
8 112 52.526
8 113 74.616
8 114 53.935
8 115 76.745
8 116 97.125
8 117 88.531
8 118 46.413
8 119 96.205
9 10 86.571
9 11 53.092
9 12 96.101
9 13 81.059
9 14 121.946
9 15 74.818
9 16 103.063
9 17 85.298
9 18 103.069
9 19 80.562
9 20 87.377
9 21 74.909
9 22 93.086
9 23 95.551
9 24 69.386
9 25 73.437
9 26 76.853
9 27 83.126
9 28 76.473
9 29 95.977
9 30 113.620
9 31 35.390
9 32 108.581
9 33 105.199
9 34 113.062
9 35 95.829
9 36 69.605
9 37 69.201
9 38 87.956
9 39 46.975
9 40 76.568
9 41 82.485
9 42 73.933
9 43 54.780
9 44 94.201
9 45 87.458
9 46 48.662
9 47 51.301
9 48 83.806
9 49 92.430
9 50 101.701
9 51 80.817
9 52 103.206
9 53 69.947
9 54 77.284
9 55 87.019
9 56 103.810
9 57 97.425
9 58 63.248
9 59 84.862
9 60 72.064
9 61 74.770
9 62 94.109
9 63 116.716
9 64 95.442
9 65 84.738
9 66 90.144
9 67 97.149
9 68 95.927
9 69 98.067
9 70 32.309
9 71 83.414
9 72 82.385
9 73 105.469
9 74 85.352
9 75 85.020
9 76 94.741
9 77 86.131
9 78 63.006
9 79 101.703
9 80 101.245
9 81 81.905
9 82 75.397
9 83 99.636
9 84 85.777
9 85 57.176
9 86 93.974
9 87 81.581
9 88 95.575
9 89 60.070
9 90 70.998
9 91 96.080
9 92 65.079
9 93 114.962
9 94 31.763
9 95 30.283
9 96 91.669
9 97 49.548
9 98 17.833
9 99 131.847
9 100 129.163
9 101 69.154
9 102 76.352
9 103 138.678
9 104 97.000
9 105 100.284
9 106 70.530
9 107 117.320
9 108 84.019
9 109 70.522
9 110 109.849
9 111 87.177
9 112 60.852
9 113 125.079
9 114 88.413
9 115 84.563
9 116 44.616
9 117 21.165
9 118 74.965
9 119 74.233
10 11 59.176
10 12 56.520
10 13 99.078
10 14 67.691
10 15 69.150
10 16 65.515
10 17 54.427
10 18 66.115
10 19 62.094
10 20 48.538
10 21 24.547
10 22 53.909
10 23 52.206
10 24 42.780
10 25 18.002
10 26 49.038
10 27 60.172
10 28 56.920
10 29 46.424
10 30 72.657
10 31 75.825
10 32 35.518
10 33 57.960
10 34 43.049
10 35 79.280
10 36 36.696
10 37 80.652
10 38 84.442
10 39 92.164
10 40 65.357
10 41 58.868
10 42 71.706
10 43 61.817
10 44 27.116
10 45 48.034
10 46 58.465
10 47 38.013
10 48 43.893
10 49 52.017
10 50 67.669
10 51 45.782
10 52 31.190
10 53 42.989
10 54 71.152
10 55 73.805
10 56 72.164
10 57 37.684
10 58 50.019
10 59 76.394
10 60 88.589
10 61 77.974
10 62 17.845
10 63 54.766
10 64 93.825
10 65 49.439
10 66 60.771
10 67 68.446
10 68 53.259
10 69 63.532
10 70 62.506
10 71 77.671
10 72 42.125
10 73 22.992
10 74 59.206
10 75 100.511
10 76 53.819
10 77 80.038
10 78 47.867
10 79 75.220
10 80 49.135
10 81 65.331
10 82 62.031
10 83 42.352
10 84 70.176
10 85 70.795
10 86 41.009
10 87 51.089
10 88 48.835
10 89 53.786
10 90 61.990
10 91 70.227
10 92 79.669
10 93 75.483
10 94 74.994
10 95 81.783
10 96 34.855
10 97 71.379
10 98 99.356
10 99 73.149
10 100 50.044
10 101 70.247
10 102 61.225
10 103 53.626
10 104 23.075
10 105 64.572
10 106 73.005
10 107 51.772
10 108 81.048
10 109 95.576
10 110 47.899
10 111 24.899
10 112 42.547
10 113 43.078
10 114 87.990
10 115 67.466
10 116 84.098
10 117 77.629
10 118 38.207
10 119 87.122
11 12 61.020
11 13 99.812
11 14 91.402
11 15 86.770
11 16 69.840
11 17 53.644
11 18 95.942
11 19 63.492
11 20 81.092
11 21 54.821
11 22 56.382
11 23 58.057
11 24 34.131
11 25 51.837
11 26 61.507
11 27 87.771
11 28 37.595
11 29 80.498
11 30 107.231
11 31 61.851
11 32 85.633
11 33 94.919
11 34 76.310
11 35 94.302
11 36 32.823
11 37 64.470
11 38 48.429
11 39 58.362
11 40 74.651
11 41 66.040
11 42 25.992
11 43 72.624
11 44 74.228
11 45 79.561
11 46 6.428
11 47 42.808
11 48 65.703
11 49 44.909
11 50 108.623
11 51 81.759
11 52 68.046
11 53 59.702
11 54 55.958
11 55 62.263
11 56 65.919
11 57 83.815
11 58 72.663
11 59 75.142
11 60 44.335
11 61 76.897
11 62 62.837
11 63 97.131
11 64 68.021
11 65 75.957
11 66 78.819
11 67 105.574
11 68 52.584
11 69 102.015
11 70 51.148
11 71 97.508
11 72 58.424
11 73 77.385
11 74 84.992
11 75 58.114
11 76 52.671
11 77 101.200
11 78 62.072
11 79 70.988
11 80 56.392
11 81 52.563
11 82 78.419
11 83 90.585
11 84 95.908
11 85 41.047
11 86 62.256
11 87 72.505
11 88 67.061
11 89 24.649
11 90 75.010
11 91 74.263
11 92 60.537
11 93 82.087
11 94 43.239
11 95 62.968
11 96 71.380
11 97 74.529
11 98 58.921
11 99 102.139
11 100 103.383
11 101 61.497
11 102 31.820
11 103 102.943
11 104 72.280
11 105 74.334
11 106 54.763
11 107 102.052
11 108 84.167
11 109 57.385
11 110 100.937
11 111 65.267
11 112 24.727
11 113 99.698
11 114 57.991
11 115 75.146
11 116 78.264
11 117 45.132
11 118 65.628
11 119 92.778
12 13 88.941
12 14 85.567
12 15 99.989
12 16 99.825
12 17 90.271
12 18 120.033
12 19 90.089
12 20 71.604
12 21 56.522
12 22 36.415
12 23 35.842
12 24 62.032
12 25 56.179
12 26 96.241
12 27 75.320
12 28 81.552
12 29 101.586
12 30 99.206
12 31 85.647
12 32 85.525
12 33 89.620
12 34 38.937
12 35 79.798
12 36 66.585
12 37 107.799
12 38 76.916
12 39 105.037
12 40 53.196
12 41 60.430
12 42 68.215
12 43 88.077
12 44 62.140
12 45 93.412
12 46 63.857
12 47 60.293
12 48 38.701
12 49 66.172
12 50 109.287
12 51 93.584
12 52 40.933
12 53 65.622
12 54 104.048
12 55 106.090
12 56 20.254
12 57 71.100
12 58 82.733
12 59 100.954
12 60 63.864
12 61 111.627
12 62 48.158
12 63 85.690
12 64 104.187
12 65 101.809
12 66 64.618
12 67 107.056
12 68 19.678
12 69 100.906
12 70 76.111
12 71 124.083
12 72 64.429
12 73 74.527
12 74 91.163
12 75 91.405
12 76 17.480
12 77 108.351
12 78 91.640
12 79 110.764
12 80 58.747
12 81 67.550
12 82 110.914
12 83 79.753
12 84 92.844
12 85 61.937
12 86 55.072
12 87 100.854
12 88 32.129
12 89 61.730
12 90 73.750
12 91 88.371
12 92 106.672
12 93 113.079
12 94 97.019
12 95 85.006
12 96 40.942
12 97 86.830
12 98 108.543
12 99 80.046
12 100 96.711
12 101 84.607
12 102 39.103
12 103 82.511
12 104 76.043
12 105 46.242
12 106 101.839
12 107 87.217
12 108 116.454
12 109 99.888
12 110 98.091
12 111 58.334
12 112 55.562
12 113 89.003
12 114 59.330
12 115 110.318
12 116 112.121
12 117 93.602
12 118 66.010
12 119 121.495
13 14 125.723
13 15 93.441
13 16 144.516
13 17 135.586
13 18 139.533
13 19 109.668
13 20 69.633
13 21 82.929
13 22 105.462
13 23 95.952
13 24 109.355
13 25 90.578
13 26 123.364
13 27 60.166
13 28 127.118
13 29 128.505
13 30 95.016
13 31 68.503
13 32 118.798
13 33 95.241
13 34 111.103
13 35 86.932
13 36 110.891
13 37 117.607
13 38 134.544
13 39 115.084
13 40 47.500
13 41 95.404
13 42 122.394
13 43 61.718
13 44 97.911
13 45 113.828
13 46 98.472
13 47 75.579
13 48 73.502
13 49 126.727
13 50 92.400
13 51 93.235
13 52 101.235
13 53 73.858
13 54 139.388
13 55 139.852
13 56 97.393
13 57 85.663
13 58 69.358
13 59 110.302
13 60 97.071
13 61 111.422
13 62 97.829
13 63 108.477
13 64 137.660
13 65 122.001
13 66 90.142
13 67 85.680
13 68 101.263
13 69 84.950
13 70 65.324
13 71 110.204
13 72 93.182
13 73 118.846
13 74 100.917
13 75 123.133
13 76 101.244
13 77 73.020
13 78 103.287
13 79 155.013
13 80 129.563
13 81 117.458
13 82 115.639
13 83 94.997
13 84 77.379
13 85 77.455
13 86 98.989
13 87 122.619
13 88 91.870
13 89 104.751
13 90 72.588
13 91 112.478
13 92 117.448
13 93 160.592
13 94 104.432
13 95 55.448
13 96 75.493
13 97 47.692
13 98 97.290
13 99 119.893
13 100 140.426
13 101 89.539
13 102 97.571
13 103 143.846
13 104 116.466
13 105 82.555
13 106 133.448
13 107 103.701
13 108 117.483
13 109 116.375
13 110 111.442
13 111 97.311
13 112 99.207
13 113 131.174
13 114 98.354
13 115 126.190
13 116 82.579
13 117 94.195
13 118 73.344
13 119 98.506
14 15 130.967
14 16 62.359
14 17 93.873
14 18 110.717
14 19 50.601
14 20 65.731
14 21 58.933
14 22 104.194
14 23 52.719
14 24 96.099
14 25 82.518
14 26 90.898
14 27 112.247
14 28 79.901
14 29 85.557
14 30 58.374
14 31 126.523
14 32 54.500
14 33 50.577
14 34 85.825
14 35 141.394
14 36 78.128
14 37 79.288
14 38 125.172
14 39 141.818
14 40 110.609
14 41 121.841
14 42 103.137
14 43 95.878
14 44 91.818
14 45 110.631
14 46 94.426
14 47 90.919
14 48 97.237
14 49 62.224
14 50 100.044
14 51 86.422
14 52 53.657
14 53 60.003
14 54 109.063
14 55 78.035
14 56 87.054
14 57 60.796
14 58 96.416
14 59 56.121
14 60 96.641
14 61 76.274
14 62 54.987
14 63 38.211
14 64 72.455
14 65 97.056
14 66 124.226
14 67 95.187
14 68 74.431
14 69 84.467
14 70 109.114
14 71 102.402
14 72 40.689
14 73 66.896
14 74 124.963
14 75 90.325
14 76 86.948
14 77 91.978
14 78 100.711
14 79 88.314
14 80 94.114
14 81 122.103
14 82 94.791
14 83 100.599
14 84 128.945
14 85 79.889
14 86 34.629
14 87 101.807
14 88 100.918
14 89 102.559
14 90 122.931
14 91 35.338
14 92 82.823
14 93 78.500
14 94 112.566
14 95 123.545
14 96 78.084
14 97 110.195
14 98 133.328
14 99 25.690
14 100 91.320
14 101 61.958
14 102 79.320
14 103 84.185
14 104 80.857
14 105 56.119
14 106 119.828
14 107 58.189
14 108 73.735
14 109 88.344
14 110 90.111
14 111 91.861
14 112 92.447
14 113 83.192
14 114 83.023
14 115 73.072
14 116 111.858
14 117 119.867
14 118 62.737
14 119 94.999
15 16 115.468
15 17 83.913
15 18 66.936
15 19 105.730
15 20 81.809
15 21 74.280
15 22 84.158
15 23 110.270
15 24 68.263
15 25 54.492
15 26 68.122
15 27 46.432
15 28 96.189
15 29 71.830
15 30 110.307
15 31 46.871
15 32 89.205
15 33 100.138
15 34 92.533
15 35 52.659
15 36 76.559
15 37 108.205
15 38 104.052
15 39 70.664
15 40 67.764
15 41 55.010
15 42 101.386
15 43 58.334
15 44 55.320
15 45 37.078
15 46 81.400
15 47 50.293
15 48 64.904
15 49 108.151
15 50 66.320
15 51 54.597
15 52 95.947
15 53 80.938
15 54 85.489
15 55 110.872
15 56 118.193
15 57 80.704
15 58 43.175
15 59 115.658
15 60 121.305
15 61 102.402
15 62 84.225
15 63 108.372
15 64 138.855
15 65 57.750
15 66 51.029
15 67 71.069
15 68 105.667
15 69 77.200
15 70 50.151
15 71 74.045
15 72 95.896
15 73 79.916
15 74 19.996
15 75 139.439
15 76 99.031
15 77 87.052
15 78 42.873
15 79 112.479
15 80 92.079
15 81 73.505
15 82 66.965
15 83 48.622
15 84 27.984
15 85 102.453
15 86 102.961
15 87 55.010
15 88 77.520
15 89 72.164
15 90 33.249
15 91 121.848
15 92 105.091
15 93 120.780
15 94 72.030
15 95 62.981
15 96 74.553
15 97 55.969
15 98 85.867
15 99 135.909
15 100 87.235
15 101 106.055
15 102 104.712
15 103 106.059
15 104 65.924
15 105 115.944
15 106 74.800
15 107 96.485
15 108 108.142
15 109 127.408
15 110 65.749
15 111 53.678
15 112 68.761
15 113 85.533
15 114 130.611
15 115 97.537
15 116 71.339
15 117 65.744
15 118 75.129
15 119 93.724
16 17 46.813
16 18 78.045
16 19 45.274
16 20 90.660
16 21 66.676
16 22 98.011
16 23 76.273
16 24 69.482
16 25 74.236
16 26 51.591
16 27 119.958
16 28 36.130
16 29 56.993
16 30 96.307
16 31 113.399
16 32 59.549
16 33 82.640
16 34 94.157
16 35 138.544
16 36 48.524
16 37 54.550
16 38 94.658
16 39 107.117
16 40 121.618
16 41 111.015
16 42 74.022
16 43 96.755
16 44 90.097
16 45 88.780
16 46 71.106
16 47 81.446
16 48 104.351
16 49 38.518
16 50 108.420
16 51 81.800
16 52 74.206
16 53 73.351
16 54 57.410
16 55 24.846
16 56 104.466
16 57 84.149
16 58 94.835
16 59 58.788
16 60 95.662
16 61 62.399
16 62 67.332
16 63 77.380
16 64 53.353
16 65 66.503
16 66 119.480
16 67 106.676
16 68 84.246
16 69 100.787
16 70 98.485
16 71 88.326
16 72 57.239
16 73 62.525
16 74 110.161
16 75 81.388
16 76 91.080
16 77 107.683
16 78 74.487
16 79 26.652
16 80 73.206
16 81 97.584
16 82 67.326
16 83 102.611
16 84 126.862
16 85 83.917
16 86 60.562
16 87 68.332
16 88 105.020
16 89 76.927
16 90 117.547
16 91 55.426
16 92 54.389
16 93 20.152
16 94 79.430
16 95 116.506
16 96 95.583
16 97 111.496
16 98 107.795
16 99 85.407
16 100 83.948
16 101 69.467
16 102 78.009
16 103 87.377
16 104 66.745
16 105 93.459
16 106 73.620
16 107 88.591
16 108 62.024
16 109 73.702
16 110 91.812
16 111 85.631
16 112 71.052
16 113 83.040
16 114 95.637
16 115 42.132
16 116 99.254
16 117 92.518
16 118 77.315
16 119 90.100
17 18 57.344
17 19 70.055
17 20 94.252
17 21 65.563
17 22 72.464
17 23 83.763
17 24 35.586
17 25 53.311
17 26 28.463
17 27 100.821
17 28 27.866
17 29 45.648
17 30 113.389
17 31 86.982
17 32 67.634
17 33 98.039
17 34 79.966
17 35 106.515
17 36 27.582
17 37 71.890
17 38 63.562
17 39 71.531
17 40 103.825
17 41 77.000
17 42 53.010
17 43 88.500
17 44 68.416
17 45 57.242
17 46 51.745
17 47 60.852
17 48 84.737
17 49 45.839
17 50 103.351
17 51 73.591
17 52 75.549
17 53 77.802
17 54 22.120
17 55 46.085
17 56 100.359
17 57 87.062
17 58 80.605
17 59 85.662
17 60 94.965
17 61 79.845
17 62 66.031
17 63 95.725
17 64 82.448
17 65 44.749
17 66 88.025
17 67 104.766
17 68 79.212
17 69 102.639
17 70 77.374
17 71 86.735
17 72 71.647
17 73 56.634
17 74 76.874
17 75 95.002
17 76 78.073
17 77 112.471
17 78 48.471
17 79 34.409
17 80 47.292
17 81 58.971
17 82 59.353
17 83 83.325
17 84 100.900
17 85 86.209
17 86 74.917
17 87 40.537
17 88 83.190
17 89 45.533
17 90 88.555
17 91 86.128
17 92 67.976
17 93 45.796
17 94 57.528
17 95 96.747
17 96 85.971
17 97 97.949
17 98 88.726
17 99 110.271
17 100 72.432
17 101 85.935
17 102 73.409
17 103 80.791
17 104 48.525
17 105 103.583
17 106 32.219
17 107 97.987
17 108 83.700
17 109 88.357
17 110 83.110
17 111 61.116
17 112 43.567
17 113 74.658
17 114 102.956
17 115 59.826
17 116 91.859
17 117 67.710
17 118 78.916
17 119 98.432
18 19 88.260
18 20 92.398
18 21 77.425
18 22 104.259
18 23 114.406
18 24 73.550
18 25 65.359
18 26 36.799
18 27 92.694
18 28 77.480
18 29 25.445
18 30 105.369
18 31 95.152
18 32 62.044
18 33 92.055
18 34 100.801
18 35 107.750
18 36 67.593
18 37 91.505
18 38 113.152
18 39 95.158
18 40 113.239
18 41 93.016
18 42 105.039
18 43 82.900
18 44 68.466
18 45 38.167
18 46 92.009
18 47 74.664
18 48 97.673
18 49 91.737
18 50 72.528
18 51 51.767
18 52 95.451
18 53 87.353
18 54 62.402
18 55 78.800
18 56 135.627
18 57 82.410
18 58 70.483
18 59 100.209
18 60 136.595
18 61 84.938
18 62 81.869
18 63 93.981
18 64 120.587
18 65 21.107
18 66 94.783
18 67 78.641
18 68 115.376
18 69 81.247
18 70 87.631
18 71 58.572
18 72 89.724
18 73 58.438
18 74 62.816
18 75 138.524
18 76 113.728
18 77 98.070
18 78 41.930
18 79 71.796
18 80 87.675
18 81 92.947
18 82 39.840
18 83 66.800
18 84 84.770
18 85 116.912
18 86 96.842
18 87 24.167
18 88 103.892
18 89 85.237
18 90 88.770
18 91 106.460
18 92 89.358
18 93 74.740
18 94 80.619
18 95 107.586
18 96 94.925
18 97 95.830
18 98 109.941
18 99 124.553
18 100 58.329
18 101 104.759
18 102 115.090
18 103 86.468
18 104 48.218
18 105 126.189
18 106 65.535
18 107 87.156
18 108 86.189
18 109 123.825
18 110 53.373
18 111 67.680
18 112 79.831
18 113 62.779
18 114 142.245
18 115 64.140
18 116 86.911
18 117 88.121
18 118 82.787
18 119 88.572
19 20 60.499
19 21 46.445
19 22 99.915
19 23 62.261
19 24 75.392
19 25 68.047
19 26 60.770
19 27 99.727
19 28 52.355
19 29 66.392
19 30 64.732
19 31 94.202
19 32 58.548
19 33 54.393
19 34 96.677
19 35 129.040
19 36 54.422
19 37 29.571
19 38 106.507
19 39 104.155
19 40 99.782
19 41 108.256
19 42 81.418
19 43 65.770
19 44 87.260
19 45 91.175
19 46 64.502
19 47 65.832
19 48 91.874
19 49 53.725
19 50 87.029
19 51 64.865
19 52 68.149
19 53 40.839
19 54 76.150
19 55 43.034
19 56 94.402
19 57 63.252
19 58 71.786
19 59 16.627
19 60 78.076
19 61 29.517
19 62 60.251
19 63 58.790
19 64 46.652
19 65 71.406
19 66 113.619
19 67 80.826
19 68 79.416
19 69 73.758
19 70 76.839
19 71 68.424
19 72 29.847
19 73 69.024
19 74 105.982
19 75 67.209
19 76 88.571
19 77 70.599
19 78 69.354
19 79 64.077
19 80 90.093
19 81 104.789
19 82 59.031
19 83 94.612
19 84 111.430
19 85 55.058
19 86 43.482
19 87 74.848
19 88 100.322
19 89 78.302
19 90 103.983
19 91 22.673
19 92 33.099
19 93 64.057
19 94 69.410
19 95 90.854
19 96 80.182
19 97 81.321
19 98 89.526
19 99 70.206
19 100 97.329
19 101 26.693
19 102 68.754
19 103 102.544
19 104 73.842
19 105 68.538
19 106 86.702
19 107 71.701
19 108 30.918
19 109 51.595
19 110 85.470
19 111 83.830
19 112 70.051
19 113 91.524
19 114 75.770
19 115 33.556
19 116 69.110
19 117 79.100
19 118 48.565
19 119 55.303
20 21 30.597
20 22 87.486
20 23 59.669
20 24 81.292
20 25 52.446
20 26 79.090
20 27 53.069
20 28 87.996
20 29 74.443
20 30 35.114
20 31 79.528
20 32 52.703
20 33 28.212
20 34 75.581
20 35 93.322
20 36 72.077
20 37 81.310
20 38 120.418
20 39 113.794
20 40 59.973
20 41 87.068
20 42 102.742
20 43 41.988
20 44 59.105
20 45 78.139
20 46 80.607
20 47 52.654
20 48 57.968
20 49 83.075
20 50 48.857
20 51 44.446
20 52 51.796
20 53 24.639
20 54 105.209
20 55 94.583
20 56 83.626
20 57 19.472
20 58 41.766
20 59 65.209
20 60 93.686
20 61 69.721
20 62 44.486
20 63 40.246
20 64 101.496
20 65 76.254
20 66 83.066
20 67 42.021
20 68 74.457
20 69 33.075
20 70 64.383
20 71 69.762
20 72 39.330
20 73 60.416
20 74 81.193
20 75 105.727
20 76 79.651
20 77 41.206
20 78 69.244
20 79 106.972
20 80 94.454
20 81 102.828
20 82 71.781
20 83 56.849
20 84 72.064
20 85 66.047
20 86 45.559
20 87 80.646
20 88 74.317
20 89 85.797
20 90 72.312
20 91 62.426
20 92 82.945
20 93 106.032
20 94 89.660
20 95 76.153
20 96 40.251
20 97 53.348
20 98 103.936
20 99 63.954
20 100 84.129
20 101 55.379
20 102 78.041
20 103 89.526
20 104 65.117
20 105 51.665
20 106 107.104
20 107 36.645
20 108 71.921
20 109 96.118
20 110 56.776
20 111 61.329
20 112 74.789
20 113 73.686
20 114 88.173
20 115 75.259
20 116 70.969
20 117 89.536
20 118 16.776
20 119 66.342
21 22 65.285
21 23 43.698
21 24 52.911
21 25 29.332
21 26 55.797
21 27 58.130
21 28 58.840
21 29 56.676
21 30 56.777
21 31 69.856
21 32 41.746
21 33 43.399
21 34 58.455
21 35 86.738
21 36 42.041
21 37 66.481
21 38 92.257
21 39 92.931
21 40 59.513
21 41 69.777
21 42 74.199
21 43 46.023
21 44 44.982
21 45 62.435
21 46 54.596
21 47 33.586
21 48 47.547
21 49 54.554
21 50 62.889
21 51 42.390
21 52 35.248
21 53 18.610
21 54 77.939
21 55 70.801
21 56 69.104
21 57 29.209
21 58 41.637
21 59 57.957
21 60 76.365
21 61 62.103
21 62 23.774
21 63 46.482
21 64 82.396
21 65 58.455
21 66 71.295
21 67 59.417
21 68 53.825
21 69 52.766
21 70 53.428
21 71 69.717
21 72 23.504
21 73 42.028
21 74 70.390
21 75 87.312
21 76 58.410
21 77 61.630
21 78 51.437
21 79 80.525
21 80 66.385
21 81 77.546
21 82 59.636
21 83 53.554
21 84 72.895
21 85 52.638
21 86 29.386
21 87 61.058
21 88 58.669
21 89 58.605
21 90 64.909
21 91 53.369
21 92 66.536
21 93 81.518
21 94 69.301
21 95 70.274
21 96 34.758
21 97 57.248
21 98 89.306
21 99 64.568
21 100 70.891
21 101 48.278
21 102 55.157
21 103 74.422
21 104 44.635
21 105 49.622
21 106 80.643
21 107 47.834
21 108 65.812
21 109 79.834
21 110 56.383
21 111 42.937
21 112 47.115
21 113 62.494
21 114 74.318
21 115 60.213
21 116 69.187
21 117 71.499
21 118 16.430
21 119 69.874
22 23 61.644
22 24 41.157
22 25 47.753
22 26 83.140
22 27 75.665
22 28 73.377
22 29 91.077
22 30 117.840
22 31 77.748
22 32 87.821
22 33 105.332
22 34 35.639
22 35 64.173
22 36 56.439
22 37 112.340
22 38 53.158
22 39 85.291
22 40 61.132
22 41 34.829
22 42 55.433
22 43 93.010
22 44 51.446
22 45 74.629
22 46 56.995
22 47 55.562
22 48 39.106
22 49 65.843
22 50 111.986
22 51 92.076
22 52 55.186
22 53 79.372
22 54 85.466
22 55 102.675
22 56 50.718
22 57 82.908
22 58 82.607
22 59 113.845
22 60 78.335
22 61 117.846
22 62 56.181
22 63 101.455
22 64 113.349
22 65 88.303
22 66 45.500
22 67 112.833
22 68 39.667
22 69 109.437
22 70 72.593
22 71 122.615
22 72 79.301
22 73 69.735
22 74 72.012
22 75 103.762
22 76 25.714
22 77 120.496
22 78 78.854
22 79 100.461
22 80 35.332
22 81 34.864
22 82 104.260
22 83 72.698
22 84 84.078
22 85 78.424
22 86 72.993
22 87 84.842
22 88 22.454
22 89 42.954
22 90 62.129
22 91 105.253
22 92 109.491
22 93 105.918
22 94 87.170
22 95 84.829
22 96 52.865
22 97 91.145
22 98 102.692
22 99 104.438
22 100 85.602
22 101 100.125
22 102 51.128
22 103 75.507
22 104 64.341
22 105 78.169
22 106 79.415
22 107 99.331
22 108 123.367
22 109 109.737
22 110 94.445
22 111 44.524
22 112 40.751
22 113 81.876
22 114 82.807
22 115 110.295
22 116 113.296
22 117 83.576
22 118 78.167
22 119 128.073
23 24 67.193
23 25 59.225
23 26 87.467
23 27 87.367
23 28 67.958
23 29 91.463
23 30 78.080
23 31 95.365
23 32 69.451
23 33 68.524
23 34 54.640
23 35 105.517
23 36 59.194
23 37 84.400
23 38 88.090
23 39 112.512
23 40 72.217
23 41 84.194
23 42 69.279
23 43 82.686
23 44 71.244
23 45 97.961
23 46 62.221
23 47 63.325
23 48 59.664
23 49 47.942
23 50 103.406
23 51 85.958
23 52 30.858
23 53 48.807
23 54 98.018
23 55 84.555
23 56 35.665
23 57 59.858
23 58 81.818
23 59 71.841
23 60 57.008
23 61 88.147
23 62 38.079
23 63 63.068
23 64 75.945
23 65 95.725
23 66 88.892
23 67 98.989
23 68 25.677
23 69 90.357
23 70 80.597
23 71 111.019
23 72 37.813
23 73 66.679
23 74 103.562
23 75 70.927
23 76 39.372
23 77 95.176
23 78 89.261
23 79 93.752
23 80 66.120
23 81 85.429
23 82 98.973
23 83 86.773
23 84 106.122
23 85 48.121
23 86 25.754
23 87 96.805
23 88 59.983
23 89 68.689
23 90 91.213
23 91 55.237
23 92 84.904
23 93 92.884
23 94 92.777
23 95 91.805
23 96 48.932
23 97 88.257
23 98 107.657
23 99 51.506
23 100 94.452
23 101 59.239
23 102 34.211
23 103 81.923
23 104 73.631
23 105 24.902
23 106 101.862
23 107 72.557
23 108 91.345
23 109 77.709
23 110 93.837
23 111 68.038
23 112 60.049
23 113 85.938
23 114 44.908
23 115 88.238
23 116 103.279
23 117 94.347
23 118 52.806
23 119 103.260
24 25 33.371
24 26 45.954
24 27 77.109
24 28 40.109
24 29 61.469
24 30 109.030
24 31 62.861
24 32 72.575
24 33 94.655
24 34 58.936
24 35 76.869
24 36 22.583
24 37 80.794
24 38 45.310
24 39 57.866
24 40 72.993
24 41 45.129
24 42 37.793
24 43 75.159
24 44 50.549
24 45 52.553
24 46 31.641
24 47 37.446
24 48 54.702
24 49 48.026
24 50 97.935
24 51 70.667
24 52 61.241
24 53 66.098
24 54 45.292
24 55 68.249
24 56 74.397
24 57 77.182
24 58 66.215
24 59 90.326
24 60 75.324
24 61 87.856
24 62 53.594
24 63 94.061
24 64 90.316
24 65 56.096
24 66 58.274
24 67 98.617
24 68 56.134
24 69 96.530
24 70 54.912
24 71 93.085
24 72 65.679
24 73 57.325
24 74 60.413
24 75 89.353
24 76 50.665
24 77 104.997
24 78 46.490
24 79 66.088
24 80 33.341
24 81 30.286
24 82 70.312
24 83 69.069
24 84 80.008
24 85 68.540
24 86 66.863
24 87 51.197
24 88 52.458
24 89 15.346
24 90 61.048
24 91 88.323
24 92 76.833
24 93 75.826
24 94 52.276
24 95 72.615
24 96 62.799
24 97 78.407
24 98 76.408
24 99 105.703
24 100 76.898
24 101 81.103
24 102 51.594
24 103 79.436
24 104 47.358
24 105 85.662
24 106 40.534
24 107 93.738
24 108 93.805
24 109 87.049
24 110 81.531
24 111 40.732
24 112 12.324
24 113 75.565
24 114 84.870
24 115 76.957
24 116 86.137
24 117 54.080
24 118 66.684
24 119 100.727
25 26 46.925
25 27 50.224
25 28 57.392
25 29 50.476
25 30 81.724
25 31 59.124
25 32 50.634
25 33 67.946
25 34 48.154
25 35 65.490
25 36 34.478
25 37 81.256
25 38 76.523
25 39 76.898
25 40 54.890
25 41 44.570
25 42 66.043
25 43 54.048
25 44 24.172
25 45 39.685
25 46 49.606
25 47 23.211
25 48 35.525
25 49 58.547
25 50 67.816
25 51 44.587
25 52 43.878
25 53 45.008
25 54 66.183
25 55 77.234
25 56 73.210
25 57 46.509
25 58 40.917
25 59 81.717
25 60 84.768
25 61 79.702
25 62 32.261
25 63 68.971
25 64 98.260
25 65 47.125
25 66 47.659
25 67 68.779
25 68 56.057
25 69 66.225
25 70 47.549
25 71 75.828
25 72 50.478
25 73 37.872
25 74 45.934
25 75 100.583
25 76 53.177
25 77 79.470
25 78 38.031
25 79 79.398
25 80 49.592
25 81 53.588
25 82 59.798
25 83 39.428
25 84 57.672
25 85 67.437
25 86 52.463
25 87 46.491
25 88 43.308
25 89 42.552
25 90 45.993
25 91 79.124
25 92 79.201
25 93 83.672
25 94 63.780
25 95 67.122
25 96 35.911
25 97 60.071
25 98 86.328
25 99 87.838
25 100 60.103
25 101 72.206
25 102 59.718
25 103 66.593
25 104 29.727
25 105 70.720
25 106 63.824
25 107 64.144
25 108 84.478
25 109 94.679
25 110 52.934
25 111 17.389
25 112 32.059
25 113 54.763
25 114 88.262
25 115 71.523
25 116 75.559
25 117 63.780
25 118 40.759
25 119 85.728
26 27 86.998
26 28 42.008
26 29 25.276
26 30 96.438
26 31 77.020
26 32 55.649
26 33 81.815
26 34 86.158
26 35 101.964
26 36 34.388
26 37 62.083
26 38 84.625
26 39 72.536
26 40 97.231
26 41 79.171
26 42 71.480
26 43 68.567
26 44 62.089
26 45 43.044
26 46 58.070
26 47 51.867
26 48 82.001
26 49 60.104
26 50 79.316
26 51 49.510
26 52 76.402
26 53 65.209
26 54 33.758
26 55 47.772
26 56 108.841
26 57 72.916
26 58 60.747
26 59 74.632
26 60 102.092
26 61 62.615
26 62 63.303
26 63 83.867
26 64 87.174
26 65 20.089
26 66 85.998
26 67 80.857
26 68 88.517
26 69 80.229
26 70 66.211
26 71 58.872
26 72 64.538
26 73 50.716
26 74 65.100
26 75 102.467
26 76 88.397
26 77 89.942
26 78 26.952
26 79 45.772
26 80 65.847
26 81 71.951
26 82 31.409
26 83 69.734
26 84 85.603
26 85 84.863
26 86 72.623
26 87 18.463
26 88 87.152
26 89 55.581
26 90 79.508
26 91 80.253
26 92 58.898
26 93 53.973
26 94 51.161
26 95 86.586
26 96 80.337
26 97 81.027
26 98 82.989
26 99 107.124
26 100 67.146
26 101 76.483
26 102 82.712
26 103 84.362
26 104 41.443
26 105 101.931
26 106 40.732
26 107 83.429
26 108 66.222
26 109 89.141
26 110 64.096
26 111 56.932
26 112 50.274
26 113 67.991
26 114 109.116
26 115 42.840
26 116 70.769
26 117 61.418
26 118 64.715
26 119 75.332
27 28 104.248
27 29 85.880
27 30 84.697
27 31 55.168
27 32 81.450
27 33 77.953
27 34 74.748
27 35 45.805
27 36 82.237
27 37 111.633
27 38 113.371
27 39 96.879
27 40 33.730
27 41 56.171
27 42 106.327
27 43 48.591
27 44 46.532
27 45 61.780
27 46 84.773
27 47 47.206
27 48 39.209
27 49 105.482
27 50 55.793
27 51 54.899
27 52 74.247
27 53 62.041
27 54 108.881
27 55 120.265
27 56 93.443
27 57 55.761
27 58 35.700
27 59 107.655
27 60 108.690
27 61 103.437
27 62 66.586
27 63 86.333
27 64 135.936
27 65 78.956
27 66 44.991
27 67 56.774
27 68 86.632
27 69 58.759
27 70 51.512
27 71 84.923
27 72 79.784
27 73 75.431
27 74 46.807
27 75 132.196
27 76 82.284
27 77 69.337
27 78 64.992
27 79 126.610
27 80 94.046
27 81 84.640
27 82 84.113
27 83 37.886
27 84 24.570
27 85 87.561
27 86 83.528
27 87 79.557
27 88 58.828
27 89 80.094
27 90 29.545
27 91 108.193
27 92 110.421
27 93 130.782
27 94 90.046
27 95 60.018
27 96 43.390
27 97 43.186
27 98 99.553
27 99 109.120
27 100 88.624
27 101 93.551
27 102 91.854
27 103 97.889
27 104 69.230
27 105 84.979
27 106 101.949
27 107 73.361
27 108 108.435
27 109 124.162
27 110 61.852
27 111 48.972
27 112 72.656
27 113 81.162
27 114 111.286
27 115 104.866
27 116 78.232
27 117 82.557
27 118 54.188
27 119 93.639
28 29 60.081
28 30 105.698
28 31 86.484
28 32 70.558
28 33 91.407
28 34 82.163
28 35 114.804
28 36 23.149
28 37 53.895
28 38 61.447
28 39 74.468
28 40 100.730
28 41 84.658
28 42 40.305
28 43 84.557
28 44 77.753
28 45 75.521
28 46 38.233
28 47 59.269
28 48 84.964
28 49 27.844
28 50 108.316
28 51 78.557
28 52 69.875
28 53 66.987
28 54 34.774
28 55 31.127
28 56 87.104
28 57 84.761
28 58 82.122
28 59 67.181
28 60 72.396
28 61 67.150
28 62 62.495
28 63 89.826
28 64 56.059
28 65 60.923
28 66 96.411
28 67 106.712
28 68 67.530
28 69 102.571
28 70 73.980
28 71 89.589
28 72 57.242
28 73 64.544
28 74 91.779
28 75 67.590
28 76 70.423
28 77 106.734
28 78 58.828
28 79 33.751
28 80 53.191
28 81 66.694
28 82 65.304
28 83 93.695
28 84 109.658
28 85 65.301
28 86 61.239
28 87 58.642
28 88 84.528
28 89 43.596
28 90 94.577
28 91 66.340
28 92 50.285
28 93 45.055
28 94 52.233
28 95 90.928
28 96 83.974
28 97 94.051
28 98 79.847
28 99 97.718
28 100 88.230
28 101 66.085
28 102 55.065
28 103 90.810
28 104 61.544
28 105 87.759
28 106 46.038
28 107 97.059
28 108 71.652
28 109 62.383
28 110 93.668
28 111 70.051
28 112 40.859
28 113 87.192
28 114 79.661
28 115 53.428
28 116 86.577
28 117 63.476
28 118 71.800
28 119 90.751
29 30 86.518
29 31 91.083
29 32 39.441
29 33 71.985
29 34 84.315
29 35 105.610
29 36 49.962
29 37 75.221
29 38 103.225
29 39 94.874
29 40 101.987
29 41 87.065
29 42 90.889
29 43 72.936
29 44 57.308
29 45 40.925
29 46 77.787
29 47 62.268
29 48 84.753
29 49 69.971
29 50 66.964
29 51 41.683
29 52 73.468
29 53 67.530
29 54 56.772
29 55 61.777
29 56 115.721
29 57 63.577
29 58 62.057
29 59 79.632
29 60 118.111
29 61 69.288
29 62 60.048
29 63 71.842
29 64 99.996
29 65 17.166
29 66 89.763
29 67 70.599
29 68 95.057
29 69 69.643
29 70 79.611
29 71 55.663
29 72 66.252
29 73 38.037
29 74 65.970
29 75 118.814
29 76 95.733
29 77 86.531
29 78 37.792
29 79 57.661
29 80 73.320
29 81 86.196
29 82 34.146
29 83 60.261
29 84 84.867
29 85 98.093
29 86 72.578
29 87 23.826
29 88 90.589
29 89 73.852
29 90 85.034
29 91 82.821
29 92 73.885
29 93 57.843
29 94 74.101
29 95 100.488
29 96 78.195
29 97 87.892
29 98 104.556
29 99 100.089
29 100 48.540
29 101 84.593
29 102 95.497
29 103 71.451
29 104 32.184
29 105 103.686
29 106 63.719
29 107 68.466
29 108 70.133
29 109 105.785
29 110 45.361
29 111 56.133
29 112 66.196
29 113 49.743
29 114 121.137
29 115 47.403
29 116 81.159
29 117 82.723
29 118 63.801
29 119 78.478
30 31 111.336
30 32 58.125
30 33 15.731
30 34 100.063
30 35 126.737
30 36 94.849
30 37 88.145
30 38 148.357
30 39 142.633
30 40 94.153
30 41 120.472
30 42 128.000
30 43 66.943
30 44 86.596
30 45 102.091
30 46 107.436
30 47 84.433
30 48 91.375
30 49 98.902
30 50 58.231
30 51 61.855
30 52 71.234
30 53 48.723
30 54 124.779
30 55 103.127
30 56 107.778
30 57 38.714
30 58 69.983
30 59 63.860
30 60 115.938
30 61 71.900
30 62 65.989
30 63 30.332
30 64 106.807
30 65 93.085
30 66 116.284
30 67 50.188
30 68 98.630
30 69 38.998
30 70 95.537
30 71 75.586
30 72 52.633
30 73 75.435
30 74 109.959
30 75 119.028
30 76 106.924
30 77 45.295
30 78 92.586
30 79 117.033
30 80 118.765
30 81 133.687
30 82 83.785
30 83 81.777
30 84 101.585
30 85 87.899
30 86 58.463
30 87 99.602
30 88 105.508
30 89 114.879
30 90 106.037
30 91 60.550
30 92 91.935
30 93 111.567
30 94 113.442
30 95 106.727
30 96 70.687
30 97 81.863
30 98 128.893
30 99 56.654
30 100 95.879
30 101 64.320
30 102 102.496
30 103 101.864
30 104 84.963
30 105 67.039
30 106 130.677
30 107 34.265
30 108 69.759
30 109 107.477
30 110 68.821
30 111 90.141
30 112 103.612
30 113 85.516
30 114 106.268
30 115 78.843
30 116 88.095
30 117 116.535
30 118 45.353
30 119 68.602
31 32 102.547
31 33 102.508
31 34 96.970
31 35 62.185
31 36 70.740
31 37 91.662
31 38 87.722
31 39 49.198
31 40 52.793
31 41 56.658
31 42 80.820
31 43 48.430
31 44 73.212
31 45 68.848
31 46 56.723
31 47 38.653
31 48 61.602
31 49 98.644
31 50 87.250
31 51 70.663
31 52 94.888
31 53 69.902
31 54 84.161
31 55 103.183
31 56 98.712
31 57 87.061
31 58 47.525
31 59 101.484
31 60 86.341
31 61 91.897
31 62 85.656
31 63 113.080
31 64 117.951
31 65 78.144
31 66 60.340
31 67 85.469
31 68 91.230
31 69 88.216
31 70 17.876
31 71 84.517
31 72 86.184
31 73 95.332
31 74 57.626
31 75 108.235
31 76 86.043
31 77 84.085
31 78 54.829
31 79 112.305
31 80 92.969
31 81 68.251
31 82 77.238
31 83 75.937
31 84 54.184
31 85 70.689
31 86 94.806
31 87 74.595
31 88 75.292
31 89 56.659
31 90 38.200
31 91 108.682
31 92 88.018
31 93 123.768
31 94 49.679
31 95 19.249
31 96 74.569
31 97 36.249
31 98 48.494
31 99 131.792
31 100 114.348
31 101 84.958
31 102 80.617
31 103 124.709
31 104 84.495
31 105 99.289
31 106 73.007
31 107 107.891
31 108 100.156
31 109 97.771
31 110 93.795
31 111 67.403
31 112 56.065
31 113 110.142
31 114 99.759
31 115 96.524
31 116 55.290
31 117 35.784
31 118 69.947
31 119 86.072
32 33 43.341
32 34 68.395
32 35 109.006
32 36 58.603
32 37 81.167
32 38 113.871
32 39 118.139
32 40 93.919
32 41 92.716
32 42 98.202
32 43 73.775
32 44 52.865
32 45 63.146
32 46 85.259
32 47 66.458
32 48 75.781
32 49 65.134
32 50 61.672
32 51 45.602
32 52 47.752
32 53 52.947
32 54 84.442
32 55 73.515
32 56 98.148
32 57 36.746
32 58 64.655
32 59 70.609
32 60 112.062
32 61 72.420
32 62 37.374
32 63 35.418
32 64 96.544
32 65 52.158
32 66 92.272
32 67 62.723
32 68 79.528
32 69 55.916
32 70 87.747
32 71 69.987
32 72 46.556
32 73 22.575
32 74 81.047
32 75 114.382
32 76 84.199
32 77 77.130
32 78 62.308
32 79 74.965
32 80 75.099
32 81 97.889
32 82 59.278
32 83 56.501
32 84 90.364
32 85 90.549
32 86 47.344
32 87 58.386
32 88 81.845
32 89 84.453
32 90 90.685
32 91 64.593
32 92 82.256
32 93 67.900
32 94 94.119
32 95 107.034
32 96 59.496
32 97 89.570
32 98 120.863
32 99 63.966
32 100 43.422
32 101 74.837
32 102 87.227
32 103 54.122
32 104 35.333
32 105 77.466
32 106 92.014
32 107 34.581
32 108 71.308
32 109 105.622
32 110 39.223
32 111 55.401
32 112 73.568
32 113 36.076
32 114 107.566
32 115 57.869
32 116 92.639
32 117 100.643
32 118 47.607
32 119 82.315
33 34 88.029
33 35 117.685
33 36 80.108
33 37 79.004
33 38 134.659
33 39 130.726
33 40 87.628
33 41 108.565
33 42 114.740
33 43 60.428
33 44 73.780
33 45 88.723
33 46 95.016
33 47 72.555
33 48 81.351
33 49 85.020
33 50 53.538
33 51 50.684
33 52 59.124
33 53 38.473
33 54 110.187
33 55 90.237
33 56 99.292
33 57 27.206
33 58 61.008
33 59 57.120
33 60 107.818
33 61 64.216
33 62 52.258
33 63 20.367
33 64 97.743
33 65 79.071
33 66 105.520
33 67 46.943
33 68 87.681
33 69 35.546
33 70 86.255
33 71 68.189
33 72 40.563
33 73 60.398
33 74 98.455
33 75 110.991
33 76 95.492
33 77 46.865
33 78 79.466
33 79 102.677
33 80 104.052
33 81 119.979
33 82 71.973
33 83 71.085
33 84 93.809
33 85 80.353
33 86 46.760
33 87 85.444
33 88 94.400
33 89 101.382
33 90 96.533
33 91 53.009
33 92 82.224
33 93 97.495
33 94 101.954
33 95 99.757
33 96 60.939
33 97 76.470
33 98 120.077
33 99 52.630
33 100 82.446
33 101 57.830
33 102 91.686
33 103 88.966
33 104 69.930
33 105 62.063
33 106 116.326
33 107 25.486
33 108 62.657
33 109 99.754
33 110 57.888
33 111 76.784
33 112 89.991
33 113 72.391
33 114 99.552
33 115 67.219
33 116 82.081
33 117 105.814
33 118 34.357
33 119 64.966
34 35 76.094
34 36 64.385
34 37 116.822
34 38 82.960
34 39 112.116
34 40 68.468
34 41 56.010
34 42 79.233
34 43 95.514
34 44 41.194
34 45 75.482
34 46 77.529
34 47 65.561
34 48 41.628
34 49 67.202
34 50 100.312
34 51 85.375
34 52 33.740
34 53 74.798
34 54 98.587
34 55 106.112
34 56 54.745
34 57 65.167
34 58 83.146
34 59 110.550
34 60 95.489
34 61 117.616
34 62 39.072
34 63 79.180
34 64 117.521
34 65 87.248
34 66 57.113
34 67 101.954
34 68 41.414
34 69 96.602
34 70 87.896
34 71 119.837
34 72 71.366
34 73 51.295
34 74 77.513
34 75 115.699
34 76 36.099
34 77 114.067
34 78 84.699
34 79 103.071
34 80 43.518
34 81 64.464
34 82 104.245
34 83 61.073
34 84 86.939
34 85 88.847
34 86 60.587
34 87 86.861
34 88 28.624
34 89 67.262
34 90 73.809
34 91 97.876
34 92 115.604
34 93 102.217
34 94 105.463
34 95 102.793
34 96 39.822
34 97 98.480
34 98 125.320
34 99 81.582
34 100 64.274
34 101 100.716
34 102 64.623
34 103 46.793
34 104 53.311
34 105 68.606
34 106 97.331
34 107 75.813
34 108 120.845
34 109 120.378
34 110 77.774
34 111 40.582
34 112 59.714
34 113 58.057
34 114 91.861
34 115 107.963
34 116 121.174
34 117 104.628
34 118 70.698
34 119 127.535
35 36 92.882
35 37 137.688
35 38 99.569
35 39 90.176
35 40 47.908
35 41 34.373
35 42 103.976
35 43 85.180
35 44 57.990
35 45 69.778
35 46 91.014
35 47 64.865
35 48 46.541
35 49 117.020
35 50 96.184
35 51 88.927
35 52 92.775
35 53 95.840
35 54 113.384
35 55 138.424
35 56 98.007
35 57 92.307
35 58 71.334
35 59 139.934
35 60 118.036
35 61 135.360
35 62 87.924
35 63 121.579
35 64 156.370
35 65 96.106
35 66 21.292
35 67 99.655
35 68 93.042
35 69 102.154
35 70 68.071
35 71 118.448
35 72 109.056
35 73 94.211
35 74 46.328
35 75 147.108
35 76 82.035
35 77 113.244
35 78 81.640
35 79 138.838
35 80 88.988
35 81 66.745
35 82 109.798
35 83 59.736
35 84 41.378
35 85 107.544
35 86 109.260
35 87 92.944
35 88 52.726
35 89 77.842
35 90 28.912
35 91 138.711
35 92 134.766
35 93 145.876
35 94 100.603
35 95 73.757
35 96 66.155
35 97 75.189
35 98 108.030
35 99 138.530
35 100 101.059
35 101 124.404
35 102 99.829
35 103 105.822
35 104 83.516
35 105 109.934
35 106 101.002
35 107 109.587
35 108 141.530
35 109 144.199
35 110 90.612
35 111 56.951
35 112 75.726
35 113 97.248
35 114 125.204
35 115 132.213
35 116 107.727
35 117 90.235
35 118 90.030
35 119 130.383
36 37 61.719
36 38 59.500
36 39 68.368
36 40 80.478
36 41 64.041
36 42 42.242
36 43 69.392
36 44 55.307
36 45 56.683
36 46 31.742
36 47 39.121
36 48 63.258
36 49 33.056
36 50 91.267
36 51 62.209
36 52 54.931
36 53 53.911
36 54 40.059
36 55 48.018
36 56 76.738
36 57 67.884
36 58 63.429
36 59 70.068
36 60 72.323
36 61 68.844
36 62 45.586
36 63 79.319
36 64 71.840
36 65 48.714
36 66 74.310
36 67 90.576
36 68 56.524
36 69 86.991
36 70 58.113
36 71 81.026
36 72 49.061
36 73 48.822
36 74 70.705
36 75 78.103
36 76 56.935
36 77 94.336
36 78 43.290
36 79 49.708
36 80 41.929
36 81 52.649
36 82 57.799
36 83 71.671
36 84 87.824
36 85 60.718
36 86 52.497
36 87 46.306
36 88 64.339
36 89 30.634
36 90 72.906
36 91 68.339
36 92 58.484
36 93 57.870
36 94 49.311
36 95 77.043
36 96 63.434
36 97 77.742
36 98 77.090
36 99 91.531
36 100 73.432
36 101 64.557
36 102 49.434
36 103 77.317
36 104 43.251
36 105 77.657
36 106 44.267
36 107 82.518
36 108 73.938
36 109 72.701
36 110 75.862
36 111 47.302
36 112 23.186
36 113 71.192
36 114 78.850
36 115 56.547
36 116 78.359
36 117 56.346
36 118 56.192
36 119 86.034
37 38 106.778
37 39 92.901
37 40 111.625
37 41 116.386
37 42 81.902
37 43 70.792
37 44 103.188
37 45 97.777
37 46 64.120
37 47 73.073
37 48 106.906
37 49 67.116
37 50 99.932
37 51 75.762
37 52 92.503
37 53 59.724
37 54 68.994
37 55 37.636
37 56 111.693
37 57 86.438
37 58 79.812
37 59 30.386
37 60 81.357
37 61 22.875
37 62 83.292
37 63 86.606
37 64 45.213
37 65 75.507
37 66 123.837
37 67 93.839
37 68 97.291
37 69 89.721
37 70 76.657
37 71 67.729
37 72 55.797
37 73 88.971
37 74 112.233
37 75 65.139
37 76 104.346
37 77 80.495
37 78 70.478
37 79 62.914
37 80 101.976
37 81 108.785
37 82 57.615
37 83 109.905
37 84 119.242
37 85 61.274
37 86 70.065
37 87 77.151
37 88 115.846
37 89 80.463
37 90 110.783
37 91 48.050
37 92 6.379
37 93 69.413
37 94 55.914
37 95 88.229
37 96 100.279
37 97 84.399
37 98 73.263
37 99 99.415
37 100 115.417
37 101 37.971
37 102 79.790
37 103 124.412
37 104 89.117
37 105 91.652
37 106 79.386
37 107 96.932
37 108 28.581
37 109 41.108
37 110 101.984
37 111 98.086
37 112 75.583
37 113 111.550
37 114 86.017
37 115 33.496
37 116 59.960
37 117 68.131
37 118 67.913
37 119 51.124
38 39 64.666
38 40 99.078
38 41 66.827
38 42 27.227
38 43 113.277
38 44 90.387
38 45 93.695
38 46 48.992
38 47 75.891
38 48 84.372
38 49 66.288
38 50 142.418
38 51 115.394
38 52 92.144
38 53 102.918
38 54 65.650
38 55 90.966
38 56 80.813
38 57 118.276
38 58 107.479
38 59 120.119
38 60 74.675
38 61 120.799
38 62 90.102
38 63 132.461
38 64 101.974
38 65 98.011
38 66 83.941
38 67 142.413
38 68 69.370
38 69 139.979
38 70 85.073
38 71 134.483
38 72 99.447
38 73 97.820
38 74 96.944
38 75 90.234
38 76 61.681
38 77 144.802
38 78 88.194
38 79 86.273
38 80 48.991
38 81 35.765
38 82 110.797
38 83 110.700
38 84 116.032
38 85 85.783
38 86 97.686
38 87 91.810
38 88 74.343
38 89 38.018
38 90 92.033
38 91 116.230
38 92 102.018
38 93 98.586
38 94 74.281
38 95 95.292
38 96 97.217
38 97 112.039
38 98 88.054
38 99 134.266
38 100 114.698
38 101 109.073
38 102 59.893
38 103 109.436
38 104 89.708
38 105 108.946
38 106 58.872
38 107 134.981
38 108 127.395
38 109 97.717
38 110 126.145
38 111 80.715
38 112 47.462
38 113 114.673
38 114 89.107
38 115 111.784
38 116 119.363
38 117 74.134
38 118 106.028
38 119 137.313
39 40 93.191
39 41 70.667
39 42 64.188
39 43 85.056
39 44 93.878
39 45 77.962
39 46 52.668
39 47 63.083
39 48 90.782
39 49 95.042
39 50 120.171
39 51 95.313
39 52 113.668
39 53 97.078
39 54 59.147
39 55 92.305
39 56 114.896
39 57 116.831
39 58 82.758
39 59 113.893
39 60 92.097
39 61 101.947
39 62 104.433
39 63 137.504
39 64 113.284
39 65 81.074
39 66 83.132
39 67 119.960
39 68 103.435
39 69 122.169
39 70 54.691
39 71 102.041
39 72 104.776
39 73 107.541
39 74 76.412
39 75 105.450
39 76 97.144
39 77 120.065
39 78 62.770
39 79 95.402
39 80 87.773
39 81 58.129
39 82 84.298
39 83 103.236
39 84 90.892
39 85 87.531
39 86 112.572
39 87 74.020
39 88 94.916
39 89 49.018
39 90 72.838
39 91 121.988
39 92 87.052
39 93 111.900
39 94 37.469
39 95 60.740
39 96 104.851
39 97 80.779
39 98 42.273
39 99 153.324
39 100 124.198
39 101 102.544
39 102 87.517
39 103 134.443
39 104 94.329
39 105 125.253
39 106 43.746
39 107 135.799
39 108 110.314
39 109 96.612
39 110 116.754
39 111 85.076
39 112 56.706
39 113 124.062
39 114 111.235
39 115 99.045
39 116 78.282
39 117 30.392
39 118 99.490
39 119 106.752
40 41 50.859
40 42 92.144
40 43 59.262
40 44 58.172
40 45 80.894
40 46 73.203
40 47 46.853
40 48 28.183
40 49 98.137
40 50 83.571
40 51 76.252
40 52 69.295
40 53 61.998
40 54 111.701
40 55 121.134
40 56 68.428
40 57 66.739
40 58 53.956
40 59 107.453
40 60 84.930
40 61 108.813
40 62 66.407
40 63 94.041
40 64 127.125
40 65 95.806
40 66 45.331
40 67 81.385
40 68 67.961
40 69 79.953
40 70 49.117
40 71 104.934
40 72 77.236
40 73 86.007
40 74 66.901
40 75 114.794
40 76 63.051
40 77 83.275
40 78 78.735
40 79 129.362
40 80 88.102
40 81 76.418
40 82 100.247
40 83 62.066
40 84 52.420
40 85 70.019
40 86 78.174
40 87 94.962
40 88 45.775
40 89 70.978
40 90 37.389
40 91 104.708
40 92 110.146
40 93 134.800
40 94 88.804
40 95 51.565
40 96 40.232
40 97 48.715
40 98 92.619
40 99 105.519
40 100 104.922
40 101 88.210
40 102 71.721
40 103 105.174
40 104 81.507
40 105 69.240
40 106 104.256
40 107 87.007
40 108 114.988
40 109 112.459
40 110 86.769
40 111 56.659
40 112 65.137
40 113 96.844
40 114 87.647
40 115 113.271
40 116 86.642
40 117 79.229
40 118 58.639
40 119 104.526
41 42 71.583
41 43 80.815
41 44 44.537
41 45 56.930
41 46 63.224
41 47 47.033
41 48 35.790
41 49 86.816
41 50 98.375
41 51 81.192
41 52 73.314
41 53 82.158
41 54 85.150
41 55 111.288
41 56 77.936
41 57 84.015
41 58 67.474
41 59 121.268
41 60 95.116
41 61 118.378
41 62 68.446
41 63 109.600
41 64 129.615
41 65 78.799
41 66 17.365
41 67 100.922
41 68 68.286
41 69 101.101
41 70 57.699
41 71 110.656
41 72 90.039
41 73 75.110
41 74 44.264
41 75 121.389
41 76 56.295
41 77 112.120
41 78 65.251
41 79 109.711
41 80 56.614
41 81 33.640
41 82 95.045
41 83 58.392
41 84 56.325
41 85 88.377
41 86 89.112
41 87 74.348
41 88 33.682
41 89 46.591
41 90 33.670
41 91 118.501
41 92 112.923
41 93 117.607
41 94 79.616
41 95 69.243
41 96 56.578
41 97 75.359
41 98 92.806
41 99 122.896
41 100 86.377
41 101 107.039
41 102 73.323
41 103 87.845
41 104 63.748
41 105 95.478
41 106 73.777
41 107 102.124
41 108 124.688
41 109 120.680
41 110 85.396
41 111 38.176
41 112 45.579
41 113 83.660
41 114 103.629
41 115 111.881
41 116 100.320
41 117 72.221
41 118 78.611
41 119 121.170
42 43 97.115
42 44 84.921
42 45 89.663
42 46 28.741
42 47 63.207
42 48 78.774
42 49 45.269
42 50 129.023
42 51 101.105
42 52 78.067
42 53 82.459
42 54 55.802
42 55 68.917
42 56 70.474
42 57 102.281
42 58 94.505
42 59 94.306
42 60 54.440
42 61 97.036
42 62 75.295
42 63 113.414
42 64 75.488
42 65 87.433
42 66 87.120
42 67 127.315
42 68 56.845
42 69 123.678
42 70 73.359
42 71 117.708
42 72 76.995
42 73 86.315
42 74 96.358
42 75 65.182
42 76 54.531
42 77 125.833
42 78 77.391
42 79 70.079
42 80 48.329
42 81 46.963
42 82 95.108
42 83 104.480
42 84 112.461
42 85 62.830
42 86 76.853
42 87 82.715
42 88 73.121
42 89 29.481
42 90 89.912
42 91 90.640
42 92 77.595
42 93 81.960
42 94 59.430
42 95 84.734
42 96 86.557
42 97 98.649
42 98 75.479
42 99 114.366
42 100 108.730
42 101 83.741
42 102 40.181
42 103 104.419
42 104 80.850
42 105 89.969
42 106 54.601
42 107 118.810
42 108 103.501
42 109 71.446
42 110 115.639
42 111 75.386
42 112 35.434
42 113 107.036
42 114 68.200
42 115 90.291
42 116 101.990
42 117 62.413
42 118 87.503
42 119 116.040
43 44 67.657
43 45 68.015
43 46 69.315
43 47 39.661
43 48 65.490
43 49 92.266
43 50 49.791
43 51 38.070
43 52 79.327
43 53 37.802
43 54 90.887
43 55 90.352
43 56 101.000
43 57 53.394
43 58 19.818
43 59 69.408
43 60 92.769
43 61 60.175
43 62 68.091
43 63 75.904
43 64 103.923
43 65 65.881
43 66 79.183
43 67 43.457
43 68 91.123
43 69 44.430
43 70 35.400
43 71 50.159
43 72 58.699
43 73 77.210
43 74 67.348
43 75 105.180
43 76 92.423
43 77 36.378
43 78 49.529
43 79 104.561
43 80 100.945
43 81 94.854
43 82 54.457
43 83 63.152
43 84 57.404
43 85 64.269
43 86 71.497
43 87 67.940
43 88 84.278
43 89 75.755
43 90 57.442
43 91 78.601
43 92 70.287
43 93 110.195
43 94 62.092
43 95 45.555
43 96 61.951
43 97 20.072
43 98 71.217
43 99 101.275
43 100 99.259
43 101 57.165
43 102 84.252
43 103 112.605
43 104 72.832
43 105 79.913
43 106 88.727
43 107 71.263
43 108 66.151
43 109 89.071
43 110 67.180
43 111 66.192
43 112 68.025
43 113 92.299
43 114 97.060
43 115 69.908
43 116 33.158
43 117 59.163
43 118 36.082
43 119 47.060
44 45 38.629
44 46 72.241
44 47 43.636
44 48 35.047
44 49 75.382
44 50 66.042
44 51 51.049
44 52 47.450
44 53 61.073
44 54 83.500
44 55 97.032
44 56 81.444
44 57 48.102
44 58 50.428
44 59 100.621
44 60 104.718
44 61 98.915
44 62 38.681
44 63 72.083
44 64 119.567
44 65 55.760
44 66 40.575
44 67 70.102
44 68 65.997
44 69 68.345
44 70 65.008
44 71 86.608
44 72 66.610
44 73 36.562
44 74 40.715
44 75 122.619
44 76 61.032
44 77 88.465
44 78 52.341
44 79 95.427
44 80 55.796
44 81 61.980
44 82 73.447
44 83 23.045
44 84 52.185
44 85 88.360
44 86 65.039
44 87 56.015
44 88 40.461
44 89 61.298
44 90 46.867
44 91 95.996
44 92 101.578
44 93 97.006
44 94 85.807
44 95 82.892
44 96 34.538
44 97 72.358
44 98 107.564
44 99 92.657
44 100 47.886
44 101 92.356
44 102 77.524
44 103 54.695
44 104 28.950
44 105 80.552
44 106 80.113
44 107 61.625
44 108 102.500
44 109 118.046
44 110 44.424
44 111 10.044
44 112 52.334
44 113 42.067
44 114 105.953
44 115 88.852
44 116 92.985
44 117 84.561
44 118 53.432
44 119 101.678
45 46 75.218
45 47 49.792
45 48 65.083
45 49 85.847
45 50 65.635
45 51 45.181
45 52 78.236
45 53 75.060
45 54 65.223
45 55 89.597
45 56 111.368
45 57 69.502
45 58 50.600
45 59 104.303
45 60 119.316
45 61 93.153
45 62 65.615
45 63 91.214
45 64 123.615
45 65 30.156
45 66 57.027
45 67 71.904
45 68 93.666
45 69 74.704
45 70 64.040
45 71 69.469
45 72 82.205
45 73 50.602
45 74 26.461
45 75 131.493
45 76 88.502
45 77 92.131
45 78 30.043
45 79 85.251
45 80 69.038
45 81 65.288
45 82 52.682
45 83 39.171
45 84 52.810
45 85 101.531
45 86 86.892
45 87 27.700
45 88 71.652
45 89 63.515
45 90 53.153
45 91 107.195
45 92 94.949
45 93 90.715
45 94 72.063
45 95 83.530
45 96 68.530
45 97 74.662
45 98 97.254
45 99 118.601
45 100 54.516
45 101 100.200
45 102 96.209
45 103 76.283
45 104 34.631
45 105 108.990
45 106 59.956
45 107 81.105
45 108 97.064
45 109 120.945
45 110 46.560
45 111 36.930
45 112 58.018
45 113 55.570
45 114 125.920
45 115 79.070
45 116 81.696
45 117 73.091
45 118 68.959
45 119 93.738
46 47 39.199
46 48 64.753
46 49 48.536
46 50 105.621
46 51 78.528
46 52 70.115
46 53 59.550
46 54 52.765
46 55 62.477
46 56 70.222
46 57 83.362
46 58 68.952
46 59 76.173
46 60 49.225
46 61 75.779
46 62 63.802
46 63 98.044
46 64 71.587
46 65 72.071
46 66 75.990
46 67 102.866
46 68 56.678
46 69 99.952
46 70 46.499
46 71 93.771
46 72 60.054
46 73 76.768
46 74 80.311
46 75 62.934
46 76 55.774
46 77 99.177
46 78 57.148
46 79 70.860
46 80 57.283
46 81 50.299
46 82 74.558
46 83 87.821
46 84 91.642
46 85 43.790
46 86 64.929
46 87 68.277
46 88 67.122
46 89 21.560
46 90 70.968
46 91 76.827
46 92 59.865
46 93 82.674
46 94 37.823
46 95 58.999
46 96 71.346
46 97 70.939
46 98 54.593
46 99 105.330
46 100 102.102
46 101 62.728
46 102 37.346
46 103 103.459
46 104 70.456
46 105 77.744
46 106 50.267
46 107 101.929
46 108 83.310
46 109 59.984
46 110 98.448
46 111 63.138
46 112 22.256
46 113 98.702
46 114 63.407
46 115 73.779
46 116 74.154
46 117 39.287
46 118 64.951
46 119 90.301
47 48 39.566
47 49 65.659
47 50 70.240
47 51 47.152
47 52 58.249
47 53 40.438
47 54 66.812
47 55 77.732
47 56 75.146
47 57 55.115
47 58 32.357
47 59 76.934
47 60 73.856
47 61 72.622
47 62 47.765
47 63 78.897
47 64 94.435
47 65 54.658
47 66 51.595
47 67 68.674
47 68 61.791
47 69 67.385
47 70 24.881
47 71 71.628
47 72 52.357
47 73 58.764
47 74 49.976
47 75 91.803
47 76 59.311
47 77 71.723
47 78 36.251
47 79 85.387
47 80 63.779
47 81 56.083
47 82 58.562
47 83 52.664
47 84 54.943
47 85 54.294
47 86 59.055
47 87 53.026
47 88 52.320
47 89 38.480
47 90 39.558
47 91 78.786
47 92 70.447
47 93 93.013
47 94 48.356
47 95 44.579
47 96 44.754
47 97 41.811
47 98 65.584
47 99 96.980
47 100 82.010
47 101 63.078
47 102 56.466
47 103 89.552
47 104 50.715
47 105 71.294
47 106 62.008
47 107 75.630
47 108 79.332
47 109 83.393
47 110 66.756
47 111 37.128
47 112 30.179
47 113 76.626
47 114 81.147
47 115 71.375
47 116 58.395
47 117 44.935
47 118 39.506
47 119 75.442
48 49 79.578
48 50 81.288
48 51 68.782
48 52 48.551
48 53 58.215
48 54 96.726
48 55 107.913
48 56 58.312
48 57 56.632
48 58 54.363
48 59 103.043
48 60 84.518
48 61 105.416
48 62 45.916
48 63 82.436
48 64 118.688
48 65 80.960
48 66 32.293
48 67 81.377
48 68 51.031
48 69 78.613
48 70 54.822
48 71 102.129
48 72 67.329
48 73 63.336
48 74 56.429
48 75 111.146
48 76 44.241
48 77 89.756
48 78 68.479
48 79 111.623
48 80 63.082
48 81 59.417
48 82 91.760
48 83 47.267
48 84 54.593
48 85 71.668
48 86 64.647
48 87 79.967
48 88 21.188
48 89 57.342
48 90 38.021
48 91 97.079
48 92 105.221
48 93 115.530
48 94 85.820
48 95 66.121
48 96 23.376
48 97 62.258
48 98 98.491
48 99 93.569
48 100 81.059
48 101 87.407
48 102 61.647
48 103 78.542
48 104 59.019
48 105 64.672
48 106 90.801
48 107 75.521
48 108 110.712
48 109 110.627
48 110 72.598
48 111 32.923
48 112 49.872
48 113 73.635
48 114 85.922
48 115 103.224
48 116 93.070
48 117 79.849
48 118 53.552
48 119 107.058
49 50 112.133
49 51 85.470
49 52 52.078
49 53 64.591
49 54 60.351
49 55 47.620
49 56 68.831
49 57 78.076
49 58 89.109
49 59 68.732
49 60 67.308
49 61 77.965
49 62 49.924
49 63 78.577
49 64 55.630
49 65 75.234
49 66 97.174
49 67 110.065
49 68 48.744
49 69 103.542
49 70 84.657
49 71 103.265
49 72 48.694
49 73 58.884
49 74 100.547
49 75 64.936
49 76 55.365
49 77 110.310
49 78 74.720
49 79 49.383
49 80 46.015
49 81 72.142
49 82 81.856
49 83 93.837
49 84 115.667
49 85 63.117
49 86 45.062
49 87 74.626
49 88 75.893
49 89 52.853
49 90 100.011
49 91 58.252
49 92 65.658
49 93 51.049
49 94 74.530
49 95 100.949
49 96 74.688
49 97 101.631
49 98 98.736
49 99 77.341
49 100 84.373
49 101 66.386
49 102 43.627
49 103 77.674
49 104 61.927
49 105 70.654
49 106 69.736
49 107 88.459
49 108 80.965
49 109 68.053
49 110 94.726
49 111 69.030
49 112 47.296
49 113 81.323
49 114 67.199
49 115 66.282
49 116 101.913
49 117 82.741
49 118 69.184
49 119 102.066
50 51 30.571
50 52 86.192
50 53 62.594
50 54 111.316
50 55 110.399
50 56 125.442
50 57 46.711
50 58 41.335
50 59 91.766
50 60 133.409
50 61 82.558
50 62 74.578
50 63 66.033
50 64 132.695
50 65 65.607
50 66 90.573
50 67 11.773
50 68 112.922
50 69 20.187
50 70 77.534
50 71 49.233
50 72 77.042
50 73 69.693
50 74 69.216
50 75 143.218
50 76 114.030
50 77 44.030
50 78 64.317
50 79 118.044
50 80 114.495
50 81 117.384
50 82 61.230
50 83 48.689
50 84 59.425
50 85 105.060
50 86 85.587
50 87 71.553
50 88 98.379
50 89 105.469
50 90 75.589
50 91 97.097
50 92 100.760
50 93 117.571
50 94 99.858
50 95 90.760
50 96 70.310
50 97 62.573
50 98 116.737
50 99 102.282
50 100 79.142
50 101 89.468
50 102 116.356
50 103 99.635
50 104 68.544
50 105 99.887
50 106 111.476
50 107 50.897
50 108 83.414
50 109 127.732
50 110 36.232
50 111 71.107
50 112 95.792
50 113 72.230
50 114 132.754
50 115 82.114
50 116 71.435
50 117 100.075
50 118 53.432
50 119 67.183
51 52 70.526
51 53 45.757
51 54 81.095
51 55 82.048
51 56 109.177
51 57 40.683
51 58 27.061
51 59 73.238
51 60 111.700
51 61 62.454
51 62 56.579
51 63 60.655
51 64 108.006
51 65 38.741
51 66 78.432
51 67 31.763
51 68 93.571
51 69 32.912
51 70 58.458
51 71 37.001
51 72 57.692
51 73 50.409
51 74 55.970
51 75 119.354
51 76 94.575
51 77 49.284
51 78 36.293
51 79 89.107
51 80 89.906
51 81 93.381
51 82 35.534
51 83 43.033
51 84 57.949
51 85 85.104
51 86 67.795
51 87 44.336
51 88 83.529
51 89 78.597
51 90 64.447
51 91 79.223
51 92 75.526
51 93 90.813
51 94 72.803
51 95 76.183
51 96 60.296
51 97 54.141
51 98 94.458
51 99 94.230
51 100 66.646
51 101 71.092
51 102 93.587
51 103 86.745
51 104 46.333
51 105 88.705
51 106 82.256
51 107 51.599
51 108 64.892
51 109 104.035
51 110 32.874
51 111 52.507
51 112 69.147
51 113 61.127
51 114 113.589
51 115 57.394
51 116 56.498
51 117 75.434
51 118 38.595
51 119 56.251
52 53 49.133
52 54 93.696
52 55 86.952
52 56 52.308
52 57 42.503
52 58 71.768
52 59 80.563
52 60 82.679
52 61 91.490
52 62 14.612
52 63 49.650
52 64 93.180
52 65 79.516
52 66 74.670
52 67 84.799
52 68 36.315
52 69 76.750
52 70 80.874
52 71 101.496
52 72 40.886
52 73 40.960
52 74 85.541
52 75 96.125
52 76 42.616
52 77 91.206
52 78 77.703
52 79 90.251
52 80 55.534
52 81 79.585
52 82 88.828
52 83 62.861
52 84 90.807
52 85 69.258
52 86 28.130
52 87 81.498
52 88 48.361
52 89 68.886
52 90 80.476
52 91 65.992
52 92 92.752
52 93 87.052
52 94 96.076
52 95 96.327
52 96 32.764
52 97 87.060
52 98 116.498
52 99 51.116
52 100 65.700
52 101 72.606
52 102 54.161
52 103 53.476
52 104 50.013
52 105 43.335
52 106 97.023
52 107 52.738
52 108 93.622
52 109 97.962
52 110 69.073
52 111 47.158
52 112 58.324
52 113 56.497
52 114 74.728
52 115 84.972
52 116 104.187
52 117 97.971
52 118 46.753
52 119 103.380
53 54 86.751
53 55 73.826
53 56 75.350
53 57 34.039
53 58 41.675
53 59 47.638
53 60 73.910
53 61 52.958
53 62 40.382
53 63 48.072
53 64 79.153
53 65 68.306
53 66 83.123
53 67 55.907
53 68 63.803
53 69 48.672
53 70 52.493
53 71 65.918
53 72 22.284
53 73 58.661
53 74 81.194
53 75 82.976
53 76 70.065
53 77 48.650
53 78 58.897
53 79 88.685
53 80 82.940
53 81 90.664
53 82 61.679
53 83 65.501
53 84 78.353
53 85 45.425
53 86 34.570
53 87 71.404
53 88 72.154
53 89 68.686
53 90 71.887
53 91 46.650
53 92 60.797
53 93 90.182
53 94 69.687
53 95 65.808
53 96 45.535
53 97 50.291
53 98 85.098
53 99 65.633
53 100 87.064
53 101 34.723
53 102 60.070
53 103 91.688
53 104 61.536
53 105 47.478
53 106 89.792
53 107 51.924
53 108 57.051
53 109 72.438
53 110 66.080
53 111 59.357
53 112 58.230
53 113 78.324
53 114 71.145
53 115 59.453
53 116 59.720
53 117 71.454
53 118 11.152
53 119 57.693
54 55 46.629
54 56 113.294
54 57 101.016
54 58 85.614
54 59 89.696
54 60 97.727
54 61 79.375
54 62 83.468
54 63 111.044
54 64 84.232
54 65 50.999
54 66 97.241
54 67 112.168
54 68 93.757
54 69 111.474
54 70 76.776
54 71 86.560
54 72 83.405
54 73 75.815
54 74 82.768
54 75 95.472
54 76 92.154
54 77 116.923
54 78 50.362
54 79 38.828
54 80 64.694
54 81 64.937
54 82 59.398
54 83 96.067
54 84 106.371
54 85 89.767
54 86 89.745
54 87 45.296
54 88 97.114
54 89 49.608
54 90 93.695
54 91 94.960
54 92 63.832
54 93 55.713
54 94 46.355
54 95 94.127
54 96 100.422
54 97 99.070
54 98 76.787
54 99 126.834
54 100 91.180
54 101 89.823
54 102 82.346
54 103 102.346
54 104 66.084
54 105 116.519
54 106 18.540
54 107 113.362
54 108 84.323
54 109 85.647
54 110 96.192
54 111 75.602
54 112 51.243
54 113 93.675
54 114 109.544
54 115 61.967
54 116 86.647
54 117 58.368
54 118 89.113
54 119 96.930
55 56 110.576
55 57 92.209
55 58 91.531
55 59 54.236
55 60 89.564
55 61 51.257
55 62 78.345
55 63 90.273
55 64 46.162
55 65 65.685
55 66 121.055
55 67 107.721
55 68 91.715
55 69 103.405
55 70 89.303
55 71 81.463
55 72 62.583
55 73 76.131
55 74 109.355
55 75 72.781
55 76 97.423
55 77 104.582
55 78 68.702
55 79 26.077
55 80 81.496
55 81 96.189
55 82 60.194
55 83 108.342
55 84 125.351
55 85 77.529
55 86 70.720
55 87 66.063
55 88 110.849
55 89 72.024
55 90 114.995
55 91 59.424
55 92 35.614
55 93 34.470
55 94 62.102
55 95 105.571
55 96 102.425
55 97 103.996
55 98 89.021
55 99 100.886
55 100 98.764
55 101 63.552
55 102 78.399
55 103 105.942
55 104 76.017
55 105 100.264
55 106 62.927
55 107 100.330
55 108 53.202
55 109 59.456
55 110 99.644
55 111 91.150
55 112 68.286
55 113 97.961
55 114 94.375
55 115 34.884
55 116 85.318
55 117 76.898
55 118 79.526
55 119 79.774
56 57 84.866
56 58 98.546
56 59 103.856
56 60 56.115
56 61 117.952
56 62 61.562
56 63 94.594
56 64 100.523
56 65 116.850
56 66 83.654
56 67 122.036
56 68 22.374
56 69 114.976
56 70 88.806
56 71 137.198
56 72 70.852
56 73 89.127
56 74 110.310
56 75 83.470
56 76 27.125
56 77 119.388
56 78 106.750
56 79 116.730
56 80 69.130
56 81 79.877
56 82 123.917
56 83 99.191
56 84 111.751
56 85 61.649
56 86 60.405
56 87 115.898
56 88 51.415
56 89 71.917
56 90 91.845
56 91 89.250
56 92 110.886
56 93 118.739
56 94 105.756
56 95 95.466
56 96 58.761
56 97 99.774
56 98 114.861
56 99 81.043
56 100 112.609
56 101 87.172
56 102 36.942
56 103 95.655
56 104 92.223
56 105 45.510
56 106 112.466
56 107 99.714
56 108 122.641
56 109 96.891
56 110 115.361
56 111 77.261
56 112 67.199
56 113 104.948
56 114 47.635
56 115 118.438
56 116 122.604
56 117 103.036
56 118 78.050
56 119 130.471
57 58 46.503
57 59 71.218
57 60 101.750
57 61 75.289
57 62 34.028
57 63 30.639
57 64 104.568
57 65 68.228
57 66 79.635
57 67 43.910
57 68 72.448
57 69 34.889
57 70 72.373
57 71 71.235
57 72 40.718
57 73 44.154
57 74 76.007
57 75 112.563
57 76 76.951
57 77 54.329
57 78 66.367
57 79 100.370
57 80 85.471
57 81 98.965
57 82 69.450
57 83 46.455
57 84 72.205
57 85 76.609
57 86 42.863
57 87 73.256
57 88 69.793
57 89 84.902
57 90 73.655
57 91 65.659
57 92 87.819
57 93 97.356
57 94 94.129
57 95 87.485
57 96 36.335
57 97 65.872
57 98 113.161
57 99 59.390
57 100 65.957
57 101 65.722
57 102 80.695
57 103 71.659
57 104 51.272
57 105 57.278
57 106 103.859
57 107 21.868
57 108 76.349
57 109 104.274
57 110 42.577
57 111 52.126
57 112 73.317
57 113 55.077
57 114 95.856
57 115 73.683
57 116 81.520
57 117 95.526
57 118 24.354
57 119 75.570
58 59 79.040
58 60 98.918
58 61 69.930
58 62 59.551
58 63 73.139
58 64 110.895
58 65 54.312
58 66 64.173
58 67 39.447
58 68 86.702
58 69 41.648
58 70 36.358
58 71 51.593
58 72 60.471
58 73 64.318
58 74 49.199
58 75 113.493
58 76 85.917
58 77 47.308
58 78 39.065
58 79 101.058
58 80 89.992
58 81 84.300
58 82 51.027
58 83 44.217
58 84 41.899
58 85 72.841
58 86 70.454
58 87 56.193
58 88 72.652
58 89 69.742
58 90 44.279
58 91 85.052
58 92 78.714
58 93 106.081
58 94 64.743
58 95 51.552
58 96 52.071
58 97 28.865
58 98 79.122
58 99 100.879
58 100 83.163
58 101 68.630
58 102 84.389
58 103 98.085
58 104 57.880
58 105 82.146
58 106 82.185
58 107 64.585
58 108 75.138
58 109 99.708
58 110 51.792
58 111 49.928
58 112 61.405
58 113 76.727
58 114 103.121
58 115 72.144
58 116 47.046
58 117 61.755
58 118 35.717
58 119 60.262
59 60 83.268
59 61 26.432
59 62 73.469
59 63 64.490
59 64 49.094
59 65 84.102
59 66 125.885
59 67 83.994
59 68 91.293
59 69 76.826
59 70 84.276
59 71 71.216
59 72 40.248
59 73 83.501
59 74 117.884
59 75 69.390
59 76 101.213
59 77 68.071
59 78 81.061
59 79 77.409
59 80 106.148
59 81 119.182
59 82 67.506
59 83 105.884
59 84 120.181
59 85 59.065
59 86 54.146
59 87 87.949
59 88 113.098
59 89 91.882
59 90 114.048
59 91 23.440
59 92 35.893
59 93 77.124
59 94 77.779
59 95 95.596
59 96 90.587
59 97 84.904
59 98 93.577
59 99 74.561
59 100 111.356
59 101 23.941
59 102 79.277
59 103 117.019
59 104 88.727
59 105 73.441
59 106 99.999
59 107 78.379
59 108 26.256
59 109 50.978
59 110 95.593
59 111 97.702
59 112 84.006
59 113 105.014
59 114 79.826
59 115 41.505
59 116 69.481
59 117 86.884
59 118 55.989
59 119 50.479
60 61 94.786
60 62 83.725
60 63 110.248
60 64 68.888
60 65 115.873
60 66 105.581
60 67 127.410
60 68 57.012
60 69 121.710
60 70 76.208
60 71 126.321
60 72 71.094
60 73 107.894
60 74 120.941
60 75 37.982
60 76 62.524
60 77 114.182
60 78 101.380
60 79 103.934
60 80 87.539
60 81 86.880
60 82 113.285
60 83 120.214
60 84 123.314
60 85 31.219
60 86 71.872
60 87 113.912
60 88 85.835
60 89 65.267
60 90 101.803
60 91 77.893
60 92 79.659
60 93 111.821
60 94 77.508
60 95 77.863
60 96 87.319
60 97 91.381
60 98 77.583
60 99 102.245
60 100 136.497
60 101 64.509
60 102 32.164
60 103 129.262
60 104 107.607
60 105 65.296
60 106 97.996
60 107 119.369
60 108 101.481
60 109 52.050
60 110 131.452
60 111 97.460
60 112 64.747
60 113 130.293
60 114 23.116
60 115 102.486
60 116 99.448
60 117 76.276
60 118 82.601
60 119 110.260
61 62 80.919
61 63 75.108
61 64 63.303
61 65 70.390
61 66 122.798
61 67 75.809
61 68 103.570
61 69 71.933
61 70 76.309
61 71 50.117
61 72 53.258
61 73 84.366
61 74 107.488
61 75 83.307
61 76 110.611
61 77 62.093
61 78 67.045
61 79 73.617
61 80 109.267
61 81 116.570
61 82 47.971
61 83 101.138
61 84 111.094
61 85 69.149
61 86 69.399
61 87 74.146
61 88 117.265
61 89 89.752
61 90 107.598
61 91 47.866
61 92 26.834
61 93 76.798
61 94 64.888
61 95 88.464
61 96 95.928
61 97 76.974
61 98 82.234
61 99 94.736
61 100 109.367
61 101 38.012
61 102 90.293
61 103 121.754
61 104 85.509
61 105 91.232
61 106 88.707
61 107 83.611
61 108 9.323
61 109 59.782
61 110 89.291
61 111 95.762
61 112 82.849
61 113 104.642
61 114 96.806
61 115 27.958
61 116 51.292
61 117 75.186
61 118 59.088
61 119 31.541
62 63 45.661
62 64 90.155
62 65 65.474
62 66 69.787
62 67 73.570
62 68 43.880
62 69 66.276
62 70 71.176
62 71 87.590
62 72 34.655
62 73 30.556
62 74 74.727
62 75 95.670
62 76 48.317
62 77 81.471
62 78 63.838
62 79 82.013
62 80 54.040
62 81 75.085
62 82 74.526
62 83 53.037
62 84 81.260
62 85 66.693
62 86 27.546
62 87 67.783
62 88 49.537
62 89 62.450
62 90 72.402
62 91 62.458
62 92 83.289
62 93 79.878
62 94 85.422
62 95 88.313
62 96 30.522
62 97 77.449
62 98 107.499
62 99 57.057
62 100 58.271
62 101 66.504
62 102 55.979
62 103 53.541
62 104 38.211
62 105 49.702
62 106 86.784
62 107 46.728
62 108 83.281
62 109 93.678
62 110 57.401
62 111 38.068
62 112 51.097
62 113 49.312
62 114 78.733
62 115 73.324
62 116 92.180
62 117 87.931
62 118 36.862
62 119 91.740
63 64 97.698
63 65 82.096
63 66 107.169
63 67 62.169
63 68 81.775
63 69 51.179
63 70 96.747
63 71 81.858
63 72 41.692
63 73 52.420
63 74 103.033
63 75 112.651
63 76 90.347
63 77 66.956
63 78 85.947
63 79 99.162
63 80 96.847
63 81 118.960
63 82 80.445
63 83 73.009
63 84 102.321
63 85 86.439
63 86 40.936
63 87 88.356
63 88 91.458
63 89 102.459
63 90 103.224
63 91 53.810
63 92 89.663
63 93 91.161
63 94 110.106
63 95 111.855
63 96 60.421
63 97 91.120
63 98 130.976
63 99 38.584
63 100 73.282
63 101 67.045
63 102 90.208
63 103 74.742
63 104 65.801
63 105 60.173
63 106 118.446
63 107 20.909
63 108 72.881
63 109 105.159
63 110 59.318
63 111 75.539
63 112 90.861
63 113 62.972
63 114 99.884
63 115 72.295
63 116 98.129
63 117 114.908
63 118 44.095
63 119 81.879
64 65 104.219
64 66 139.673
64 67 126.659
64 68 88.455
64 69 119.732
64 70 102.843
64 71 109.370
64 72 64.558
64 73 101.530
64 74 138.265
64 75 38.051
64 76 98.658
64 77 113.587
64 78 101.153
64 79 66.482
64 80 100.011
64 81 115.564
64 82 95.160
64 83 132.629
64 84 147.531
64 85 63.863
64 86 70.038
64 87 104.923
64 88 121.284
64 89 88.675
64 90 133.640
64 91 47.343
64 92 46.402
64 93 69.367
64 94 82.743
64 95 113.239
64 96 111.485
64 97 114.781
64 98 97.592
64 99 92.894
64 100 129.215
64 101 53.852
64 102 70.297
64 103 127.512
64 104 105.513
64 105 87.598
64 106 96.656
64 107 113.471
64 108 65.285
64 109 32.696
64 110 127.558
64 111 113.639
64 112 85.177
64 113 125.173
64 114 68.381
64 115 65.608
64 116 100.580
64 117 93.769
64 118 88.730
64 119 92.749
65 66 81.909
65 67 69.503
65 68 97.079
65 69 70.724
65 70 68.737
65 71 51.387
65 72 71.381
65 73 47.691
65 74 54.350
65 75 119.294
65 76 95.939
65 77 84.910
65 78 23.509
65 79 63.009
65 80 74.306
65 81 78.711
65 82 28.038
65 83 57.557
65 84 74.614
65 85 95.942
65 86 79.280
65 87 8.577
65 88 88.181
65 89 67.001
65 90 74.434
65 91 89.956
65 92 73.116
65 93 67.878
65 94 63.209
65 95 89.285
65 96 78.503
65 97 78.744
65 98 92.825
65 99 110.674
65 100 57.964
65 101 85.870
65 102 95.092
65 103 81.272
65 104 36.558
65 105 107.507
65 106 53.807
65 107 77.027
65 108 73.094
65 109 105.176
65 110 49.042
65 111 53.238
65 112 60.687
65 113 59.216
65 114 121.743
65 115 51.955
65 116 71.774
65 117 70.466
65 118 64.693
65 119 75.868
66 67 93.912
66 68 75.463
66 69 94.739
66 70 61.665
66 71 110.039
66 72 93.276
66 73 75.765
66 74 39.480
66 75 132.529
66 76 64.394
66 77 107.815
66 78 69.232
66 79 120.189
66 80 68.092
66 81 50.590
66 82 97.843
66 83 49.154
66 84 44.956
66 85 95.553
66 86 92.265
66 87 78.703
66 88 35.217
66 89 61.344
66 90 27.187
66 91 123.035
66 92 120.941
66 93 126.509
66 94 89.884
66 95 72.315
66 96 52.260
66 97 73.099
66 98 102.310
66 99 122.793
66 100 84.355
66 101 111.665
66 102 83.660
66 103 87.229
66 104 65.252
66 105 96.681
66 106 86.540
66 107 96.893
66 108 128.622
66 109 130.613
66 110 79.202
66 111 37.937
66 112 58.165
66 113 80.649
66 114 111.892
66 115 117.189
66 116 102.305
66 117 81.967
66 118 77.641
66 119 122.096
67 68 110.450
67 69 11.639
67 70 74.545
67 71 47.280
67 72 71.448
67 73 72.625
67 74 75.283
67 75 136.528
67 76 112.664
67 77 32.469
67 78 66.191
67 79 117.832
67 80 116.261
67 81 119.281
67 82 61.373
67 83 55.077
67 84 63.721
67 85 98.097
67 86 81.110
67 87 75.423
67 88 99.356
67 89 105.003
67 90 77.526
67 91 89.994
67 92 95.102
67 93 117.502
67 94 97.353
67 95 86.566
67 96 69.324
67 97 57.338
67 98 112.570
67 99 97.400
67 100 85.849
67 101 81.057
67 102 112.390
67 103 104.140
67 104 72.628
67 105 93.658
67 106 112.916
67 107 49.456
67 108 76.738
67 109 120.579
67 110 44.115
67 111 74.357
67 112 95.146
67 113 78.141
67 114 126.158
67 115 78.886
67 116 65.481
67 117 97.576
67 118 47.632
67 119 59.105
68 69 103.532
68 70 79.724
68 71 121.570
68 72 56.569
68 73 69.216
68 74 96.579
68 75 78.451
68 76 14.866
68 77 110.728
68 78 89.290
68 79 95.840
68 80 49.613
68 81 66.715
68 82 105.845
68 83 85.593
68 84 102.756
68 85 57.317
68 86 45.857
68 87 96.181
68 88 43.481
68 89 56.689
68 90 83.690
68 91 77.161
68 92 96.213
68 93 97.537
68 94 91.994
68 95 90.895
68 96 49.608
68 97 93.129
68 98 106.705
68 99 73.235
68 100 93.454
68 101 77.557
68 102 27.641
68 103 78.218
68 104 72.200
68 105 45.540
68 106 94.392
68 107 87.002
68 108 107.931
68 109 88.488
68 110 99.089
68 111 61.025
68 112 50.453
68 113 86.635
68 114 51.581
68 115 100.203
68 116 111.741
68 117 91.638
68 118 66.080
68 119 118.241
69 70 75.579
69 71 51.106
69 72 62.753
69 73 67.641
69 74 79.578
69 75 130.035
69 76 106.962
69 77 30.580
69 78 68.165
69 79 114.184
69 80 112.317
69 81 118.445
69 82 62.835
69 83 55.883
69 84 69.266
69 85 92.378
69 86 71.796
69 87 76.936
69 88 95.963
69 89 103.077
69 90 80.167
69 91 80.837
69 92 91.471
69 93 112.708
69 94 97.817
69 95 88.090
69 96 63.890
69 97 59.453
69 98 113.765
69 99 86.052
69 100 83.236
69 101 74.172
69 102 106.259
69 103 98.873
69 104 70.028
69 105 84.295
69 106 113.448
69 107 39.667
69 108 72.358
69 109 115.157
69 110 43.983
69 111 72.612
69 112 92.605
69 113 74.544
69 114 118.741
69 115 75.332
69 116 68.188
69 117 98.765
69 118 40.351
69 119 58.615
70 71 73.726
70 72 68.616
70 73 82.510
70 74 58.284
70 75 95.621
70 76 76.869
70 77 71.371
70 78 46.052
70 79 100.248
70 80 84.872
70 81 67.600
70 82 65.863
70 83 68.973
70 84 55.984
70 85 56.518
70 86 78.072
70 87 66.403
70 88 69.608
70 89 50.153
70 90 41.076
70 91 90.941
70 92 73.553
70 93 110.365
70 94 42.979
70 95 21.260
70 96 63.302
70 97 28.396
70 98 48.458
70 99 115.163
70 100 104.497
70 101 67.850
70 102 68.748
70 103 114.069
70 104 73.620
70 105 84.463
70 106 69.087
70 107 93.279
70 108 84.387
70 109 84.318
70 110 83.511
70 111 59.214
70 112 46.628
70 113 99.407
70 114 87.421
70 115 81.507
70 116 46.196
70 117 33.036
70 118 53.409
70 119 72.860
71 72 76.312
71 73 80.004
71 74 82.118
71 75 125.787
71 76 124.045
71 77 51.539
71 78 50.955
71 79 92.664
71 80 116.650
71 81 117.554
71 82 27.961
71 83 78.552
71 84 83.921
71 85 98.424
71 86 90.707
71 87 56.870
71 88 117.183
71 89 98.599
71 90 91.612
71 91 86.433
71 92 68.018
71 93 95.905
71 94 74.257
71 95 87.785
71 96 94.721
71 97 67.481
71 98 93.245
71 99 115.431
71 100 94.649
71 101 75.678
71 102 114.992
71 103 117.781
71 104 76.100
71 105 112.805
71 106 90.224
71 107 77.801
71 108 51.311
71 109 103.936
71 110 62.876
71 111 86.426
71 112 91.291
71 113 91.457
71 114 130.335
71 115 49.940
71 116 45.496
71 117 80.202
71 118 63.628
71 119 35.587
72 73 53.472
72 74 92.981
72 75 73.646
72 76 66.024
72 77 66.040
72 78 67.211
72 79 76.749
72 80 75.886
72 81 92.467
72 82 67.259
72 83 75.602
72 84 95.565
72 85 47.399
72 86 16.967
72 87 74.669
72 88 75.750
72 89 69.792
72 90 87.130
72 91 30.409
72 92 57.544
72 93 75.424
72 94 76.011
72 95 83.160
72 96 52.669
72 97 71.656
72 98 95.114
72 99 51.320
72 100 83.602
72 101 33.679
72 102 54.050
72 103 83.683
72 104 60.427
72 105 43.031
72 106 90.123
72 107 52.847
72 108 55.506
72 109 66.475
72 110 72.427
72 111 64.350
72 112 59.277
72 113 75.348
72 114 64.898
72 115 54.499
72 116 75.616
72 117 81.109
72 118 28.340
72 119 68.315
73 74 67.928
73 75 114.866
73 76 70.565
73 77 89.291
73 78 56.510
73 79 72.593
73 80 55.866
73 81 79.290
73 82 63.965
73 83 47.033
73 84 82.349
73 85 90.394
73 86 51.013
73 87 51.317
73 88 65.463
73 89 70.865
73 90 79.201
73 91 76.548
73 92 88.565
73 93 68.317
73 94 89.677
73 95 102.614
73 96 51.860
73 97 89.529
73 98 117.185
73 99 74.068
73 100 30.579
73 101 83.473
73 102 79.627
73 103 39.148
73 104 16.923
73 105 79.297
73 106 80.730
73 107 48.476
73 108 85.232
73 109 109.180
73 110 40.788
73 111 38.160
73 112 60.662
73 113 24.398
73 114 105.669
73 115 68.034
73 116 97.416
73 117 94.772
73 118 53.001
73 119 94.803
74 75 139.715
74 76 88.926
74 77 94.735
74 78 44.408
74 79 107.513
74 80 78.411
74 81 63.835
74 82 70.895
74 83 37.330
74 84 31.907
74 85 104.131
74 86 97.100
74 87 51.422
74 88 65.312
74 89 67.343
74 90 33.082
74 91 120.628
74 92 109.217
74 93 114.267
74 94 78.514
74 95 73.712
74 96 66.313
74 97 67.002
74 98 96.465
74 99 128.916
74 100 71.995
74 101 108.995
74 102 99.876
74 103 89.198
74 104 53.284
74 105 111.579
74 106 72.817
74 107 90.611
74 108 112.576
74 109 130.516
74 110 58.485
74 111 39.673
74 112 63.234
74 113 70.990
74 114 128.658
74 115 98.796
74 116 84.571
74 117 73.873
74 118 74.461
74 119 103.133
75 76 87.359
75 77 120.685
75 78 109.410
75 79 90.798
75 80 100.660
75 81 107.844
75 82 112.229
75 83 137.486
75 84 145.548
75 85 47.287
75 86 76.975
75 87 118.299
75 88 112.829
75 89 82.115
75 90 127.027
75 91 65.960
75 92 64.482
75 93 97.572
75 94 82.129
75 95 100.392
75 96 108.890
75 97 109.674
75 98 86.612
75 99 103.274
75 100 144.133
75 101 59.701
75 102 54.376
75 103 138.777
75 104 116.682
75 105 80.758
75 106 101.902
75 107 126.324
75 108 88.363
75 109 27.666
75 110 140.725
75 111 115.536
75 112 81.084
75 113 138.949
75 114 42.131
75 115 91.089
75 116 104.072
75 117 87.623
75 118 93.396
75 119 106.239
76 77 115.407
76 78 87.043
76 79 99.268
76 80 43.406
76 81 55.340
76 82 107.351
76 83 81.667
76 84 96.431
76 85 64.183
76 86 56.840
76 87 94.051
76 88 32.482
76 89 50.887
76 90 75.699
76 91 89.070
76 92 102.538
76 93 102.526
76 94 90.900
76 95 87.913
76 96 49.080
76 97 92.370
76 98 105.209
76 99 85.625
76 100 92.094
76 101 86.790
76 102 33.560
76 103 77.589
76 104 70.626
76 105 57.061
76 106 90.188
76 107 92.644
76 108 115.566
76 109 96.692
76 110 98.992
76 111 55.335
76 112 46.108
76 113 86.161
76 114 61.426
76 115 106.020
76 116 113.413
76 117 88.935
76 118 71.037
76 119 123.538
77 78 76.607
77 79 121.105
77 80 125.976
77 81 127.497
77 82 68.430
77 83 79.150
77 84 80.904
77 85 83.132
77 86 78.940
77 87 89.989
77 88 108.803
77 89 107.599
77 90 88.220
77 91 77.697
77 92 82.760
77 93 122.150
77 94 92.640
77 95 78.320
77 96 77.851
77 97 50.229
77 98 101.464
77 99 95.251
77 100 109.663
77 101 62.592
77 102 106.862
77 103 123.495
77 104 90.539
77 105 85.629
77 106 118.684
77 107 63.185
77 108 63.831
77 109 102.872
77 110 72.067
77 111 90.120
77 112 98.339
77 113 101.215
77 114 112.469
77 115 76.484
77 116 52.234
77 117 92.716
77 118 46.087
77 119 41.011
78 79 71.558
78 80 73.012
78 81 67.713
78 82 30.929
78 83 54.957
78 84 60.982
78 85 81.175
78 86 76.678
78 87 20.956
78 88 78.393
78 89 53.358
78 90 56.811
78 91 88.407
78 92 67.255
78 93 80.066
78 94 45.706
78 95 66.268
78 96 70.258
78 97 58.944
78 98 72.373
78 99 112.412
78 100 72.385
78 101 76.858
78 102 83.844
78 103 91.223
78 104 44.066
78 105 99.450
78 106 47.465
78 107 80.884
78 108 72.375
78 109 95.141
78 110 56.798
78 111 47.644
78 112 47.748
78 113 71.159
78 114 109.760
78 115 56.770
78 116 55.470
78 117 49.507
78 118 56.369
78 119 69.079
79 80 72.471
79 81 90.985
79 82 67.425
79 83 108.442
79 84 128.959
79 85 95.368
79 86 81.089
79 87 62.180
79 88 110.907
79 89 73.159
79 90 118.607
79 91 78.717
79 92 60.340
79 93 19.001
79 94 72.956
79 95 118.485
79 96 107.735
79 97 117.586
79 98 102.996
79 99 110.235
79 100 89.104
79 101 85.889
79 102 87.191
79 103 96.268
79 104 71.048
79 105 112.939
79 106 56.966
79 107 106.889
79 108 74.863
79 109 82.313
79 110 99.916
79 111 89.544
79 112 70.632
79 113 91.225
79 114 109.169
79 115 50.783
79 116 102.356
79 117 87.204
79 118 92.066
79 119 99.345
80 81 40.269
80 82 93.397
80 83 78.289
80 84 99.255
80 85 86.622
80 86 69.627
80 87 70.861
80 88 50.586
80 89 43.020
80 90 81.584
80 91 97.333
80 92 99.024
80 93 76.534
80 94 84.248
80 95 101.848
80 96 67.896
80 97 105.243
80 98 108.182
80 99 101.041
80 100 69.922
80 101 99.300
80 102 57.753
80 103 60.551
80 104 51.296
80 105 88.434
80 106 64.304
80 107 97.589
80 108 113.385
80 109 105.104
80 110 90.002
80 111 48.574
80 112 40.537
80 113 69.635
80 114 91.479
80 115 94.543
80 116 116.311
80 117 87.015
80 118 82.415
80 119 125.564
81 82 95.839
81 83 80.558
81 84 84.168
81 85 87.314
81 86 91.343
81 87 72.400
81 88 50.991
81 89 29.337
81 90 61.469
81 91 116.354
81 92 104.345
81 93 101.544
81 94 70.264
81 95 80.512
81 96 75.700
81 97 92.512
81 98 86.952
81 99 128.250
81 100 92.226
81 101 107.325
81 102 65.501
81 103 91.549
81 104 67.768
81 105 103.269
81 106 53.553
81 107 116.165
81 108 123.065
81 109 109.603
81 110 100.433
81 111 52.728
81 112 35.346
81 113 92.087
81 114 98.808
81 115 106.631
81 116 106.658
81 117 66.795
81 118 90.237
81 119 126.645
82 83 71.947
82 84 82.312
82 85 89.340
82 86 80.045
82 87 32.502
82 88 102.982
82 89 77.166
82 90 83.702
82 91 79.780
82 92 56.085
82 93 72.838
82 94 57.056
82 95 83.877
82 96 86.826
82 97 70.569
82 98 83.395
82 99 110.431
82 100 79.845
82 101 71.689
82 102 98.771
82 103 101.773
82 104 57.577
82 105 106.756
82 106 64.448
82 107 78.345
82 108 50.764
82 109 92.878
82 110 59.451
82 111 71.039
82 112 70.664
82 113 78.545
82 114 119.104
82 115 35.683
82 116 51.379
82 117 65.997
82 118 60.434
82 119 50.129
83 84 40.136
83 85 99.699
83 86 76.910
83 87 59.609
83 88 58.571
83 89 78.879
83 90 47.572
83 91 104.128
83 92 108.816
83 93 109.379
83 94 93.986
83 95 85.489
83 96 43.799
83 97 68.439
83 98 114.082
83 99 100.295
83 100 52.119
83 101 98.715
83 102 95.744
83 103 66.947
83 104 40.475
83 105 90.961
83 106 92.368
83 107 57.430
83 108 104.100
83 109 129.464
83 110 31.558
83 111 30.952
83 112 69.988
83 113 45.886
83 114 121.110
83 115 92.981
83 116 89.868
83 117 91.991
83 118 55.627
83 119 97.326
84 85 103.187
84 86 100.652
84 87 74.013
84 88 70.609
84 89 83.685
84 90 26.877
84 91 123.520
84 92 117.187
84 93 134.748
84 94 89.797
84 95 65.078
84 96 62.857
84 97 51.815
84 98 100.064
84 99 128.659
84 100 89.894
84 101 108.132
84 102 106.284
84 103 104.749
84 104 72.034
84 105 107.003
84 106 97.060
84 107 87.911
84 108 116.308
84 109 135.531
84 110 63.733
84 111 54.010
84 112 78.217
84 113 85.250
84 114 129.138
84 115 109.613
84 116 80.265
84 117 81.892
84 118 70.656
84 119 99.556
85 86 53.607
85 87 95.585
85 88 79.740
85 89 61.791
85 90 86.278
85 91 57.251
85 92 60.604
85 93 101.876
85 94 64.200
85 95 60.732
85 96 69.787
85 97 65.942
85 98 67.935
85 99 86.321
85 100 120.156
85 101 37.054
85 102 36.827
85 103 118.093
85 104 90.690
85 105 50.908
85 106 91.073
85 107 94.622
85 108 75.946
85 109 45.098
85 110 107.586
85 111 82.480
85 112 56.923
85 113 112.904
85 114 35.210
85 115 80.342
85 116 73.005
85 117 63.713
85 118 55.029
85 119 81.023
86 87 82.209
86 88 69.376
86 89 71.917
86 90 90.854
86 91 38.125
86 92 71.548
86 93 77.822
86 94 87.217
86 95 92.547
86 96 48.499
86 97 82.488
86 98 106.606
86 99 40.862
86 100 80.373
86 101 47.799
86 102 50.315
86 103 74.219
86 104 60.510
86 105 35.126
86 106 96.290
86 107 52.874
86 108 71.029
86 109 75.596
86 110 75.982
86 111 63.284
86 112 61.345
86 113 71.610
86 114 62.333
86 115 67.461
86 116 91.226
86 117 91.588
86 118 37.763
86 119 84.988
87 88 86.237
87 89 61.766
87 90 71.803
87 91 93.784
87 92 74.118
87 93 69.048
87 94 58.931
87 95 86.863
87 96 79.891
87 97 79.116
87 98 88.775
87 99 115.381
87 100 61.304
87 101 88.392
87 102 93.338
87 103 83.360
87 104 38.360
87 105 109.660
87 106 46.276
87 107 83.459
87 108 77.613
87 109 104.855
87 110 55.117
87 111 52.289
87 112 56.606
87 113 63.166
87 114 121.167
87 115 56.138
87 116 72.731
87 117 65.852
87 118 68.296
87 119 80.189
88 89 55.853
88 90 52.044
88 91 104.359
88 92 113.793
88 93 114.467
88 94 93.769
88 95 81.267
88 96 35.769
88 97 81.795
88 98 108.170
88 99 97.168
88 100 80.595
88 101 98.541
88 102 59.392
88 103 71.679
88 104 61.543
88 105 70.507
88 106 91.256
88 107 86.279
88 108 122.343
88 109 116.444
88 110 83.238
88 111 36.957
88 112 50.227
88 113 74.619
88 114 87.032
88 115 111.795
88 116 109.639
88 117 88.870
88 118 68.604
88 119 123.156
89 90 61.780
89 91 90.942
89 92 76.056
89 93 84.764
89 94 46.512
89 95 64.836
89 96 68.120
89 97 76.192
89 98 65.919
89 99 111.809
89 100 91.794
89 101 79.902
89 102 46.243
89 103 93.191
89 104 61.538
89 105 86.163
89 106 42.548
89 107 103.112
89 108 96.698
89 109 80.925
89 110 93.182
89 111 51.350
89 112 11.738
89 113 89.822
89 114 78.092
89 115 82.710
89 116 84.301
89 117 45.902
89 118 70.943
89 119 102.226
90 91 115.641
90 92 107.970
90 93 126.290
90 94 75.671
90 95 50.464
90 96 54.175
90 97 48.799
90 98 84.672
90 99 123.421
90 100 91.869
90 101 99.117
90 102 85.217
90 103 100.897
90 104 68.132
90 105 95.311
90 106 82.844
90 107 92.851
90 108 114.039
90 109 120.355
90 110 74.358
90 111 44.168
90 112 57.924
90 113 87.280
90 114 109.753
90 115 106.207
90 116 79.067
90 117 66.021
90 118 66.768
90 119 101.956
91 92 52.320
91 93 75.110
91 94 88.739
91 95 103.130
91 96 82.295
91 97 92.891
91 98 105.898
91 99 53.967
91 100 105.203
91 101 30.752
91 102 69.624
91 103 104.773
91 104 85.068
91 105 57.842
91 106 105.535
91 107 71.220
91 108 47.122
91 109 56.781
91 110 95.435
91 111 93.543
91 112 82.174
91 113 97.933
91 114 69.072
91 115 53.999
91 116 86.489
91 117 96.850
91 118 54.550
91 119 70.207
92 93 68.464
92 94 50.251
92 95 85.299
92 96 99.904
92 97 83.124
92 98 68.370
92 99 102.753
92 100 114.749
92 101 40.912
92 102 77.993
92 103 123.999
92 104 87.627
92 105 93.246
92 106 73.823
92 107 99.194
92 108 33.273
92 109 40.672
92 110 102.055
92 111 96.018
92 112 71.814
92 113 111.274
92 114 85.895
92 115 34.495
92 116 58.561
92 117 62.970
92 118 68.825
92 119 53.338
93 94 87.923
93 95 129.309
93 96 108.237
93 97 124.887
93 98 118.119
93 99 101.003
93 100 83.312
93 101 88.625
93 102 92.866
93 103 88.836
93 104 70.760
93 105 111.425
93 106 73.143
93 107 100.221
93 108 75.978
93 109 90.255
93 110 97.230
93 111 92.650
93 112 80.299
93 113 85.252
93 114 113.300
93 115 52.449
93 116 111.208
93 117 101.695
93 118 92.802
93 119 103.077
94 95 54.472
94 96 91.869
94 97 65.170
94 98 32.463
94 99 126.881
94 100 111.694
94 101 69.070
94 102 73.504
94 103 123.053
94 104 80.130
94 105 103.849
94 106 41.982
94 107 111.698
94 108 73.391
94 109 66.704
94 110 99.504
94 111 77.854
94 112 47.935
94 113 109.883
94 114 93.098
94 115 64.849
94 116 51.069
94 117 16.200
94 118 74.198
94 119 73.241
95 96 76.311
95 97 30.608
95 98 45.924
95 99 127.841
95 100 124.707
95 101 76.570
95 102 77.858
95 103 132.999
95 104 94.308
95 105 92.165
95 106 85.282
95 107 108.676
95 108 96.952
95 109 89.802
95 110 101.694
95 111 77.555
95 112 63.335
95 113 119.100
95 114 90.519
95 115 98.289
95 116 51.799
95 117 41.122
95 118 67.764
95 119 81.615
96 97 64.539
96 98 107.356
96 99 72.502
96 100 72.407
96 101 77.405
96 102 63.253
96 103 68.947
96 104 53.460
96 105 50.450
96 106 98.539
96 107 54.013
96 108 99.684
96 109 107.209
96 110 61.356
96 111 36.231
96 112 57.935
96 113 62.599
96 114 83.528
96 115 94.009
96 116 92.073
96 117 88.966
96 118 39.173
96 119 98.289
97 98 66.801
97 99 113.097
97 100 110.639
97 101 68.737
97 102 85.659
97 103 122.071
97 104 83.460
97 105 84.446
97 106 93.535
97 107 85.396
97 108 83.836
97 109 95.899
97 110 79.969
97 111 70.233
97 112 70.248
97 113 103.713
97 114 97.825
97 115 87.509
97 116 40.973
97 117 57.246
97 118 48.991
97 119 63.494
98 99 145.112
98 100 140.205
98 101 79.974
98 102 84.895
98 103 149.984
98 104 108.004
98 105 114.345
98 106 69.658
98 107 132.536
98 108 91.479
98 109 72.042
98 110 123.463
98 111 99.833
98 112 69.221
98 113 137.200
98 114 96.383
98 115 90.887
98 116 55.499
98 117 24.847
98 118 90.700
98 119 84.218
99 100 96.254
99 101 74.450
99 102 84.286
99 103 84.487
99 104 88.734
99 105 47.200
99 106 135.157
99 107 55.366
99 108 92.950
99 109 104.410
99 110 93.709
99 111 94.342
99 112 101.232
99 113 86.283
99 114 85.421
99 115 94.183
99 116 122.800
99 117 131.473
99 118 66.283
99 119 108.082
100 101 113.156
100 102 106.943
100 103 32.354
100 104 32.645
100 105 106.501
100 106 94.686
100 107 64.125
100 108 109.365
100 109 138.420
100 110 43.096
100 111 52.499
100 112 83.343
100 113 12.114
100 114 134.787
100 115 89.865
100 116 119.120
100 117 116.352
100 118 79.742
100 119 116.843
101 102 63.406
101 103 116.543
101 104 86.897
101 105 58.475
101 106 96.330
101 107 78.449
101 108 42.673
101 109 43.890
101 110 95.494
101 111 88.690
101 112 72.260
101 113 105.768
101 114 62.099
101 115 54.933
101 116 61.596
101 117 74.415
101 118 45.389
101 119 53.336
102 103 97.696
102 104 79.955
102 105 51.950
102 106 83.149
102 107 97.591
102 108 96.051
102 109 64.457
102 110 107.471
102 111 70.396
102 112 42.559
102 113 101.008
102 114 34.775
102 115 90.529
102 116 97.848
102 117 73.719
102 118 66.145
102 119 106.857
103 104 47.246
103 105 95.856
103 106 106.233
103 107 70.151
103 108 121.986
103 109 139.179
103 110 66.559
103 111 58.194
103 112 84.898
103 113 30.477
103 114 124.273
103 115 104.188
103 116 135.461
103 117 126.960
103 118 85.801
103 119 133.345
104 105 87.102
104 106 68.215
104 107 59.675
104 108 87.703
104 109 109.882
104 110 40.077
104 111 28.480
104 112 52.405
104 113 30.381
104 114 108.877
104 115 68.749
104 116 91.352
104 117 84.352
104 118 55.813
104 119 94.024
105 106 119.606
105 107 69.247
105 108 94.001
105 109 85.030
105 110 97.621
105 111 79.372
105 112 77.049
105 113 96.269
105 114 49.670
105 115 97.231
105 116 103.101
105 117 103.640
105 118 51.040
105 119 100.857
106 107 118.355
106 108 94.762
106 109 92.967
106 110 97.675
106 111 71.572
106 112 46.843
106 113 97.103
106 114 112.049
106 115 74.470
106 116 85.318
106 117 49.800
106 118 91.347
106 119 101.814
107 108 82.250
107 109 117.857
107 110 43.403
107 111 67.298
107 112 91.434
107 113 53.092
107 114 111.108
107 115 79.563
107 116 96.920
107 117 114.768
107 118 43.841
107 119 84.365
108 109 65.466
108 110 89.674
108 111 99.975
108 112 89.367
108 113 104.669
108 114 101.972
108 115 27.418
108 116 58.642
108 117 84.038
108 118 62.526
108 119 34.188
109 110 129.226
109 111 111.384
109 112 78.821
109 113 133.465
109 114 58.496
109 115 71.626
109 116 82.045
109 117 74.333
109 118 83.163
109 119 82.270
110 111 50.961
110 112 83.260
110 113 37.234
110 114 130.359
110 115 78.027
110 116 89.189
110 117 101.986
110 118 56.359
110 119 86.022
111 112 42.691
111 113 47.792
111 114 100.231
111 115 85.644
111 116 89.576
111 117 76.607
111 118 53.187
111 119 100.188
112 113 80.398
112 114 74.685
112 115 75.758
112 116 79.670
112 117 48.241
112 118 59.985
112 119 95.058
113 114 127.332
113 115 87.451
113 116 114.357
113 117 113.893
113 118 70.547
113 119 111.314
114 115 104.913
114 116 108.148
114 117 93.046
114 118 79.713
114 119 112.975
115 116 65.452
115 117 77.730
115 118 62.866
115 119 51.084
116 117 51.075
116 118 62.211
116 119 35.130
117 118 75.244
117 119 78.801
118 119 60.527
