120 10 ds 10 12 9 12 8 14 12 16 9 14 11 13 8 12 11 15 12 15 12 16 
0 1 125.641
0 2 111.201
0 3 132.802
0 4 135.596
0 5 114.174
0 6 129.318
0 7 135.368
0 8 136.444
0 9 82.068
0 10 69.226
0 11 128.366
0 12 97.025
0 13 173.481
0 14 101.477
0 15 126.711
0 16 142.583
0 17 117.093
0 18 151.642
0 19 122.395
0 20 100.081
0 21 107.457
0 22 82.441
0 23 118.006
0 24 136.542
0 25 143.588
0 26 110.578
0 27 135.748
0 28 127.830
0 29 146.488
0 30 73.625
0 31 151.273
0 32 142.472
0 33 83.412
0 34 77.218
0 35 139.598
0 36 96.173
0 37 88.299
0 38 148.235
0 39 93.977
0 40 83.641
0 41 74.399
0 42 99.158
0 43 136.169
0 44 108.405
0 45 131.587
0 46 67.735
0 47 97.007
0 48 127.763
0 49 136.854
0 50 108.421
0 51 125.128
0 52 118.813
0 53 162.082
0 54 137.651
0 55 127.063
0 56 89.906
0 57 141.600
0 58 134.416
0 59 106.130
0 60 53.358
0 61 122.643
0 62 111.418
0 63 110.762
0 64 154.572
0 65 135.559
0 66 107.299
0 67 110.969
0 68 82.445
0 69 103.802
0 70 120.111
0 71 142.142
0 72 143.942
0 73 92.088
0 74 110.222
0 75 125.864
0 76 113.608
0 77 105.463
0 78 69.154
0 79 159.799
0 80 118.583
0 81 136.986
0 82 84.532
0 83 134.706
0 84 87.189
0 85 167.326
0 86 88.450
0 87 124.378
0 88 120.624
0 89 161.899
0 90 136.963
0 91 147.443
0 92 62.368
0 93 119.592
0 94 108.585
0 95 118.933
0 96 120.248
0 97 113.682
0 98 132.572
0 99 124.444
0 100 109.141
0 101 100.886
0 102 129.960
0 103 112.820
0 104 74.738
0 105 139.270
0 106 134.225
0 107 91.831
0 108 103.518
0 109 124.728
0 110 113.044
0 111 119.170
0 112 113.441
0 113 133.451
0 114 129.539
0 115 97.592
0 116 85.732
0 117 154.229
0 118 133.754
0 119 51.121
1 2 148.654
1 3 93.622
1 4 112.928
1 5 123.494
1 6 81.450
1 7 136.836
1 8 134.817
1 9 108.772
1 10 92.113
1 11 80.781
1 12 138.272
1 13 116.746
1 14 77.723
1 15 126.651
1 16 96.556
1 17 97.559
1 18 71.547
1 19 108.959
1 20 121.892
1 21 101.509
1 22 125.826
1 23 70.785
1 24 134.990
1 25 133.799
1 26 110.986
1 27 122.794
1 28 130.495
1 29 92.693
1 30 76.572
1 31 108.122
1 32 118.469
1 33 134.087
1 34 103.624
1 35 106.117
1 36 104.028
1 37 94.895
1 38 142.006
1 39 109.113
1 40 113.479
1 41 107.718
1 42 91.776
1 43 80.264
1 44 81.515
1 45 129.985
1 46 76.590
1 47 95.352
1 48 88.561
1 49 141.152
1 50 97.236
1 51 118.259
1 52 84.344
1 53 52.165
1 54 82.189
1 55 95.154
1 56 90.033
1 57 110.054
1 58 130.509
1 59 76.972
1 60 107.545
1 61 140.573
1 62 62.958
1 63 117.992
1 64 126.240
1 65 121.474
1 66 130.627
1 67 121.324
1 68 92.628
1 69 100.723
1 70 120.378
1 71 104.116
1 72 141.743
1 73 107.440
1 74 93.749
1 75 82.773
1 76 67.407
1 77 113.538
1 78 100.989
1 79 111.929
1 80 141.273
1 81 149.665
1 82 91.828
1 83 143.210
1 84 118.948
1 85 108.423
1 86 115.174
1 87 90.487
1 88 110.073
1 89 111.219
1 90 92.218
1 91 129.725
1 92 141.500
1 93 99.606
1 94 107.220
1 95 130.676
1 96 127.118
1 97 112.105
1 98 77.057
1 99 84.073
1 100 104.183
1 101 72.839
1 102 97.575
1 103 77.222
1 104 133.370
1 105 118.494
1 106 111.639
1 107 74.501
1 108 77.786
1 109 149.034
1 110 145.717
1 111 99.261
1 112 85.079
1 113 103.598
1 114 63.613
1 115 108.244
1 116 87.381
1 117 101.314
1 118 117.426
1 119 122.362
2 3 122.444
2 4 123.665
2 5 116.776
2 6 150.482
2 7 122.036
2 8 109.732
2 9 87.764
2 10 148.506
2 11 134.332
2 12 111.787
2 13 199.590
2 14 113.057
2 15 140.317
2 16 139.344
2 17 168.451
2 18 152.693
2 19 157.167
2 20 164.572
2 21 82.032
2 22 127.264
2 23 97.734
2 24 129.780
2 25 132.226
2 26 137.154
2 27 114.778
2 28 133.356
2 29 158.236
2 30 142.426
2 31 121.153
2 32 84.013
2 33 135.254
2 34 101.728
2 35 109.132
2 36 93.489
2 37 81.769
2 38 90.088
2 39 142.029
2 40 89.367
2 41 96.736
2 42 114.401
2 43 112.587
2 44 139.321
2 45 134.026
2 46 100.792
2 47 160.662
2 48 146.598
2 49 138.710
2 50 116.711
2 51 122.562
2 52 150.171
2 53 168.419
2 54 144.219
2 55 109.253
2 56 138.249
2 57 141.900
2 58 62.791
2 59 100.838
2 60 113.148
2 61 152.918
2 62 108.148
2 63 142.433
2 64 171.937
2 65 142.880
2 66 83.658
2 67 123.429
2 68 100.299
2 69 123.358
2 70 129.629
2 71 139.095
2 72 141.121
2 73 141.832
2 74 140.977
2 75 139.644
2 76 131.647
2 77 142.840
2 78 137.265
2 79 191.229
2 80 111.892
2 81 141.904
2 82 165.144
2 83 130.828
2 84 114.868
2 85 144.168
2 86 123.003
2 87 124.632
2 88 112.766
2 89 138.113
2 90 143.285
2 91 148.362
2 92 107.255
2 93 141.461
2 94 122.390
2 95 127.699
2 96 99.831
2 97 145.619
2 98 143.777
2 99 134.560
2 100 93.725
2 101 140.166
2 102 106.543
2 103 104.172
2 104 66.301
2 105 130.271
2 106 136.511
2 107 109.001
2 108 137.046
2 109 86.276
2 110 103.052
2 111 100.555
2 112 145.688
2 113 114.512
2 114 180.061
2 115 112.885
2 116 126.102
2 117 118.585
2 118 150.015
2 119 108.941
3 4 152.250
3 5 116.768
3 6 89.247
3 7 125.294
3 8 76.618
3 9 104.436
3 10 134.351
3 11 99.557
3 12 123.353
3 13 148.484
3 14 111.610
3 15 135.279
3 16 125.929
3 17 159.930
3 18 103.104
3 19 137.839
3 20 129.606
3 21 106.812
3 22 165.518
3 23 104.192
3 24 149.495
3 25 147.997
3 26 77.871
3 27 135.054
3 28 134.794
3 29 91.423
3 30 121.751
3 31 121.939
3 32 91.923
3 33 148.676
3 34 99.931
3 35 94.918
3 36 94.102
3 37 107.205
3 38 120.991
3 39 96.760
3 40 115.360
3 41 111.328
3 42 93.381
3 43 50.941
3 44 121.639
3 45 131.277
3 46 109.468
3 47 104.338
3 48 111.928
3 49 140.873
3 50 118.078
3 51 101.955
3 52 67.423
3 53 107.841
3 54 110.111
3 55 86.019
3 56 136.423
3 57 116.837
3 58 116.636
3 59 75.593
3 60 109.188
3 61 122.849
3 62 93.874
3 63 146.828
3 64 138.167
3 65 168.323
3 66 118.781
3 67 88.395
3 68 78.602
3 69 91.761
3 70 93.310
3 71 130.617
3 72 120.984
3 73 122.047
3 74 73.241
3 75 146.215
3 76 75.885
3 77 151.246
3 78 114.251
3 79 157.718
3 80 132.714
3 81 150.758
3 82 121.541
3 83 144.408
3 84 88.771
3 85 127.680
3 86 98.150
3 87 103.426
3 88 140.094
3 89 131.601
3 90 112.676
3 91 123.569
3 92 157.060
3 93 125.432
3 94 140.142
3 95 156.620
3 96 115.193
3 97 138.696
3 98 93.917
3 99 50.994
3 100 81.474
3 101 124.380
3 102 101.805
3 103 73.739
3 104 128.233
3 105 158.145
3 106 124.577
3 107 77.312
3 108 95.818
3 109 140.912
3 110 116.824
3 111 78.632
3 112 148.969
3 113 121.442
3 114 150.156
3 115 103.930
3 116 99.912
3 117 90.332
3 118 113.007
3 119 118.128
4 5 101.284
4 6 113.747
4 7 156.704
4 8 172.234
4 9 97.842
4 10 115.093
4 11 97.742
4 12 133.901
4 13 150.190
4 14 115.478
4 15 152.647
4 16 97.928
4 17 106.510
4 18 132.461
4 19 119.274
4 20 159.547
4 21 125.858
4 22 94.190
4 23 84.838
4 24 149.432
4 25 106.211
4 26 150.246
4 27 99.671
4 28 145.586
4 29 128.604
4 30 114.409
4 31 132.812
4 32 125.073
4 33 119.749
4 34 127.308
4 35 146.944
4 36 105.130
4 37 105.011
4 38 108.248
4 39 134.251
4 40 83.454
4 41 129.995
4 42 96.802
4 43 121.976
4 44 138.042
4 45 130.691
4 46 104.813
4 47 147.473
4 48 140.945
4 49 130.761
4 50 141.453
4 51 131.194
4 52 166.381
4 53 120.603
4 54 153.154
4 55 128.595
4 56 107.533
4 57 157.274
4 58 117.700
4 59 126.611
4 60 118.171
4 61 172.165
4 62 85.966
4 63 146.596
4 64 130.660
4 65 109.107
4 66 117.432
4 67 177.987
4 68 122.897
4 69 164.745
4 70 149.370
4 71 61.535
4 72 151.714
4 73 138.153
4 74 166.309
4 75 94.166
4 76 117.252
4 77 131.436
4 78 129.974
4 79 159.752
4 80 143.694
4 81 161.559
4 82 143.874
4 83 164.362
4 84 136.168
4 85 126.369
4 86 132.297
4 87 102.673
4 88 104.474
4 89 110.633
4 90 84.632
4 91 167.413
4 92 123.835
4 93 134.618
4 94 130.695
4 95 105.606
4 96 142.180
4 97 119.395
4 98 153.467
4 99 163.842
4 100 113.692
4 101 93.591
4 102 124.613
4 103 125.602
4 104 125.842
4 105 72.210
4 106 145.241
4 107 119.767
4 108 120.285
4 109 104.120
4 110 141.634
4 111 125.610
4 112 100.744
4 113 108.422
4 114 116.471
4 115 116.210
4 116 133.253
4 117 142.461
4 118 171.081
4 119 149.999
5 6 105.960
5 7 155.963
5 8 144.187
5 9 63.479
5 10 113.359
5 11 118.145
5 12 89.863
5 13 167.341
5 14 124.953
5 15 130.732
5 16 123.407
5 17 127.941
5 18 145.566
5 19 115.101
5 20 149.541
5 21 143.315
5 22 124.619
5 23 117.660
5 24 147.198
5 25 100.141
5 26 121.327
5 27 143.957
5 28 126.653
5 29 119.946
5 30 97.117
5 31 160.981
5 32 121.047
5 33 112.306
5 34 125.203
5 35 149.123
5 36 101.120
5 37 116.959
5 38 111.268
5 39 72.776
5 40 87.733
5 41 109.772
5 42 39.712
5 43 100.051
5 44 155.023
5 45 148.901
5 46 115.635
5 47 104.812
5 48 151.296
5 49 150.189
5 50 157.961
5 51 139.788
5 52 138.708
5 53 147.339
5 54 149.145
5 55 115.286
5 56 104.564
5 57 157.056
5 58 122.938
5 59 113.963
5 60 90.273
5 61 129.138
5 62 107.875
5 63 164.026
5 64 132.145
5 65 152.526
5 66 90.521
5 67 145.277
5 68 82.084
5 69 155.362
5 70 119.711
5 71 91.996
5 72 145.053
5 73 129.764
5 74 123.848
5 75 140.777
5 76 119.863
5 77 128.020
5 78 81.185
5 79 189.027
5 80 152.982
5 81 164.877
5 82 123.620
5 83 180.682
5 84 86.331
5 85 156.851
5 86 108.709
5 87 94.409
5 88 146.600
5 89 139.381
5 90 95.985
5 91 186.774
5 92 124.845
5 93 126.127
5 94 152.735
5 95 141.857
5 96 137.729
5 97 146.439
5 98 149.359
5 99 141.448
5 100 87.353
5 101 124.303
5 102 111.532
5 103 121.079
5 104 118.835
5 105 142.680
5 106 165.663
5 107 118.578
5 108 114.583
5 109 133.737
5 110 129.644
5 111 113.568
5 112 130.475
5 113 153.026
5 114 147.147
5 115 81.945
5 116 127.073
5 117 132.032
5 118 184.650
5 119 130.184
6 7 157.918
6 8 137.975
6 9 113.937
6 10 100.627
6 11 77.291
6 12 134.602
6 13 119.284
6 14 109.344
6 15 153.136
6 16 92.187
6 17 127.890
6 18 106.862
6 19 121.003
6 20 123.959
6 21 132.970
6 22 141.984
6 23 106.500
6 24 166.826
6 25 134.208
6 26 68.562
6 27 116.372
6 28 157.167
6 29 51.307
6 30 99.846
6 31 139.281
6 32 131.991
6 33 129.062
6 34 106.831
6 35 126.316
6 36 107.879
6 37 110.842
6 38 143.860
6 39 81.355
6 40 89.449
6 41 127.875
6 42 80.830
6 43 90.763
6 44 135.406
6 45 128.198
6 46 105.503
6 47 100.761
6 48 104.327
6 49 118.012
6 50 141.424
6 51 95.631
6 52 98.826
6 53 96.918
6 54 148.471
6 55 122.353
6 56 117.851
6 57 147.882
6 58 139.577
6 59 101.201
6 60 87.096
6 61 145.922
6 62 74.265
6 63 146.394
6 64 107.359
6 65 142.396
6 66 126.528
6 67 141.820
6 68 104.210
6 69 129.343
6 70 118.633
6 71 92.223
6 72 142.132
6 73 106.522
6 74 116.860
6 75 133.903
6 76 53.240
6 77 138.920
6 78 109.413
6 79 150.620
6 80 152.694
6 81 177.758
6 82 100.037
6 83 169.858
6 84 86.845
6 85 141.259
6 86 75.732
6 87 81.369
6 88 144.507
6 89 138.251
6 90 62.526
6 91 130.850
6 92 154.677
6 93 138.423
6 94 143.859
6 95 153.934
6 96 136.645
6 97 94.982
6 98 120.734
6 99 109.717
6 100 111.622
6 101 73.335
6 102 142.715
6 103 95.123
6 104 141.017
6 105 123.936
6 106 142.010
6 107 88.045
6 108 94.702
6 109 131.214
6 110 114.753
6 111 120.807
6 112 131.700
6 113 113.529
6 114 116.191
6 115 82.172
6 116 98.109
6 117 136.312
6 118 135.603
6 119 129.928
7 8 76.004
7 9 119.085
7 10 158.758
7 11 155.090
7 12 90.673
7 13 138.138
7 14 118.262
7 15 86.962
7 16 134.339
7 17 135.751
7 18 111.801
7 19 107.882
7 20 116.928
7 21 89.052
7 22 125.260
7 23 102.266
7 24 92.552
7 25 140.304
7 26 140.756
7 27 106.164
7 28 79.486
7 29 134.086
7 30 146.587
7 31 82.142
7 32 76.107
7 33 116.964
7 34 89.217
7 35 129.447
7 36 81.966
7 37 121.211
7 38 124.197
7 39 155.124
7 40 117.570
7 41 89.870
7 42 132.288
7 43 110.198
7 44 105.513
7 45 132.723
7 46 128.199
7 47 140.246
7 48 110.142
7 49 100.780
7 50 79.159
7 51 113.187
7 52 119.909
7 53 150.975
7 54 107.312
7 55 129.162
7 56 122.268
7 57 117.313
7 58 121.350
7 59 136.886
7 60 129.708
7 61 95.081
7 62 121.294
7 63 79.439
7 64 131.217
7 65 136.752
7 66 110.558
7 67 79.975
7 68 87.869
7 69 87.630
7 70 113.139
7 71 136.419
7 72 96.811
7 73 133.641
7 74 104.514
7 75 112.222
7 76 124.427
7 77 126.886
7 78 142.040
7 79 137.123
7 80 44.807
7 81 70.964
7 82 152.940
7 83 45.076
7 84 150.494
7 85 105.676
7 86 140.490
7 87 169.620
7 88 93.582
7 89 101.792
7 90 138.784
7 91 106.787
7 92 119.407
7 93 97.789
7 94 109.190
7 95 117.093
7 96 75.358
7 97 147.384
7 98 112.663
7 99 120.160
7 100 105.346
7 101 159.514
7 102 119.754
7 103 106.584
7 104 101.498
7 105 134.631
7 106 77.843
7 107 86.424
7 108 98.319
7 109 109.135
7 110 129.612
7 111 102.719
7 112 127.590
7 113 128.267
7 114 161.624
7 115 158.160
7 116 119.565
7 117 96.706
7 118 108.541
7 119 132.196
8 9 120.429
8 10 162.273
8 11 143.065
8 12 105.477
8 13 151.975
8 14 118.932
8 15 106.142
8 16 145.731
8 17 167.878
8 18 124.484
8 19 133.270
8 20 129.411
8 21 95.570
8 22 160.453
8 23 112.978
8 24 115.866
8 25 142.395
8 26 112.871
8 27 120.257
8 28 103.912
8 29 121.818
8 30 148.647
8 31 100.110
8 32 69.977
8 33 147.159
8 34 97.996
8 35 96.022
8 36 93.211
8 37 110.727
8 38 121.683
8 39 132.756
8 40 118.871
8 41 102.197
8 42 123.904
8 43 80.344
8 44 122.562
8 45 126.031
8 46 127.165
8 47 134.710
8 48 107.298
8 49 118.806
8 50 99.184
8 51 94.051
8 52 99.689
8 53 149.861
8 54 115.082
8 55 103.542
8 56 146.914
8 57 106.226
8 58 115.717
8 59 106.894
8 60 121.338
8 61 95.480
8 62 118.953
8 63 121.567
8 64 136.278
8 65 168.171
8 66 111.065
8 67 61.091
8 68 80.892
8 69 76.496
8 70 85.599
8 71 152.921
8 72 100.428
8 73 123.025
8 74 85.701
8 75 147.773
8 76 114.316
8 77 144.952
8 78 139.542
8 79 156.437
8 80 90.099
8 81 115.214
8 82 154.329
8 83 101.772
8 84 114.243
8 85 118.848
8 86 112.903
8 87 143.233
8 88 125.359
8 89 121.788
8 90 143.800
8 91 100.595
8 92 148.871
8 93 131.174
8 94 123.552
8 95 152.747
8 96 73.937
8 97 144.728
8 98 97.263
8 99 90.656
8 100 89.792
8 101 158.511
8 102 118.849
8 103 93.775
8 104 104.633
8 105 156.278
8 106 116.346
8 107 88.458
8 108 104.091
8 109 122.976
8 110 100.219
8 111 87.931
8 112 162.183
8 113 137.325
8 114 181.207
8 115 131.109
8 116 104.952
8 117 93.746
8 118 108.918
8 119 115.960
9 10 93.457
9 11 98.693
9 12 73.209
9 13 161.337
9 14 111.176
9 15 120.762
9 16 122.058
9 17 114.559
9 18 126.667
9 19 106.069
9 20 114.933
9 21 104.629
9 22 94.281
9 23 93.929
9 24 134.444
9 25 120.579
9 26 111.673
9 27 127.281
9 28 108.063
9 29 125.948
9 30 85.946
9 31 137.513
9 32 100.094
9 33 82.475
9 34 85.791
9 35 136.188
9 36 54.404
9 37 96.008
9 38 83.727
9 39 81.952
9 40 76.996
9 41 80.346
9 42 57.340
9 43 94.340
9 44 113.478
9 45 124.974
9 46 84.941
9 47 89.206
9 48 139.823
9 49 136.954
9 50 117.473
9 51 123.777
9 52 116.914
9 53 130.634
9 54 118.030
9 55 95.992
9 56 89.869
9 57 133.292
9 58 104.777
9 59 99.916
9 60 81.595
9 61 115.883
9 62 96.472
9 63 132.513
9 64 137.856
9 65 139.189
9 66 87.935
9 67 114.478
9 68 56.990
9 69 121.022
9 70 105.203
9 71 92.226
9 72 114.199
9 73 120.061
9 74 103.489
9 75 113.903
9 76 102.198
9 77 124.257
9 78 65.515
9 79 161.447
9 80 109.650
9 81 118.940
9 82 100.542
9 83 134.864
9 84 89.979
9 85 134.748
9 86 106.059
9 87 108.597
9 88 107.113
9 89 122.645
9 90 100.981
9 91 160.249
9 92 79.839
9 93 92.572
9 94 127.774
9 95 92.137
9 96 121.558
9 97 138.184
9 98 132.228
9 99 110.650
9 100 58.820
9 101 111.739
9 102 76.776
9 103 100.800
9 104 92.516
9 105 130.321
9 106 119.651
9 107 84.538
9 108 89.005
9 109 110.310
9 110 124.873
9 111 75.538
9 112 103.517
9 113 119.351
9 114 127.806
9 115 101.244
9 116 109.040
9 117 113.443
9 118 140.338
9 119 101.642
10 11 93.937
10 12 126.240
10 13 142.085
10 14 106.938
10 15 141.938
10 16 134.481
10 17 85.050
10 18 140.261
10 19 106.326
10 20 92.339
10 21 128.829
10 22 85.454
10 23 115.017
10 24 156.779
10 25 142.390
10 26 114.914
10 27 137.972
10 28 140.394
10 29 129.298
10 30 40.324
10 31 158.693
10 32 159.016
10 33 96.775
10 34 101.748
10 35 148.173
10 36 104.792
10 37 100.026
10 38 153.934
10 39 80.954
10 40 96.495
10 41 109.421
10 42 94.765
10 43 131.862
10 44 97.994
10 45 121.758
10 46 68.920
10 47 75.312
10 48 122.684
10 49 145.865
10 50 121.223
10 51 125.730
10 52 119.147
10 53 122.334
10 54 132.988
10 55 121.929
10 56 85.347
10 57 137.121
10 58 159.272
10 59 107.837
10 60 71.486
10 61 137.016
10 62 102.899
10 63 125.736
10 64 134.855
10 65 138.741
10 66 138.297
10 67 141.604
10 68 98.493
10 69 124.297
10 70 121.763
10 71 120.482
10 72 144.691
10 73 84.957
10 74 119.676
10 75 108.790
10 76 99.647
10 77 114.756
10 78 61.964
10 79 130.218
10 80 142.584
10 81 150.123
10 82 51.077
10 83 158.807
10 84 95.034
10 85 154.119
10 86 92.405
10 87 103.846
10 88 119.984
10 89 150.103
10 90 115.864
10 91 153.596
10 92 101.346
10 93 123.398
10 94 117.004
10 95 113.454
10 96 147.420
10 97 99.559
10 98 126.466
10 99 125.587
10 100 112.364
10 101 64.544
10 102 131.318
10 103 122.259
10 104 120.605
10 105 127.235
10 106 141.656
10 107 97.799
10 108 85.108
10 109 146.164
10 110 136.520
10 111 120.011
10 112 98.876
10 113 132.287
10 114 79.430
10 115 101.357
10 116 82.594
10 117 162.775
10 118 134.959
10 119 86.412
11 12 148.725
11 13 130.417
11 14 122.518
11 15 164.551
11 16 127.058
11 17 127.605
11 18 123.792
11 19 126.446
11 20 120.648
11 21 120.370
11 22 130.299
11 23 96.467
11 24 173.676
11 25 144.830
11 26 111.987
11 27 116.527
11 28 153.037
11 29 109.251
11 30 104.083
11 31 138.609
11 32 127.755
11 33 137.542
11 34 114.411
11 35 123.544
11 36 89.329
11 37 99.915
11 38 105.623
11 39 101.860
11 40 102.993
11 41 139.411
11 42 103.273
11 43 93.581
11 44 106.431
11 45 92.073
11 46 91.878
11 47 109.625
11 48 125.999
11 49 142.111
11 50 126.271
11 51 97.839
11 52 122.786
11 53 70.863
11 54 130.247
11 55 88.478
11 56 132.963
11 57 121.680
11 58 140.063
11 59 94.948
11 60 112.839
11 61 156.885
11 62 89.004
11 63 154.302
11 64 126.532
11 65 159.099
11 66 148.912
11 67 152.282
11 68 110.508
11 69 132.645
11 70 108.716
11 71 98.434
11 72 117.483
11 73 113.564
11 74 133.591
11 75 117.162
11 76 81.304
11 77 160.286
11 78 114.043
11 79 125.411
11 80 139.439
11 81 150.332
11 82 107.617
11 83 159.756
11 84 101.971
11 85 112.719
11 86 101.340
11 87 82.598
11 88 109.414
11 89 116.164
11 90 97.459
11 91 135.155
11 92 145.541
11 93 141.937
11 94 134.663
11 95 109.058
11 96 148.931
11 97 109.222
11 98 120.757
11 99 106.912
11 100 85.421
11 101 77.321
11 102 111.137
11 103 112.228
11 104 141.617
11 105 114.997
11 106 133.205
11 107 95.776
11 108 85.920
11 109 130.179
11 110 131.004
11 111 82.667
11 112 129.032
11 113 101.142
11 114 107.699
11 115 113.641
11 116 100.116
11 117 139.588
11 118 115.423
11 119 123.107
12 13 152.906
12 14 119.532
12 15 85.818
12 16 124.992
12 17 118.231
12 18 132.413
12 19 90.045
12 20 112.243
12 21 120.187
12 22 102.927
12 23 116.615
12 24 108.705
12 25 113.072
12 26 117.678
12 27 126.701
12 28 82.569
12 29 122.290
12 30 110.992
12 31 134.026
12 32 100.764
12 33 69.649
12 34 88.113
12 35 151.363
12 36 75.557
12 37 120.458
12 38 120.252
12 39 101.016
12 40 84.092
12 41 69.074
12 42 77.159
12 43 111.394
12 44 134.364
12 45 145.000
12 46 119.741
12 47 102.841
12 48 131.788
12 49 110.874
12 50 123.670
12 51 126.471
12 52 120.962
12 53 165.743
12 54 134.493
12 55 132.562
12 56 89.580
12 57 146.560
12 58 121.142
12 59 133.068
12 60 84.012
12 61 77.105
12 62 117.828
12 63 111.212
12 64 122.450
12 65 136.605
12 66 71.023
12 67 97.010
12 68 56.272
12 69 118.945
12 70 108.711
12 71 110.378
12 72 114.810
12 73 121.940
12 74 97.220
12 75 128.815
12 76 120.627
12 77 107.028
12 78 88.763
12 79 171.484
12 80 92.757
12 81 111.120
12 82 122.219
12 83 118.338
12 84 108.786
12 85 147.190
12 86 112.417
12 87 145.432
12 88 125.259
12 89 130.312
12 90 112.742
12 91 154.223
12 92 87.943
12 93 91.532
12 94 131.336
12 95 123.135
12 96 98.000
12 97 144.671
12 98 138.470
12 99 132.888
12 100 91.600
12 101 144.964
12 102 119.982
12 103 112.728
12 104 88.088
12 105 142.313
12 106 122.859
12 107 93.905
12 108 97.919
12 109 109.713
12 110 118.052
12 111 111.672
12 112 120.001
12 113 147.787
12 114 156.244
12 115 117.147
12 116 118.375
12 117 118.515
12 118 153.224
12 119 116.398
13 14 144.439
13 15 130.334
13 16 142.169
13 17 105.110
13 18 129.906
13 19 79.800
13 20 114.211
13 21 161.564
13 22 146.573
13 23 133.270
13 24 150.340
13 25 134.550
13 26 152.641
13 27 117.139
13 28 126.772
13 29 101.903
13 30 136.931
13 31 133.226
13 32 150.524
13 33 150.841
13 34 148.008
13 35 157.810
13 36 130.711
13 37 149.865
13 38 167.652
13 39 142.894
13 40 139.407
13 41 161.659
13 42 143.447
13 43 125.960
13 44 124.892
13 45 115.776
13 46 152.229
13 47 130.364
13 48 98.368
13 49 113.937
13 50 138.387
13 51 106.828
13 52 144.237
13 53 110.384
13 54 144.066
13 55 144.686
13 56 141.091
13 57 124.700
13 58 194.407
13 59 158.841
13 60 144.535
13 61 123.543
13 62 131.800
13 63 129.243
13 64 55.633
13 65 164.713
13 66 174.543
13 67 161.192
13 68 133.763
13 69 146.228
13 70 115.364
13 71 122.469
13 72 114.012
13 73 110.960
13 74 143.093
13 75 118.580
13 76 124.446
13 77 146.749
13 78 152.487
13 79 83.958
13 80 136.311
13 81 140.222
13 82 141.922
13 83 151.514
13 84 154.299
13 85 101.630
13 86 132.931
13 87 148.886
13 88 127.351
13 89 100.166
13 90 120.141
13 91 121.759
13 92 183.255
13 93 153.342
13 94 136.465
13 95 147.633
13 96 141.490
13 97 113.745
13 98 117.323
13 99 155.104
13 100 135.860
13 101 136.241
13 102 169.911
13 103 151.456
13 104 172.005
13 105 123.021
13 106 148.023
13 107 126.687
13 108 83.329
13 109 160.290
13 110 151.049
13 111 139.531
13 112 147.586
13 113 162.652
13 114 127.212
13 115 159.757
13 116 115.355
13 117 161.131
13 118 139.139
13 119 165.418
14 15 98.438
14 16 87.121
14 17 107.983
14 18 92.344
14 19 117.480
14 20 138.747
14 21 65.414
14 22 106.292
14 23 54.680
14 24 86.846
14 25 109.531
14 26 115.804
14 27 97.965
14 28 116.015
14 29 111.844
14 30 86.488
14 31 78.841
14 32 101.204
14 33 126.805
14 34 85.798
14 35 76.072
14 36 110.072
14 37 55.123
14 38 148.670
14 39 125.981
14 40 88.403
14 41 68.280
14 42 96.447
14 43 94.676
14 44 93.119
14 45 135.838
14 46 56.716
14 47 126.985
14 48 65.995
14 49 117.938
14 50 73.367
14 51 111.159
14 52 102.089
14 53 119.308
14 54 97.304
14 55 107.326
14 56 76.866
14 57 113.652
14 58 92.960
14 59 65.635
14 60 85.903
14 61 135.546
14 62 50.685
14 63 83.165
14 64 136.339
14 65 78.961
14 66 87.033
14 67 102.216
14 68 86.159
14 69 79.592
14 70 126.624
14 71 123.773
14 72 156.151
14 73 94.810
14 74 100.417
14 75 80.820
14 76 88.693
14 77 63.987
14 78 112.521
14 79 137.755
14 80 124.351
14 81 149.714
14 82 120.582
14 83 121.884
14 84 113.943
14 85 122.349
14 86 104.113
14 87 95.182
14 88 101.116
14 89 120.525
14 90 111.843
14 91 114.038
14 92 115.909
14 93 106.281
14 94 63.265
14 95 140.727
14 96 76.601
14 97 94.093
14 98 76.290
14 99 108.041
14 100 114.776
14 101 83.005
14 102 112.206
14 103 58.227
14 104 77.997
14 105 99.262
14 106 114.969
14 107 73.645
14 108 101.968
14 109 119.355
14 110 110.874
14 111 117.012
14 112 85.988
14 113 100.748
14 114 106.181
14 115 83.615
14 116 75.085
14 117 97.357
14 118 130.028
14 119 95.475
15 16 138.475
15 17 105.286
15 18 128.679
15 19 78.620
15 20 131.368
15 21 116.360
15 22 117.869
15 23 107.909
15 24 45.240
15 25 91.180
15 26 153.989
15 27 125.299
15 28 39.643
15 29 135.687
15 30 113.762
15 31 104.365
15 32 103.101
15 33 126.368
15 34 120.203
15 35 124.187
15 36 114.122
15 37 112.773
15 38 149.625
15 39 133.654
15 40 119.527
15 41 85.642
15 42 111.589
15 43 107.577
15 44 112.245
15 45 141.836
15 46 121.649
15 47 124.650
15 48 96.626
15 49 125.124
15 50 98.618
15 51 129.672
15 52 128.971
15 53 155.707
15 54 98.654
15 55 119.511
15 56 95.551
15 57 104.073
15 58 139.090
15 59 124.268
15 60 115.109
15 61 69.609
15 62 121.216
15 63 89.724
15 64 113.241
15 65 132.645
15 66 102.973
15 67 95.221
15 68 77.446
15 69 104.524
15 70 103.857
15 71 140.322
15 72 127.037
15 73 105.157
15 74 95.671
15 75 104.144
15 76 140.010
15 77 73.678
15 78 117.525
15 79 136.682
15 80 106.480
15 81 108.985
15 82 144.817
15 83 115.440
15 84 134.408
15 85 117.016
15 86 131.624
15 87 143.715
15 88 111.817
15 89 104.816
15 90 142.185
15 91 139.982
15 92 129.744
15 93 107.125
15 94 90.489
15 95 144.118
15 96 73.787
15 97 138.634
15 98 93.189
15 99 138.698
15 100 109.678
15 101 153.041
15 102 121.754
15 103 118.093
15 104 98.775
15 105 135.141
15 106 135.906
15 107 110.421
15 108 95.747
15 109 144.060
15 110 129.965
15 111 120.172
15 112 120.414
15 113 166.388
15 114 147.138
15 115 129.182
15 116 101.912
15 117 109.783
15 118 156.365
15 119 121.213
16 17 122.530
16 18 70.000
16 19 128.294
16 20 155.529
16 21 108.811
16 22 126.819
16 23 78.157
16 24 135.480
16 25 129.310
16 26 107.853
16 27 99.699
16 28 150.857
16 29 77.593
16 30 123.023
16 31 102.253
16 32 110.428
16 33 118.672
16 34 97.251
16 35 132.707
16 36 114.264
16 37 115.121
16 38 150.277
16 39 138.957
16 40 89.254
16 41 103.049
16 42 93.728
16 43 108.809
16 44 142.452
16 45 165.562
16 46 111.468
16 47 142.896
16 48 106.240
16 49 102.001
16 50 128.259
16 51 127.937
16 52 117.719
16 53 120.840
16 54 144.307
16 55 151.580
16 56 91.725
16 57 169.578
16 58 99.176
16 59 121.515
16 60 108.597
16 61 163.075
16 62 55.481
16 63 116.180
16 64 133.191
16 65 71.168
16 66 90.885
16 67 140.765
16 68 113.122
16 69 131.095
16 70 160.765
16 71 79.222
16 72 168.646
16 73 143.677
16 74 131.409
16 75 106.880
16 76 75.586
16 77 111.548
16 78 137.091
16 79 170.414
16 80 140.977
16 81 175.439
16 82 136.442
16 83 142.703
16 84 141.791
16 85 141.815
16 86 127.412
16 87 124.001
16 88 133.712
16 89 131.923
16 90 56.811
16 91 138.263
16 92 136.112
16 93 105.824
16 94 132.969
16 95 151.958
16 96 117.071
16 97 119.203
16 98 134.052
16 99 133.779
16 100 137.164
16 101 96.911
16 102 140.740
16 103 75.536
16 104 125.466
16 105 103.043
16 106 111.709
16 107 85.973
16 108 123.702
16 109 107.969
16 110 137.236
16 111 143.949
16 112 92.786
16 113 87.107
16 114 119.393
16 115 111.349
16 116 130.488
16 117 105.474
16 118 152.920
16 119 156.031
17 18 124.936
17 19 58.135
17 20 108.563
17 21 136.057
17 22 70.574
17 23 105.955
17 24 120.381
17 25 113.115
17 26 154.136
17 27 124.509
17 28 104.675
17 29 129.145
17 30 73.411
17 31 135.413
17 32 148.579
17 33 97.581
17 34 122.202
17 35 159.748
17 36 112.707
17 37 120.410
17 38 157.440
17 39 122.508
17 40 111.411
17 41 113.236
17 42 106.822
17 43 134.193
17 44 98.078
17 45 133.125
17 46 104.205
17 47 103.218
17 48 112.054
17 49 131.154
17 50 116.548
17 51 138.082
17 52 141.258
17 53 120.791
17 54 119.578
17 55 136.544
17 56 64.854
17 57 131.852
17 58 165.774
17 59 138.056
17 60 108.360
17 61 122.967
17 62 109.935
17 63 100.390
17 64 105.384
17 65 113.573
17 66 137.347
17 67 150.454
17 68 105.616
17 69 137.715
17 70 131.678
17 71 101.985
17 72 139.738
17 73 102.623
17 74 130.353
17 75 65.748
17 76 123.195
17 77 87.664
17 78 97.636
17 79 106.500
17 80 130.520
17 81 128.308
17 82 100.925
17 83 142.337
17 84 142.134
17 85 125.015
17 86 132.193
17 87 132.889
17 88 101.125
17 89 112.262
17 90 111.410
17 91 156.909
17 92 114.581
17 93 103.941
17 94 104.692
17 95 106.715
17 96 135.661
17 97 114.069
17 98 122.536
17 99 153.617
17 100 124.239
17 101 103.025
17 102 134.094
17 103 134.786
17 104 131.228
17 105 104.744
17 106 133.627
17 107 111.589
17 108 81.603
17 109 148.148
17 110 157.432
17 111 133.126
17 112 71.798
17 113 147.072
17 114 70.714
17 115 134.230
17 116 105.669
17 117 150.031
17 118 154.389
17 119 131.740
18 19 125.720
18 20 139.273
18 21 97.421
18 22 144.212
18 23 76.670
18 24 132.205
18 25 152.678
18 26 112.550
18 27 120.886
18 28 137.468
18 29 85.256
18 30 124.539
18 31 87.149
18 32 100.922
18 33 133.496
18 34 95.218
18 35 124.026
18 36 107.606
18 37 123.933
18 38 150.339
18 39 144.528
18 40 123.226
18 41 103.037
18 42 109.492
18 43 91.804
18 44 111.771
18 45 162.960
18 46 113.338
18 47 127.493
18 48 98.794
18 49 124.712
18 50 102.921
18 51 132.102
18 52 82.254
18 53 89.958
18 54 99.655
18 55 134.545
18 56 100.264
18 57 143.360
18 58 115.019
18 59 114.037
18 60 128.998
18 61 148.399
18 62 72.788
18 63 107.242
18 64 140.427
18 65 105.860
18 66 118.444
18 67 111.516
18 68 103.920
18 69 102.007
18 70 148.439
18 71 104.824
18 72 151.557
18 73 146.680
18 74 98.673
18 75 99.169
18 76 70.742
18 77 124.907
18 78 135.268
18 79 143.123
18 80 130.123
18 81 150.968
18 82 126.699
18 83 119.397
18 84 152.884
18 85 119.642
18 86 142.934
18 87 139.332
18 88 125.283
18 89 119.233
18 90 87.803
18 91 125.703
18 92 147.481
18 93 79.170
18 94 129.214
18 95 146.400
18 96 119.313
18 97 140.360
18 98 103.657
18 99 93.103
18 100 127.544
18 101 114.643
18 102 115.620
18 103 64.307
18 104 140.189
18 105 131.244
18 106 77.288
18 107 69.644
18 108 105.713
18 109 138.164
18 110 158.220
18 111 121.653
18 112 90.628
18 113 91.419
18 114 107.074
18 115 138.834
18 116 125.362
18 117 72.349
18 118 119.883
18 119 155.813
19 20 92.772
19 21 135.775
19 22 91.516
19 23 109.801
19 24 107.272
19 25 93.002
19 26 141.162
19 27 112.105
19 28 69.430
19 29 110.580
19 30 92.054
19 31 126.086
19 32 123.886
19 33 96.256
19 34 117.445
19 35 149.494
19 36 92.615
19 37 121.027
19 38 134.709
19 39 106.056
19 40 102.577
19 41 110.749
19 42 96.655
19 43 110.223
19 44 104.622
19 45 111.768
19 46 118.855
19 47 92.999
19 48 102.971
19 49 108.787
19 50 115.965
19 51 112.073
19 52 131.661
19 53 124.574
19 54 117.425
19 55 120.551
19 56 87.442
19 57 112.775
19 58 161.033
19 59 136.313
19 60 103.477
19 61 76.872
19 62 114.985
19 63 102.254
19 64 64.095
19 65 136.745
19 66 126.059
19 67 129.938
19 68 83.404
19 69 127.974
19 70 92.679
19 71 96.950
19 72 98.096
19 73 90.456
19 74 112.441
19 75 89.555
19 76 120.140
19 77 99.365
19 78 97.501
19 79 104.196
19 80 105.259
19 81 102.094
19 82 111.772
19 83 128.887
19 84 123.616
19 85 104.843
19 86 114.921
19 87 131.259
19 88 99.927
19 89 88.565
19 90 106.321
19 91 139.899
19 92 124.196
19 93 107.801
19 94 109.551
19 95 108.518
19 96 113.398
19 97 114.892
19 98 111.727
19 99 142.995
19 100 97.393
19 101 124.525
19 102 128.831
19 103 131.708
19 104 124.069
19 105 111.388
19 106 131.607
19 107 104.727
19 108 57.519
19 109 134.726
19 110 133.099
19 111 111.674
19 112 106.847
19 113 154.719
19 114 111.922
19 115 128.997
19 116 96.876
19 117 136.719
19 118 144.822
19 119 127.633
20 21 135.541
20 22 111.852
20 23 137.003
20 24 157.544
20 25 165.386
20 26 112.038
20 27 136.303
20 28 122.131
20 29 124.739
20 30 102.889
20 31 152.586
20 32 151.026
20 33 91.359
20 34 92.066
20 35 162.944
20 36 88.048
20 37 132.718
20 38 154.160
20 39 103.141
20 40 116.634
20 41 118.285
20 42 125.249
20 43 135.078
20 44 94.975
20 45 111.142
20 46 116.001
20 47 74.590
20 48 120.063
20 49 121.263
20 50 112.992
20 51 107.783
20 52 105.996
20 53 136.561
20 54 134.123
20 55 136.890
20 56 117.650
20 57 129.591
20 58 179.321
20 59 142.280
20 60 98.538
20 61 95.592
20 62 133.375
20 63 108.302
20 64 116.432
20 65 167.601
20 66 154.347
20 67 114.409
20 68 96.274
20 69 106.189
20 70 99.213
20 71 137.330
20 72 94.593
20 73 95.190
20 74 104.111
20 75 129.051
20 76 106.649
20 77 142.528
20 78 95.589
20 79 109.513
20 80 98.960
20 81 102.889
20 82 75.410
20 83 117.534
20 84 116.968
20 85 142.453
20 86 103.299
20 87 155.520
20 88 119.772
20 89 142.346
20 90 132.010
20 91 122.289
20 92 116.340
20 93 120.433
20 94 131.682
20 95 109.315
20 96 138.200
20 97 119.371
20 98 126.599
20 99 116.283
20 100 111.087
20 101 122.608
20 102 147.723
20 103 134.485
20 104 134.346
20 105 149.792
20 106 114.063
20 107 90.307
20 108 63.831
20 109 143.579
20 110 135.951
20 111 112.798
20 112 131.310
20 113 145.107
20 114 123.433
20 115 146.871
20 116 93.008
20 117 162.161
20 118 93.273
20 119 104.657
21 22 113.273
21 23 53.904
21 24 101.643
21 25 138.666
21 26 121.770
21 27 92.589
21 28 118.718
21 29 132.225
21 30 119.940
21 31 64.166
21 32 76.301
21 33 128.120
21 34 68.445
21 35 77.640
21 36 87.203
21 37 62.159
21 38 120.690
21 39 146.010
21 40 96.008
21 41 72.156
21 42 118.363
21 43 97.178
21 44 83.553
21 45 125.457
21 46 67.906
21 47 142.189
21 48 94.230
21 49 117.827
21 50 48.349
21 51 105.822
21 52 107.100
21 53 125.445
21 54 94.123
21 55 101.950
21 56 108.378
21 57 109.979
21 58 71.795
21 59 78.178
21 60 108.064
21 61 141.432
21 62 72.460
21 63 85.441
21 64 155.743
21 65 103.013
21 66 95.682
21 67 88.972
21 68 89.825
21 69 65.658
21 70 125.456
21 71 133.014
21 72 134.948
21 73 119.753
21 74 107.939
21 75 91.691
21 76 95.226
21 77 111.742
21 78 130.966
21 79 140.716
21 80 90.193
21 81 120.933
21 82 137.257
21 83 82.071
21 84 128.164
21 85 110.998
21 86 120.313
21 87 124.173
21 88 79.224
21 89 115.056
21 90 128.548
21 91 99.026
21 92 105.082
21 93 104.709
21 94 75.849
21 95 116.383
21 96 75.235
21 97 118.106
21 98 92.232
21 99 95.017
21 100 102.356
21 101 109.253
21 102 96.119
21 103 59.602
21 104 71.085
21 105 108.616
21 106 80.507
21 107 64.198
21 108 106.941
21 109 97.372
21 110 113.569
21 111 93.373
21 112 102.795
21 113 73.837
21 114 132.530
21 115 119.259
21 116 94.061
21 117 85.986
21 118 97.635
21 119 98.484
22 23 101.428
22 24 120.056
22 25 119.452
22 26 150.121
22 27 107.212
22 28 112.251
22 29 149.169
22 30 88.892
22 31 133.597
22 32 138.973
22 33 71.292
22 34 98.726
22 35 155.885
22 36 94.801
22 37 99.595
22 38 137.570
22 39 129.708
22 40 82.345
22 41 94.562
22 42 111.005
22 43 145.390
22 44 103.883
22 45 123.755
22 46 86.822
22 47 124.052
22 48 126.795
22 49 117.976
22 50 107.048
22 51 129.731
22 52 153.728
22 53 150.756
22 54 138.698
22 55 139.138
22 56 74.935
22 57 142.886
22 58 139.581
22 59 135.410
22 60 91.768
22 61 133.790
22 62 109.067
22 63 92.974
22 64 131.612
22 65 102.044
22 66 115.553
22 67 146.218
22 68 103.625
22 69 132.996
22 70 136.010
22 71 109.626
22 72 137.218
22 73 106.886
22 74 144.199
22 75 79.114
22 76 127.917
22 77 94.356
22 78 102.179
22 79 135.330
22 80 104.803
22 81 117.589
22 82 113.683
22 83 122.379
22 84 133.093
22 85 138.833
22 86 122.739
22 87 137.714
22 88 83.122
22 89 126.122
22 90 122.646
22 91 150.935
22 92 61.138
22 93 111.875
22 94 95.748
22 95 78.808
22 96 122.385
22 97 108.604
22 98 142.417
22 99 159.474
22 100 118.031
22 101 102.636
22 102 133.503
22 103 131.161
22 104 91.147
22 105 91.203
22 106 124.819
22 107 106.188
22 108 100.251
22 109 107.655
22 110 134.308
22 111 128.478
22 112 80.422
22 113 126.963
22 114 108.260
22 115 127.878
22 116 107.481
22 117 156.166
22 118 147.473
22 119 107.459
23 24 97.269
23 25 106.261
23 26 122.285
23 27 77.411
23 28 109.437
23 29 106.673
23 30 101.217
23 31 59.691
23 32 71.341
23 33 122.229
23 34 84.953
23 35 81.345
23 36 82.767
23 37 61.120
23 38 107.482
23 39 130.935
23 40 83.160
23 41 82.594
23 42 92.611
23 43 75.265
23 44 85.347
23 45 117.523
23 46 66.440
23 47 130.173
23 48 84.305
23 49 111.023
23 50 70.999
23 51 101.912
23 52 111.324
23 53 91.826
23 54 88.250
23 55 89.962
23 56 88.075
23 57 105.785
23 58 75.583
23 59 73.897
23 60 103.812
23 61 138.994
23 62 40.828
23 63 94.300
23 64 126.891
23 65 85.077
23 66 90.820
23 67 112.982
23 68 84.571
23 69 93.750
23 70 119.694
23 71 92.585
23 72 130.678
23 73 112.307
23 74 111.252
23 75 60.637
23 76 82.096
23 77 97.826
23 78 119.896
23 79 126.539
23 80 105.090
23 81 127.677
23 82 128.953
23 83 107.895
23 84 122.968
23 85 86.641
23 86 115.861
23 87 95.805
23 88 70.832
23 89 83.631
23 90 92.990
23 91 112.431
23 92 114.526
23 93 95.948
23 94 77.148
23 95 107.997
23 96 84.371
23 97 105.103
23 98 85.977
23 99 104.382
23 100 90.963
23 101 87.187
23 102 84.742
23 103 60.245
23 104 88.968
23 105 77.714
23 106 92.392
23 107 66.897
23 108 90.727
23 109 97.670
23 110 118.004
23 111 88.735
23 112 78.997
23 113 73.094
23 114 103.407
23 115 103.687
23 116 91.754
23 117 76.759
23 118 118.085
23 119 115.306
24 25 92.729
24 26 168.916
24 27 115.299
24 28 67.346
24 29 151.239
24 30 130.468
24 31 84.721
24 32 98.495
24 33 143.272
24 34 125.859
24 35 111.223
24 36 127.356
24 37 102.803
24 38 153.967
24 39 160.331
24 40 122.625
24 41 89.127
24 42 129.002
24 43 118.104
24 44 117.565
24 45 149.322
24 46 119.504
24 47 156.197
24 48 96.851
24 49 127.513
24 50 91.003
24 51 135.675
24 52 146.663
24 53 164.109
24 54 105.417
24 55 126.401
24 56 105.757
24 57 110.408
24 58 122.601
24 59 122.857
24 60 128.324
24 61 109.645
24 62 117.178
24 63 86.193
24 64 134.884
24 65 114.771
24 66 99.966
24 67 109.080
24 68 99.378
24 69 108.355
24 70 127.261
24 71 150.184
24 72 148.023
24 73 119.025
24 74 120.642
24 75 98.067
24 76 149.303
24 77 70.420
24 78 142.736
24 79 147.123
24 80 111.623
24 81 123.435
24 82 167.806
24 83 112.118
24 84 151.144
24 85 116.938
24 86 145.042
24 87 146.993
24 88 104.819
24 89 106.878
24 90 153.191
24 91 137.401
24 92 133.196
24 93 120.443
24 94 73.902
24 95 150.121
24 96 61.185
24 97 138.791
24 98 98.185
24 99 151.538
24 100 125.490
24 101 155.093
24 102 127.066
24 103 115.954
24 104 88.373
24 105 122.629
24 106 137.824
24 107 118.654
24 108 119.376
24 109 136.397
24 110 130.919
24 111 132.113
24 112 120.954
24 113 157.730
24 114 155.843
24 115 134.270
24 116 111.726
24 117 108.129
24 118 163.016
24 119 128.138
25 26 163.234
25 27 106.543
25 28 93.505
25 29 131.420
25 30 120.719
25 31 123.933
25 32 112.608
25 33 143.498
25 34 147.341
25 35 125.018
25 36 126.268
25 37 104.260
25 38 130.242
25 39 128.928
25 40 99.143
25 41 124.217
25 42 99.940
25 43 107.306
25 44 146.837
25 45 128.279
25 46 126.916
25 47 148.813
25 48 115.609
25 49 125.987
25 50 140.115
25 51 122.247
25 52 168.103
25 53 153.150
25 54 143.776
25 55 115.945
25 56 116.374
25 57 125.192
25 58 133.996
25 59 124.088
25 60 117.026
25 61 122.185
25 62 111.816
25 63 138.657
25 64 96.007
25 65 134.190
25 66 104.504
25 67 155.819
25 68 106.483
25 69 153.903
25 70 113.539
25 71 112.565
25 72 141.883
25 73 108.577
25 74 147.168
25 75 113.795
25 76 146.213
25 77 97.171
25 78 133.073
25 79 157.381
25 80 141.347
25 81 153.383
25 82 165.924
25 83 166.154
25 84 122.184
25 85 117.492
25 86 121.507
25 87 102.582
25 88 119.538
25 89 96.769
25 90 122.710
25 91 160.624
25 92 150.125
25 93 150.928
25 94 109.975
25 95 149.599
25 96 100.343
25 97 120.812
25 98 124.712
25 99 171.638
25 100 109.097
25 101 137.829
25 102 136.214
25 103 135.795
25 104 110.886
25 105 100.099
25 106 175.341
25 107 136.212
25 108 115.834
25 109 128.791
25 110 114.066
25 111 130.521
25 112 138.029
25 113 166.247
25 114 155.089
25 115 101.100
25 116 114.590
25 117 136.908
25 118 189.876
25 119 139.261
26 27 131.358
26 28 160.577
26 29 74.906
26 30 115.653
26 31 144.114
26 32 129.188
26 33 116.333
26 34 75.459
26 35 132.435
26 36 101.176
26 37 118.390
26 38 153.165
26 39 87.573
26 40 92.583
26 41 106.747
26 42 93.202
26 43 105.389
26 44 140.586
26 45 146.694
26 46 109.616
26 47 100.244
26 48 115.407
26 49 115.627
26 50 134.785
26 51 102.481
26 52 70.336
26 53 136.105
26 54 153.814
26 55 138.726
26 56 124.011
26 57 161.344
26 58 130.905
26 59 108.326
26 60 76.087
26 61 136.330
26 62 93.322
26 63 136.854
26 64 139.075
26 65 150.802
26 66 113.773
26 67 106.945
26 68 94.296
26 69 104.586
26 70 124.014
26 71 125.150
26 72 143.735
26 73 118.901
26 74 95.383
26 75 156.525
26 76 54.147
26 77 145.678
26 78 108.064
26 79 174.199
26 80 137.029
26 81 171.020
26 82 97.118
26 83 149.381
26 84 84.157
26 85 166.774
26 86 74.161
26 87 120.938
26 88 156.963
26 89 165.630
26 90 94.235
26 91 122.944
26 92 137.665
26 93 129.412
26 94 151.972
26 95 162.067
26 96 127.621
26 97 117.176
26 98 130.811
26 99 89.068
26 100 118.093
26 101 103.095
26 102 148.625
26 103 82.726
26 104 126.042
26 105 154.505
26 106 124.598
26 107 71.323
26 108 107.814
26 109 125.326
26 110 107.400
26 111 124.442
26 112 143.560
26 113 112.561
26 114 146.187
26 115 95.363
26 116 104.607
26 117 133.225
26 118 117.578
26 119 114.763
27 28 123.984
27 29 108.824
27 30 137.306
27 31 76.217
27 32 94.919
27 33 127.110
27 34 100.475
27 35 106.488
27 36 96.470
27 37 84.938
27 38 119.788
27 39 148.516
27 40 73.428
27 41 118.066
27 42 125.135
27 43 110.206
27 44 119.194
27 45 95.067
27 46 107.408
27 47 157.976
27 48 85.045
27 49 58.332
27 50 100.119
27 51 65.938
27 52 146.724
27 53 130.381
27 54 145.704
27 55 125.782
27 56 126.232
27 57 125.170
27 58 111.587
27 59 120.834
27 60 111.439
27 61 142.832
27 62 81.843
27 63 98.667
27 64 100.339
27 65 105.307
27 66 111.867
27 67 140.899
27 68 115.500
27 69 119.653
27 70 120.021
27 71 103.847
27 72 118.541
27 73 106.994
27 74 149.247
27 75 97.275
27 76 104.260
27 77 121.974
27 78 153.486
27 79 128.872
27 80 91.494
27 81 132.000
27 82 156.876
27 83 108.877
27 84 130.680
27 85 95.020
27 86 105.406
27 87 121.135
27 88 80.361
27 89 90.520
27 90 104.616
27 91 83.935
27 92 132.729
27 93 144.060
27 94 92.321
27 95 117.998
27 96 81.228
27 97 76.484
27 98 118.758
27 99 146.952
27 100 113.896
27 101 107.544
27 102 145.879
27 103 106.260
27 104 98.086
27 105 48.974
27 106 117.246
27 107 95.118
27 108 104.058
27 109 61.074
27 110 86.087
27 111 119.108
27 112 127.717
27 113 93.958
27 114 144.376
27 115 119.965
27 116 100.459
27 117 130.871
27 118 123.092
27 119 128.762
28 29 143.536
28 30 117.643
28 31 111.024
28 32 97.478
28 33 122.594
28 34 123.035
28 35 131.389
28 36 97.685
28 37 115.310
28 38 124.787
28 39 131.156
28 40 119.976
28 41 97.429
28 42 113.210
28 43 104.553
28 44 104.828
28 45 123.138
28 46 124.253
28 47 120.729
28 48 112.858
28 49 129.282
28 50 99.631
28 51 125.115
28 52 138.036
28 53 149.686
28 54 95.658
28 55 105.556
28 56 107.073
28 57 91.700
28 58 143.078
28 59 128.819
28 60 122.362
28 61 62.025
28 62 129.097
28 63 102.441
28 64 108.491
28 65 148.898
28 66 114.393
28 67 103.551
28 68 75.046
28 69 113.129
28 70 87.660
28 71 133.532
28 72 99.022
28 73 108.429
28 74 103.832
28 75 102.296
28 76 144.531
28 77 100.546
28 78 115.298
28 79 126.348
28 80 91.180
28 81 79.319
28 82 145.298
28 83 110.327
28 84 133.648
28 85 100.288
28 86 134.642
28 87 145.153
28 88 95.565
28 89 86.379
28 90 143.985
28 91 143.384
28 92 125.337
28 93 109.092
28 94 97.615
28 95 119.814
28 96 86.945
28 97 144.738
28 98 101.445
28 99 138.887
28 100 88.957
28 101 157.437
28 102 107.584
28 103 129.090
28 104 103.692
28 105 133.208
28 106 132.783
28 107 113.188
28 108 84.497
28 109 139.100
28 110 132.930
28 111 99.289
28 112 125.243
28 113 165.941
28 114 149.245
28 115 139.759
28 116 105.801
28 117 113.996
28 118 149.616
28 119 122.027
29 30 120.427
29 31 121.192
29 32 116.661
29 33 126.818
29 34 104.186
29 35 130.916
29 36 107.320
29 37 126.044
29 38 148.764
29 39 103.925
29 40 97.347
29 41 122.615
29 42 89.344
29 43 86.483
29 44 140.660
29 45 140.921
29 46 125.982
29 47 111.207
29 48 93.177
29 49 95.355
29 50 137.531
29 51 96.404
29 52 92.254
29 53 106.374
29 54 144.900
29 55 136.461
29 56 116.822
29 57 150.590
29 58 137.639
29 59 120.183
29 60 101.236
29 61 130.902
29 62 80.553
29 63 131.203
29 64 92.502
29 65 134.564
29 66 118.034
29 67 128.592
29 68 101.503
29 69 123.421
29 70 121.663
29 71 89.417
29 72 135.398
29 73 119.018
29 74 108.022
29 75 132.614
29 76 58.784
29 77 133.722
29 78 125.638
29 79 150.575
29 80 138.814
29 81 167.430
29 82 118.715
29 83 151.739
29 84 111.844
29 85 132.825
29 86 95.366
29 87 114.185
29 88 145.821
29 89 127.465
29 90 56.095
29 91 119.361
29 92 160.669
29 93 125.407
29 94 145.641
29 95 160.848
29 96 121.094
29 97 108.916
29 98 117.703
29 99 112.541
29 100 119.122
29 101 105.028
29 102 148.678
29 103 90.503
29 104 143.469
29 105 126.952
29 106 126.614
29 107 83.381
29 108 94.903
29 109 126.751
29 110 119.225
29 111 127.780
29 112 132.027
29 113 118.308
29 114 129.966
29 115 105.477
29 116 110.389
29 117 118.839
29 118 134.459
29 119 147.821
30 31 143.836
30 32 142.411
30 33 100.134
30 34 101.595
30 35 133.031
30 36 103.926
30 37 91.931
30 38 150.597
30 39 74.615
30 40 96.544
30 41 90.328
30 42 74.940
30 43 112.689
30 44 92.891
30 45 130.061
30 46 64.606
30 47 66.424
30 48 109.040
30 49 145.691
30 50 111.502
30 51 128.789
30 52 106.137
30 53 116.627
30 54 109.255
30 55 108.153
30 56 62.155
30 57 123.302
30 58 145.888
30 59 91.886
30 60 68.477
30 61 119.310
30 62 91.785
30 63 116.176
30 64 127.521
30 65 127.337
30 66 119.478
30 67 124.006
30 68 78.159
30 69 112.804
30 70 113.271
30 71 115.602
30 72 144.964
30 73 81.018
30 74 96.916
30 75 96.459
30 76 98.450
30 77 87.522
30 78 46.352
30 79 130.215
30 80 140.951
30 81 145.491
30 82 59.294
30 83 154.133
30 84 91.943
30 85 143.548
30 86 95.597
30 87 93.260
30 88 117.744
30 89 137.045
30 90 110.371
30 91 154.591
30 92 103.656
30 93 104.609
30 94 104.175
30 95 122.724
30 96 130.380
30 97 106.951
30 98 105.620
30 99 115.404
30 100 102.908
30 101 75.209
30 102 112.564
30 103 106.972
30 104 110.562
30 105 127.347
30 106 138.785
30 107 91.512
30 108 78.341
30 109 149.599
30 110 135.122
30 111 112.679
30 112 85.157
30 113 137.216
30 114 75.454
30 115 87.881
30 116 75.886
30 117 138.973
30 118 142.784
30 119 86.434
31 32 69.816
31 33 150.461
31 34 103.874
31 35 81.914
31 36 109.462
31 37 91.711
31 38 134.263
31 39 167.657
31 40 114.571
31 41 103.251
31 42 134.399
31 43 94.901
31 44 102.106
31 45 131.091
31 46 109.257
31 47 162.610
31 48 75.746
31 49 102.931
31 50 68.341
31 51 104.448
31 52 125.413
31 53 121.199
31 54 100.554
31 55 117.072
31 56 122.823
31 57 107.608
31 58 96.190
31 59 107.098
31 60 135.281
31 61 141.268
31 62 82.350
31 63 84.766
31 64 133.038
31 65 101.879
31 66 111.306
31 67 109.871
31 68 109.874
31 69 90.155
31 70 130.953
31 71 129.860
31 72 135.258
31 73 128.970
31 74 123.909
31 75 86.874
31 76 109.887
31 77 113.274
31 78 160.325
31 79 128.818
31 80 97.691
31 81 126.578
31 82 165.541
31 83 87.024
31 84 154.027
31 85 82.767
31 86 138.806
31 87 137.245
31 88 85.121
31 89 86.695
31 90 126.677
31 91 88.589
31 92 145.516
31 93 119.062
31 94 80.893
31 95 137.339
31 96 65.843
31 97 120.867
31 98 85.674
31 99 121.409
31 100 120.143
31 101 130.679
31 102 120.105
31 103 80.993
31 104 104.566
31 105 96.845
31 106 94.000
31 107 88.184
31 108 111.756
31 109 108.162
31 110 123.831
31 111 113.712
31 112 116.654
31 113 98.051
31 114 142.382
31 115 138.556
31 116 109.440
31 117 81.039
31 118 116.910
31 119 138.680
32 33 137.928
32 34 99.795
32 35 91.559
32 36 80.104
32 37 96.146
32 38 84.845
32 39 141.282
32 40 100.890
32 41 94.282
32 42 104.300
32 43 63.361
32 44 121.156
32 45 128.394
32 46 115.292
32 47 146.198
32 48 111.547
32 49 113.373
32 50 96.758
32 51 105.011
32 52 120.529
32 53 129.171
32 54 105.302
32 55 94.608
32 56 126.580
32 57 112.925
32 58 70.160
32 59 100.104
32 60 125.316
32 61 121.749
32 62 89.980
32 63 119.553
32 64 132.319
32 65 132.089
32 66 83.877
32 67 97.458
32 68 81.437
32 69 102.797
32 70 108.369
32 71 112.873
32 72 111.214
32 73 137.114
32 74 109.285
32 75 114.375
32 76 109.334
32 77 130.737
32 78 140.518
32 79 157.722
32 80 91.420
32 81 116.681
32 82 161.884
32 83 103.011
32 84 128.494
32 85 92.105
32 86 128.819
32 87 126.371
32 88 99.123
32 89 85.744
32 90 115.141
32 91 120.189
32 92 135.550
32 93 110.949
32 94 113.828
32 95 129.077
32 96 71.847
32 97 143.333
32 98 105.234
32 99 108.816
32 100 79.599
32 101 143.737
32 102 88.396
32 103 79.630
32 104 95.937
32 105 120.049
32 106 104.205
32 107 86.587
32 108 107.401
32 109 96.390
32 110 113.130
32 111 80.592
32 112 130.819
32 113 109.079
32 114 162.213
32 115 124.556
32 116 118.748
32 117 57.251
32 118 130.243
32 119 134.632
33 34 77.607
33 35 175.513
33 36 79.750
33 37 128.895
33 38 140.453
33 39 108.865
33 40 81.094
33 41 86.057
33 42 93.999
33 43 142.306
33 44 128.428
33 45 147.211
33 46 111.276
33 47 99.610
33 48 140.361
33 49 109.231
33 50 128.425
33 51 134.099
33 52 128.739
33 53 160.072
33 54 152.361
33 55 156.732
33 56 77.417
33 57 168.700
33 58 142.364
33 59 149.287
33 60 79.812
33 61 117.926
33 62 117.132
33 63 105.281
33 64 132.620
33 65 121.936
33 66 104.140
33 67 128.607
33 68 89.455
33 69 131.874
33 70 137.371
33 71 100.661
33 72 131.072
33 73 125.990
33 74 123.362
33 75 119.029
33 76 110.998
33 77 116.770
33 78 86.904
33 79 162.814
33 80 101.977
33 81 122.896
33 82 94.598
33 83 122.251
33 84 124.843
33 85 162.383
33 86 116.977
33 87 155.682
33 88 122.706
33 89 148.331
33 90 103.189
33 91 157.047
33 92 60.415
33 93 91.321
33 94 137.974
33 95 100.889
33 96 131.628
33 97 131.670
33 98 158.190
33 99 144.784
33 100 117.877
33 101 119.618
33 102 141.496
33 103 124.406
33 104 107.088
33 105 131.476
33 106 111.361
33 107 92.089
33 108 100.313
33 109 108.354
33 110 137.648
33 111 131.619
33 112 96.876
33 113 130.130
33 114 127.808
33 115 131.569
33 116 124.033
33 117 150.434
33 118 143.622
33 119 120.920
34 35 119.285
34 36 64.083
34 37 88.343
34 38 129.216
34 39 111.328
34 40 71.698
34 41 57.568
34 42 95.366
34 43 106.224
34 44 96.808
34 45 128.533
34 46 75.204
34 47 104.662
34 48 99.872
34 49 93.540
34 50 79.997
34 51 97.792
34 52 79.915
34 53 132.274
34 54 119.688
34 55 125.064
34 56 88.773
34 57 136.583
34 58 99.636
34 59 101.036
34 60 69.726
34 61 119.746
34 62 77.468
34 63 79.997
34 64 138.487
34 65 108.205
34 66 87.671
34 67 79.312
34 68 71.178
34 69 69.762
34 70 118.807
34 71 114.406
34 72 122.737
34 73 109.200
34 74 89.077
34 75 109.439
34 76 66.000
34 77 112.207
34 78 99.153
34 79 146.683
34 80 81.132
34 81 119.477
34 82 95.246
34 83 85.664
34 84 105.381
34 85 137.747
34 86 92.373
34 87 131.786
34 88 103.878
34 89 135.519
34 90 101.214
34 91 102.560
34 92 78.451
34 93 86.774
34 94 106.722
34 95 111.210
34 96 92.395
34 97 108.602
34 98 114.320
34 99 88.694
34 100 101.130
34 101 96.910
34 102 118.036
34 103 64.731
34 104 78.566
34 105 121.281
34 106 69.551
34 107 33.940
34 108 88.994
34 109 88.539
34 110 105.244
34 111 102.068
34 112 98.196
34 113 79.458
34 114 124.552
34 115 109.752
34 116 90.344
34 117 109.182
34 118 88.740
34 119 89.855
35 36 125.276
35 37 63.487
35 38 138.494
35 39 145.589
35 40 118.403
35 41 115.685
35 42 129.515
35 43 81.283
35 44 110.727
35 45 119.783
35 46 93.337
35 47 156.328
35 48 82.492
35 49 138.670
35 50 89.300
35 51 97.089
35 52 121.074
35 53 125.325
35 54 107.566
35 55 81.610
35 56 143.137
35 57 88.854
35 58 102.420
35 59 55.885
35 60 124.130
35 61 148.047
35 62 86.806
35 63 128.015
35 64 148.070
35 65 142.695
35 66 121.454
35 67 111.038
35 68 109.093
35 69 87.753
35 70 111.211
35 71 155.905
35 72 147.306
35 73 107.996
35 74 118.503
35 75 123.400
35 76 112.765
35 77 126.212
35 78 150.284
35 79 144.695
35 80 134.802
35 81 157.992
35 82 161.130
35 83 137.652
35 84 116.116
35 85 108.491
35 86 111.763
35 87 93.682
35 88 113.432
35 89 118.190
35 90 145.733
35 91 101.316
35 92 162.597
35 93 153.854
35 94 85.727
35 95 162.754
35 96 81.088
35 97 113.258
35 98 67.809
35 99 105.448
35 100 109.380
35 101 121.114
35 102 117.285
35 103 82.614
35 104 102.203
35 105 123.308
35 106 141.751
35 107 102.067
35 108 118.988
35 109 133.159
35 110 100.294
35 111 103.966
35 112 148.889
35 113 119.917
35 114 155.247
35 115 102.528
35 116 84.859
35 117 103.118
35 118 126.775
35 119 107.844
36 37 94.219
36 38 74.664
36 39 98.774
36 40 72.765
36 41 84.333
36 42 82.519
36 43 84.502
36 44 93.513
36 45 97.822
36 46 90.181
36 47 94.989
36 48 117.012
36 49 102.160
36 50 92.999
36 51 89.985
36 52 104.283
36 53 114.644
36 54 110.392
36 55 94.979
36 56 101.097
36 57 115.621
36 58 106.866
36 59 105.851
36 60 88.664
36 61 102.215
36 62 90.029
36 63 107.594
36 64 114.760
36 65 134.889
36 66 98.345
36 67 99.094
36 68 58.586
36 69 99.059
36 70 87.859
36 71 87.030
36 72 74.740
36 73 110.567
36 74 98.220
36 75 102.169
36 76 84.251
36 77 130.275
36 78 92.553
36 79 131.902
36 80 66.164
36 81 85.884
36 82 105.077
36 83 95.116
36 84 100.190
36 85 104.525
36 86 99.010
36 87 121.606
36 88 81.392
36 89 97.330
36 90 93.515
36 91 119.411
36 92 88.824
36 93 90.229
36 94 115.361
36 95 72.737
36 96 102.218
36 97 121.060
36 98 116.683
36 99 97.009
36 100 53.154
36 101 111.096
36 102 88.426
36 103 91.740
36 104 93.085
36 105 113.126
36 106 83.886
36 107 59.725
36 108 64.660
36 109 85.748
36 110 110.000
36 111 58.847
36 112 106.806
36 113 96.968
36 114 127.336
36 115 118.034
36 116 97.006
36 117 104.469
36 118 99.159
36 119 103.746
37 38 118.666
37 39 116.774
37 40 73.461
37 41 84.999
37 42 99.958
37 43 91.420
37 44 89.240
37 45 97.580
37 46 44.412
37 47 129.348
37 48 84.006
37 49 118.249
37 50 75.374
37 51 86.820
37 52 120.531
37 53 122.629
37 54 109.068
37 55 79.486
37 56 104.064
37 57 95.381
37 58 91.473
37 59 52.585
37 60 81.387
37 61 134.427
37 62 65.259
37 63 103.859
37 64 133.153
37 65 111.907
37 66 96.317
37 67 111.955
37 68 85.394
37 69 87.618
37 70 102.449
37 71 125.798
37 72 133.166
37 73 79.446
37 74 115.876
37 75 92.701
37 76 97.740
37 77 96.354
37 78 111.769
37 79 133.166
37 80 111.761
37 81 136.589
37 82 125.928
37 83 123.788
37 84 90.228
37 85 111.480
37 86 84.403
37 87 75.799
37 88 81.666
37 89 111.972
37 90 122.087
37 91 107.804
37 92 109.735
37 93 130.471
37 94 60.040
37 95 119.790
37 96 78.425
37 97 82.033
37 98 85.515
37 99 111.416
37 100 89.135
37 101 81.866
37 102 104.719
37 103 79.497
37 104 61.093
37 105 88.774
37 106 126.472
37 107 81.636
37 108 95.949
37 109 100.479
37 110 82.956
37 111 92.246
37 112 111.875
37 113 99.307
37 114 124.029
37 115 75.682
37 116 60.685
37 117 115.648
37 118 120.673
37 119 69.071
38 39 137.319
38 40 110.324
38 41 136.247
38 42 114.362
38 43 97.826
38 44 138.282
38 45 110.660
38 46 130.680
38 47 149.264
38 48 161.365
38 49 145.818
38 50 137.292
38 51 121.005
38 52 160.960
38 53 136.480
38 54 139.973
38 55 94.086
38 56 152.743
38 57 131.404
38 58 112.947
38 59 127.347
38 60 141.249
38 61 145.668
38 62 124.303
38 63 165.483
38 64 143.833
38 65 173.352
38 66 126.409
38 67 149.949
38 68 107.106
38 69 152.036
38 70 111.252
38 71 107.089
38 72 95.797
38 73 152.909
38 74 150.383
38 75 135.220
38 76 135.357
38 77 173.434
38 78 140.731
38 79 167.635
38 80 111.470
38 81 118.393
38 82 166.023
38 83 143.075
38 84 129.890
38 85 107.193
38 86 140.116
38 87 129.560
38 88 103.635
38 89 97.513
38 90 127.710
38 91 160.989
38 92 137.829
38 93 142.164
38 94 148.983
38 95 97.687
38 96 133.760
38 97 160.592
38 98 150.537
38 99 139.688
38 100 62.941
38 101 151.767
38 102 91.337
38 103 132.654
38 104 126.030
38 105 130.035
38 106 138.038
38 107 121.515
38 108 116.217
38 109 106.536
38 110 134.740
38 111 69.417
38 112 152.271
38 113 128.871
38 114 171.995
38 115 143.775
38 116 141.594
38 117 122.308
38 118 149.768
38 119 146.914
39 40 95.414
39 41 113.753
39 42 62.316
39 43 102.327
39 44 133.882
39 45 128.247
39 46 106.300
39 47 55.210
39 48 131.511
39 49 144.350
39 50 146.779
39 51 117.271
39 52 105.187
39 53 134.523
39 54 142.984
39 55 111.116
39 56 109.816
39 57 140.311
39 58 154.781
39 59 106.826
39 60 67.581
39 61 106.676
39 62 113.174
39 63 153.193
39 64 117.652
39 65 170.222
39 66 122.140
39 67 126.313
39 68 75.503
39 69 130.664
39 70 91.565
39 71 116.318
39 72 127.422
39 73 94.108
39 74 96.531
39 75 147.192
39 76 98.676
39 77 133.108
39 78 53.994
39 79 160.875
39 80 147.360
39 81 157.128
39 82 76.995
39 83 173.889
39 84 50.627
39 85 158.638
39 86 71.289
39 87 94.652
39 88 149.348
39 89 150.604
39 90 105.164
39 91 161.566
39 92 130.573
39 93 131.826
39 94 147.355
39 95 144.363
39 96 140.868
39 97 123.667
39 98 129.308
39 99 113.723
39 100 88.007
39 101 107.475
39 102 128.415
39 103 120.058
39 104 127.638
39 105 154.802
39 106 159.100
39 107 102.515
39 108 85.600
39 109 148.734
39 110 118.197
39 111 107.543
39 112 139.492
39 113 155.273
39 114 132.220
39 115 80.645
39 116 93.869
39 117 148.968
39 118 151.357
39 119 100.770
40 41 82.890
40 42 72.625
40 43 102.304
40 44 123.335
40 45 109.211
40 46 80.604
40 47 116.925
40 48 103.610
40 49 78.587
40 50 112.395
40 51 82.397
40 52 123.955
40 53 137.905
40 54 145.601
40 55 118.286
40 56 91.510
40 57 139.622
40 58 97.095
40 59 101.931
40 60 52.541
40 61 124.389
40 62 69.660
40 63 107.770
40 64 108.636
40 65 104.183
40 66 71.608
40 67 123.904
40 68 79.200
40 69 115.694
40 70 109.727
40 71 84.511
40 72 123.087
40 73 93.399
40 74 123.180
40 75 109.051
40 76 84.465
40 77 103.477
40 78 100.405
40 79 154.968
40 80 101.302
40 81 138.305
40 82 115.173
40 83 127.147
40 84 81.921
40 85 132.262
40 86 68.137
40 87 96.702
40 88 102.623
40 89 120.726
40 90 79.833
40 91 120.996
40 92 89.925
40 93 120.753
40 94 106.429
40 95 112.122
40 96 91.008
40 97 81.785
40 98 127.916
40 99 130.326
40 100 91.462
40 101 84.581
40 102 128.367
40 103 90.844
40 104 70.541
40 105 84.251
40 106 122.407
40 107 76.922
40 108 93.754
40 109 61.233
40 110 73.025
40 111 108.767
40 112 110.363
40 113 98.558
40 114 132.362
40 115 73.066
40 116 88.968
40 117 128.942
40 118 134.585
40 119 95.922
41 42 83.181
41 43 104.541
41 44 102.782
41 45 148.130
41 46 75.557
41 47 107.822
41 48 103.736
41 49 116.930
41 50 81.444
41 51 124.884
41 52 92.998
41 53 147.430
41 54 103.062
41 55 120.532
41 56 63.661
41 57 131.963
41 58 90.221
41 59 95.066
41 60 73.038
41 61 107.235
41 62 84.211
41 63 78.347
41 64 145.804
41 65 97.990
41 66 59.467
41 67 70.172
41 68 55.387
41 69 76.335
41 70 122.695
41 71 123.320
41 72 140.672
41 73 111.762
41 74 78.449
41 75 102.157
41 76 98.088
41 77 75.308
41 78 87.819
41 79 159.302
41 80 97.653
41 81 122.847
41 82 108.462
41 83 99.530
41 84 110.562
41 85 142.298
41 86 109.508
41 87 129.503
41 88 109.242
41 89 134.204
41 90 116.085
41 91 132.806
41 92 72.673
41 93 71.484
41 94 94.268
41 95 125.533
41 96 78.543
41 97 127.224
41 98 107.436
41 99 103.694
41 100 102.368
41 101 114.864
41 102 102.782
41 103 68.507
41 104 59.076
41 105 129.553
41 106 96.622
41 107 63.888
41 108 99.784
41 109 110.505
41 110 116.805
41 111 109.310
41 112 86.260
41 113 113.686
41 114 128.077
41 115 101.321
41 116 95.497
41 117 93.936
41 118 129.574
41 119 89.595
42 43 79.146
42 44 128.849
42 45 139.127
42 46 92.800
42 47 81.760
42 48 120.657
42 49 127.455
42 50 130.323
42 51 120.821
42 52 103.173
42 53 121.955
42 54 123.877
42 55 105.887
42 56 76.258
42 57 140.511
42 58 109.136
42 59 94.065
42 60 68.781
42 61 113.227
42 62 78.183
42 63 133.665
42 64 116.699
42 65 126.940
42 66 75.778
42 67 117.475
42 68 57.292
42 69 124.444
42 70 108.786
42 71 77.446
42 72 133.546
42 73 111.326
42 74 93.079
42 75 116.929
42 76 85.597
42 77 105.067
42 78 64.664
42 79 165.226
42 80 133.372
42 81 149.421
42 82 96.959
42 83 154.477
42 84 79.381
42 85 139.461
42 86 92.231
42 87 87.381
42 88 129.478
42 89 125.116
42 90 70.606
42 91 158.880
42 92 111.294
42 93 96.284
42 94 131.137
42 95 131.021
42 96 116.582
42 97 125.485
42 98 121.851
42 99 111.864
42 100 79.982
42 101 99.923
42 102 99.625
42 103 88.386
42 104 105.363
42 105 127.556
42 106 134.348
42 107 84.423
42 108 89.473
42 109 121.690
42 110 118.903
42 111 100.571
42 112 102.996
42 113 127.152
42 114 119.517
42 115 70.961
42 116 103.594
42 117 107.061
42 118 155.776
42 119 114.734
43 44 110.340
43 45 115.767
43 46 102.615
43 47 110.325
43 48 96.635
43 49 127.104
43 50 106.126
43 51 94.674
43 52 92.761
43 53 90.980
43 54 91.553
43 55 64.328
43 56 119.243
43 57 94.873
43 58 102.120
43 59 71.033
43 60 110.044
43 61 112.380
43 62 76.677
43 63 133.303
43 64 111.684
43 65 146.514
43 66 103.342
43 67 99.576
43 68 68.794
43 69 99.800
43 70 82.763
43 71 103.866
43 72 108.528
43 73 112.512
43 74 84.511
43 75 114.991
43 76 84.299
43 77 128.631
43 78 113.636
43 79 139.036
43 80 120.589
43 81 134.097
43 82 131.106
43 83 135.592
43 84 97.015
43 85 90.104
43 86 103.616
43 87 86.312
43 88 112.767
43 89 88.366
43 90 96.827
43 91 122.539
43 92 150.337
43 93 114.362
43 94 117.412
43 95 138.184
43 96 95.242
43 97 127.634
43 98 78.226
43 99 80.622
43 100 62.880
43 101 118.462
43 102 81.231
43 103 73.662
43 104 116.305
43 105 126.703
43 106 121.826
43 107 79.723
43 108 81.586
43 109 126.460
43 110 112.465
43 111 65.716
43 112 129.129
43 113 117.956
43 114 135.735
43 115 97.669
43 116 94.005
43 117 68.997
43 118 125.715
43 119 122.994
44 45 102.493
44 46 73.869
44 47 108.601
44 48 93.630
44 49 139.984
44 50 48.572
44 51 112.766
44 52 107.498
44 53 97.832
44 54 65.747
44 55 91.959
44 56 105.030
44 57 74.920
44 58 144.390
44 59 96.822
44 60 117.684
44 61 122.258
44 62 102.794
44 63 87.301
44 64 137.033
44 65 136.505
44 66 145.567
44 67 105.381
44 68 94.436
44 69 76.068
44 70 105.357
44 71 139.788
44 72 113.685
44 73 95.304
44 74 101.540
44 75 71.961
44 76 107.433
44 77 117.099
44 78 111.041
44 79 74.370
44 80 99.852
44 81 94.592
44 82 104.402
44 83 97.748
44 84 133.181
44 85 94.693
44 86 125.563
44 87 129.570
44 88 66.889
44 89 104.512
44 90 141.025
44 91 109.815
44 92 117.608
44 93 105.662
44 94 72.844
44 95 94.572
44 96 114.153
44 97 115.656
44 98 73.564
44 99 96.296
44 100 99.792
44 101 105.260
44 102 98.487
44 103 105.206
44 104 113.827
44 105 120.387
44 106 95.035
44 107 81.269
44 108 68.602
44 109 143.538
44 110 142.778
44 111 85.532
44 112 96.438
44 113 116.100
44 114 91.103
44 115 140.642
44 116 75.084
44 117 121.620
44 118 82.909
44 119 95.121
45 46 113.379
45 47 136.315
45 48 114.875
45 49 122.149
45 50 113.701
45 51 64.603
45 52 154.857
45 53 125.251
45 54 140.975
45 55 91.000
45 56 155.031
45 57 85.976
45 58 161.497
45 59 120.273
45 60 123.267
45 61 128.666
45 62 125.469
45 63 138.240
45 64 102.867
45 65 176.085
45 66 159.930
45 67 149.948
45 68 118.341
45 69 128.766
45 70 72.481
45 71 136.876
45 72 77.234
45 73 83.978
45 74 149.188
45 75 123.122
45 76 128.417
45 77 157.528
45 78 139.640
45 79 97.614
45 80 106.010
45 81 113.308
45 82 143.735
45 83 137.425
45 84 110.588
45 85 91.505
45 86 98.441
45 87 114.995
45 88 84.338
45 89 97.782
45 90 143.792
45 91 106.321
45 92 149.514
45 93 169.762
45 94 108.282
45 95 104.153
45 96 123.133
45 97 94.375
45 98 115.561
45 99 140.907
45 100 87.658
45 101 121.645
45 102 138.979
45 103 143.901
45 104 125.551
45 105 105.536
45 106 149.442
45 107 118.649
45 108 82.980
45 109 120.603
45 110 100.528
45 111 88.638
45 112 159.984
45 113 139.389
45 114 149.663
45 115 133.874
45 116 84.164
45 117 163.469
45 118 112.362
45 119 107.768
46 47 106.755
46 48 94.837
46 49 131.005
46 50 74.489
46 51 107.064
46 52 104.173
46 53 112.287
46 54 100.502
46 55 91.692
46 56 82.201
46 57 109.554
46 58 104.997
46 59 58.943
46 60 72.717
46 61 137.977
46 62 64.367
46 63 99.533
46 64 143.945
46 65 106.860
46 66 104.930
46 67 109.894
46 68 81.580
46 69 84.411
46 70 115.337
46 71 121.614
46 72 140.968
46 73 85.892
46 74 104.736
46 75 84.616
46 76 85.038
46 77 94.593
46 78 87.733
46 79 129.627
46 80 118.418
46 81 136.940
46 82 92.522
46 83 124.986
46 84 94.778
46 85 126.767
46 86 91.502
46 87 86.531
46 88 88.174
46 89 127.178
46 90 115.920
46 91 122.330
46 92 91.029
46 93 109.224
46 94 73.933
46 95 109.332
46 96 104.322
46 97 91.630
46 98 92.589
46 99 98.724
46 100 95.665
46 101 61.280
46 102 98.450
46 103 76.292
46 104 77.029
46 105 103.662
46 106 113.116
46 107 69.479
46 108 89.113
46 109 116.582
46 110 111.755
46 111 95.501
46 112 85.683
46 113 92.432
46 114 93.372
46 115 84.761
46 116 64.893
46 117 119.641
46 118 112.847
46 119 65.519
47 48 128.454
47 49 150.737
47 50 130.522
47 51 131.039
47 52 85.949
47 53 121.190
47 54 117.737
47 55 117.693
47 56 95.778
47 57 132.796
47 58 167.441
47 59 117.929
47 60 86.591
47 61 95.822
47 62 119.988
47 63 135.064
47 64 123.787
47 65 167.354
47 66 137.400
47 67 112.236
47 68 73.105
47 69 116.320
47 70 99.393
47 71 122.429
47 72 121.542
47 73 101.947
47 74 75.366
47 75 131.555
47 76 97.754
47 77 129.917
47 78 44.211
47 79 137.334
47 80 137.135
47 81 135.158
47 82 46.225
47 83 154.783
47 84 92.984
47 85 151.589
47 86 101.468
47 87 124.552
47 88 140.576
47 89 146.413
47 90 113.689
47 91 158.754
47 92 123.819
47 93 103.157
47 94 142.773
47 95 130.975
47 96 146.554
47 97 136.453
47 98 119.146
47 99 98.733
47 100 96.163
47 101 113.556
47 102 119.623
47 103 120.030
47 104 138.390
47 105 162.854
47 106 135.124
47 107 92.342
47 108 68.005
47 109 163.490
47 110 146.983
47 111 104.938
47 112 119.037
47 113 154.234
47 114 107.294
47 115 117.262
47 116 96.558
47 117 141.863
47 118 132.277
47 119 107.715
48 49 93.261
48 50 78.881
48 51 79.978
48 52 101.787
48 53 114.365
48 54 109.589
48 55 115.703
48 56 108.634
48 57 97.780
48 58 134.370
48 59 94.964
48 60 101.000
48 61 118.073
48 62 78.545
48 63 77.885
48 64 100.173
48 65 113.011
48 66 121.761
48 67 105.333
48 68 99.981
48 69 77.137
48 70 106.899
48 71 133.519
48 72 134.048
48 73 74.770
48 74 103.419
48 75 95.999
48 76 90.302
48 77 90.384
48 78 133.188
48 79 104.499
48 80 115.563
48 81 141.345
48 82 128.554
48 83 115.887
48 84 119.652
48 85 104.400
48 86 95.147
48 87 112.302
48 88 105.470
48 89 108.834
48 90 117.768
48 91 71.703
48 92 148.051
48 93 130.338
48 94 71.047
48 95 150.870
48 96 73.734
48 97 73.325
48 98 58.920
48 99 113.113
48 100 121.848
48 101 99.933
48 102 142.380
48 103 86.085
48 104 108.044
48 105 101.370
48 106 119.951
48 107 81.377
48 108 85.674
48 109 127.406
48 110 100.473
48 111 122.411
48 112 120.227
48 113 119.941
48 114 119.469
48 115 106.868
48 116 61.673
48 117 117.853
48 118 110.835
48 119 108.896
49 50 120.045
49 51 76.701
49 52 138.557
49 53 154.849
49 54 165.461
49 55 156.611
49 56 126.676
49 57 152.571
49 58 134.025
49 59 147.254
49 60 104.898
49 61 127.908
49 62 103.599
49 63 93.940
49 64 93.775
49 65 116.339
49 66 111.511
49 67 133.569
49 68 115.912
49 69 122.843
49 70 127.632
49 71 111.536
49 72 121.566
49 73 114.692
49 74 142.729
49 75 125.248
49 76 104.518
49 77 126.175
49 78 152.530
49 79 147.118
49 80 89.458
49 81 137.237
49 82 151.267
49 83 107.663
49 84 133.935
49 85 129.418
49 86 103.044
49 87 149.721
49 88 116.425
49 89 121.557
49 90 102.337
49 91 88.452
49 92 133.687
49 93 141.144
49 94 121.072
49 95 138.103
49 96 88.920
49 97 90.761
49 98 137.387
49 99 152.779
49 100 131.228
49 101 126.437
49 102 170.861
49 103 115.841
49 104 110.526
49 105 93.807
49 106 117.137
49 107 95.668
49 108 108.682
49 109 71.529
49 110 89.999
49 111 140.856
49 112 139.538
49 113 116.281
49 114 159.325
49 115 130.484
49 116 113.277
49 117 144.296
49 118 128.057
49 119 138.580
50 51 104.682
50 52 105.348
50 53 120.036
50 54 73.931
50 55 101.308
50 56 105.288
50 57 84.327
50 58 115.623
50 59 91.932
50 60 113.708
50 61 121.910
50 62 92.022
50 63 62.115
50 64 142.482
50 65 115.534
50 66 121.051
50 67 83.851
50 68 90.371
50 69 51.520
50 70 112.610
50 71 143.729
50 72 121.476
50 73 101.990
50 74 99.454
50 75 77.103
50 76 105.835
50 77 103.816
50 78 126.829
50 79 103.547
50 80 81.002
50 81 97.014
50 82 127.172
50 83 67.780
50 84 135.425
50 85 97.457
50 86 123.701
50 87 135.395
50 88 65.696
50 89 105.605
50 90 141.260
50 91 88.509
50 92 111.008
50 93 103.161
50 94 54.580
50 95 109.643
50 96 78.719
50 97 113.184
50 98 70.774
50 99 97.309
50 100 105.774
50 101 114.719
50 102 104.114
50 103 84.173
50 104 86.552
50 105 112.832
50 106 80.508
50 107 70.506
50 108 87.519
50 109 120.930
50 110 124.149
50 111 94.022
50 112 100.439
50 113 102.085
50 114 118.629
50 115 134.534
50 116 78.409
50 117 102.166
50 118 82.910
50 119 93.036
51 52 122.403
51 53 123.923
51 54 142.384
51 55 104.794
51 56 141.188
51 57 104.357
51 58 134.478
51 59 106.116
51 60 97.835
51 61 119.125
51 62 95.874
51 63 116.449
51 64 88.859
51 65 150.276
51 66 128.529
51 67 122.223
51 68 102.302
51 69 102.298
51 70 77.423
51 71 123.394
51 72 90.752
51 73 78.119
51 74 126.066
51 75 126.321
51 76 91.782
51 77 139.699
51 78 137.182
51 79 118.461
51 80 95.655
51 81 129.171
51 82 136.395
51 83 121.012
51 84 93.231
51 85 101.988
51 86 66.142
51 87 107.749
51 88 101.284
51 89 106.085
51 90 114.383
51 91 64.798
51 92 145.642
51 93 155.052
51 94 105.431
51 95 129.501
51 96 89.971
51 97 69.859
51 98 102.173
51 99 119.453
51 100 94.168
51 101 107.809
51 102 145.562
51 103 107.756
51 104 108.003
51 105 99.055
51 106 128.703
51 107 88.028
51 108 82.220
51 109 92.516
51 110 59.882
51 111 98.560
51 112 152.711
51 113 113.988
51 114 151.224
51 115 107.592
51 116 71.831
51 117 139.372
51 118 97.802
51 119 103.862
52 53 115.115
52 54 103.275
52 55 123.367
52 56 110.553
52 57 133.902
52 58 135.953
52 59 97.073
52 60 101.178
52 61 119.835
52 62 96.953
52 63 117.262
52 64 147.373
52 65 149.437
52 66 124.456
52 67 69.686
52 68 81.343
52 69 69.574
52 70 120.032
52 71 139.919
52 72 141.115
52 73 121.438
52 74 46.017
52 75 136.179
52 76 65.657
52 77 131.997
52 78 102.239
52 79 149.225
52 80 131.661
52 81 149.689
52 82 89.248
52 83 128.796
52 84 112.291
52 85 148.298
52 86 109.478
52 87 133.556
52 88 145.503
52 89 151.876
52 90 115.596
52 91 121.745
52 92 141.352
52 93 96.328
52 94 135.206
52 95 158.754
52 96 121.565
52 97 137.829
52 98 94.028
52 99 45.017
52 100 115.206
52 101 116.894
52 102 121.002
52 103 68.780
52 104 131.677
52 105 166.059
52 106 100.657
52 107 59.971
52 108 93.374
52 109 154.463
52 110 139.367
52 111 110.511
52 112 123.644
52 113 120.921
52 114 124.852
52 115 120.373
52 116 98.806
52 117 101.248
52 118 100.198
52 119 115.852
53 54 101.556
53 55 101.769
53 56 131.194
53 57 115.661
53 58 153.150
53 59 107.453
53 60 143.995
53 61 161.741
53 62 92.762
53 63 147.166
53 64 129.504
53 65 153.144
53 66 164.077
53 67 151.665
53 68 122.756
53 69 130.436
53 70 129.048
53 71 108.345
53 72 135.258
53 73 133.119
53 74 126.933
53 75 100.316
53 76 89.339
53 77 156.176
53 78 135.349
53 79 105.055
53 80 151.840
53 81 154.099
53 82 122.675
53 83 156.971
53 84 144.377
53 85 93.824
53 86 139.607
53 87 110.026
53 88 115.463
53 89 102.558
53 90 104.866
53 91 137.426
53 92 171.818
53 93 128.124
53 94 134.364
53 95 131.250
53 96 153.082
53 97 131.467
53 98 100.225
53 99 103.410
53 100 112.120
53 101 99.873
53 102 110.059
53 103 110.302
53 104 165.758
53 105 126.252
53 106 123.126
53 107 101.964
53 108 90.533
53 109 161.183
53 110 165.913
53 111 100.898
53 112 116.977
53 113 112.477
53 114 87.139
53 115 142.890
53 116 115.627
53 117 119.027
53 118 119.868
53 119 154.741
54 55 85.728
54 56 110.385
54 57 79.886
54 58 135.513
54 59 94.189
54 60 139.607
54 61 121.779
54 62 110.550
54 63 112.768
54 64 152.670
54 65 147.415
54 66 139.062
54 67 95.358
54 68 90.291
54 69 86.968
54 70 116.216
54 71 146.711
54 72 132.630
54 73 127.533
54 74 84.256
54 75 89.620
54 76 122.215
54 77 119.760
54 78 119.132
54 79 113.738
54 80 124.527
54 81 112.330
54 82 129.299
54 83 117.676
54 84 147.179
54 85 97.831
54 86 151.331
54 87 135.194
54 88 100.065
54 89 103.879
54 90 147.746
54 91 141.201
54 92 142.985
54 93 92.648
54 94 98.011
54 95 129.536
54 96 116.476
54 97 155.405
54 98 66.110
54 99 88.655
54 100 101.154
54 101 137.297
54 102 69.401
54 103 99.611
54 104 128.696
54 105 149.029
54 106 108.845
54 107 96.587
54 108 91.663
54 109 167.442
54 110 164.708
54 111 86.804
54 112 104.926
54 113 138.102
54 114 112.677
54 115 147.248
54 116 105.324
54 117 83.175
54 118 121.139
54 119 125.596
55 56 134.600
55 57 61.362
55 58 124.660
55 59 64.481
55 60 121.352
55 61 122.539
55 62 103.791
55 63 145.498
55 64 132.454
55 65 168.627
55 66 132.794
55 67 117.906
55 68 85.317
55 69 108.255
55 70 71.744
55 71 133.822
55 72 105.976
55 73 102.576
55 74 107.684
55 75 114.620
55 76 117.837
55 77 139.565
55 78 113.352
55 79 124.969
55 80 126.770
55 81 124.188
55 82 135.242
55 83 145.495
55 84 97.959
55 85 88.386
55 86 112.031
55 87 82.231
55 88 96.793
55 89 93.451
55 90 137.842
55 91 135.855
55 92 147.994
55 93 138.045
55 94 104.362
55 95 122.684
55 96 113.415
55 97 131.087
55 98 79.918
55 99 97.395
55 100 53.610
55 101 122.566
55 102 70.328
55 103 107.925
55 104 115.322
55 105 131.538
55 106 143.136
55 107 104.807
55 108 85.651
55 109 143.483
55 110 121.147
55 111 47.519
55 112 139.963
55 113 136.117
55 114 137.299
55 115 110.151
55 116 85.321
55 117 108.466
55 118 127.549
55 119 102.383
56 57 144.198
56 58 125.369
56 59 114.407
56 60 80.531
56 61 121.261
56 62 84.422
56 63 88.099
56 64 131.641
56 65 83.515
56 66 90.941
56 67 117.424
56 68 78.434
56 69 113.468
56 70 138.274
56 71 100.071
56 72 154.233
56 73 112.027
56 74 100.777
56 75 78.883
56 76 101.115
56 77 60.669
56 78 76.377
56 79 145.901
56 80 125.974
56 81 138.715
56 82 89.832
56 83 130.528
56 84 125.708
56 85 144.068
56 86 121.550
56 87 125.482
56 88 113.770
56 89 131.331
56 90 97.243
56 91 155.462
56 92 84.877
56 93 66.831
56 94 103.734
56 95 121.327
56 96 114.937
56 97 122.055
56 98 118.410
56 99 128.505
56 100 118.538
56 101 96.125
56 102 115.658
56 103 95.388
56 104 100.674
56 105 117.715
56 106 113.764
56 107 84.231
56 108 94.492
56 109 132.456
56 110 144.770
56 111 128.519
56 112 46.804
56 113 125.511
56 114 84.599
56 115 107.774
56 116 104.341
56 117 118.088
56 118 151.023
56 119 115.339
57 58 155.152
57 59 96.240
57 60 138.881
57 61 111.647
57 62 125.158
57 63 125.758
57 64 125.088
57 65 173.472
57 66 156.204
57 67 117.052
57 68 104.368
57 69 98.934
57 70 72.898
57 71 159.446
57 72 102.463
57 73 92.201
57 74 114.860
57 75 108.881
57 76 137.426
57 77 135.103
57 78 136.560
57 79 87.501
57 80 117.553
57 81 106.824
57 82 148.487
57 83 128.919
57 84 128.060
57 85 73.904
57 86 127.297
57 87 119.483
57 88 88.363
57 89 87.802
57 90 162.692
57 91 115.608
57 92 161.380
57 93 148.721
57 94 83.406
57 95 130.917
57 96 106.090
57 97 127.453
57 98 59.149
57 99 115.590
57 100 89.900
57 101 140.500
57 102 106.705
57 103 127.610
57 104 125.258
57 105 133.712
57 106 143.833
57 107 116.646
57 108 83.905
57 109 158.383
57 110 130.059
57 111 79.826
57 112 148.561
57 113 155.099
57 114 141.872
57 115 139.909
57 116 79.066
57 117 126.598
57 118 117.768
57 119 108.587
58 59 98.577
58 60 122.576
58 61 166.952
58 62 82.371
58 63 134.507
58 64 174.056
58 65 110.223
58 66 67.217
58 67 122.105
58 68 106.274
58 69 120.768
58 70 153.110
58 71 125.227
58 72 164.219
58 73 157.489
58 74 135.129
58 75 128.477
58 76 114.568
58 77 131.552
58 78 148.210
58 79 195.862
58 80 127.444
58 81 162.099
58 82 168.834
58 83 131.011
58 84 136.428
58 85 142.388
58 86 138.315
58 87 126.481
58 88 123.629
58 89 135.864
58 90 122.033
58 91 146.980
58 92 124.361
58 93 122.608
58 94 125.882
58 95 147.667
58 96 96.778
58 97 149.843
58 98 136.792
58 99 127.231
58 100 115.453
58 101 133.843
58 102 106.855
58 103 73.359
58 104 87.037
58 105 125.577
58 106 120.313
58 107 98.786
58 108 144.238
58 109 93.927
58 110 123.656
58 111 118.375
58 112 126.318
58 113 92.384
58 114 167.405
58 115 114.343
58 116 137.178
58 117 83.748
58 118 154.969
58 119 137.162
59 60 95.124
59 61 139.317
59 62 69.743
59 63 129.703
59 64 147.656
59 65 136.893
59 66 108.851
59 67 103.503
59 68 83.388
59 69 85.352
59 70 103.999
59 71 135.629
59 72 144.283
59 73 97.302
59 74 94.978
59 75 113.823
59 76 90.073
59 77 115.194
59 78 106.581
59 79 144.873
59 80 138.036
59 81 154.843
59 82 120.072
59 83 145.481
59 84 85.901
59 85 121.557
59 86 94.091
59 87 64.880
59 88 113.283
59 89 125.860
59 90 124.749
59 91 124.993
59 92 136.140
59 93 128.899
59 94 93.257
59 95 144.431
59 96 101.141
59 97 111.675
59 98 73.208
59 99 80.816
59 100 88.053
59 101 91.270
59 102 89.505
59 103 67.701
59 104 95.795
59 105 127.246
59 106 134.256
59 107 83.330
59 108 100.713
59 109 135.346
59 110 108.075
59 111 85.830
59 112 122.907
59 113 110.864
59 114 124.526
59 115 74.796
59 116 72.023
59 117 100.022
59 118 124.497
59 119 84.316
60 61 110.239
60 62 83.876
60 63 107.199
60 64 119.279
60 65 120.790
60 66 85.445
60 67 107.388
60 68 68.671
60 69 101.695
60 70 105.430
60 71 113.118
60 72 135.039
60 73 74.965
60 74 98.304
60 75 121.805
60 76 83.347
60 77 92.709
60 78 68.765
60 79 154.998
60 80 118.453
60 81 146.657
60 82 81.754
60 83 138.509
60 84 60.509
60 85 153.667
60 86 51.368
60 87 98.310
60 88 124.136
60 89 145.736
60 90 98.544
60 91 129.372
60 92 89.690
60 93 117.168
60 94 109.063
60 95 131.269
60 96 102.347
60 97 86.469
60 98 119.101
60 99 116.271
60 100 100.271
60 101 81.798
60 102 133.641
60 103 92.149
60 104 77.983
60 105 120.205
60 106 132.168
60 107 75.294
60 108 88.539
60 109 107.433
60 110 84.666
60 111 116.447
60 112 112.310
60 113 122.283
60 114 123.787
60 115 61.058
60 116 71.740
60 117 138.777
60 118 133.425
60 119 69.790
61 62 143.437
61 63 117.081
61 64 102.523
61 65 175.442
61 66 127.234
61 67 92.053
61 68 72.653
61 69 111.091
61 70 72.703
61 71 146.698
61 72 92.668
61 73 100.415
61 74 85.803
61 75 139.674
61 76 138.022
61 77 121.342
61 78 104.047
61 79 138.310
61 80 101.951
61 81 97.896
61 82 127.775
61 83 125.859
61 84 114.560
61 85 132.870
61 86 115.277
61 87 153.569
61 88 131.561
61 89 123.966
61 90 145.786
61 91 141.354
61 92 136.818
61 93 122.544
61 94 127.604
61 95 142.843
61 96 104.261
61 97 145.593
61 98 112.605
61 99 129.949
61 100 96.767
61 101 162.772
61 102 135.256
61 103 136.491
61 104 120.536
61 105 161.940
61 106 143.488
61 107 112.411
61 108 80.166
61 109 152.087
61 110 125.630
61 111 110.231
61 112 150.462
61 113 180.292
61 114 162.658
61 115 137.621
61 116 102.461
61 117 136.358
61 118 143.530
61 119 116.389
62 63 103.054
62 64 122.523
62 65 83.365
62 66 86.217
62 67 116.106
62 68 85.682
62 69 96.819
62 70 123.717
62 71 86.306
62 72 142.506
62 73 105.599
62 74 107.256
62 75 84.434
62 76 54.927
62 77 97.773
62 78 111.558
62 79 139.396
62 80 121.906
62 81 151.712
62 82 113.822
62 83 127.356
62 84 105.710
62 85 112.688
62 86 94.800
62 87 80.979
62 88 100.404
62 89 109.279
62 90 70.577
62 91 111.793
62 92 119.731
62 93 103.785
62 94 94.610
62 95 127.663
62 96 93.577
62 97 89.423
62 98 93.719
62 99 99.967
62 100 100.971
62 101 63.206
62 102 106.867
62 103 47.469
62 104 95.512
62 105 85.156
62 106 103.590
62 107 59.219
62 108 93.370
62 109 98.777
62 110 107.495
62 111 104.086
62 112 85.956
62 113 69.211
62 114 99.939
62 115 79.478
62 116 86.461
62 117 91.470
62 118 121.683
62 119 112.420
63 64 131.385
63 65 91.472
63 66 115.284
63 67 98.583
63 68 101.292
63 69 78.908
63 70 134.438
63 71 139.810
63 72 138.067
63 73 106.674
63 74 112.185
63 75 83.206
63 76 113.629
63 77 81.551
63 78 131.566
63 79 118.742
63 80 83.038
63 81 110.115
63 82 127.996
63 83 68.386
63 84 149.423
63 85 125.959
63 86 128.100
63 87 158.621
63 88 91.656
63 89 123.874
63 90 134.422
63 91 98.012
63 92 103.433
63 93 99.222
63 94 72.758
63 95 124.288
63 96 80.794
63 97 108.800
63 98 103.024
63 99 131.426
63 100 134.690
63 101 122.248
63 102 143.345
63 103 101.509
63 104 92.562
63 105 110.908
63 106 86.765
63 107 81.371
63 108 98.605
63 109 117.720
63 110 129.094
63 111 134.206
63 112 93.304
63 113 119.021
63 114 122.277
63 115 141.955
63 116 95.716
63 117 125.434
63 118 110.825
63 119 112.815
64 65 158.269
64 66 144.564
64 67 153.807
64 68 113.544
64 69 147.164
64 70 93.251
64 71 104.490
64 72 101.395
64 73 94.886
64 74 138.656
64 75 124.150
64 76 122.700
64 77 132.263
64 78 135.944
64 79 115.739
64 80 125.521
64 81 137.246
64 82 142.065
64 83 153.512
64 84 123.997
64 85 106.728
64 86 105.825
64 87 127.693
64 88 124.584
64 89 94.731
64 90 105.203
64 91 126.809
64 92 166.036
64 93 152.962
64 94 131.587
64 95 142.400
64 96 120.840
64 97 101.944
64 98 122.951
64 99 158.234
64 100 113.849
64 101 132.761
64 102 161.893
64 103 144.541
64 104 146.520
64 105 110.048
64 106 157.047
64 107 122.756
64 108 80.853
64 109 134.036
64 110 117.004
64 111 129.004
64 112 149.903
64 113 162.387
64 114 143.632
64 115 129.837
64 116 105.960
64 117 155.531
64 118 153.111
64 119 148.699
65 66 101.049
65 67 151.792
65 68 131.243
65 69 134.929
65 70 181.215
65 71 118.439
65 72 189.217
65 73 146.996
65 74 153.707
65 75 88.458
65 76 119.281
65 77 85.415
65 78 150.762
65 79 170.301
65 80 140.320
65 81 172.487
65 82 152.932
65 83 132.599
65 84 167.674
65 85 153.687
65 86 150.653
65 87 148.666
65 88 121.591
65 89 143.828
65 90 113.362
65 91 148.011
65 92 117.455
65 93 113.387
65 94 107.993
65 95 148.199
65 96 114.999
65 97 122.810
65 98 143.002
65 99 163.478
65 100 160.228
65 101 109.564
65 102 153.944
65 103 102.228
65 104 110.609
65 105 94.295
65 106 119.619
65 107 108.511
65 108 142.127
65 109 115.770
65 110 151.351
65 111 165.220
65 112 76.128
65 113 104.437
65 114 120.949
65 115 132.795
65 116 136.233
65 117 130.323
65 118 165.996
65 119 151.896
66 67 106.534
66 68 76.984
66 69 117.527
66 70 135.594
66 71 110.961
66 72 153.804
66 73 132.685
66 74 112.870
66 75 125.819
66 76 111.051
66 77 93.829
66 78 114.885
66 79 191.099
66 80 118.093
66 81 152.000
66 82 144.389
66 83 130.731
66 84 112.544
66 85 151.870
66 86 113.988
66 87 124.293
66 88 130.213
66 89 137.237
66 90 104.855
66 91 150.316
66 92 101.251
66 93 104.729
66 94 121.121
66 95 147.234
66 96 80.864
66 97 136.010
66 98 134.419
66 99 133.636
66 100 109.452
66 101 129.874
66 102 119.825
66 103 81.235
66 104 68.257
66 105 125.621
66 106 127.816
66 107 92.187
66 108 125.729
66 109 93.503
66 110 106.537
66 111 125.505
66 112 114.897
66 113 122.144
66 114 158.973
66 115 90.046
66 116 121.782
66 117 97.822
66 118 164.234
66 119 121.157
67 68 68.462
67 69 47.568
67 70 107.431
67 71 159.337
67 72 127.357
67 73 120.568
67 74 49.093
67 75 136.792
67 76 108.413
67 77 120.526
67 78 114.276
67 79 155.570
67 80 99.395
67 81 117.524
67 82 124.748
67 83 95.069
67 84 119.293
67 85 141.686
67 86 119.263
67 87 151.334
67 88 130.446
67 89 143.340
67 90 146.477
67 91 116.737
67 92 125.143
67 93 98.865
67 94 115.306
67 95 152.285
67 96 85.294
67 97 148.859
67 98 91.892
67 99 74.421
67 100 106.499
67 101 148.322
67 102 113.859
67 103 81.648
67 104 98.636
67 105 167.048
67 106 100.916
67 107 74.001
67 108 101.809
67 109 141.900
67 110 124.909
67 111 103.141
67 112 135.193
67 113 137.584
67 114 157.807
67 115 130.583
67 116 99.496
67 117 92.918
67 118 106.724
67 119 100.483
68 69 80.938
68 70 76.806
68 71 105.286
68 72 101.094
68 73 92.098
68 74 56.136
68 75 105.174
68 76 87.556
68 77 96.076
68 78 63.961
68 79 139.169
68 80 92.508
68 81 104.935
68 82 93.959
68 83 111.500
68 84 79.669
68 85 117.478
68 86 88.018
68 87 106.381
68 88 103.314
68 89 108.789
68 90 101.230
68 91 128.633
68 92 95.663
68 93 79.788
68 94 102.832
68 95 113.592
68 96 84.121
68 97 122.003
68 98 91.001
68 99 84.654
68 100 57.568
68 101 112.854
68 102 81.994
68 103 77.015
68 104 80.074
68 105 129.552
68 106 106.422
68 107 60.676
68 108 63.338
68 109 115.255
68 110 105.243
68 111 71.211
68 112 103.229
68 113 123.875
68 114 124.246
68 115 90.481
68 116 78.348
68 117 89.124
68 118 120.436
68 119 85.411
69 70 106.558
69 71 155.650
69 72 127.617
69 73 100.038
69 74 68.394
69 75 115.119
69 76 92.430
69 77 112.545
69 78 118.978
69 79 127.086
69 80 96.041
69 81 118.644
69 82 115.968
69 83 85.611
69 84 117.505
69 85 125.270
69 86 107.402
69 87 135.879
69 88 108.356
69 89 133.273
69 90 141.602
69 91 84.735
69 92 123.300
69 93 107.639
69 94 86.039
69 95 140.469
69 96 80.094
69 97 118.882
69 98 68.261
69 99 68.847
69 100 109.340
69 101 120.496
69 102 116.534
69 103 70.498
69 104 92.983
69 105 142.781
69 106 90.042
69 107 60.046
69 108 91.288
69 109 132.843
69 110 114.710
69 111 100.096
69 112 122.375
69 113 113.397
69 114 134.830
69 115 123.410
69 116 73.472
69 117 101.309
69 118 77.391
69 119 84.015
70 71 136.766
70 72 65.980
70 73 75.535
70 74 99.543
70 75 133.369
70 76 119.866
70 77 139.462
70 78 107.593
70 79 116.875
70 80 104.876
70 81 105.296
70 82 126.328
70 83 135.811
70 84 80.906
70 85 101.763
70 86 85.061
70 87 109.691
70 88 109.775
70 89 101.778
70 90 136.769
70 91 118.269
70 92 146.627
70 93 145.304
70 94 114.521
70 95 127.308
70 96 104.229
70 97 117.695
70 98 92.136
70 99 110.977
70 100 59.138
70 101 135.974
70 102 117.134
70 103 125.838
70 104 116.222
70 105 138.856
70 106 146.937
70 107 104.626
70 108 63.553
70 109 136.696
70 110 95.941
70 111 69.644
70 112 157.608
70 113 157.043
70 114 154.166
70 115 114.554
70 116 73.338
70 117 134.600
70 118 120.312
70 119 95.433
71 72 130.434
71 73 139.912
71 74 141.704
71 75 104.004
71 76 94.957
71 77 134.965
71 78 118.835
71 79 155.461
71 80 131.042
71 81 149.192
71 82 128.137
71 83 152.703
71 84 131.804
71 85 121.932
71 86 126.467
71 87 118.035
71 88 117.999
71 89 103.710
71 90 41.236
71 91 158.835
71 92 129.976
71 93 110.048
71 94 146.685
71 95 111.651
71 96 138.273
71 97 128.229
71 98 148.204
71 99 145.557
71 100 104.667
71 101 106.265
71 102 124.015
71 103 115.191
71 104 137.683
71 105 97.700
71 106 125.311
71 107 101.970
71 108 100.727
71 109 106.607
71 110 142.998
71 111 118.271
71 112 101.086
71 113 111.302
71 114 116.344
71 115 122.191
71 116 134.556
71 117 124.490
71 118 158.719
71 119 159.157
72 73 118.317
72 74 127.626
72 75 136.268
72 76 131.969
72 77 168.569
72 78 134.780
72 79 115.991
72 80 78.767
72 81 72.040
72 82 144.338
72 83 115.963
72 84 126.623
72 85 94.463
72 86 122.492
72 87 152.095
72 88 100.941
72 89 93.438
72 90 140.310
72 91 122.570
72 92 146.797
72 93 143.681
72 94 138.131
72 95 100.072
72 96 125.076
72 97 141.251
72 98 127.789
72 99 130.060
72 100 74.108
72 101 157.150
72 102 127.545
72 103 145.416
72 104 137.441
72 105 140.926
72 106 128.083
72 107 112.874
72 108 74.810
72 109 126.996
72 110 125.801
72 111 75.530
72 112 162.088
72 113 152.315
72 114 165.522
72 115 158.965
72 116 114.440
72 117 144.137
72 118 110.647
72 119 132.731
73 74 111.544
73 75 113.696
73 76 110.486
73 77 100.141
73 78 100.398
73 79 105.714
73 80 120.814
73 81 134.512
73 82 105.096
73 83 141.151
73 84 79.709
73 85 124.353
73 86 61.377
73 87 96.065
73 88 108.035
73 89 124.243
73 90 132.273
73 91 107.138
73 92 131.372
73 93 147.965
73 94 81.010
73 95 135.128
73 96 100.634
73 97 63.464
73 98 86.836
73 99 127.230
73 100 103.372
73 101 95.286
73 102 143.850
73 103 120.200
73 104 101.182
73 105 113.090
73 106 150.960
73 107 100.516
73 108 72.170
73 109 134.641
73 110 85.735
73 111 113.021
73 112 134.888
73 113 147.414
73 114 123.532
73 115 89.859
73 116 31.438
73 117 155.168
73 118 124.503
73 119 67.843
74 75 129.771
74 76 93.154
74 77 115.245
74 78 85.792
74 79 145.556
74 80 121.292
74 81 128.749
74 82 95.409
74 83 123.792
74 84 105.635
74 85 139.102
74 86 111.388
74 87 132.083
74 88 136.716
74 89 138.637
74 90 126.533
74 91 133.094
74 92 132.014
74 93 87.004
74 94 123.607
74 95 151.596
74 96 107.086
74 97 144.982
74 98 83.519
74 99 61.029
74 100 97.626
74 101 132.158
74 102 103.527
74 103 81.296
74 104 117.733
74 105 166.855
74 106 111.501
74 107 71.835
74 108 83.237
74 109 156.775
74 110 135.825
74 111 97.682
74 112 122.213
74 113 142.478
74 114 131.563
74 115 117.179
74 116 92.621
74 117 92.777
74 118 116.804
74 119 105.181
75 76 113.751
75 77 90.771
75 78 123.322
75 79 98.008
75 80 111.298
75 81 115.734
75 82 126.901
75 83 111.435
75 84 151.064
75 85 88.883
75 86 140.293
75 87 125.836
75 88 59.644
75 89 82.963
75 90 114.870
75 91 131.609
75 92 114.174
75 93 96.442
75 94 72.472
75 95 93.251
75 96 111.137
75 97 112.665
75 98 99.321
75 99 135.821
75 100 114.479
75 101 99.154
75 102 106.224
75 103 107.405
75 104 112.921
75 105 77.988
75 106 103.183
75 107 95.014
75 108 88.621
75 109 126.799
75 110 149.819
75 111 112.548
75 112 58.422
75 113 109.274
75 114 77.476
75 115 136.431
75 116 102.329
75 117 115.424
75 118 131.255
75 119 129.218
76 77 127.932
76 78 105.992
76 79 139.160
76 80 122.391
76 81 152.110
76 82 89.492
76 83 128.843
76 84 100.431
76 85 129.376
76 86 86.386
76 87 103.813
76 88 122.328
76 89 130.150
76 90 66.921
76 91 105.589
76 92 128.896
76 93 104.666
76 94 124.991
76 95 133.580
76 96 116.417
76 97 99.238
76 98 104.768
76 99 76.558
76 100 104.810
76 101 71.468
76 102 122.513
76 103 58.339
76 104 120.684
76 105 119.321
76 106 93.662
76 107 44.555
76 108 84.394
76 109 113.371
76 110 115.740
76 111 104.636
76 112 106.165
76 113 75.165
76 114 104.837
76 115 97.938
76 116 91.025
76 117 107.412
76 118 97.296
76 119 116.599
77 78 110.482
77 79 149.776
77 80 134.835
77 81 151.689
77 82 128.907
77 83 136.876
77 84 132.610
77 85 146.118
77 86 123.587
77 87 127.630
77 88 120.364
77 89 134.953
77 90 129.826
77 91 147.740
77 92 113.023
77 93 110.009
77 94 78.910
77 95 151.822
77 96 91.128
77 97 113.615
77 98 107.051
77 99 149.374
77 100 136.023
77 101 116.098
77 102 139.109
77 103 107.547
77 104 89.482
77 105 115.941
77 106 142.252
77 107 108.045
77 108 113.612
77 109 140.529
77 110 131.239
77 111 147.126
77 112 89.655
77 113 149.063
77 114 118.473
77 115 104.310
77 116 97.421
77 117 129.246
77 118 167.008
77 119 112.404
78 79 152.941
78 80 136.667
78 81 138.280
78 82 56.757
78 83 155.651
78 84 83.640
78 85 157.498
78 86 99.035
78 87 112.551
78 88 133.133
78 89 148.417
78 90 115.100
78 91 168.565
78 92 96.657
78 93 98.575
78 94 130.841
78 95 123.400
78 96 137.982
78 97 133.849
78 98 125.057
78 99 111.156
78 100 91.715
78 101 105.881
78 102 108.225
78 103 114.800
78 104 114.043
78 105 152.619
78 106 140.165
78 107 94.435
78 108 82.668
78 109 151.556
78 110 138.991
78 111 105.921
78 112 105.054
78 113 149.599
78 114 108.331
78 115 98.157
78 116 95.501
78 117 139.206
78 118 147.549
78 119 91.184
79 80 128.421
79 81 116.078
79 82 138.653
79 83 133.684
79 84 164.115
79 85 89.288
79 86 147.359
79 87 153.520
79 88 94.469
79 89 102.915
79 90 159.309
79 91 116.596
79 92 170.628
79 93 154.206
79 94 106.024
79 95 122.434
79 96 145.865
79 97 119.332
79 98 99.032
79 99 144.680
79 100 133.587
79 101 132.690
79 102 151.353
79 103 154.515
79 104 163.320
79 105 126.673
79 106 137.887
79 107 127.509
79 108 83.939
79 109 171.887
79 110 164.031
79 111 123.874
79 112 139.027
79 113 156.222
79 114 111.521
79 115 174.057
79 116 101.670
79 117 165.587
79 118 110.876
79 119 142.374
80 81 58.892
80 82 144.278
80 83 47.806
80 84 138.974
80 85 107.019
80 86 125.541
80 87 163.435
80 88 76.404
80 89 103.793
80 90 137.190
80 91 99.309
80 92 102.004
80 93 113.704
80 94 105.690
80 95 89.744
80 96 86.002
80 97 129.831
80 98 124.308
80 99 128.437
80 100 97.548
80 101 146.603
80 102 126.899
80 103 117.435
80 104 92.848
80 105 119.399
80 106 83.241
80 107 86.524
80 108 90.996
80 109 87.545
80 110 114.533
80 111 96.568
80 112 130.092
80 113 119.313
80 114 158.357
80 115 153.730
80 116 110.457
80 117 124.327
80 118 96.260
80 119 116.737
81 82 150.254
81 83 79.700
81 84 158.970
81 85 104.456
81 86 154.773
81 87 179.284
81 88 82.333
81 89 101.946
81 90 163.545
81 91 136.735
81 92 121.033
81 93 119.345
81 94 120.645
81 95 83.033
81 96 121.305
81 97 160.559
81 98 130.639
81 99 140.549
81 100 99.509
81 101 169.722
81 102 119.170
81 103 148.604
81 104 125.877
81 105 146.453
81 106 107.884
81 107 116.516
81 108 92.110
81 109 137.000
81 110 154.116
81 111 94.189
81 112 139.313
81 113 155.757
81 114 159.372
81 115 180.182
81 116 126.767
81 117 139.183
81 118 115.826
81 119 133.362
82 83 155.153
82 84 104.758
82 85 165.276
82 86 103.623
82 87 129.057
82 88 140.844
82 89 162.768
82 90 115.308
82 91 155.851
82 92 112.996
82 93 106.928
82 94 139.596
82 95 129.661
82 96 155.618
82 97 125.111
82 98 128.616
82 99 104.965
82 100 119.266
82 101 90.029
82 102 134.571
82 103 117.954
82 104 138.506
82 105 156.909
82 106 128.952
82 107 88.829
82 108 83.878
82 109 161.546
82 110 152.544
82 111 123.376
82 112 105.760
82 113 138.612
82 114 87.405
82 115 119.823
82 116 97.323
82 117 155.704
82 118 125.018
82 119 103.431
83 84 166.380
83 85 119.335
83 86 150.774
83 87 183.158
83 88 89.245
83 89 121.842
83 90 153.652
83 91 98.347
83 92 114.695
83 93 108.480
83 94 106.155
83 95 112.803
83 96 93.178
83 97 145.628
83 98 123.372
83 99 127.352
83 100 127.663
83 101 156.200
83 102 135.674
83 103 113.918
83 104 106.899
83 105 134.648
83 106 63.043
83 107 89.946
83 108 112.073
83 109 111.622
83 110 141.142
83 111 118.813
83 112 126.128
83 113 116.360
83 114 158.783
83 115 172.923
83 116 124.704
83 117 119.175
83 118 91.302
83 119 132.282
84 85 153.454
84 86 42.006
84 87 78.263
84 88 141.078
84 89 149.208
84 90 119.304
84 91 140.339
84 92 131.679
84 93 150.434
84 94 130.993
84 95 149.209
84 96 119.350
84 97 105.456
84 98 120.129
84 99 112.528
84 100 83.975
84 101 105.082
84 102 131.653
84 103 110.755
84 104 103.801
84 105 143.757
84 106 161.812
84 107 100.607
84 108 96.274
84 109 129.868
84 110 78.986
84 111 102.198
84 112 153.381
84 113 145.191
84 114 151.474
84 115 57.528
84 116 76.784
84 117 147.508
84 118 142.583
84 119 75.898
85 86 145.274
85 87 130.346
85 88 70.738
85 89 30.195
85 90 134.007
85 91 114.399
85 92 165.887
85 93 139.738
85 94 102.844
85 95 112.927
85 96 111.098
85 97 130.776
85 98 91.770
85 99 133.363
85 100 95.327
85 101 140.538
85 102 109.392
85 103 126.463
85 104 139.460
85 105 101.696
85 106 123.998
85 107 115.047
85 108 89.217
85 109 134.041
85 110 141.469
85 111 86.449
85 112 136.105
85 113 131.272
85 114 137.667
85 115 155.451
85 116 112.671
85 117 112.427
85 118 123.353
85 119 150.210
86 87 87.007
86 88 130.659
86 89 142.817
86 90 109.521
86 91 110.488
86 92 129.684
86 93 150.740
86 94 117.210
86 95 145.232
86 96 106.375
86 97 70.923
86 98 113.800
86 99 116.882
86 100 98.245
86 101 89.782
86 102 147.890
86 103 105.312
86 104 99.448
86 105 122.908
86 106 149.188
86 107 89.259
86 108 88.650
86 109 112.677
86 110 58.205
86 111 112.636
86 112 147.119
86 113 130.522
86 114 143.322
86 115 63.657
86 116 61.637
86 117 151.226
86 118 125.503
86 119 75.812
87 88 130.044
87 89 127.533
87 90 110.667
87 91 149.428
87 92 155.794
87 93 157.348
87 94 118.681
87 95 152.992
87 96 128.532
87 97 100.372
87 98 107.733
87 99 126.248
87 100 97.618
87 101 82.927
87 102 119.748
87 103 107.239
87 104 121.964
87 105 115.240
87 106 170.075
87 107 114.572
87 108 108.943
87 109 140.478
87 110 108.686
87 111 108.693
87 112 138.443
87 113 132.761
87 114 127.248
87 115 57.598
87 116 88.001
87 117 136.843
87 118 159.817
87 119 110.844
88 89 71.113
88 90 132.671
88 91 111.558
88 92 109.088
88 93 119.473
88 94 69.532
88 95 65.129
88 96 99.699
88 97 110.816
88 98 104.097
88 99 133.466
88 100 92.224
88 101 115.248
88 102 102.916
88 103 116.396
88 104 97.565
88 105 77.795
88 106 101.162
88 107 95.898
88 108 84.772
88 109 103.031
88 110 127.378
88 111 86.229
88 112 102.330
88 113 106.201
88 114 118.776
88 115 142.208
88 116 96.129
88 117 123.537
88 118 108.810
88 119 113.287
89 90 121.386
89 91 127.407
89 92 155.433
89 93 130.376
89 94 105.273
89 95 106.523
89 96 106.849
89 97 131.285
89 98 102.516
89 99 141.913
89 100 89.224
89 101 140.075
89 102 106.194
89 103 126.758
89 104 132.307
89 105 93.166
89 106 126.330
89 107 115.101
89 108 87.218
89 109 124.704
89 110 138.541
89 111 89.242
89 112 126.920
89 113 134.458
89 114 136.339
89 115 148.154
89 116 116.463
89 117 109.424
89 118 138.658
89 119 151.566
90 91 145.027
90 92 136.116
90 93 109.694
90 94 146.891
90 95 134.358
90 96 132.304
90 97 116.276
90 98 138.681
90 99 128.910
90 100 112.903
90 101 92.276
90 102 133.895
90 103 95.531
90 104 136.437
90 105 107.618
90 106 121.166
90 107 86.684
90 108 100.263
90 109 109.681
90 110 132.262
90 111 124.851
90 112 104.862
90 113 102.219
90 114 114.046
90 115 106.021
90 116 124.456
90 117 119.595
90 118 148.815
90 119 151.998
91 92 161.813
91 93 159.347
91 94 103.447
91 95 151.696
91 96 92.717
91 97 92.864
91 98 99.585
91 99 121.566
91 100 135.066
91 101 129.038
91 102 165.556
91 103 109.734
91 104 124.230
91 105 120.088
91 106 112.930
91 107 93.919
91 108 108.657
91 109 116.644
91 110 100.011
91 111 127.721
91 112 158.633
91 113 113.133
91 114 160.148
91 115 145.814
91 116 92.249
91 117 142.040
91 118 76.060
91 119 123.569
92 93 99.078
92 94 119.483
92 95 93.861
92 96 126.161
92 97 139.884
92 98 156.241
92 99 145.816
92 100 119.587
92 101 123.416
92 102 127.142
92 103 122.285
92 104 79.607
92 105 132.896
92 106 113.689
92 107 99.319
92 108 118.589
92 109 108.934
92 110 139.861
92 111 127.897
92 112 94.564
92 113 124.871
92 114 135.929
92 115 133.704
92 116 123.526
92 117 148.793
92 118 144.386
92 119 101.063
93 94 130.242
93 95 118.326
93 96 125.433
93 97 161.391
93 98 125.321
93 99 107.593
93 100 115.692
93 101 132.398
93 102 95.739
93 103 92.402
93 104 122.318
93 105 148.192
93 106 77.537
93 107 78.472
93 108 101.072
93 109 142.130
93 110 169.188
93 111 115.794
93 112 65.578
93 113 121.618
93 114 108.707
93 115 146.323
93 116 131.518
93 117 88.898
93 118 135.996
93 119 140.463
94 95 123.336
94 96 74.935
94 97 91.712
94 98 75.438
94 99 132.750
94 100 116.328
94 101 108.821
94 102 123.649
94 103 105.213
94 104 79.057
94 105 91.524
94 106 125.263
94 107 99.124
94 108 98.134
94 109 124.570
94 110 112.554
94 111 115.189
94 112 107.459
94 113 125.362
94 114 120.913
94 115 118.400
94 116 68.700
94 117 127.131
94 118 123.649
94 119 89.009
95 96 144.096
95 97 140.707
95 98 148.893
95 99 147.593
95 100 96.955
95 101 128.052
95 102 111.210
95 103 143.025
95 104 123.983
95 105 112.044
95 106 108.650
95 107 111.039
95 108 95.151
95 109 115.090
95 110 155.043
95 111 94.957
95 112 108.626
95 113 120.507
95 114 124.255
95 115 162.469
95 116 127.532
95 117 150.901
95 118 123.723
95 119 130.566
96 97 109.569
96 98 89.285
96 99 124.796
96 100 106.395
96 101 135.208
96 102 128.055
96 103 86.450
96 104 63.950
96 105 109.799
96 106 118.523
96 107 88.288
96 108 105.730
96 109 97.012
96 110 80.937
96 111 112.506
96 112 131.819
96 113 125.831
96 114 160.828
96 115 109.292
96 116 88.386
96 117 99.457
96 118 128.972
96 119 104.840
97 98 112.571
97 99 145.702
97 100 129.778
97 101 72.074
97 102 166.441
97 103 118.002
97 104 111.226
97 105 79.741
97 106 147.369
97 107 102.907
97 108 99.407
97 109 111.547
97 110 83.674
97 111 136.958
97 112 133.927
97 113 119.510
97 114 123.695
97 115 95.878
97 116 67.377
97 117 164.807
97 118 126.541
97 119 101.332
98 99 88.017
98 100 103.590
98 101 117.272
98 102 108.920
98 103 88.852
98 104 117.490
98 105 129.989
98 106 124.876
98 107 89.078
98 108 81.362
98 109 154.134
98 110 124.207
98 111 95.913
98 112 125.708
98 113 134.410
98 114 119.908
98 115 117.289
98 116 64.698
98 117 100.055
98 118 109.594
98 119 105.061
99 100 97.956
99 101 121.666
99 102 97.026
99 103 71.515
99 104 131.396
99 105 166.073
99 106 100.633
99 107 66.467
99 108 94.621
99 109 153.885
99 110 140.728
99 111 83.697
99 112 132.800
99 113 113.686
99 114 132.098
99 115 126.912
99 116 99.819
99 117 93.025
99 118 87.523
99 119 112.245
100 101 122.474
100 102 70.495
100 103 104.080
100 104 101.913
100 105 125.949
100 106 124.094
100 107 87.430
100 108 67.783
100 109 115.247
100 110 108.780
100 111 31.547
100 112 129.586
100 113 127.213
100 114 138.951
100 115 107.112
100 116 91.275
100 117 104.833
100 118 121.905
100 119 100.752
101 102 136.793
101 103 96.380
101 104 120.093
101 105 95.798
101 106 131.643
101 107 86.669
101 108 99.155
101 109 125.409
101 110 123.282
101 111 125.762
101 112 96.813
101 113 92.080
101 114 78.407
101 115 88.536
101 116 84.205
101 117 147.363
101 118 127.270
101 119 105.896
102 103 101.011
102 104 119.990
102 105 147.073
102 106 118.915
102 107 101.216
102 108 103.642
102 109 148.001
102 110 158.977
102 111 61.575
102 112 110.816
102 113 127.876
102 114 130.329
102 115 134.644
102 116 123.321
102 117 79.898
102 118 140.374
102 119 128.058
103 104 93.812
103 105 123.446
103 106 89.286
103 107 46.687
103 108 102.531
103 109 111.874
103 110 114.457
103 111 101.780
103 112 100.701
103 113 77.620
103 114 122.880
103 115 94.540
103 116 94.775
103 117 67.752
103 118 110.778
103 119 110.619
104 105 111.745
104 106 124.849
104 107 90.271
104 108 113.674
104 109 87.069
104 110 83.687
104 111 111.905
104 112 119.030
104 113 119.589
104 114 154.253
104 115 95.237
104 116 90.235
104 117 122.054
104 118 137.498
104 119 73.701
105 106 135.306
105 107 114.285
105 108 112.908
105 109 88.100
105 110 116.124
105 111 132.391
105 112 112.068
105 113 104.381
105 114 124.270
105 115 124.019
105 116 110.442
105 117 146.609
105 118 147.628
105 119 138.592
106 107 65.018
106 108 105.563
106 109 116.993
106 110 156.464
106 111 112.314
106 112 98.509
106 113 81.462
106 114 127.705
106 115 164.558
106 116 129.515
106 117 100.383
106 118 82.829
106 119 142.076
107 108 69.332
107 109 99.443
107 110 107.470
107 111 85.024
107 112 90.454
107 113 75.030
107 114 107.057
107 115 103.042
107 116 77.834
107 117 88.457
107 118 80.121
107 119 94.570
108 109 125.632
108 110 115.604
108 111 71.277
108 112 105.936
108 113 123.980
108 114 98.283
108 115 114.252
108 116 64.018
108 117 118.296
108 118 96.525
108 119 97.568
109 110 89.777
109 111 124.631
109 112 137.222
109 113 92.160
109 114 169.040
109 115 125.422
109 116 126.740
109 117 137.952
109 118 136.234
109 119 131.527
110 111 122.623
110 112 167.228
110 113 135.265
110 114 178.446
110 115 84.888
110 116 84.796
110 117 151.158
110 118 137.703
110 119 92.935
111 112 130.869
111 113 119.351
111 114 136.662
111 115 124.529
111 116 94.657
111 117 99.441
111 118 103.719
111 119 105.567
112 113 108.301
112 114 67.559
112 115 135.296
112 116 121.850
112 117 117.345
112 118 145.385
112 119 135.623
113 114 126.521
113 115 134.548
113 116 125.390
113 117 116.319
113 118 103.611
113 119 138.185
114 115 140.629
114 116 113.394
114 117 148.251
114 118 141.206
114 119 140.346
115 116 84.766
115 117 136.275
115 118 162.590
115 119 93.559
116 117 132.184
116 118 102.605
116 119 56.791
117 118 139.408
117 119 150.695
118 119 118.162
