30 5 ss 6 6 6 6 6 6 6 6 6 6 
0 1 123.307
0 2 138.343
0 3 177.801
0 4 159.264
0 5 126.709
0 6 141.884
0 7 165.192
0 8 147.534
0 9 163.215
0 10 157.310
0 11 125.932
0 12 161.899
0 13 148.913
0 14 192.864
0 15 167.933
0 16 142.540
0 17 168.714
0 18 159.482
0 19 182.103
0 20 155.786
0 21 140.691
0 22 137.845
0 23 166.681
0 24 160.537
0 25 185.049
0 26 149.759
0 27 139.018
0 28 175.845
0 29 178.190
1 2 159.491
1 3 193.625
1 4 162.291
1 5 166.252
1 6 168.520
1 7 157.151
1 8 136.344
1 9 172.251
1 10 138.831
1 11 161.319
1 12 190.023
1 13 154.459
1 14 137.869
1 15 151.599
1 16 152.794
1 17 149.161
1 18 125.300
1 19 177.266
1 20 122.305
1 21 192.576
1 22 133.989
1 23 137.444
1 24 139.894
1 25 160.930
1 26 116.953
1 27 177.344
1 28 157.750
1 29 170.592
2 3 140.043
2 4 147.021
2 5 176.787
2 6 152.021
2 7 179.903
2 8 170.211
2 9 148.953
2 10 194.080
2 11 151.232
2 12 157.839
2 13 178.954
2 14 167.206
2 15 180.508
2 16 140.617
2 17 186.248
2 18 190.567
2 19 135.881
2 20 163.044
2 21 157.605
2 22 146.205
2 23 214.764
2 24 159.495
2 25 150.919
2 26 170.491
2 27 175.649
2 28 146.194
2 29 143.015
3 4 167.988
3 5 145.666
3 6 164.783
3 7 165.857
3 8 158.088
3 9 96.568
3 10 190.632
3 11 156.934
3 12 152.485
3 13 172.471
3 14 192.114
3 15 163.671
3 16 149.528
3 17 175.825
3 18 184.667
3 19 159.296
3 20 214.407
3 21 184.886
3 22 150.023
3 23 213.805
3 24 181.860
3 25 124.397
3 26 210.193
3 27 176.192
3 28 202.567
3 29 182.390
4 5 191.086
4 6 145.606
4 7 156.974
4 8 200.555
4 9 172.616
4 10 181.063
4 11 181.254
4 12 137.320
4 13 192.118
4 14 179.993
4 15 195.010
4 16 148.212
4 17 179.797
4 18 198.077
4 19 193.552
4 20 166.997
4 21 151.621
4 22 163.603
4 23 201.846
4 24 147.134
4 25 175.183
4 26 147.980
4 27 160.896
4 28 210.263
4 29 146.518
5 6 160.377
5 7 167.032
5 8 159.321
5 9 153.609
5 10 174.937
5 11 156.864
5 12 169.302
5 13 185.668
5 14 204.883
5 15 150.239
5 16 172.153
5 17 175.665
5 18 151.820
5 19 194.627
5 20 199.678
5 21 180.577
5 22 113.242
5 23 166.647
5 24 190.130
5 25 185.451
5 26 193.144
5 27 167.851
5 28 201.452
5 29 218.773
6 7 141.580
6 8 210.673
6 9 184.796
6 10 196.365
6 11 152.667
6 12 182.119
6 13 193.951
6 14 227.103
6 15 190.730
6 16 183.922
6 17 190.610
6 18 184.451
6 19 188.992
6 20 191.989
6 21 148.514
6 22 137.023
6 23 206.024
6 24 164.304
6 25 164.216
6 26 184.541
6 27 179.591
6 28 179.679
6 29 195.996
7 8 196.763
7 9 155.073
7 10 148.031
7 11 187.024
7 12 179.672
7 13 138.929
7 14 186.491
7 15 162.555
7 16 193.099
7 17 127.088
7 18 123.424
7 19 147.956
7 20 176.004
7 21 149.163
7 22 150.000
7 23 142.923
7 24 172.773
7 25 149.859
7 26 194.808
7 27 192.328
7 28 173.927
7 29 169.033
8 9 130.204
8 10 150.594
8 11 163.224
8 12 178.914
8 13 152.823
8 14 144.423
8 15 156.472
8 16 155.097
8 17 169.899
8 18 165.025
8 19 182.133
8 20 177.990
8 21 198.031
8 22 158.690
8 23 175.375
8 24 173.777
8 25 153.616
8 26 180.315
8 27 174.208
8 28 197.649
8 29 203.041
9 10 155.699
9 11 161.217
9 12 157.782
9 13 134.343
9 14 152.051
9 15 139.374
9 16 153.732
9 17 124.139
9 18 167.923
9 19 137.759
9 20 188.801
9 21 159.703
9 22 142.062
9 23 171.898
9 24 157.156
9 25 109.222
9 26 186.753
9 27 151.831
9 28 181.629
9 29 163.352
10 11 207.363
10 12 169.480
10 13 110.447
10 14 137.668
10 15 133.565
10 16 145.391
10 17 127.823
10 18 133.943
10 19 159.435
10 20 114.797
10 21 170.240
10 22 147.803
10 23 178.036
10 24 154.950
10 25 177.462
10 26 196.257
10 27 181.849
10 28 175.870
10 29 159.744
11 12 172.728
11 13 163.969
11 14 216.821
11 15 165.855
11 16 152.181
11 17 211.052
11 18 173.375
11 19 190.436
11 20 193.869
11 21 171.857
11 22 181.409
11 23 201.423
11 24 186.440
11 25 143.838
11 26 164.072
11 27 185.679
11 28 172.870
11 29 173.639
12 13 189.298
12 14 182.411
12 15 188.773
12 16 115.256
12 17 165.560
12 18 175.259
12 19 190.563
12 20 182.829
12 21 132.776
12 22 186.618
12 23 222.937
12 24 147.216
12 25 180.755
12 26 162.680
12 27 133.748
12 28 200.684
12 29 144.008
13 14 170.970
13 15 142.924
13 16 153.303
13 17 162.792
13 18 144.847
13 19 155.485
13 20 152.508
13 21 164.120
13 22 163.853
13 23 177.308
13 24 193.758
13 25 148.407
13 26 214.650
13 27 189.246
13 28 158.863
13 29 134.479
14 15 158.530
14 16 147.472
14 17 149.530
14 18 176.377
14 19 150.151
14 20 161.076
14 21 183.793
14 22 161.168
14 23 194.435
14 24 143.918
14 25 165.561
14 26 178.231
14 27 215.335
14 28 191.771
14 29 154.471
15 16 166.037
15 17 165.188
15 18 108.806
15 19 158.614
15 20 160.597
15 21 196.114
15 22 127.545
15 23 159.408
15 24 141.858
15 25 158.890
15 26 182.278
15 27 197.077
15 28 151.328
15 29 173.176
16 17 179.402
16 18 182.684
16 19 180.333
16 20 158.674
16 21 149.879
16 22 167.688
16 23 236.368
16 24 153.466
16 25 158.767
16 26 175.041
16 27 178.765
16 28 183.034
16 29 123.108
17 18 141.717
17 19 144.806
17 20 163.086
17 21 160.974
17 22 163.445
17 23 150.534
17 24 132.193
17 25 153.751
17 26 163.430
17 27 160.528
17 28 182.439
17 29 182.870
18 19 169.846
18 20 152.007
18 21 195.236
18 22 148.082
18 23 121.191
18 24 153.353
18 25 169.531
18 26 161.632
18 27 179.195
18 28 139.018
18 29 174.664
19 20 174.773
19 21 168.570
19 22 176.444
19 23 204.244
19 24 162.354
19 25 136.072
19 26 209.311
19 27 212.228
19 28 156.669
19 29 153.199
20 21 197.266
20 22 162.989
20 23 184.982
20 24 165.423
20 25 188.012
20 26 158.650
20 27 192.270
20 28 144.875
20 29 154.427
21 22 175.567
21 23 217.909
21 24 157.726
21 25 171.690
21 26 194.440
21 27 169.950
21 28 188.912
21 29 147.711
22 23 152.464
22 24 155.576
22 25 171.013
22 26 181.841
22 27 168.359
22 28 167.862
22 29 188.456
23 24 185.464
23 25 202.286
23 26 159.757
23 27 179.647
23 28 202.544
23 29 222.589
24 25 166.436
24 26 115.418
24 27 152.215
24 28 171.855
24 29 163.555
25 26 190.366
25 27 197.582
25 28 147.371
25 29 157.253
26 27 150.432
26 28 189.444
26 29 182.704
27 28 201.826
27 29 186.309
28 29 149.004
