30 5 ss 6 6 6 6 6 6 6 6 6 6 
0 1 194.487
0 2 186.112
0 3 157.988
0 4 124.930
0 5 158.840
0 6 176.379
0 7 185.366
0 8 180.843
0 9 233.173
0 10 147.758
0 11 166.160
0 12 163.634
0 13 174.928
0 14 164.192
0 15 180.668
0 16 168.405
0 17 144.418
0 18 152.662
0 19 178.151
0 20 185.056
0 21 172.166
0 22 176.881
0 23 188.273
0 24 143.989
0 25 186.207
0 26 163.793
0 27 152.186
0 28 194.061
0 29 180.539
1 2 182.608
1 3 154.079
1 4 193.210
1 5 164.170
1 6 233.184
1 7 198.832
1 8 207.440
1 9 205.329
1 10 137.531
1 11 215.466
1 12 256.775
1 13 181.848
1 14 214.984
1 15 179.050
1 16 189.841
1 17 190.136
1 18 190.560
1 19 178.847
1 20 238.808
1 21 179.751
1 22 195.373
1 23 194.034
1 24 169.213
1 25 179.899
1 26 187.335
1 27 170.934
1 28 176.434
1 29 128.286
2 3 183.530
2 4 188.099
2 5 175.834
2 6 208.522
2 7 226.738
2 8 166.473
2 9 222.043
2 10 142.617
2 11 215.155
2 12 216.638
2 13 192.675
2 14 139.224
2 15 180.873
2 16 214.264
2 17 131.037
2 18 168.273
2 19 165.123
2 20 215.041
2 21 213.752
2 22 202.318
2 23 168.247
2 24 204.210
2 25 204.466
2 26 165.680
2 27 184.542
2 28 199.423
2 29 174.537
3 4 189.440
3 5 169.246
3 6 213.961
3 7 219.848
3 8 179.182
3 9 212.779
3 10 133.818
3 11 213.671
3 12 213.109
3 13 185.222
3 14 165.564
3 15 164.778
3 16 201.373
3 17 179.177
3 18 167.145
3 19 173.542
3 20 182.364
3 21 180.652
3 22 184.482
3 23 195.038
3 24 168.382
3 25 156.936
3 26 182.251
3 27 154.089
3 28 174.126
3 29 170.598
4 5 150.308
4 6 142.418
4 7 200.552
4 8 163.023
4 9 207.804
4 10 157.514
4 11 179.742
4 12 146.269
4 13 166.293
4 14 142.479
4 15 196.481
4 16 162.539
4 17 149.149
4 18 166.968
4 19 168.676
4 20 183.691
4 21 167.170
4 22 142.468
4 23 201.632
4 24 153.340
4 25 208.663
4 26 138.360
4 27 167.808
4 28 187.113
4 29 157.145
5 6 174.261
5 7 202.364
5 8 171.890
5 9 166.842
5 10 162.137
5 11 160.195
5 12 189.268
5 13 138.384
5 14 177.432
5 15 173.674
5 16 108.401
5 17 171.896
5 18 153.251
5 19 109.554
5 20 156.554
5 21 123.258
5 22 187.581
5 23 189.082
5 24 131.476
5 25 162.397
5 26 169.855
5 27 151.120
5 28 152.475
5 29 162.050
6 7 185.442
6 8 214.918
6 9 198.502
6 10 187.777
6 11 179.920
6 12 171.123
6 13 150.180
6 14 167.632
6 15 192.510
6 16 179.282
6 17 178.519
6 18 144.869
6 19 181.797
6 20 173.206
6 21 205.126
6 22 179.691
6 23 191.523
6 24 186.123
6 25 178.616
6 26 138.154
6 27 211.496
6 28 205.290
6 29 187.337
7 8 190.054
7 9 222.081
7 10 174.901
7 11 209.493
7 12 175.257
7 13 137.926
7 14 219.256
7 15 163.459
7 16 190.887
7 17 170.179
7 18 153.406
7 19 200.319
7 20 201.691
7 21 202.868
7 22 202.370
7 23 184.652
7 24 167.684
7 25 188.768
7 26 169.261
7 27 196.257
7 28 200.558
7 29 212.778
8 9 206.905
8 10 146.654
8 11 179.233
8 12 145.248
8 13 156.408
8 14 141.584
8 15 173.728
8 16 184.200
8 17 102.793
8 18 167.051
8 19 126.868
8 20 154.835
8 21 172.775
8 22 166.527
8 23 219.859
8 24 166.267
8 25 184.836
8 26 149.184
8 27 155.424
8 28 190.414
8 29 196.198
9 10 220.783
9 11 207.159
9 12 196.464
9 13 135.819
9 14 221.002
9 15 178.073
9 16 152.035
9 17 203.658
9 18 181.312
9 19 178.213
9 20 212.736
9 21 182.790
9 22 218.442
9 23 232.317
9 24 166.370
9 25 187.119
9 26 199.498
9 27 221.568
9 28 161.755
9 29 206.678
10 11 187.872
10 12 187.418
10 13 162.065
10 14 153.723
10 15 178.132
10 16 198.838
10 17 131.447
10 18 166.794
10 19 152.828
10 20 174.370
10 21 158.992
10 22 144.083
10 23 176.230
10 24 160.790
10 25 176.941
10 26 149.597
10 27 137.479
10 28 205.980
10 29 145.884
11 12 204.396
11 13 186.689
11 14 177.404
11 15 200.734
11 16 164.044
11 17 135.913
11 18 179.026
11 19 122.513
11 20 168.818
11 21 166.253
11 22 191.227
11 23 216.147
11 24 152.482
11 25 156.082
11 26 170.739
11 27 154.938
11 28 197.073
11 29 170.179
12 13 147.306
12 14 166.656
12 15 205.823
12 16 190.402
12 17 157.760
12 18 172.680
12 19 189.052
12 20 153.861
12 21 188.223
12 22 174.346
12 23 222.331
12 24 177.235
12 25 210.152
12 26 185.014
12 27 186.633
12 28 210.405
12 29 236.452
13 14 195.712
13 15 151.763
13 16 132.810
13 17 159.882
13 18 130.427
13 19 154.393
13 20 167.994
13 21 168.412
13 22 182.377
13 23 201.918
13 24 143.401
13 25 151.041
13 26 142.210
13 27 191.139
13 28 179.904
13 29 181.145
14 15 167.044
14 16 208.963
14 17 117.041
14 18 167.586
14 19 153.727
14 20 159.964
14 21 187.623
14 22 146.136
14 23 181.766
14 24 177.436
14 25 193.960
14 26 152.907
14 27 147.727
14 28 187.943
14 29 172.609
15 16 173.287
15 17 148.754
15 18 141.298
15 19 166.267
15 20 201.575
15 21 170.418
15 22 192.646
15 23 182.645
15 24 147.466
15 25 168.239
15 26 163.627
15 27 170.723
15 28 131.789
15 29 184.218
16 17 182.216
16 18 135.335
16 19 141.631
16 20 190.871
16 21 153.836
16 22 213.224
16 23 224.072
16 24 137.695
16 25 160.919
16 26 164.591
16 27 187.110
16 28 160.864
16 29 177.285
17 18 143.957
17 19 127.182
17 20 174.609
17 21 175.564
17 22 147.086
17 23 187.292
17 24 158.782
17 25 169.343
17 26 123.546
17 27 129.536
17 28 175.589
17 29 156.367
18 19 132.083
18 20 147.602
18 21 211.107
18 22 178.834
18 23 147.540
18 24 144.767
18 25 142.551
18 26 98.791
18 27 166.276
18 28 139.442
18 29 169.398
19 20 117.327
19 21 158.337
19 22 156.092
19 23 178.253
19 24 133.036
19 25 132.105
19 26 140.219
19 27 126.881
19 28 140.823
19 29 154.051
20 21 193.668
20 22 163.809
20 23 176.048
20 24 148.207
20 25 171.690
20 26 167.631
20 27 154.923
20 28 189.404
20 29 210.813
21 22 199.397
21 23 229.577
21 24 151.133
21 25 182.999
21 26 214.056
21 27 155.473
21 28 183.279
21 29 186.524
22 23 204.509
22 24 153.710
22 25 198.109
22 26 157.277
22 27 141.017
22 28 193.490
22 29 156.138
23 24 164.799
23 25 208.120
23 26 169.810
23 27 185.414
23 28 166.468
23 29 184.101
24 25 181.199
24 26 155.404
24 27 151.067
24 28 154.120
24 29 162.461
25 26 177.904
25 27 175.442
25 28 160.999
25 29 179.031
26 27 178.853
26 28 174.250
26 29 143.257
27 28 160.345
27 29 143.787
28 29 177.793
