60 6 ds 8 12 8 14 10 10 10 14 9 11 10 14 
0 1 201.429
0 2 190.559
0 3 173.513
0 4 164.942
0 5 165.896
0 6 158.924
0 7 142.945
0 8 140.116
0 9 162.663
0 10 210.287
0 11 157.841
0 12 155.390
0 13 184.771
0 14 204.901
0 15 197.377
0 16 143.019
0 17 133.612
0 18 201.027
0 19 150.728
0 20 143.434
0 21 206.765
0 22 175.082
0 23 133.189
0 24 181.042
0 25 207.799
0 26 165.628
0 27 148.089
0 28 159.943
0 29 175.498
0 30 139.713
0 31 174.229
0 32 153.290
0 33 156.396
0 34 135.650
0 35 107.029
0 36 163.527
0 37 201.712
0 38 182.210
0 39 188.239
0 40 208.124
0 41 195.242
0 42 179.320
0 43 138.533
0 44 180.062
0 45 164.328
0 46 187.523
0 47 193.095
0 48 139.883
0 49 195.321
0 50 192.834
0 51 166.335
0 52 221.524
0 53 175.885
0 54 174.907
0 55 171.520
0 56 173.000
0 57 142.283
0 58 197.911
0 59 182.534
1 2 140.110
1 3 202.922
1 4 199.281
1 5 150.725
1 6 175.033
1 7 188.181
1 8 155.258
1 9 193.982
1 10 165.391
1 11 196.680
1 12 183.401
1 13 180.368
1 14 152.083
1 15 183.278
1 16 202.579
1 17 163.289
1 18 125.158
1 19 142.205
1 20 176.554
1 21 179.036
1 22 171.283
1 23 159.094
1 24 164.143
1 25 146.649
1 26 192.991
1 27 153.546
1 28 126.940
1 29 148.595
1 30 161.277
1 31 174.065
1 32 149.917
1 33 210.145
1 34 179.952
1 35 173.891
1 36 148.235
1 37 202.466
1 38 189.130
1 39 153.987
1 40 144.466
1 41 189.799
1 42 118.381
1 43 191.884
1 44 121.638
1 45 198.436
1 46 162.766
1 47 139.254
1 48 173.545
1 49 179.398
1 50 173.018
1 51 163.215
1 52 185.725
1 53 198.680
1 54 169.153
1 55 134.374
1 56 181.524
1 57 185.704
1 58 179.912
1 59 124.419
2 3 181.815
2 4 179.720
2 5 151.976
2 6 192.210
2 7 129.895
2 8 143.741
2 9 167.312
2 10 151.560
2 11 188.046
2 12 186.213
2 13 167.084
2 14 141.837
2 15 144.273
2 16 165.679
2 17 186.218
2 18 141.647
2 19 140.263
2 20 176.266
2 21 179.467
2 22 162.490
2 23 124.404
2 24 151.230
2 25 116.025
2 26 166.359
2 27 156.780
2 28 154.665
2 29 176.787
2 30 160.989
2 31 139.111
2 32 200.231
2 33 166.435
2 34 139.419
2 35 157.852
2 36 178.600
2 37 195.532
2 38 120.089
2 39 164.471
2 40 126.934
2 41 163.980
2 42 122.675
2 43 160.596
2 44 134.196
2 45 188.793
2 46 113.865
2 47 125.960
2 48 139.524
2 49 179.514
2 50 164.120
2 51 137.165
2 52 216.243
2 53 158.569
2 54 164.534
2 55 103.861
2 56 152.621
2 57 156.136
2 58 158.764
2 59 171.394
3 4 152.436
3 5 157.546
3 6 161.032
3 7 153.752
3 8 146.333
3 9 183.499
3 10 199.326
3 11 148.779
3 12 189.354
3 13 170.644
3 14 172.779
3 15 159.445
3 16 169.328
3 17 167.276
3 18 219.800
3 19 162.471
3 20 180.101
3 21 187.198
3 22 126.542
3 23 139.691
3 24 200.646
3 25 178.121
3 26 172.974
3 27 154.741
3 28 193.249
3 29 213.843
3 30 183.535
3 31 168.879
3 32 165.801
3 33 148.104
3 34 174.566
3 35 150.966
3 36 172.106
3 37 148.984
3 38 200.497
3 39 157.726
3 40 167.321
3 41 177.719
3 42 168.958
3 43 186.230
3 44 166.208
3 45 126.253
3 46 148.376
3 47 186.321
3 48 154.588
3 49 143.147
3 50 176.790
3 51 145.024
3 52 148.151
3 53 141.502
3 54 173.700
3 55 149.263
3 56 185.734
3 57 184.675
3 58 167.354
3 59 165.913
4 5 168.690
4 6 219.654
4 7 137.548
4 8 149.415
4 9 200.888
4 10 213.016
4 11 187.306
4 12 143.063
4 13 214.017
4 14 223.506
4 15 193.110
4 16 184.334
4 17 175.512
4 18 201.094
4 19 195.290
4 20 187.748
4 21 212.790
4 22 175.145
4 23 138.968
4 24 211.102
4 25 190.611
4 26 203.344
4 27 144.037
4 28 194.560
4 29 233.472
4 30 215.767
4 31 148.284
4 32 176.595
4 33 164.070
4 34 178.977
4 35 144.216
4 36 183.535
4 37 184.281
4 38 202.113
4 39 211.228
4 40 165.418
4 41 223.918
4 42 179.811
4 43 157.881
4 44 133.146
4 45 176.138
4 46 173.574
4 47 201.451
4 48 139.299
4 49 194.298
4 50 206.767
4 51 143.611
4 52 188.359
4 53 149.789
4 54 171.033
4 55 161.100
4 56 195.466
4 57 198.156
4 58 167.760
4 59 184.321
5 6 130.583
5 7 116.251
5 8 105.775
5 9 155.525
5 10 136.658
5 11 119.969
5 12 159.372
5 13 131.162
5 14 129.933
5 15 80.185
5 16 165.532
5 17 152.074
5 18 126.225
5 19 118.507
5 20 126.451
5 21 131.380
5 22 140.153
5 23 116.387
5 24 126.778
5 25 163.083
5 26 151.920
5 27 118.735
5 28 134.939
5 29 160.297
5 30 147.492
5 31 137.895
5 32 172.057
5 33 143.227
5 34 150.658
5 35 143.413
5 36 127.887
5 37 139.960
5 38 159.531
5 39 160.052
5 40 157.270
5 41 128.537
5 42 108.705
5 43 127.574
5 44 142.802
5 45 118.395
5 46 158.312
5 47 169.314
5 48 114.775
5 49 146.212
5 50 135.731
5 51 145.468
5 52 144.690
5 53 165.892
5 54 148.436
5 55 144.759
5 56 152.035
5 57 171.723
5 58 128.296
5 59 154.294
6 7 172.755
6 8 141.636
6 9 179.171
6 10 175.344
6 11 163.742
6 12 212.097
6 13 138.350
6 14 142.765
6 15 160.326
6 16 173.738
6 17 150.656
6 18 179.379
6 19 116.461
6 20 167.352
6 21 144.476
6 22 125.982
6 23 138.547
6 24 153.314
6 25 193.045
6 26 122.963
6 27 174.287
6 28 144.297
6 29 179.705
6 30 135.708
6 31 174.676
6 32 145.695
6 33 178.741
6 34 169.296
6 35 157.464
6 36 149.246
6 37 155.898
6 38 193.287
6 39 159.264
6 40 181.573
6 41 171.969
6 42 149.308
6 43 189.269
6 44 198.409
6 45 128.666
6 46 166.604
6 47 204.398
6 48 192.991
6 49 163.326
6 50 136.119
6 51 191.404
6 52 194.436
6 53 207.228
6 54 151.835
6 55 167.850
6 56 165.250
6 57 163.910
6 58 183.252
6 59 163.230
7 8 115.992
7 9 158.883
7 10 171.343
7 11 137.576
7 12 144.957
7 13 166.444
7 14 175.810
7 15 125.564
7 16 154.590
7 17 170.659
7 18 165.527
7 19 150.304
7 20 123.694
7 21 186.212
7 22 161.505
7 23 113.169
7 24 162.845
7 25 164.316
7 26 153.340
7 27 150.758
7 28 173.336
7 29 182.787
7 30 149.531
7 31 107.240
7 32 186.117
7 33 102.563
7 34 136.742
7 35 154.643
7 36 157.907
7 37 159.024
7 38 146.219
7 39 167.224
7 40 143.244
7 41 159.283
7 42 151.011
7 43 130.430
7 44 130.558
7 45 131.631
7 46 125.804
7 47 153.786
7 48 98.329
7 49 169.770
7 50 168.038
7 51 118.897
7 52 187.151
7 53 144.408
7 54 153.253
7 55 117.269
7 56 136.743
7 57 182.596
7 58 151.542
7 59 173.627
8 9 151.769
8 10 177.641
8 11 141.945
8 12 141.727
8 13 125.264
8 14 128.027
8 15 139.567
8 16 155.848
8 17 159.516
8 18 115.274
8 19 137.805
8 20 113.502
8 21 173.882
8 22 154.636
8 23 115.348
8 24 153.704
8 25 175.943
8 26 152.836
8 27 120.964
8 28 148.115
8 29 152.510
8 30 153.066
8 31 154.471
8 32 145.499
8 33 117.049
8 34 136.949
8 35 131.093
8 36 145.932
8 37 163.407
8 38 151.490
8 39 152.449
8 40 145.040
8 41 179.961
8 42 122.903
8 43 122.064
8 44 138.617
8 45 157.214
8 46 156.836
8 47 152.849
8 48 134.712
8 49 167.123
8 50 102.630
8 51 123.921
8 52 140.190
8 53 130.310
8 54 83.812
8 55 118.387
8 56 81.081
8 57 138.074
8 58 132.274
8 59 137.058
9 10 158.597
9 11 195.379
9 12 204.496
9 13 166.734
9 14 174.161
9 15 188.175
9 16 120.734
9 17 149.882
9 18 172.038
9 19 186.149
9 20 126.881
9 21 189.287
9 22 161.598
9 23 139.268
9 24 149.762
9 25 181.245
9 26 155.440
9 27 153.906
9 28 150.991
9 29 169.117
9 30 161.741
9 31 178.212
9 32 210.943
9 33 155.082
9 34 96.048
9 35 135.372
9 36 152.785
9 37 216.433
9 38 209.770
9 39 167.058
9 40 193.743
9 41 133.327
9 42 193.878
9 43 170.205
9 44 171.155
9 45 181.193
9 46 175.861
9 47 141.998
9 48 154.916
9 49 179.773
9 50 166.969
9 51 182.313
9 52 208.896
9 53 175.765
9 54 188.739
9 55 148.833
9 56 181.983
9 57 135.141
9 58 148.634
9 59 154.518
10 11 203.912
10 12 203.287
10 13 188.635
10 14 130.778
10 15 147.947
10 16 180.936
10 17 182.904
10 18 185.053
10 19 146.705
10 20 195.709
10 21 152.709
10 22 167.377
10 23 127.027
10 24 188.005
10 25 198.139
10 26 184.935
10 27 163.863
10 28 145.557
10 29 210.625
10 30 190.674
10 31 166.216
10 32 231.495
10 33 221.751
10 34 139.480
10 35 185.257
10 36 129.716
10 37 179.290
10 38 174.865
10 39 192.521
10 40 195.765
10 41 105.371
10 42 142.395
10 43 201.882
10 44 160.772
10 45 177.456
10 46 191.115
10 47 150.685
10 48 170.082
10 49 193.443
10 50 169.935
10 51 190.939
10 52 192.583
10 53 170.758
10 54 197.952
10 55 177.219
10 56 193.473
10 57 189.160
10 58 178.609
10 59 154.853
11 12 164.069
11 13 132.255
11 14 176.914
11 15 144.274
11 16 158.219
11 17 192.261
11 18 180.759
11 19 146.992
11 20 137.526
11 21 179.467
11 22 155.409
11 23 134.994
11 24 187.358
11 25 195.938
11 26 178.273
11 27 159.082
11 28 177.540
11 29 152.388
11 30 165.977
11 31 151.992
11 32 182.587
11 33 126.021
11 34 162.283
11 35 164.835
11 36 146.641
11 37 161.622
11 38 152.035
11 39 158.394
11 40 187.897
11 41 171.621
11 42 141.215
11 43 114.274
11 44 171.495
11 45 116.542
11 46 161.023
11 47 201.309
11 48 126.910
11 49 164.390
11 50 163.597
11 51 122.824
11 52 163.940
11 53 168.800
11 54 197.243
11 55 175.291
11 56 185.067
11 57 175.201
11 58 168.003
11 59 183.255
12 13 194.051
12 14 216.166
12 15 191.493
12 16 199.334
12 17 161.840
12 18 177.156
12 19 157.696
12 20 141.302
12 21 180.191
12 22 174.034
12 23 127.940
12 24 210.428
12 25 194.962
12 26 213.176
12 27 114.005
12 28 166.857
12 29 185.194
12 30 210.770
12 31 182.586
12 32 173.096
12 33 188.434
12 34 177.098
12 35 172.382
12 36 182.629
12 37 192.322
12 38 181.149
12 39 213.367
12 40 190.847
12 41 198.330
12 42 175.657
12 43 146.060
12 44 101.603
12 45 161.052
12 46 200.325
12 47 197.539
12 48 116.123
12 49 228.275
12 50 200.045
12 51 113.415
12 52 173.947
12 53 145.147
12 54 163.344
12 55 190.994
12 56 166.216
12 57 204.473
12 58 189.231
12 59 148.625
13 14 146.762
13 15 156.349
13 16 134.481
13 17 183.795
13 18 139.970
13 19 131.866
13 20 124.797
13 21 130.201
13 22 136.543
13 23 139.051
13 24 162.843
13 25 167.446
13 26 107.825
13 27 155.059
13 28 178.206
13 29 141.014
13 30 173.809
13 31 145.063
13 32 186.417
13 33 140.443
13 34 141.596
13 35 164.145
13 36 154.893
13 37 136.661
13 38 150.071
13 39 141.390
13 40 153.512
13 41 154.696
13 42 145.277
13 43 144.434
13 44 178.403
13 45 143.207
13 46 147.186
13 47 195.837
13 48 163.628
13 49 157.669
13 50 100.027
13 51 130.318
13 52 173.623
13 53 166.887
13 54 167.682
13 55 165.503
13 56 153.723
13 57 125.496
13 58 109.500
13 59 153.873
14 15 142.353
14 16 188.386
14 17 203.813
14 18 155.036
14 19 126.058
14 20 185.594
14 21 174.058
14 22 160.478
14 23 142.602
14 24 181.030
14 25 185.842
14 26 177.574
14 27 179.970
14 28 160.675
14 29 173.590
14 30 164.369
14 31 182.088
14 32 211.175
14 33 185.489
14 34 149.482
14 35 188.415
14 36 159.846
14 37 180.715
14 38 168.861
14 39 167.374
14 40 168.358
14 41 158.099
14 42 106.404
14 43 195.907
14 44 180.318
14 45 180.504
14 46 176.656
14 47 153.209
14 48 177.973
14 49 185.391
14 50 117.436
14 51 174.884
14 52 179.699
14 53 165.542
14 54 150.082
14 55 151.120
14 56 140.034
14 57 157.584
14 58 172.620
14 59 165.265
15 16 194.844
15 17 177.335
15 18 158.206
15 19 133.632
15 20 169.729
15 21 146.503
15 22 172.089
15 23 144.355
15 24 153.860
15 25 176.220
15 26 176.275
15 27 147.559
15 28 178.929
15 29 209.460
15 30 176.616
15 31 150.459
15 32 197.336
15 33 162.168
15 34 183.185
15 35 169.110
15 36 168.467
15 37 139.765
15 38 144.965
15 39 190.096
15 40 177.404
15 41 129.204
15 42 136.053
15 43 157.469
15 44 172.822
15 45 147.719
15 46 162.893
15 47 187.617
15 48 136.586
15 49 169.301
15 50 167.991
15 51 168.472
15 52 160.686
15 53 179.670
15 54 167.874
15 55 161.452
15 56 174.436
15 57 204.643
15 58 162.577
15 59 186.472
16 17 183.871
16 18 188.539
16 19 168.583
16 20 147.787
16 21 182.197
16 22 142.765
16 23 118.021
16 24 155.166
16 25 174.953
16 26 111.329
16 27 148.166
16 28 157.980
16 29 152.032
16 30 143.773
16 31 147.764
16 32 202.666
16 33 132.744
16 34 97.175
16 35 121.179
16 36 127.271
16 37 191.285
16 38 164.040
16 39 146.506
16 40 168.280
16 41 157.538
16 42 171.354
16 43 140.423
16 44 182.240
16 45 162.864
16 46 137.907
16 47 158.030
16 48 160.084
16 49 142.885
16 50 139.062
16 51 147.953
16 52 211.380
16 53 141.327
16 54 201.606
16 55 143.615
16 56 193.797
16 57 94.291
16 58 119.678
16 59 166.989
17 18 180.266
17 19 147.284
17 20 143.470
17 21 152.810
17 22 154.801
17 23 146.487
17 24 166.373
17 25 177.390
17 26 170.342
17 27 124.117
17 28 148.538
17 29 200.283
17 30 178.951
17 31 175.771
17 32 123.713
17 33 197.085
17 34 164.447
17 35 116.066
17 36 169.201
17 37 176.881
17 38 212.270
17 39 188.471
17 40 202.071
17 41 158.517
17 42 190.372
17 43 176.700
17 44 148.328
17 45 157.561
17 46 188.307
17 47 197.877
17 48 147.074
17 49 191.939
17 50 209.305
17 51 181.284
17 52 192.647
17 53 205.815
17 54 172.350
17 55 179.240
17 56 194.922
17 57 181.639
17 58 190.706
17 59 137.227
18 19 159.125
18 20 139.761
18 21 164.330
18 22 185.392
18 23 152.434
18 24 136.774
18 25 165.983
18 26 179.981
18 27 145.701
18 28 146.674
18 29 149.699
18 30 177.994
18 31 170.001
18 32 169.395
18 33 164.732
18 34 173.557
18 35 169.511
18 36 166.625
18 37 201.132
18 38 162.893
18 39 187.974
18 40 153.135
18 41 188.445
18 42 146.933
18 43 148.510
18 44 149.463
18 45 203.962
18 46 166.146
18 47 170.338
18 48 169.630
18 49 206.719
18 50 132.832
18 51 160.857
18 52 180.308
18 53 194.787
18 54 129.081
18 55 145.706
18 56 155.017
18 57 169.833
18 58 150.808
18 59 144.352
19 20 158.150
19 21 109.322
19 22 118.286
19 23 109.302
19 24 155.860
19 25 143.555
19 26 135.979
19 27 134.536
19 28 140.093
19 29 155.921
19 30 137.231
19 31 149.125
19 32 165.014
19 33 179.854
19 34 151.267
19 35 157.908
19 36 157.118
19 37 136.552
19 38 145.063
19 39 173.813
19 40 150.023
19 41 137.149
19 42 114.187
19 43 170.174
19 44 148.816
19 45 122.841
19 46 149.096
19 47 179.466
19 48 133.573
19 49 179.151
19 50 149.397
19 51 136.241
19 52 190.549
19 53 160.310
19 54 149.608
19 55 160.640
19 56 157.883
19 57 155.863
19 58 166.917
19 59 147.744
20 21 173.011
20 22 163.074
20 23 142.601
20 24 160.303
20 25 173.576
20 26 148.029
20 27 137.544
20 28 166.844
20 29 124.636
20 30 158.638
20 31 152.159
20 32 172.524
20 33 121.063
20 34 129.842
20 35 155.688
20 36 153.778
20 37 174.884
20 38 186.165
20 39 147.836
20 40 169.977
20 41 152.931
20 42 175.634
20 43 130.918
20 44 135.972
20 45 142.901
20 46 165.985
20 47 166.298
20 48 115.825
20 49 177.384
20 50 158.137
20 51 122.816
20 52 172.611
20 53 168.988
20 54 164.316
20 55 152.099
20 56 140.010
20 57 161.215
20 58 137.449
20 59 136.941
21 22 116.997
21 23 129.088
21 24 161.785
21 25 161.709
21 26 142.216
21 27 134.230
21 28 159.364
21 29 199.329
21 30 201.722
21 31 165.133
21 32 189.233
21 33 207.354
21 34 181.029
21 35 176.394
21 36 171.942
21 37 131.073
21 38 178.984
21 39 206.097
21 40 175.743
21 41 128.033
21 42 168.327
21 43 187.820
21 44 166.791
21 45 131.732
21 46 172.625
21 47 222.356
21 48 169.546
21 49 196.699
21 50 161.503
21 51 167.393
21 52 186.094
21 53 189.746
21 54 177.252
21 55 202.098
21 56 204.907
21 57 186.096
21 58 153.667
21 59 147.775
22 23 95.184
22 24 152.450
22 25 126.396
22 26 123.602
22 27 139.821
22 28 133.544
22 29 166.221
22 30 159.806
22 31 156.781
22 32 172.491
22 33 167.496
22 34 146.526
22 35 149.818
22 36 158.974
22 37 157.016
22 38 191.326
22 39 152.588
22 40 137.542
22 41 154.227
22 42 146.704
22 43 176.814
22 44 145.498
22 45 89.290
22 46 126.738
22 47 186.147
22 48 151.693
22 49 150.540
22 50 146.780
22 51 134.120
22 52 190.587
22 53 158.637
22 54 170.578
22 55 153.168
22 56 183.118
22 57 149.666
22 58 140.543
22 59 145.462
23 24 150.075
23 25 153.519
23 26 137.475
23 27 108.182
23 28 105.423
23 29 161.990
23 30 150.974
23 31 128.976
23 32 164.313
23 33 145.505
23 34 101.848
23 35 117.566
23 36 119.895
23 37 157.427
23 38 128.028
23 39 162.197
23 40 146.886
23 41 138.537
23 42 119.654
23 43 124.066
23 44 117.702
23 45 116.258
23 46 128.962
23 47 151.539
23 48 118.800
23 49 167.905
23 50 126.262
23 51 112.607
23 52 171.957
23 53 115.515
23 54 139.643
23 55 133.782
23 56 148.563
23 57 126.838
23 58 140.462
23 59 128.391
24 25 131.869
24 26 140.533
24 27 138.395
24 28 119.775
24 29 153.647
24 30 116.236
24 31 187.477
24 32 178.014
24 33 164.199
24 34 177.827
24 35 134.757
24 36 172.648
24 37 216.917
24 38 189.698
24 39 173.289
24 40 160.543
24 41 170.512
24 42 161.881
24 43 160.722
24 44 185.979
24 45 176.152
24 46 146.609
24 47 170.784
24 48 171.791
24 49 154.090
24 50 158.825
24 51 190.825
24 52 220.810
24 53 209.089
24 54 173.608
24 55 133.528
24 56 193.513
24 57 163.194
24 58 147.467
24 59 183.442
25 26 150.489
25 27 155.584
25 28 166.562
25 29 161.503
25 30 157.594
25 31 160.326
25 32 195.742
25 33 175.107
25 34 178.308
25 35 173.081
25 36 204.384
25 37 196.009
25 38 195.198
25 39 163.736
25 40 99.586
25 41 175.633
25 42 159.612
25 43 191.951
25 44 138.415
25 45 163.857
25 46 106.002
25 47 165.995
25 48 145.472
25 49 162.343
25 50 189.870
25 51 138.957
25 52 229.203
25 53 187.222
25 54 191.022
25 55 126.078
25 56 197.501
25 57 178.930
25 58 143.019
25 59 175.709
26 27 166.779
26 28 174.909
26 29 168.284
26 30 139.623
26 31 130.414
26 32 187.232
26 33 147.554
26 34 139.519
26 35 153.095
26 36 158.157
26 37 143.693
26 38 178.496
26 39 145.383
26 40 135.437
26 41 158.233
26 42 168.834
26 43 177.016
26 44 188.042
26 45 136.722
26 46 122.117
26 47 188.926
26 48 175.641
26 49 138.040
26 50 132.186
26 51 158.805
26 52 219.386
26 53 178.143
26 54 177.168
26 55 146.237
26 56 172.709
26 57 133.050
26 58 115.850
26 59 169.236
27 28 121.097
27 29 166.303
27 30 171.280
27 31 173.637
27 32 147.802
27 33 171.179
27 34 155.893
27 35 103.795
27 36 141.999
27 37 172.159
27 38 164.308
27 39 178.154
27 40 168.781
27 41 149.662
27 42 147.219
27 43 127.514
27 44 121.149
27 45 153.233
27 46 171.014
27 47 164.074
27 48 120.240
27 49 164.574
27 50 157.716
27 51 132.160
27 52 142.499
27 53 130.260
27 54 150.094
27 55 154.527
27 56 173.155
27 57 156.470
27 58 131.689
27 59 122.608
28 29 143.420
28 30 136.955
28 31 193.885
28 32 156.699
28 33 198.285
28 34 148.815
28 35 126.263
28 36 127.417
28 37 222.124
28 38 177.203
28 39 164.717
28 40 182.943
28 41 170.190
28 42 129.032
28 43 154.187
28 44 148.051
28 45 168.476
28 46 171.711
28 47 149.795
28 48 167.535
28 49 174.981
28 50 152.909
28 51 175.728
28 52 197.645
28 53 184.943
28 54 167.838
28 55 148.640
28 56 180.622
28 57 149.946
28 58 178.506
28 59 139.541
29 30 125.879
29 31 195.207
29 32 195.667
29 33 165.662
29 34 152.004
29 35 180.509
29 36 159.753
29 37 228.569
29 38 192.793
29 39 133.564
29 40 167.063
29 41 190.148
29 42 149.678
29 43 160.606
29 44 167.082
29 45 179.997
29 46 169.287
29 47 153.070
29 48 162.671
29 49 174.633
29 50 152.073
29 51 143.796
29 52 214.005
29 53 187.985
29 54 199.211
29 55 152.819
29 56 173.714
29 57 145.329
29 58 161.189
29 59 162.796
30 31 177.846
30 32 174.744
30 33 149.737
30 34 158.163
30 35 153.441
30 36 151.251
30 37 212.974
30 38 189.954
30 39 145.615
30 40 158.004
30 41 177.651
30 42 150.534
30 43 179.863
30 44 188.132
30 45 166.005
30 46 138.871
30 47 140.160
30 48 167.434
30 49 148.326
30 50 162.359
30 51 178.328
30 52 226.568
30 53 191.799
30 54 180.983
30 55 115.069
30 56 180.370
30 57 157.828
30 58 178.226
30 59 181.176
31 32 191.949
31 33 136.438
31 34 135.714
31 35 167.317
31 36 144.584
31 37 117.117
31 38 148.991
31 39 162.688
31 40 127.068
31 41 158.164
31 42 150.603
31 43 154.932
31 44 139.129
31 45 140.420
31 46 110.532
31 47 179.909
31 48 131.959
31 49 163.105
31 50 170.888
31 51 123.548
31 52 199.033
31 53 167.632
31 54 186.077
31 55 140.721
31 56 181.360
31 57 175.024
31 58 135.526
31 59 167.892
32 33 187.879
32 34 209.703
32 35 138.256
32 36 169.250
32 37 191.160
32 38 205.327
32 39 181.152
32 40 185.390
32 41 226.603
32 42 180.782
32 43 180.093
32 44 166.417
32 45 182.389
32 46 174.708
32 47 207.092
32 48 194.055
32 49 189.929
32 50 188.134
32 51 179.983
32 52 173.435
32 53 211.832
32 54 144.179
32 55 163.138
32 56 190.935
32 57 196.693
32 58 206.420
32 59 140.486
33 34 150.041
33 35 158.352
33 36 170.556
33 37 178.936
33 38 175.599
33 39 163.099
33 40 144.531
33 41 188.924
33 42 179.488
33 43 136.956
33 44 174.460
33 45 154.589
33 46 121.757
33 47 173.853
33 48 140.564
33 49 165.781
33 50 148.635
33 51 130.402
33 52 187.769
33 53 156.096
33 54 160.961
33 55 120.911
33 56 162.363
33 57 162.157
33 58 136.173
33 59 184.186
34 35 133.778
34 36 131.506
34 37 187.344
34 38 157.287
34 39 146.637
34 40 175.476
34 41 137.608
34 42 148.305
34 43 140.102
34 44 150.857
34 45 159.895
34 46 158.572
34 47 140.136
34 48 129.565
34 49 173.847
34 50 147.280
34 51 138.279
34 52 210.010
34 53 140.819
34 54 185.676
34 55 145.931
34 56 152.187
34 57 94.800
34 58 143.338
34 59 154.678
35 36 145.641
35 37 194.885
35 38 166.481
35 39 165.253
35 40 188.482
35 41 176.742
35 42 155.147
35 43 113.844
35 44 167.305
35 45 169.195
35 46 164.493
35 47 176.726
35 48 144.372
35 49 150.772
35 50 169.349
35 51 166.573
35 52 193.778
35 53 169.776
35 54 169.365
35 55 146.338
35 56 182.862
35 57 114.974
35 58 154.654
35 59 165.390
36 37 168.068
36 38 167.258
36 39 137.755
36 40 177.980
36 41 146.753
36 42 134.157
36 43 155.365
36 44 153.471
36 45 158.764
36 46 163.592
36 47 139.386
36 48 168.295
36 49 141.800
36 50 134.346
36 51 160.348
36 52 148.028
36 53 156.083
36 54 186.832
36 55 146.805
36 56 189.285
36 57 158.926
36 58 150.155
36 59 119.405
37 38 182.166
37 39 189.610
37 40 164.578
37 41 155.652
37 42 171.017
37 43 196.458
37 44 173.485
37 45 124.548
37 46 166.673
37 47 226.249
37 48 165.098
37 49 175.106
37 50 172.910
37 51 151.035
37 52 159.373
37 53 172.636
37 54 182.288
37 55 193.212
37 56 191.172
37 57 208.834
37 58 152.297
37 59 166.689
38 39 189.345
38 40 185.875
38 41 179.661
38 42 131.004
38 43 125.983
38 44 179.093
38 45 191.832
38 46 157.128
38 47 185.694
38 48 162.887
38 49 200.947
38 50 156.250
38 51 144.553
38 52 207.268
38 53 161.428
38 54 184.800
38 55 169.138
38 56 167.333
38 57 160.821
38 58 181.269
38 59 192.102
39 40 154.346
39 41 181.504
39 42 135.087
39 43 171.310
39 44 164.653
39 45 159.624
39 46 140.397
39 47 139.695
39 48 173.360
39 49 90.437
39 50 153.529
39 51 146.705
39 52 187.396
39 53 182.619
39 54 208.067
39 55 121.025
39 56 163.898
39 57 155.446
39 58 145.838
39 59 160.518
40 41 195.195
40 42 147.173
40 43 194.297
40 44 131.913
40 45 164.165
40 46 83.954
40 47 153.118
40 48 163.171
40 49 156.633
40 50 147.065
40 51 119.111
40 52 198.585
40 53 155.691
40 54 153.372
40 55 95.910
40 56 167.822
40 57 180.668
40 58 120.401
40 59 156.035
41 42 174.174
41 43 188.962
41 44 166.401
41 45 144.360
41 46 174.711
41 47 165.720
41 48 139.003
41 49 178.162
41 50 180.862
41 51 171.886
41 52 185.667
41 53 171.768
41 54 210.997
41 55 181.519
41 56 204.901
41 57 185.427
41 58 158.170
41 59 153.714
42 43 142.031
42 44 145.475
42 45 156.851
42 46 154.192
42 47 152.770
42 48 145.375
42 49 143.550
42 50 131.818
42 51 137.167
42 52 176.474
42 53 158.687
42 54 166.538
42 55 135.278
42 56 143.573
42 57 149.805
42 58 153.013
42 59 167.168
43 44 162.913
43 45 166.356
43 46 173.624
43 47 194.151
43 48 122.373
43 49 174.978
43 50 163.066
43 51 133.951
43 52 190.477
43 53 169.425
43 54 184.313
43 55 166.897
43 56 165.284
43 57 140.069
43 58 150.640
43 59 189.257
44 45 153.169
44 46 147.797
44 47 139.166
44 48 108.347
44 49 186.788
44 50 182.297
44 51 94.724
44 52 161.021
44 53 140.301
44 54 160.177
44 55 134.750
44 56 161.243
44 57 191.703
44 58 154.613
44 59 107.716
45 46 147.994
45 47 206.611
45 48 127.025
45 49 152.165
45 50 172.710
45 51 131.249
45 52 179.835
45 53 169.774
45 54 188.438
45 55 174.751
45 56 183.023
45 57 187.966
45 58 155.585
45 59 168.055
46 47 151.678
46 48 158.093
46 49 143.600
46 50 155.160
46 51 124.615
46 52 206.887
46 53 165.613
46 54 173.725
46 55 89.376
46 56 184.759
46 57 167.664
46 58 139.694
46 59 162.764
47 48 165.231
47 49 166.546
47 50 165.225
47 51 159.846
47 52 191.656
47 53 146.073
47 54 184.837
47 55 91.424
47 56 168.252
47 57 175.207
47 58 168.025
47 59 140.757
48 49 176.231
48 50 192.888
48 51 100.447
48 52 184.639
48 53 142.331
48 54 182.549
48 55 153.033
48 56 164.467
48 57 171.918
48 58 148.852
48 59 168.245
49 50 165.864
49 51 169.464
49 52 185.289
49 53 183.901
49 54 218.981
49 55 132.501
49 56 200.510
49 57 171.980
49 58 125.755
49 59 186.745
50 51 154.072
50 52 162.666
50 53 143.699
50 54 129.646
50 55 141.300
50 56 133.645
50 57 128.724
50 58 122.471
50 59 145.087
51 52 164.501
51 53 107.840
51 54 165.561
51 55 136.938
51 56 146.535
51 57 160.402
51 58 128.263
51 59 139.297
52 53 155.072
52 54 167.779
52 55 186.031
52 56 189.981
52 57 225.605
52 58 170.514
52 59 128.700
53 54 162.082
53 55 150.034
53 56 158.322
53 57 161.409
53 58 139.054
53 59 147.121
54 55 144.984
54 56 116.037
54 57 181.754
54 58 177.527
54 59 143.880
55 56 146.417
55 57 157.891
55 58 138.054
55 59 147.857
56 57 165.709
56 58 172.483
56 59 171.165
57 58 143.467
57 59 176.835
58 59 157.164
