60 6 ss 10 10 10 10 10 10 10 10 10 10 10 10 
0 1 178.833
0 2 166.039
0 3 188.277
0 4 141.167
0 5 182.619
0 6 148.607
0 7 165.167
0 8 190.459
0 9 117.412
0 10 160.725
0 11 175.388
0 12 170.556
0 13 202.354
0 14 168.436
0 15 148.864
0 16 184.120
0 17 198.422
0 18 170.821
0 19 159.639
0 20 175.616
0 21 193.374
0 22 157.641
0 23 222.366
0 24 183.436
0 25 176.388
0 26 158.365
0 27 191.931
0 28 153.719
0 29 162.392
0 30 142.358
0 31 187.748
0 32 159.060
0 33 224.164
0 34 192.818
0 35 176.025
0 36 187.442
0 37 161.794
0 38 217.307
0 39 164.313
0 40 162.639
0 41 195.358
0 42 186.615
0 43 174.836
0 44 185.637
0 45 211.679
0 46 188.602
0 47 205.970
0 48 139.805
0 49 196.374
0 50 154.723
0 51 174.732
0 52 156.192
0 53 150.688
0 54 177.154
0 55 170.916
0 56 176.596
0 57 161.681
0 58 178.375
0 59 162.952
1 2 177.163
1 3 130.878
1 4 201.845
1 5 124.255
1 6 197.635
1 7 201.184
1 8 147.102
1 9 195.891
1 10 208.702
1 11 177.658
1 12 188.693
1 13 159.440
1 14 182.155
1 15 189.864
1 16 185.366
1 17 208.154
1 18 152.468
1 19 155.189
1 20 196.906
1 21 192.115
1 22 175.984
1 23 211.381
1 24 172.575
1 25 205.613
1 26 187.912
1 27 164.716
1 28 149.769
1 29 170.858
1 30 194.609
1 31 221.755
1 32 197.724
1 33 180.798
1 34 159.757
1 35 180.215
1 36 191.722
1 37 132.029
1 38 156.675
1 39 184.747
1 40 184.025
1 41 183.611
1 42 153.689
1 43 167.899
1 44 215.037
1 45 165.345
1 46 196.184
1 47 170.080
1 48 206.630
1 49 227.687
1 50 180.161
1 51 186.780
1 52 121.287
1 53 156.719
1 54 179.232
1 55 160.595
1 56 182.268
1 57 192.349
1 58 198.181
1 59 160.836
2 3 158.638
2 4 148.709
2 5 162.087
2 6 168.734
2 7 147.644
2 8 140.397
2 9 201.471
2 10 164.761
2 11 166.917
2 12 173.964
2 13 160.176
2 14 202.920
2 15 163.657
2 16 181.890
2 17 189.335
2 18 175.021
2 19 162.507
2 20 158.527
2 21 194.009
2 22 165.602
2 23 198.002
2 24 188.946
2 25 145.992
2 26 158.811
2 27 154.468
2 28 161.603
2 29 155.323
2 30 164.030
2 31 180.264
2 32 161.175
2 33 186.469
2 34 169.984
2 35 195.005
2 36 212.947
2 37 172.246
2 38 149.696
2 39 178.121
2 40 172.132
2 41 151.050
2 42 190.825
2 43 145.286
2 44 168.589
2 45 183.102
2 46 176.553
2 47 179.118
2 48 145.767
2 49 150.489
2 50 152.362
2 51 169.054
2 52 131.770
2 53 157.859
2 54 147.613
2 55 146.576
2 56 153.553
2 57 176.030
2 58 199.681
2 59 210.154
3 4 205.767
3 5 159.644
3 6 178.241
3 7 190.640
3 8 171.948
3 9 182.566
3 10 219.712
3 11 153.402
3 12 160.643
3 13 144.158
3 14 210.502
3 15 192.099
3 16 185.388
3 17 211.606
3 18 163.882
3 19 192.623
3 20 187.287
3 21 198.046
3 22 170.385
3 23 235.615
3 24 198.809
3 25 174.806
3 26 183.194
3 27 172.434
3 28 151.464
3 29 205.164
3 30 178.586
3 31 219.145
3 32 211.717
3 33 199.486
3 34 206.577
3 35 188.942
3 36 194.281
3 37 128.633
3 38 158.708
3 39 151.830
3 40 189.031
3 41 190.646
3 42 193.070
3 43 174.757
3 44 215.752
3 45 187.913
3 46 190.000
3 47 174.245
3 48 195.515
3 49 193.987
3 50 157.105
3 51 176.518
3 52 115.188
3 53 157.491
3 54 149.767
3 55 177.348
3 56 157.988
3 57 200.134
3 58 183.579
3 59 202.027
4 5 198.730
4 6 135.721
4 7 133.797
4 8 153.595
4 9 151.974
4 10 176.123
4 11 184.618
4 12 142.600
4 13 196.275
4 14 145.522
4 15 143.313
4 16 182.774
4 17 192.223
4 18 168.183
4 19 190.309
4 20 161.748
4 21 205.995
4 22 162.871
4 23 211.963
4 24 176.081
4 25 149.806
4 26 165.505
4 27 213.012
4 28 147.964
4 29 141.520
4 30 157.950
4 31 130.537
4 32 156.084
4 33 196.296
4 34 160.892
4 35 216.376
4 36 200.790
4 37 196.909
4 38 202.002
4 39 183.359
4 40 178.503
4 41 165.802
4 42 225.017
4 43 166.477
4 44 169.641
4 45 187.477
4 46 201.805
4 47 177.029
4 48 171.260
4 49 182.082
4 50 174.999
4 51 178.420
4 52 172.619
4 53 183.618
4 54 174.473
4 55 142.392
4 56 167.721
4 57 162.264
4 58 162.513
4 59 179.737
5 6 180.956
5 7 198.130
5 8 147.095
5 9 227.121
5 10 166.490
5 11 134.967
5 12 163.701
5 13 147.303
5 14 190.255
5 15 190.013
5 16 176.884
5 17 194.486
5 18 142.083
5 19 144.922
5 20 196.016
5 21 153.920
5 22 168.534
5 23 156.031
5 24 179.010
5 25 200.754
5 26 177.790
5 27 174.583
5 28 119.777
5 29 160.812
5 30 167.926
5 31 197.213
5 32 201.946
5 33 164.917
5 34 166.437
5 35 173.472
5 36 174.944
5 37 136.687
5 38 161.694
5 39 177.493
5 40 150.008
5 41 149.229
5 42 153.759
5 43 168.931
5 44 187.297
5 45 137.092
5 46 142.557
5 47 172.897
5 48 179.457
5 49 218.328
5 50 148.393
5 51 166.339
5 52 147.301
5 53 147.246
5 54 204.335
5 55 128.213
5 56 178.038
5 57 182.161
5 58 198.568
5 59 151.999
6 7 172.865
6 8 166.822
6 9 158.175
6 10 190.106
6 11 157.656
6 12 184.969
6 13 175.406
6 14 182.464
6 15 181.867
6 16 185.598
6 17 160.936
6 18 181.950
6 19 152.841
6 20 178.607
6 21 194.699
6 22 172.780
6 23 208.166
6 24 190.376
6 25 150.393
6 26 157.175
6 27 185.281
6 28 123.154
6 29 159.242
6 30 138.372
6 31 132.367
6 32 202.598
6 33 204.006
6 34 195.398
6 35 214.400
6 36 177.636
6 37 181.731
6 38 212.144
6 39 167.780
6 40 167.864
6 41 165.196
6 42 244.762
6 43 154.915
6 44 200.676
6 45 182.801
6 46 169.989
6 47 150.371
6 48 186.070
6 49 174.084
6 50 158.478
6 51 166.619
6 52 180.646
6 53 172.640
6 54 184.763
6 55 157.677
6 56 168.987
6 57 154.501
6 58 173.109
6 59 193.139
7 8 169.117
7 9 170.555
7 10 167.089
7 11 165.213
7 12 185.051
7 13 168.600
7 14 164.258
7 15 167.680
7 16 159.581
7 17 219.824
7 18 201.098
7 19 200.261
7 20 75.534
7 21 202.956
7 22 187.535
7 23 221.699
7 24 141.378
7 25 148.964
7 26 131.127
7 27 210.145
7 28 165.181
7 29 163.122
7 30 149.210
7 31 149.028
7 32 124.302
7 33 171.775
7 34 183.811
7 35 209.635
7 36 170.260
7 37 185.223
7 38 189.853
7 39 152.437
7 40 141.280
7 41 215.770
7 42 220.232
7 43 162.495
7 44 190.819
7 45 207.920
7 46 213.839
7 47 203.087
7 48 181.529
7 49 192.537
7 50 173.500
7 51 186.263
7 52 165.019
7 53 181.027
7 54 187.633
7 55 154.751
7 56 141.821
7 57 215.920
7 58 179.729
7 59 197.462
8 9 225.416
8 10 191.592
8 11 153.921
8 12 180.250
8 13 156.787
8 14 217.525
8 15 204.796
8 16 173.433
8 17 202.387
8 18 186.013
8 19 160.963
8 20 176.412
8 21 199.189
8 22 164.404
8 23 210.578
8 24 192.889
8 25 196.668
8 26 196.195
8 27 175.654
8 28 146.762
8 29 175.906
8 30 192.054
8 31 183.139
8 32 201.870
8 33 215.223
8 34 133.234
8 35 228.665
8 36 218.362
8 37 166.533
8 38 157.309
8 39 188.987
8 40 160.282
8 41 163.127
8 42 207.673
8 43 189.306
8 44 183.883
8 45 179.388
8 46 189.092
8 47 148.891
8 48 202.476
8 49 203.891
8 50 192.802
8 51 161.837
8 52 180.112
8 53 149.667
8 54 180.676
8 55 164.651
8 56 153.210
8 57 186.425
8 58 221.752
8 59 193.043
9 10 201.243
9 11 187.881
9 12 181.737
9 13 194.590
9 14 151.474
9 15 132.121
9 16 201.077
9 17 208.511
9 18 172.548
9 19 210.341
9 20 176.668
9 21 217.376
9 22 159.336
9 23 249.131
9 24 164.661
9 25 143.797
9 26 164.704
9 27 208.955
9 28 178.383
9 29 185.943
9 30 140.764
9 31 195.758
9 32 175.053
9 33 218.661
9 34 200.348
9 35 178.216
9 36 167.976
9 37 177.109
9 38 237.428
9 39 166.012
9 40 200.867
9 41 209.128
9 42 207.147
9 43 167.806
9 44 212.098
9 45 206.601
9 46 201.176
9 47 191.233
9 48 186.891
9 49 202.397
9 50 155.226
9 51 193.615
9 52 161.349
9 53 183.254
9 54 166.683
9 55 203.335
9 56 185.309
9 57 188.546
9 58 167.196
9 59 169.282
10 11 179.642
10 12 185.779
10 13 176.162
10 14 196.643
10 15 137.218
10 16 148.335
10 17 180.096
10 18 162.714
10 19 193.038
10 20 171.344
10 21 121.753
10 22 184.949
10 23 129.136
10 24 147.270
10 25 148.469
10 26 182.921
10 27 194.196
10 28 161.818
10 29 172.684
10 30 154.094
10 31 173.278
10 32 174.778
10 33 184.655
10 34 144.998
10 35 182.425
10 36 165.365
10 37 197.739
10 38 207.277
10 39 186.377
10 40 147.740
10 41 167.223
10 42 177.601
10 43 196.495
10 44 175.434
10 45 167.514
10 46 200.564
10 47 197.456
10 48 142.297
10 49 161.569
10 50 128.554
10 51 184.777
10 52 172.690
10 53 163.835
10 54 183.433
10 55 173.496
10 56 161.568
10 57 209.976
10 58 205.639
10 59 166.326
11 12 157.821
11 13 148.765
11 14 206.218
11 15 195.021
11 16 169.416
11 17 180.951
11 18 173.968
11 19 179.827
11 20 162.076
11 21 165.424
11 22 175.067
11 23 196.843
11 24 158.059
11 25 184.235
11 26 168.153
11 27 211.166
11 28 152.419
11 29 167.764
11 30 115.743
11 31 205.544
11 32 201.880
11 33 198.152
11 34 162.877
11 35 183.850
11 36 171.110
11 37 130.475
11 38 204.194
11 39 158.808
11 40 141.796
11 41 171.106
11 42 201.690
11 43 182.867
11 44 211.127
11 45 175.340
11 46 121.929
11 47 165.170
11 48 201.448
11 49 216.977
11 50 135.618
11 51 167.016
11 52 185.816
11 53 150.948
11 54 202.425
11 55 169.763
11 56 179.937
11 57 209.418
11 58 200.323
11 59 188.777
12 13 181.420
12 14 167.881
12 15 157.501
12 16 176.610
12 17 227.055
12 18 137.216
12 19 210.113
12 20 199.756
12 21 181.393
12 22 158.932
12 23 206.114
12 24 188.349
12 25 185.819
12 26 191.041
12 27 226.699
12 28 163.203
12 29 175.293
12 30 152.363
12 31 201.456
12 32 190.225
12 33 189.413
12 34 182.863
12 35 188.893
12 36 196.174
12 37 171.858
12 38 184.159
12 39 172.171
12 40 191.866
12 41 146.095
12 42 194.980
12 43 181.889
12 44 159.413
12 45 183.864
12 46 198.336
12 47 183.252
12 48 190.428
12 49 216.272
12 50 159.869
12 51 193.898
12 52 158.790
12 53 181.830
12 54 190.808
12 55 163.352
12 56 183.573
12 57 204.486
12 58 173.978
12 59 192.622
13 14 178.799
13 15 168.900
13 16 169.008
13 17 193.135
13 18 164.705
13 19 156.002
13 20 145.003
13 21 173.066
13 22 131.829
13 23 202.859
13 24 152.830
13 25 148.883
13 26 152.861
13 27 163.774
13 28 148.024
13 29 201.873
13 30 144.316
13 31 187.458
13 32 213.294
13 33 172.440
13 34 178.799
13 35 208.651
13 36 157.466
13 37 179.834
13 38 147.372
13 39 143.016
13 40 182.018
13 41 166.957
13 42 189.012
13 43 138.323
13 44 188.385
13 45 145.463
13 46 160.405
13 47 133.275
13 48 197.305
13 49 174.093
13 50 136.582
13 51 169.979
13 52 141.833
13 53 139.353
13 54 169.334
13 55 194.042
13 56 139.282
13 57 194.722
13 58 201.261
13 59 184.575
14 15 151.009
14 16 192.684
14 17 230.976
14 18 148.539
14 19 182.277
14 20 179.248
14 21 210.228
14 22 185.147
14 23 222.268
14 24 153.665
14 25 180.128
14 26 140.922
14 27 218.593
14 28 175.283
14 29 150.456
14 30 146.542
14 31 174.908
14 32 162.733
14 33 136.385
14 34 199.729
14 35 190.787
14 36 156.918
14 37 210.572
14 38 211.099
14 39 159.883
14 40 207.649
14 41 196.380
14 42 196.409
14 43 137.523
14 44 189.995
14 45 173.381
14 46 195.958
14 47 174.228
14 48 195.145
14 49 221.290
14 50 163.872
14 51 208.516
14 52 156.554
14 53 199.753
14 54 194.097
14 55 166.202
14 56 196.488
14 57 215.332
14 58 160.593
14 59 167.452
15 16 177.457
15 17 203.807
15 18 143.749
15 19 199.977
15 20 181.456
15 21 162.222
15 22 155.128
15 23 165.708
15 24 157.420
15 25 97.644
15 26 155.000
15 27 185.706
15 28 149.313
15 29 165.474
15 30 148.410
15 31 177.681
15 32 152.958
15 33 169.683
15 34 163.942
15 35 157.235
15 36 146.285
15 37 177.507
15 38 189.840
15 39 179.031
15 40 182.773
15 41 146.270
15 42 147.027
15 43 150.344
15 44 180.934
15 45 165.891
15 46 192.708
15 47 188.297
15 48 154.391
15 49 165.141
15 50 119.849
15 51 196.081
15 52 128.531
15 53 145.978
15 54 166.787
15 55 174.846
15 56 167.213
15 57 177.560
15 58 154.245
15 59 161.349
16 17 209.754
16 18 138.969
16 19 181.266
16 20 171.201
16 21 153.932
16 22 185.300
16 23 197.232
16 24 136.743
16 25 184.824
16 26 199.103
16 27 194.483
16 28 183.192
16 29 178.496
16 30 151.735
16 31 180.243
16 32 187.578
16 33 190.821
16 34 157.279
16 35 230.692
16 36 138.854
16 37 167.274
16 38 222.270
16 39 187.299
16 40 181.482
16 41 166.604
16 42 210.161
16 43 174.327
16 44 208.975
16 45 212.567
16 46 217.461
16 47 189.080
16 48 214.365
16 49 185.180
16 50 173.184
16 51 235.693
16 52 161.170
16 53 156.689
16 54 200.618
16 55 149.229
16 56 141.803
16 57 222.123
16 58 197.997
16 59 210.865
17 18 191.848
17 19 179.831
17 20 193.655
17 21 153.076
17 22 207.253
17 23 183.923
17 24 186.618
17 25 174.297
17 26 205.560
17 27 212.872
17 28 157.921
17 29 197.907
17 30 175.254
17 31 175.433
17 32 262.923
17 33 227.389
17 34 179.160
17 35 254.397
17 36 215.216
17 37 225.864
17 38 243.473
17 39 221.243
17 40 218.534
17 41 197.211
17 42 256.561
17 43 204.479
17 44 261.994
17 45 180.139
17 46 197.824
17 47 201.316
17 48 215.065
17 49 173.216
17 50 174.063
17 51 191.202
17 52 200.743
17 53 203.552
17 54 212.112
17 55 190.991
17 56 206.011
17 57 166.180
17 58 198.976
17 59 212.294
18 19 173.887
18 20 205.523
18 21 151.518
18 22 148.007
18 23 182.113
18 24 164.072
18 25 165.368
18 26 196.795
18 27 165.744
18 28 157.638
18 29 174.727
18 30 145.820
18 31 174.622
18 32 196.953
18 33 159.784
18 34 150.176
18 35 179.951
18 36 147.445
18 37 161.056
18 38 204.731
18 39 173.462
18 40 202.314
18 41 135.935
18 42 156.504
18 43 151.063
18 44 188.280
18 45 143.038
18 46 168.355
18 47 154.656
18 48 172.794
18 49 178.474
18 50 140.089
18 51 190.009
18 52 120.949
18 53 157.716
18 54 157.993
18 55 139.046
18 56 167.863
18 57 184.494
18 58 178.554
18 59 155.255
19 20 189.010
19 21 174.467
19 22 176.877
19 23 205.615
19 24 199.489
19 25 205.426
19 26 151.296
19 27 152.624
19 28 152.041
19 29 173.862
19 30 148.857
19 31 182.209
19 32 223.017
19 33 192.840
19 34 200.140
19 35 231.761
19 36 184.527
19 37 199.213
19 38 191.008
19 39 172.850
19 40 202.188
19 41 175.080
19 42 203.341
19 43 129.442
19 44 216.060
19 45 195.068
19 46 168.628
19 47 171.961
19 48 200.450
19 49 198.266
19 50 176.573
19 51 192.312
19 52 162.614
19 53 142.602
19 54 213.329
19 55 174.540
19 56 184.811
19 57 169.714
19 58 202.868
19 59 216.289
20 21 192.399
20 22 172.424
20 23 232.032
20 24 141.456
20 25 150.072
20 26 137.266
20 27 207.333
20 28 165.642
20 29 196.643
20 30 141.146
20 31 158.107
20 32 177.770
20 33 179.845
20 34 188.373
20 35 231.620
20 36 179.537
20 37 196.995
20 38 196.360
20 39 167.828
20 40 146.837
20 41 224.112
20 42 236.821
20 43 166.389
20 44 214.342
20 45 208.414
20 46 213.368
20 47 202.715
20 48 197.913
20 49 176.832
20 50 183.370
20 51 186.391
20 52 171.645
20 53 184.644
20 54 201.087
20 55 177.334
20 56 160.670
20 57 212.541
20 58 191.352
20 59 203.219
21 22 201.896
21 23 116.032
21 24 171.067
21 25 170.205
21 26 177.990
21 27 187.669
21 28 144.039
21 29 193.282
21 30 144.970
21 31 180.411
21 32 234.963
21 33 170.433
21 34 164.766
21 35 209.240
21 36 143.704
21 37 203.732
21 38 218.239
21 39 183.219
21 40 186.147
21 41 169.327
21 42 185.018
21 43 192.699
21 44 226.745
21 45 174.765
21 46 196.410
21 47 196.622
21 48 202.637
21 49 179.617
21 50 138.550
21 51 193.945
21 52 174.867
21 53 162.063
21 54 218.810
21 55 180.783
21 56 178.908
21 57 215.013
21 58 172.849
21 59 203.817
22 23 238.526
22 24 182.486
22 25 159.017
22 26 182.451
22 27 154.644
22 28 158.132
22 29 213.735
22 30 156.472
22 31 187.477
22 32 217.145
22 33 224.805
22 34 177.247
22 35 213.867
22 36 183.405
22 37 176.786
22 38 199.755
22 39 180.346
22 40 191.462
22 41 158.580
22 42 195.670
22 43 162.186
22 44 151.357
22 45 182.188
22 46 175.334
22 47 154.785
22 48 190.060
22 49 174.990
22 50 166.585
22 51 165.582
22 52 157.489
22 53 161.720
22 54 169.147
22 55 190.916
22 56 148.768
22 57 159.354
22 58 194.471
22 59 156.191
23 24 184.736
23 25 179.604
23 26 205.337
23 27 217.625
23 28 156.048
23 29 165.103
23 30 194.796
23 31 192.332
23 32 211.938
23 33 168.761
23 34 167.739
23 35 188.368
23 36 177.738
23 37 215.006
23 38 200.598
23 39 215.414
23 40 196.481
23 41 159.129
23 42 176.637
23 43 200.388
23 44 222.593
23 45 144.019
23 46 208.413
23 47 216.388
23 48 194.650
23 49 221.971
23 50 148.837
23 51 208.609
23 52 188.605
23 53 188.122
23 54 231.241
23 55 175.741
23 56 203.009
23 57 214.094
23 58 211.209
23 59 198.774
24 25 164.375
24 26 169.859
24 27 214.483
24 28 184.594
24 29 139.815
24 30 140.778
24 31 192.950
24 32 161.492
24 33 166.364
24 34 131.489
24 35 187.987
24 36 137.659
24 37 176.911
24 38 212.463
24 39 181.900
24 40 177.314
24 41 180.245
24 42 197.685
24 43 160.524
24 44 196.718
24 45 167.920
24 46 205.169
24 47 175.734
24 48 216.597
24 49 215.394
24 50 149.695
24 51 213.510
24 52 165.365
24 53 193.299
24 54 195.260
24 55 167.969
24 56 164.685
24 57 222.911
24 58 191.723
24 59 165.192
25 26 151.630
25 27 168.142
25 28 140.074
25 29 187.269
25 30 146.425
25 31 140.580
25 32 175.965
25 33 168.092
25 34 174.105
25 35 182.670
25 36 154.704
25 37 189.460
25 38 187.706
25 39 169.701
25 40 172.948
25 41 165.487
25 42 197.110
25 43 148.823
25 44 195.691
25 45 156.962
25 46 189.318
25 47 171.003
25 48 155.107
25 49 119.386
25 50 124.855
25 51 168.734
25 52 138.932
25 53 164.253
25 54 145.293
25 55 177.645
25 56 149.361
25 57 176.996
25 58 165.792
25 59 179.579
26 27 173.950
26 28 142.346
26 29 155.200
26 30 120.242
26 31 170.115
26 32 176.008
26 33 148.585
26 34 212.901
26 35 189.123
26 36 142.481
26 37 201.390
26 38 195.766
26 39 127.478
26 40 170.764
26 41 199.173
26 42 196.416
26 43 132.013
26 44 190.251
26 45 196.866
26 46 169.680
26 47 177.215
26 48 191.748
26 49 189.896
26 50 134.762
26 51 171.542
26 52 160.901
26 53 172.323
26 54 199.660
26 55 176.239
26 56 165.203
26 57 210.851
26 58 126.968
26 59 200.221
27 28 168.631
27 29 212.232
27 30 186.986
27 31 187.559
27 32 227.481
27 33 200.378
27 34 193.461
27 35 207.374
27 36 175.648
27 37 201.400
27 38 199.833
27 39 175.019
27 40 211.686
27 41 180.296
27 42 177.976
27 43 156.244
27 44 184.565
27 45 190.374
27 46 193.377
27 47 155.246
27 48 195.173
27 49 165.753
27 50 170.689
27 51 162.463
27 52 149.088
27 53 172.195
27 54 158.913
27 55 195.279
27 56 143.643
27 57 200.284
27 58 201.797
27 59 201.144
28 29 167.128
28 30 159.731
28 31 128.930
28 32 195.924
28 33 171.088
28 34 178.146
28 35 189.410
28 36 157.320
28 37 155.457
28 38 163.472
28 39 152.595
28 40 140.056
28 41 166.288
28 42 182.544
28 43 163.029
28 44 197.979
28 45 142.066
28 46 162.446
28 47 172.466
28 48 158.294
28 49 173.444
28 50 136.303
28 51 134.032
28 52 138.120
28 53 131.217
28 54 182.075
28 55 130.037
28 56 145.426
28 57 130.271
28 58 137.351
28 59 144.625
29 30 160.422
29 31 190.710
29 32 131.328
29 33 163.653
29 34 154.672
29 35 165.552
29 36 178.591
29 37 172.069
29 38 197.953
29 39 187.057
29 40 180.316
29 41 151.320
29 42 189.007
29 43 151.605
29 44 180.257
29 45 172.309
29 46 184.420
29 47 180.015
29 48 193.699
29 49 232.314
29 50 149.517
29 51 205.354
29 52 166.861
29 53 192.416
29 54 198.917
29 55 124.532
29 56 187.852
29 57 201.124
29 58 174.896
29 59 182.814
30 31 169.856
30 32 187.022
30 33 159.242
30 34 175.070
30 35 183.850
30 36 127.403
30 37 176.821
30 38 217.727
30 39 140.867
30 40 165.296
30 41 159.164
30 42 200.349
30 43 129.882
30 44 193.017
30 45 182.171
30 46 140.808
30 47 153.448
30 48 187.015
30 49 174.755
30 50 120.118
30 51 181.821
30 52 166.177
30 53 156.132
30 54 193.898
30 55 172.525
30 56 177.182
30 57 205.948
30 58 166.437
30 59 195.802
31 32 203.055
31 33 176.923
31 34 197.283
31 35 245.686
31 36 170.261
31 37 229.507
31 38 214.790
31 39 174.508
31 40 190.409
31 41 200.371
31 42 244.739
31 43 162.356
31 44 208.036
31 45 177.458
31 46 215.480
31 47 191.151
31 48 181.852
31 49 165.550
31 50 185.600
31 51 169.788
31 52 178.485
31 53 195.941
31 54 196.317
31 55 147.024
31 56 149.743
31 57 166.062
31 58 173.863
31 59 194.960
32 33 179.007
32 34 188.571
32 35 149.026
32 36 193.202
32 37 168.552
32 38 183.778
32 39 183.163
32 40 165.620
32 41 204.671
32 42 175.359
32 43 169.120
32 44 181.261
32 45 201.925
32 46 224.925
32 47 224.456
32 48 156.992
32 49 237.238
32 50 174.398
32 51 216.086
32 52 154.269
32 53 189.254
32 54 183.604
32 55 158.584
32 56 183.620
32 57 225.447
32 58 216.536
32 59 184.799
33 34 192.225
33 35 179.964
33 36 151.177
33 37 209.407
33 38 183.335
33 39 178.881
33 40 188.841
33 41 185.199
33 42 187.149
33 43 140.403
33 44 215.683
33 45 155.476
33 46 203.708
33 47 182.845
33 48 206.254
33 49 210.315
33 50 165.931
33 51 211.923
33 52 152.668
33 53 205.417
33 54 212.869
33 55 155.731
33 56 206.818
33 57 248.521
33 58 182.063
33 59 205.512
34 35 192.017
34 36 190.757
34 37 172.457
34 38 204.941
34 39 215.460
34 40 170.777
34 41 141.891
34 42 181.961
34 43 196.425
34 44 191.785
34 45 151.292
34 46 196.013
34 47 150.311
34 48 205.470
34 49 201.306
34 50 169.731
34 51 189.909
34 52 183.607
34 53 177.496
34 54 178.745
34 55 171.011
34 56 181.950
34 57 213.973
34 58 220.778
34 59 162.081
35 36 186.345
35 37 156.710
35 38 195.078
35 39 176.352
35 40 176.846
35 41 193.675
35 42 118.936
35 43 193.780
35 44 187.749
35 45 159.694
35 46 184.069
35 47 199.115
35 48 160.002
35 49 249.833
35 50 131.757
35 51 181.052
35 52 162.744
35 53 192.154
35 54 175.799
35 55 201.274
35 56 213.631
35 57 242.364
35 58 221.330
35 59 154.952
36 37 181.663
36 38 232.109
36 39 150.439
36 40 187.194
36 41 183.584
36 42 177.337
36 43 147.115
36 44 210.752
36 45 182.950
36 46 182.532
36 47 177.721
36 48 216.064
36 49 204.908
36 50 132.187
36 51 207.938
36 52 161.758
36 53 165.615
36 54 210.639
36 55 173.006
36 56 151.675
36 57 223.180
36 58 151.673
36 59 179.549
37 38 191.277
37 39 195.155
37 40 140.039
37 41 172.248
37 42 165.533
37 43 187.228
37 44 221.681
37 45 192.140
37 46 168.333
37 47 198.800
37 48 187.979
37 49 225.560
37 50 162.967
37 51 204.349
37 52 143.010
37 53 133.796
37 54 190.168
37 55 146.079
37 56 186.000
37 57 192.875
37 58 206.541
37 59 164.664
38 39 176.301
38 40 199.372
38 41 190.501
38 42 177.010
38 43 165.634
38 44 193.409
38 45 158.770
38 46 225.552
38 47 199.605
38 48 178.542
38 49 229.154
38 50 186.739
38 51 183.435
38 52 131.800
38 53 168.081
38 54 179.971
38 55 195.541
38 56 178.334
38 57 199.075
38 58 240.220
38 59 213.067
39 40 193.642
39 41 216.968
39 42 178.240
39 43 156.185
39 44 177.952
39 45 171.285
39 46 173.857
39 47 163.820
39 48 165.047
39 49 210.175
39 50 121.496
39 51 130.614
39 52 148.458
39 53 160.441
39 54 149.125
39 55 197.357
39 56 124.910
39 57 213.963
39 58 176.857
39 59 187.220
40 41 196.475
40 42 204.596
40 43 210.738
40 44 203.566
40 45 194.784
40 46 185.126
40 47 198.535
40 48 169.887
40 49 197.124
40 50 170.351
40 51 176.854
40 52 190.088
40 53 161.804
40 54 208.632
40 55 158.898
40 56 190.437
40 57 222.443
40 58 208.499
40 59 163.695
41 42 187.883
41 43 153.897
41 44 167.986
41 45 161.419
41 46 171.456
41 47 145.822
41 48 204.788
41 49 186.206
41 50 151.845
41 51 214.248
41 52 166.086
41 53 165.886
41 54 196.786
41 55 158.267
41 56 189.451
41 57 186.756
41 58 200.178
41 59 199.594
42 43 186.249
42 44 196.756
42 45 162.978
42 46 186.742
42 47 208.103
42 48 167.587
42 49 244.306
42 50 143.757
42 51 191.500
42 52 138.956
42 53 148.109
42 54 182.901
42 55 201.316
42 56 191.164
42 57 223.400
42 58 220.666
42 59 160.825
43 44 189.678
43 45 169.103
43 46 179.374
43 47 165.993
43 48 193.968
43 49 195.906
43 50 156.483
43 51 200.539
43 52 115.974
43 53 165.729
43 54 188.147
43 55 156.649
43 56 165.619
43 57 172.207
43 58 182.303
43 59 207.738
44 45 189.349
44 46 218.641
44 47 167.324
44 48 187.639
44 49 225.039
44 50 172.917
44 51 172.694
44 52 189.966
44 53 219.745
44 54 173.843
44 55 200.718
44 56 156.391
44 57 229.472
44 58 218.736
44 59 181.187
45 46 161.632
45 47 143.838
45 48 165.878
45 49 210.893
45 50 131.336
45 51 142.683
45 52 154.942
45 53 181.821
45 54 158.951
45 55 176.746
45 56 181.387
45 57 186.417
45 58 216.892
45 59 132.990
46 47 156.142
46 48 185.323
46 49 210.138
46 50 124.570
46 51 166.948
46 52 193.648
46 53 151.258
46 54 197.126
46 55 188.331
46 56 206.456
46 57 201.140
46 58 209.213
46 59 179.700
47 48 215.128
47 49 187.273
47 50 150.490
47 51 159.086
47 52 185.569
47 53 184.610
47 54 150.829
47 55 200.979
47 56 170.012
47 57 224.194
47 58 205.428
47 59 182.230
48 49 175.476
48 50 140.092
48 51 149.846
48 52 145.462
48 53 156.585
48 54 135.963
48 55 179.132
48 56 178.259
48 57 177.870
48 58 223.425
48 59 162.462
49 50 170.123
49 51 201.254
49 52 174.182
49 53 179.774
49 54 163.527
49 55 196.979
49 56 176.158
49 57 203.271
49 58 193.836
49 59 225.419
50 51 148.819
50 52 137.223
50 53 137.811
50 54 140.856
50 55 172.533
50 56 145.487
50 57 191.922
50 58 158.667
50 59 153.472
51 52 181.667
51 53 184.867
51 54 143.617
51 55 202.761
51 56 154.852
51 57 189.406
51 58 205.829
51 59 152.882
52 53 136.906
52 54 136.418
52 55 138.318
52 56 139.917
52 57 159.275
52 58 169.254
52 59 170.200
53 54 178.107
53 55 177.870
53 56 157.890
53 57 165.315
53 58 200.900
53 59 184.899
54 55 201.186
54 56 140.599
54 57 203.432
54 58 214.211
54 59 170.955
55 56 169.865
55 57 168.218
55 58 160.872
55 59 173.111
56 57 182.407
56 58 174.717
56 59 179.076
57 58 202.975
57 59 184.766
58 59 200.227
