60 6 ss 10 10 10 10 10 10 10 10 10 10 10 10 
0 1 133.444
0 2 119.440
0 3 137.275
0 4 101.646
0 5 145.447
0 6 112.113
0 7 136.808
0 8 96.933
0 9 116.828
0 10 145.051
0 11 102.517
0 12 151.661
0 13 123.951
0 14 116.170
0 15 159.269
0 16 100.391
0 17 144.239
0 18 176.703
0 19 118.643
0 20 114.981
0 21 165.083
0 22 165.985
0 23 157.497
0 24 136.520
0 25 134.480
0 26 145.418
0 27 149.636
0 28 112.695
0 29 117.866
0 30 124.437
0 31 109.681
0 32 154.519
0 33 159.439
0 34 137.026
0 35 116.517
0 36 165.709
0 37 146.921
0 38 140.867
0 39 131.463
0 40 125.816
0 41 149.009
0 42 175.250
0 43 157.945
0 44 103.660
0 45 155.911
0 46 165.931
0 47 102.877
0 48 113.584
0 49 130.731
0 50 168.090
0 51 141.282
0 52 133.600
0 53 139.645
0 54 169.441
0 55 120.239
0 56 169.045
0 57 149.185
0 58 100.367
0 59 113.652
1 2 122.188
1 3 156.160
1 4 124.111
1 5 166.301
1 6 122.403
1 7 137.550
1 8 151.075
1 9 143.520
1 10 161.722
1 11 157.877
1 12 130.367
1 13 125.210
1 14 143.440
1 15 164.113
1 16 101.834
1 17 126.250
1 18 120.869
1 19 122.947
1 20 104.649
1 21 161.206
1 22 162.303
1 23 132.112
1 24 161.219
1 25 141.282
1 26 152.686
1 27 130.729
1 28 110.401
1 29 138.673
1 30 115.427
1 31 127.764
1 32 97.590
1 33 144.662
1 34 130.852
1 35 105.624
1 36 157.687
1 37 71.139
1 38 145.918
1 39 97.670
1 40 149.749
1 41 139.382
1 42 172.317
1 43 165.449
1 44 153.912
1 45 178.310
1 46 158.495
1 47 109.413
1 48 109.480
1 49 132.040
1 50 158.870
1 51 136.362
1 52 110.827
1 53 121.793
1 54 172.856
1 55 137.804
1 56 139.393
1 57 172.501
1 58 127.321
1 59 117.273
2 3 126.270
2 4 92.583
2 5 110.625
2 6 144.803
2 7 89.053
2 8 111.510
2 9 154.045
2 10 111.778
2 11 115.163
2 12 152.625
2 13 164.792
2 14 110.859
2 15 138.032
2 16 107.756
2 17 148.455
2 18 150.793
2 19 96.475
2 20 134.202
2 21 117.086
2 22 133.382
2 23 152.802
2 24 154.122
2 25 131.782
2 26 165.211
2 27 124.323
2 28 108.243
2 29 136.755
2 30 160.530
2 31 124.020
2 32 99.900
2 33 163.543
2 34 99.200
2 35 142.155
2 36 136.271
2 37 124.702
2 38 153.533
2 39 152.651
2 40 120.217
2 41 138.382
2 42 126.042
2 43 171.970
2 44 136.665
2 45 161.459
2 46 128.446
2 47 145.236
2 48 72.746
2 49 102.452
2 50 127.620
2 51 120.374
2 52 106.453
2 53 164.318
2 54 140.458
2 55 124.523
2 56 163.443
2 57 126.322
2 58 100.052
2 59 119.949
3 4 135.415
3 5 145.386
3 6 135.429
3 7 137.121
3 8 130.921
3 9 165.490
3 10 158.816
3 11 168.065
3 12 181.169
3 13 179.099
3 14 85.881
3 15 168.966
3 16 127.791
3 17 185.342
3 18 129.721
3 19 133.031
3 20 102.590
3 21 166.349
3 22 166.935
3 23 179.826
3 24 125.598
3 25 162.611
3 26 156.538
3 27 141.790
3 28 118.520
3 29 175.864
3 30 149.996
3 31 126.679
3 32 124.329
3 33 173.659
3 34 155.121
3 35 132.541
3 36 118.512
3 37 156.659
3 38 126.229
3 39 156.459
3 40 91.916
3 41 163.790
3 42 195.077
3 43 159.263
3 44 158.179
3 45 158.843
3 46 164.989
3 47 144.309
3 48 147.036
3 49 126.648
3 50 146.978
3 51 151.349
3 52 120.769
3 53 160.429
3 54 181.274
3 55 177.039
3 56 170.185
3 57 182.050
3 58 152.335
3 59 153.082
4 5 133.181
4 6 143.059
4 7 95.533
4 8 91.161
4 9 115.691
4 10 140.907
4 11 93.826
4 12 127.627
4 13 156.146
4 14 146.327
4 15 160.543
4 16 98.682
4 17 152.171
4 18 165.991
4 19 109.824
4 20 133.539
4 21 141.732
4 22 147.285
4 23 135.857
4 24 140.569
4 25 128.488
4 26 169.491
4 27 146.330
4 28 123.230
4 29 140.727
4 30 155.825
4 31 124.208
4 32 134.840
4 33 155.308
4 34 134.089
4 35 132.754
4 36 163.578
4 37 113.844
4 38 131.092
4 39 134.660
4 40 165.938
4 41 141.972
4 42 139.251
4 43 157.329
4 44 119.262
4 45 155.931
4 46 114.816
4 47 128.900
4 48 108.851
4 49 119.707
4 50 145.342
4 51 147.254
4 52 110.156
4 53 150.854
4 54 145.536
4 55 155.405
4 56 171.283
4 57 144.587
4 58 111.990
4 59 131.852
5 6 154.630
5 7 106.916
5 8 124.154
5 9 179.763
5 10 129.560
5 11 160.552
5 12 149.536
5 13 162.862
5 14 133.304
5 15 160.842
5 16 150.514
5 17 181.133
5 18 159.577
5 19 105.284
5 20 154.115
5 21 123.708
5 22 148.669
5 23 189.596
5 24 136.651
5 25 158.463
5 26 153.752
5 27 106.838
5 28 178.435
5 29 170.772
5 30 148.421
5 31 165.683
5 32 139.051
5 33 214.829
5 34 115.005
5 35 169.669
5 36 182.724
5 37 185.509
5 38 158.618
5 39 163.962
5 40 146.341
5 41 177.551
5 42 141.938
5 43 189.581
5 44 150.939
5 45 178.676
5 46 91.016
5 47 169.818
5 48 127.909
5 49 150.683
5 50 133.978
5 51 141.597
5 52 170.995
5 53 190.388
5 54 141.447
5 55 132.171
5 56 181.908
5 57 153.508
5 58 148.620
5 59 146.786
6 7 159.900
6 8 158.403
6 9 134.497
6 10 140.688
6 11 149.162
6 12 163.277
6 13 133.232
6 14 133.154
6 15 167.257
6 16 113.278
6 17 160.598
6 18 154.710
6 19 129.106
6 20 106.562
6 21 164.613
6 22 141.509
6 23 137.122
6 24 149.355
6 25 158.372
6 26 132.766
6 27 136.634
6 28 139.952
6 29 155.793
6 30 101.211
6 31 110.009
6 32 119.371
6 33 153.876
6 34 155.028
6 35 124.845
6 36 158.316
6 37 145.636
6 38 114.016
6 39 94.209
6 40 135.584
6 41 148.232
6 42 194.741
6 43 137.590
6 44 138.876
6 45 184.254
6 46 173.411
6 47 117.901
6 48 135.402
6 49 117.324
6 50 167.315
6 51 130.402
6 52 150.903
6 53 117.534
6 54 178.702
6 55 128.061
6 56 157.427
6 57 150.377
6 58 139.107
6 59 128.952
7 8 90.840
7 9 130.599
7 10 137.345
7 11 118.669
7 12 145.919
7 13 158.278
7 14 143.845
7 15 126.924
7 16 111.565
7 17 173.986
7 18 143.947
7 19 96.651
7 20 147.917
7 21 136.610
7 22 153.439
7 23 155.925
7 24 100.871
7 25 130.422
7 26 148.799
7 27 123.152
7 28 136.316
7 29 131.876
7 30 158.630
7 31 139.511
7 32 122.111
7 33 169.378
7 34 80.411
7 35 120.640
7 36 144.618
7 37 140.713
7 38 133.879
7 39 131.921
7 40 157.718
7 41 121.617
7 42 89.864
7 43 165.349
7 44 159.062
7 45 145.890
7 46 92.088
7 47 142.862
7 48 96.436
7 49 124.229
7 50 104.677
7 51 132.721
7 52 92.285
7 53 166.116
7 54 126.761
7 55 137.186
7 56 160.559
7 57 140.281
7 58 140.401
7 59 121.572
8 9 142.005
8 10 133.054
8 11 121.074
8 12 130.359
8 13 146.304
8 14 121.344
8 15 147.269
8 16 120.425
8 17 162.257
8 18 152.943
8 19 89.343
8 20 125.755
8 21 158.548
8 22 153.756
8 23 153.242
8 24 97.257
8 25 116.610
8 26 154.395
8 27 151.431
8 28 129.175
8 29 148.623
8 30 154.125
8 31 140.767
8 32 160.098
8 33 168.343
8 34 110.590
8 35 118.650
8 36 169.147
8 37 156.430
8 38 123.430
8 39 147.153
8 40 148.455
8 41 135.734
8 42 129.863
8 43 152.868
8 44 141.306
8 45 137.892
8 46 123.274
8 47 100.944
8 48 128.100
8 49 152.709
8 50 138.740
8 51 128.604
8 52 114.306
8 53 176.382
8 54 136.262
8 55 135.672
8 56 156.855
8 57 163.098
8 58 116.917
8 59 110.945
9 10 187.092
9 11 108.713
9 12 161.001
9 13 160.404
9 14 187.892
9 15 155.524
9 16 116.030
9 17 167.452
9 18 184.235
9 19 143.047
9 20 155.739
9 21 187.746
9 22 176.811
9 23 132.236
9 24 147.222
9 25 123.528
9 26 166.298
9 27 175.343
9 28 147.197
9 29 129.585
9 30 124.264
9 31 89.790
9 32 150.149
9 33 139.286
9 34 144.560
9 35 113.632
9 36 161.892
9 37 152.302
9 38 153.102
9 39 122.810
9 40 178.636
9 41 116.532
9 42 158.958
9 43 146.686
9 44 130.241
9 45 143.007
9 46 160.502
9 47 143.237
9 48 130.775
9 49 113.556
9 50 157.125
9 51 158.860
9 52 123.552
9 53 102.505
9 54 188.136
9 55 148.446
9 56 168.430
9 57 151.987
9 58 144.534
9 59 120.041
10 11 162.985
10 12 145.619
10 13 154.596
10 14 141.622
10 15 141.775
10 16 131.387
10 17 125.140
10 18 185.020
10 19 96.785
10 20 127.239
10 21 85.320
10 22 78.325
10 23 155.265
10 24 154.968
10 25 152.672
10 26 126.341
10 27 143.748
10 28 133.974
10 29 155.782
10 30 177.057
10 31 139.782
10 32 152.088
10 33 149.376
10 34 128.417
10 35 163.817
10 36 143.040
10 37 179.822
10 38 126.309
10 39 163.367
10 40 150.733
10 41 167.674
10 42 140.650
10 43 136.315
10 44 132.077
10 45 179.660
10 46 160.533
10 47 142.422
10 48 124.671
10 49 159.701
10 50 130.790
10 51 97.475
10 52 156.473
10 53 165.674
10 54 148.719
10 55 128.715
10 56 148.484
10 57 119.805
10 58 139.229
10 59 145.420
11 12 177.486
11 13 165.554
11 14 175.472
11 15 180.106
11 16 113.056
11 17 184.745
11 18 197.082
11 19 152.781
11 20 170.359
11 21 166.962
11 22 182.611
11 23 139.638
11 24 164.722
11 25 140.698
11 26 190.694
11 27 185.456
11 28 144.382
11 29 149.655
11 30 173.083
11 31 129.455
11 32 146.112
11 33 169.579
11 34 143.265
11 35 144.262
11 36 174.944
11 37 151.718
11 38 172.649
11 39 161.204
11 40 179.620
11 41 114.717
11 42 137.504
11 43 177.689
11 44 150.900
11 45 188.221
11 46 146.579
11 47 155.199
11 48 124.101
11 49 118.599
11 50 190.281
11 51 146.560
11 52 140.640
11 53 160.093
11 54 194.514
11 55 133.268
11 56 197.871
11 57 148.508
11 58 148.540
11 59 148.175
12 13 113.865
12 14 180.081
12 15 180.689
12 16 160.096
12 17 119.679
12 18 158.087
12 19 107.862
12 20 140.630
12 21 148.554
12 22 122.995
12 23 121.449
12 24 166.808
12 25 130.539
12 26 171.423
12 27 145.117
12 28 163.205
12 29 176.392
12 30 129.672
12 31 148.966
12 32 154.735
12 33 157.070
12 34 138.599
12 35 155.266
12 36 186.564
12 37 140.025
12 38 158.172
12 39 138.581
12 40 187.200
12 41 163.511
12 42 168.976
12 43 150.941
12 44 137.150
12 45 149.051
12 46 143.225
12 47 113.441
12 48 164.686
12 49 159.780
12 50 147.680
12 51 128.661
12 52 158.116
12 53 148.788
12 54 136.884
12 55 141.488
12 56 102.128
12 57 162.629
12 58 140.341
12 59 133.588
13 14 165.798
13 15 185.896
13 16 138.051
13 17 134.116
13 18 166.465
13 19 141.982
13 20 129.322
13 21 155.569
13 22 169.962
13 23 153.288
13 24 152.692
13 25 170.361
13 26 135.361
13 27 132.762
13 28 143.822
13 29 140.946
13 30 120.816
13 31 150.448
13 32 154.283
13 33 160.816
13 34 140.812
13 35 130.307
13 36 169.033
13 37 141.809
13 38 162.405
13 39 117.360
13 40 165.611
13 41 162.740
13 42 193.828
13 43 163.687
13 44 149.951
13 45 182.349
13 46 181.285
13 47 105.134
13 48 158.310
13 49 160.546
13 50 178.329
13 51 135.193
13 52 162.617
13 53 133.298
13 54 173.214
13 55 119.967
13 56 125.677
13 57 166.876
13 58 168.370
13 59 153.065
14 15 161.337
14 16 132.877
14 17 172.398
14 18 138.185
14 19 115.100
14 20 99.225
14 21 169.698
14 22 165.385
14 23 196.305
14 24 134.278
14 25 162.520
14 26 148.065
14 27 128.804
14 28 116.192
14 29 162.134
14 30 147.522
14 31 145.458
14 32 138.531
14 33 192.043
14 34 141.622
14 35 138.252
14 36 150.454
14 37 159.781
14 38 137.075
14 39 153.107
14 40 67.930
14 41 180.362
14 42 195.195
14 43 181.414
14 44 158.340
14 45 164.945
14 46 174.830
14 47 126.292
14 48 128.609
14 49 148.057
14 50 150.734
14 51 146.356
14 52 131.450
14 53 182.802
14 54 162.317
14 55 152.280
14 56 170.418
14 57 176.876
14 58 119.331
14 59 130.512
15 16 121.318
15 17 159.468
15 18 161.890
15 19 96.162
15 20 150.010
15 21 147.162
15 22 159.104
15 23 182.377
15 24 132.113
15 25 170.287
15 26 140.103
15 27 130.718
15 28 134.949
15 29 108.608
15 30 164.995
15 31 141.052
15 32 171.094
15 33 132.361
15 34 87.176
15 35 118.372
15 36 148.667
15 37 185.539
15 38 140.233
15 39 165.239
15 40 149.851
15 41 153.516
15 42 153.516
15 43 122.866
15 44 139.932
15 45 175.495
15 46 185.704
15 47 167.069
15 48 99.439
15 49 162.753
15 50 92.346
15 51 162.359
15 52 120.977
15 53 161.461
15 54 154.331
15 55 163.234
15 56 183.250
15 57 177.261
15 58 133.053
15 59 126.872
16 17 131.993
16 18 144.072
16 19 113.818
16 20 91.478
16 21 125.856
16 22 160.983
16 23 142.632
16 24 117.143
16 25 147.115
16 26 115.762
16 27 133.289
16 28 76.785
16 29 95.299
16 30 140.126
16 31 104.553
16 32 122.889
16 33 114.062
16 34 114.818
16 35 75.137
16 36 123.161
16 37 122.391
16 38 108.652
16 39 123.313
16 40 133.815
16 41 121.065
16 42 145.504
16 43 123.499
16 44 118.156
16 45 183.671
16 46 152.678
16 47 124.296
16 48 75.511
16 49 130.965
16 50 144.728
16 51 133.844
16 52 97.702
16 53 112.041
16 54 182.892
16 55 141.148
16 56 173.806
16 57 162.442
16 58 131.715
16 59 129.945
17 18 190.594
17 19 125.582
17 20 114.664
17 21 124.132
17 22 125.951
17 23 151.534
17 24 186.952
17 25 138.680
17 26 135.233
17 27 164.950
17 28 115.994
17 29 134.918
17 30 148.740
17 31 116.141
17 32 163.432
17 33 117.500
17 34 149.647
17 35 150.660
17 36 146.566
17 37 161.060
17 38 165.878
17 39 163.915
17 40 158.842
17 41 177.035
17 42 177.424
17 43 143.300
17 44 100.318
17 45 166.892
17 46 193.978
17 47 135.531
17 48 132.684
17 49 172.510
17 50 153.621
17 51 125.716
17 52 158.406
17 53 111.781
17 54 191.060
17 55 141.468
17 56 126.683
17 57 152.633
17 58 135.636
17 59 139.487
18 19 127.296
18 20 122.520
18 21 184.444
18 22 186.265
18 23 154.605
18 24 140.853
18 25 168.830
18 26 181.341
18 27 132.998
18 28 150.787
18 29 193.875
18 30 129.829
18 31 166.175
18 32 113.310
18 33 173.583
18 34 124.826
18 35 110.925
18 36 170.945
18 37 135.677
18 38 149.323
18 39 148.401
18 40 141.252
18 41 136.117
18 42 189.976
18 43 158.227
18 44 197.192
18 45 197.829
18 46 160.374
18 47 138.481
18 48 158.163
18 49 155.413
18 50 160.857
18 51 149.660
18 52 130.519
18 53 173.657
18 54 182.356
18 55 166.299
18 56 161.349
18 57 227.063
18 58 164.745
18 59 140.929
19 20 106.562
19 21 124.460
19 22 99.216
19 23 136.061
19 24 111.922
19 25 112.858
19 26 128.364
19 27 105.455
19 28 123.227
19 29 132.054
19 30 121.091
19 31 118.403
19 32 131.206
19 33 139.622
19 34 76.705
19 35 113.737
19 36 150.134
19 37 145.864
19 38 105.736
19 39 124.323
19 40 127.163
19 41 136.144
19 42 128.428
19 43 119.297
19 44 115.323
19 45 131.657
19 46 126.045
19 47 105.255
19 48 97.142
19 49 133.062
19 50 82.464
19 51 107.114
19 52 109.313
19 53 148.281
19 54 102.876
19 55 117.390
19 56 126.804
19 57 139.548
19 58 83.634
19 59 77.809
20 21 143.205
20 22 141.192
20 23 148.175
20 24 119.939
20 25 138.535
20 26 103.392
20 27 136.650
20 28 87.614
20 29 144.201
20 30 116.393
20 31 108.766
20 32 128.661
20 33 129.129
20 34 139.953
20 35 93.934
20 36 126.075
20 37 139.081
20 38 94.972
20 39 124.178
20 40 105.232
20 41 150.999
20 42 180.727
20 43 121.060
20 44 126.311
20 45 164.977
20 46 167.725
20 47 91.598
20 48 126.270
20 49 152.683
20 50 146.597
20 51 116.635
20 52 121.844
20 53 117.137
20 54 183.100
20 55 143.950
20 56 136.230
20 57 176.719
20 58 132.097
20 59 122.801
21 22 122.764
21 23 170.410
21 24 169.852
21 25 177.184
21 26 137.067
21 27 129.459
21 28 139.627
21 29 146.781
21 30 182.096
21 31 148.399
21 32 144.415
21 33 151.383
21 34 127.472
21 35 169.377
21 36 133.127
21 37 175.855
21 38 159.938
21 39 182.707
21 40 160.934
21 41 175.779
21 42 146.699
21 43 149.846
21 44 125.249
21 45 203.923
21 46 154.289
21 47 180.340
21 48 120.524
21 49 159.688
21 50 138.099
21 51 129.002
21 52 167.104
21 53 154.517
21 54 176.519
21 55 150.106
21 56 171.953
21 57 143.429
21 58 167.934
21 59 177.920
22 23 131.309
22 24 177.538
22 25 132.121
22 26 154.725
22 27 157.850
22 28 158.631
22 29 183.308
22 30 161.546
22 31 126.867
22 32 147.548
22 33 147.746
22 34 148.270
22 35 178.896
22 36 154.839
22 37 177.748
22 38 135.927
22 39 155.306
22 40 168.568
22 41 170.332
22 42 156.292
22 43 133.654
22 44 135.082
22 45 150.021
22 46 162.125
22 47 143.805
22 48 150.711
22 49 146.325
22 50 121.491
22 51 100.921
22 52 161.704
22 53 153.549
22 54 138.712
22 55 140.196
22 56 116.215
22 57 109.653
22 58 134.539
22 59 133.392
23 24 182.774
23 25 117.488
23 26 194.310
23 27 189.675
23 28 154.278
23 29 192.638
23 30 141.944
23 31 119.547
23 32 127.030
23 33 117.886
23 34 148.972
23 35 138.620
23 36 173.326
23 37 134.697
23 38 154.999
23 39 143.127
23 40 192.937
23 41 89.831
23 42 158.295
23 43 121.069
23 44 163.263
23 45 180.169
23 46 163.494
23 47 122.747
23 48 164.496
23 49 128.757
23 50 180.295
23 51 103.953
23 52 146.075
23 53 127.941
23 54 189.340
23 55 132.236
23 56 128.227
23 57 168.439
23 58 153.820
23 59 130.134
24 25 157.902
24 26 108.729
24 27 136.721
24 28 144.884
24 29 142.851
24 30 148.828
24 31 153.025
24 32 166.077
24 33 173.193
24 34 119.410
24 35 95.566
24 36 156.082
24 37 179.625
24 38 90.677
24 39 128.090
24 40 153.241
24 41 148.660
24 42 150.056
24 43 144.223
24 44 167.548
24 45 159.333
24 46 140.116
24 47 125.266
24 48 139.785
24 49 172.067
24 50 125.931
24 51 152.031
24 52 119.787
24 53 167.997
24 54 158.721
24 55 162.267
24 56 171.128
24 57 186.450
24 58 167.367
24 59 135.941
25 26 170.839
25 27 191.111
25 28 150.164
25 29 175.645
25 30 131.788
25 31 101.362
25 32 139.794
25 33 160.111
25 34 134.519
25 35 141.316
25 36 168.697
25 37 168.583
25 38 158.759
25 39 152.173
25 40 162.449
25 41 116.528
25 42 119.404
25 43 161.408
25 44 147.374
25 45 112.698
25 46 132.283
25 47 120.297
25 48 140.011
25 49 140.706
25 50 150.434
25 51 95.923
25 52 135.563
25 53 141.508
25 54 178.930
25 55 111.085
25 56 123.204
25 57 143.622
25 58 123.049
25 59 76.832
26 27 137.149
26 28 135.528
26 29 119.551
26 30 147.222
26 31 138.105
26 32 169.128
26 33 158.340
26 34 143.631
26 35 125.513
26 36 134.532
26 37 192.728
26 38 109.570
26 39 130.548
26 40 148.268
26 41 182.294
26 42 170.238
26 43 146.264
26 44 142.002
26 45 175.606
26 46 177.676
26 47 141.026
26 48 131.130
26 49 184.427
26 50 132.952
26 51 141.606
26 52 154.160
26 53 132.342
26 54 185.917
26 55 151.729
26 56 159.076
26 57 158.605
26 58 175.885
26 59 151.357
27 28 147.275
27 29 130.764
27 30 131.693
27 31 159.977
27 32 129.986
27 33 180.061
27 34 107.234
27 35 139.841
27 36 155.540
27 37 142.042
27 38 146.735
27 39 126.341
27 40 131.943
27 41 183.529
27 42 187.011
27 43 168.346
27 44 146.547
27 45 180.793
27 46 156.683
27 47 155.051
27 48 117.004
27 49 137.663
27 50 111.100
27 51 164.310
27 52 140.218
27 53 163.611
27 54 119.603
27 55 155.231
27 56 163.715
27 57 164.923
27 58 143.011
27 59 150.374
28 29 108.332
28 30 157.130
28 31 102.111
28 32 131.068
28 33 103.836
28 34 129.222
28 35 97.500
28 36 93.592
28 37 118.265
28 38 134.842
28 39 145.620
28 40 108.939
28 41 141.060
28 42 173.865
28 43 135.960
28 44 127.438
28 45 165.103
28 46 191.372
28 47 117.555
28 48 99.993
28 49 133.673
28 50 146.095
28 51 133.502
28 52 84.803
28 53 122.348
28 54 183.600
28 55 152.720
28 56 151.043
28 57 163.370
28 58 125.226
28 59 134.393
29 30 158.244
29 31 128.592
29 32 170.280
29 33 139.301
29 34 117.936
29 35 115.215
29 36 139.331
29 37 158.225
29 38 158.495
29 39 141.077
29 40 151.867
29 41 168.843
29 42 169.630
29 43 161.181
29 44 117.580
29 45 172.310
29 46 193.611
29 47 155.048
29 48 83.298
29 49 154.156
29 50 133.341
29 51 172.886
29 52 121.018
29 53 131.248
29 54 172.231
29 55 154.578
29 56 182.029
29 57 152.434
29 58 139.711
29 59 142.943
30 31 111.715
30 32 126.447
30 33 164.895
30 34 136.082
30 35 115.924
30 36 173.760
30 37 152.420
30 38 152.407
30 39 107.951
30 40 133.824
30 41 145.294
30 42 193.696
30 43 151.130
30 44 135.693
30 45 152.506
30 46 161.904
30 47 116.784
30 48 146.327
30 49 129.465
30 50 156.559
30 51 136.174
30 52 154.479
30 53 109.692
30 54 177.755
30 55 117.197
30 56 131.653
30 57 174.630
30 58 134.433
30 59 101.546
31 32 117.806
31 33 105.416
31 34 134.509
31 35 114.517
31 36 105.342
31 37 147.565
31 38 139.153
31 39 132.119
31 40 120.759
31 41 118.804
31 42 159.777
31 43 119.991
31 44 98.880
31 45 125.107
31 46 169.896
31 47 126.078
31 48 113.118
31 49 94.223
31 50 135.497
31 51 110.171
31 52 115.296
31 53 69.493
31 54 184.921
31 55 122.355
31 56 127.998
31 57 123.432
31 58 119.179
31 59 103.121
32 33 161.824
32 34 124.976
32 35 134.144
32 36 128.392
32 37 107.920
32 38 159.440
32 39 128.098
32 40 129.766
32 41 118.505
32 42 157.043
32 43 170.245
32 44 169.976
32 45 177.061
32 46 137.004
32 47 147.622
32 48 119.492
32 49 82.686
32 50 152.325
32 51 112.262
32 52 121.812
32 53 132.510
32 54 178.260
32 55 125.579
32 56 141.804
32 57 151.625
32 58 150.355
32 59 132.936
33 34 147.256
33 35 115.591
33 36 122.595
33 37 152.321
33 38 144.185
33 39 161.052
33 40 172.860
33 41 130.786
33 42 183.677
33 43 75.628
33 44 132.168
33 45 183.656
33 46 214.407
33 47 141.666
33 48 144.843
33 49 153.436
33 50 155.785
33 51 141.178
33 52 125.766
33 53 99.756
33 54 202.278
33 55 170.092
33 56 147.827
33 57 179.439
33 58 157.652
33 59 151.508
34 35 106.078
34 36 145.166
34 37 150.474
34 38 149.622
34 39 143.425
34 40 135.280
34 41 112.073
34 42 112.208
34 43 142.733
34 44 146.230
34 45 159.520
34 46 134.209
34 47 137.457
34 48 88.237
34 49 131.836
34 50 103.317
34 51 117.011
34 52 109.030
34 53 155.682
34 54 134.105
34 55 106.130
34 56 147.436
34 57 155.762
34 58 124.326
34 59 101.625
35 36 137.043
35 37 129.916
35 38 111.699
35 39 111.511
35 40 135.512
35 41 102.600
35 42 160.974
35 43 115.697
35 44 147.926
35 45 168.101
35 46 166.945
35 47 100.426
35 48 113.946
35 49 142.973
35 50 144.296
35 51 137.152
35 52 87.999
35 53 116.896
35 54 181.622
35 55 141.299
35 56 154.003
35 57 190.725
35 58 141.119
35 59 110.230
36 37 163.207
36 38 154.789
36 39 165.927
36 40 122.045
36 41 154.643
36 42 177.851
36 43 146.009
36 44 154.132
36 45 161.579
36 46 198.620
36 47 165.880
36 48 133.980
36 49 129.842
36 50 133.214
36 51 136.468
36 52 115.819
36 53 120.334
36 54 199.206
36 55 168.554
36 56 146.366
36 57 149.821
36 58 177.815
36 59 166.925
37 38 163.581
37 39 116.269
37 40 170.785
37 41 148.608
37 42 192.814
37 43 178.869
37 44 172.733
37 45 187.078
37 46 174.057
37 47 127.221
37 48 135.515
37 49 119.554
37 50 173.562
37 51 163.226
37 52 105.048
37 53 148.252
37 54 166.219
37 55 170.373
37 56 154.685
37 57 180.601
37 58 141.921
37 59 150.792
38 39 112.171
38 40 162.331
38 41 158.166
38 42 168.656
38 43 109.837
38 44 152.984
38 45 171.591
38 46 157.936
38 47 111.758
38 48 143.039
38 49 167.134
38 50 131.158
38 51 143.037
38 52 124.501
38 53 151.812
38 54 157.161
38 55 173.652
38 56 162.425
38 57 174.488
38 58 152.338
38 59 137.705
39 40 168.883
39 41 149.907
39 42 179.134
39 43 158.633
39 44 163.730
39 45 154.207
39 46 158.699
39 47 98.806
39 48 136.786
39 49 130.843
39 50 143.420
39 51 147.324
39 52 119.407
39 53 126.993
39 54 142.790
39 55 144.042
39 56 131.962
39 57 149.504
39 58 146.731
39 59 118.444
40 41 170.737
40 42 201.790
40 43 169.949
40 44 143.659
40 45 164.731
40 46 193.491
40 47 147.387
40 48 126.091
40 49 133.326
40 50 149.965
40 51 141.194
40 52 138.752
40 53 156.228
40 54 187.962
40 55 142.537
40 56 164.789
40 57 175.532
40 58 129.441
40 59 133.716
41 42 125.964
41 43 134.637
41 44 178.094
41 45 179.913
41 46 152.968
41 47 135.483
41 48 138.924
41 49 123.720
41 50 171.200
41 51 107.636
41 52 119.048
41 53 138.657
41 54 199.456
41 55 118.456
41 56 155.403
41 57 178.918
41 58 161.247
41 59 118.713
42 43 182.041
42 44 183.228
42 45 177.969
42 46 105.746
42 47 175.793
42 48 126.359
42 49 171.218
42 50 145.479
42 51 123.320
42 52 147.839
42 53 186.233
42 54 179.624
42 55 135.545
42 56 180.018
42 57 151.540
42 58 172.536
42 59 138.890
43 44 130.886
43 45 185.654
43 46 195.466
43 47 136.672
43 48 158.146
43 49 163.448
43 50 145.808
43 51 136.195
43 52 145.212
43 53 122.863
43 54 188.413
43 55 167.934
43 56 155.107
43 57 188.923
43 58 158.999
43 59 147.224
44 45 158.148
44 46 178.625
44 47 150.246
44 48 119.171
44 49 144.809
44 50 142.078
44 51 152.939
44 52 158.213
44 53 115.224
44 54 175.238
44 55 150.218
44 56 167.923
44 57 143.360
44 58 110.742
44 59 138.636
45 46 178.627
45 47 141.777
45 48 168.467
45 49 149.041
45 50 120.575
45 51 157.471
45 52 135.348
45 53 162.910
45 54 145.920
45 55 166.296
45 56 117.130
45 57 137.331
45 58 140.073
45 59 115.147
46 47 169.302
46 48 145.347
46 49 158.839
46 50 153.529
46 51 143.418
46 52 162.447
46 53 189.598
46 54 164.202
46 55 150.099
46 56 183.331
46 57 168.742
46 58 169.707
46 59 147.815
47 48 148.106
47 49 151.594
47 50 158.619
47 51 113.963
47 52 117.999
47 53 140.783
47 54 152.111
47 55 125.817
47 56 108.066
47 57 167.446
47 58 120.917
47 59 97.493
48 49 121.882
48 50 116.874
48 51 137.010
48 52 102.036
48 53 138.119
48 54 156.525
48 55 126.428
48 56 174.629
48 57 135.378
48 58 104.184
48 59 110.880
49 50 145.288
49 51 135.699
49 52 117.060
49 53 127.319
49 54 160.128
49 55 132.848
49 56 148.750
49 57 123.371
49 58 129.189
49 59 128.626
50 51 150.678
50 52 113.750
50 53 159.059
50 54 106.905
50 55 165.447
50 56 141.363
50 57 137.724
50 58 134.446
50 59 123.542
51 52 144.267
51 53 135.780
51 54 176.513
51 55 76.631
51 56 103.338
51 57 132.405
51 58 145.604
51 59 110.153
52 53 141.676
52 54 146.585
52 55 160.784
52 56 145.132
52 57 160.633
52 58 124.349
52 59 112.146
53 54 210.152
53 55 144.828
53 56 134.793
53 57 153.994
53 58 161.518
53 59 140.434
54 55 175.918
54 56 155.790
54 57 149.050
54 58 131.758
54 59 143.051
55 56 131.900
55 57 131.674
55 58 136.042
55 59 100.124
56 57 143.943
56 58 158.256
56 59 123.923
57 58 149.360
57 59 146.058
58 59 81.916
