60 6 ds 8 13 9 14 7 13 10 10 8 13 8 12 
0 1 166.153
0 2 184.088
0 3 163.642
0 4 152.498
0 5 148.755
0 6 195.867
0 7 198.706
0 8 166.975
0 9 182.374
0 10 178.403
0 11 162.556
0 12 151.644
0 13 170.349
0 14 145.203
0 15 205.318
0 16 170.499
0 17 178.747
0 18 138.538
0 19 149.568
0 20 179.576
0 21 165.731
0 22 147.877
0 23 121.496
0 24 193.863
0 25 155.066
0 26 185.527
0 27 154.057
0 28 159.277
0 29 135.018
0 30 164.960
0 31 173.310
0 32 163.185
0 33 164.132
0 34 158.786
0 35 162.884
0 36 117.456
0 37 179.825
0 38 145.482
0 39 128.055
0 40 138.306
0 41 193.924
0 42 180.804
0 43 176.401
0 44 143.500
0 45 154.960
0 46 193.679
0 47 135.495
0 48 194.481
0 49 205.829
0 50 154.686
0 51 185.166
0 52 183.539
0 53 163.631
0 54 145.322
0 55 153.096
0 56 175.425
0 57 97.729
0 58 165.967
0 59 162.469
1 2 221.268
1 3 198.774
1 4 179.172
1 5 164.756
1 6 196.905
1 7 166.636
1 8 123.797
1 9 168.384
1 10 155.672
1 11 146.321
1 12 154.440
1 13 140.351
1 14 226.687
1 15 190.541
1 16 224.359
1 17 203.474
1 18 176.326
1 19 166.439
1 20 186.620
1 21 229.634
1 22 118.052
1 23 167.433
1 24 246.910
1 25 204.330
1 26 179.653
1 27 132.543
1 28 221.549
1 29 172.313
1 30 214.121
1 31 185.887
1 32 203.059
1 33 155.081
1 34 203.558
1 35 242.564
1 36 180.513
1 37 168.932
1 38 201.802
1 39 178.051
1 40 191.431
1 41 163.900
1 42 161.193
1 43 204.353
1 44 131.907
1 45 148.261
1 46 191.518
1 47 155.684
1 48 170.673
1 49 157.378
1 50 189.400
1 51 184.423
1 52 176.525
1 53 164.121
1 54 152.048
1 55 184.767
1 56 167.076
1 57 177.929
1 58 155.673
1 59 179.402
2 3 140.296
2 4 172.757
2 5 195.984
2 6 218.680
2 7 205.931
2 8 230.191
2 9 230.332
2 10 196.944
2 11 169.880
2 12 190.337
2 13 213.599
2 14 189.253
2 15 219.497
2 16 165.956
2 17 248.168
2 18 239.706
2 19 248.519
2 20 205.225
2 21 177.187
2 22 194.056
2 23 168.772
2 24 192.543
2 25 183.864
2 26 192.273
2 27 204.682
2 28 137.549
2 29 193.407
2 30 189.921
2 31 194.003
2 32 194.842
2 33 216.513
2 34 218.529
2 35 182.920
2 36 178.791
2 37 227.889
2 38 243.817
2 39 164.966
2 40 209.459
2 41 171.351
2 42 180.102
2 43 200.752
2 44 182.656
2 45 174.807
2 46 248.832
2 47 181.190
2 48 193.533
2 49 201.864
2 50 185.014
2 51 189.415
2 52 153.128
2 53 173.805
2 54 200.000
2 55 215.676
2 56 225.271
2 57 193.720
2 58 245.209
2 59 226.049
3 4 166.164
3 5 175.388
3 6 198.459
3 7 203.607
3 8 200.252
3 9 190.282
3 10 171.445
3 11 154.773
3 12 151.521
3 13 171.077
3 14 178.209
3 15 220.794
3 16 161.642
3 17 226.154
3 18 172.373
3 19 228.127
3 20 188.847
3 21 134.893
3 22 183.846
3 23 175.143
3 24 164.343
3 25 161.341
3 26 169.829
3 27 180.470
3 28 188.010
3 29 177.250
3 30 176.270
3 31 188.917
3 32 173.155
3 33 196.139
3 34 191.008
3 35 163.770
3 36 169.162
3 37 191.157
3 38 192.160
3 39 167.497
3 40 157.995
3 41 181.537
3 42 186.772
3 43 159.690
3 44 146.222
3 45 166.032
3 46 193.693
3 47 165.263
3 48 202.326
3 49 190.029
3 50 203.440
3 51 209.524
3 52 148.246
3 53 132.328
3 54 168.283
3 55 178.949
3 56 228.428
3 57 163.849
3 58 226.491
3 59 195.557
4 5 172.916
4 6 184.603
4 7 194.129
4 8 167.521
4 9 176.702
4 10 159.198
4 11 179.278
4 12 185.770
4 13 180.122
4 14 160.751
4 15 220.248
4 16 168.517
4 17 209.364
4 18 212.540
4 19 178.408
4 20 171.875
4 21 169.536
4 22 109.576
4 23 183.657
4 24 173.427
4 25 166.481
4 26 190.579
4 27 166.809
4 28 213.961
4 29 135.577
4 30 198.393
4 31 211.666
4 32 179.225
4 33 181.815
4 34 169.567
4 35 158.234
4 36 171.874
4 37 173.615
4 38 196.531
4 39 165.709
4 40 162.726
4 41 191.889
4 42 190.278
4 43 145.054
4 44 169.721
4 45 140.343
4 46 216.728
4 47 153.095
4 48 208.957
4 49 183.810
4 50 165.153
4 51 158.481
4 52 185.154
4 53 183.721
4 54 154.033
4 55 166.338
4 56 180.108
4 57 142.548
4 58 183.581
4 59 176.517
5 6 205.899
5 7 196.665
5 8 176.934
5 9 179.977
5 10 177.723
5 11 176.530
5 12 185.696
5 13 179.792
5 14 175.740
5 15 196.795
5 16 184.215
5 17 210.170
5 18 167.262
5 19 170.851
5 20 183.921
5 21 181.753
5 22 162.261
5 23 153.695
5 24 194.200
5 25 178.006
5 26 173.653
5 27 163.252
5 28 187.848
5 29 168.421
5 30 177.075
5 31 169.967
5 32 186.119
5 33 191.665
5 34 210.037
5 35 181.780
5 36 185.658
5 37 164.769
5 38 195.418
5 39 173.467
5 40 199.558
5 41 209.508
5 42 172.955
5 43 167.140
5 44 133.598
5 45 129.311
5 46 208.745
5 47 159.374
5 48 196.594
5 49 218.165
5 50 172.797
5 51 173.031
5 52 179.391
5 53 178.287
5 54 144.391
5 55 191.545
5 56 158.058
5 57 156.140
5 58 158.582
5 59 174.381
6 7 181.944
6 8 245.173
6 9 188.779
6 10 192.484
6 11 176.684
6 12 180.924
6 13 147.072
6 14 213.218
6 15 221.821
6 16 187.806
6 17 194.102
6 18 203.099
6 19 200.905
6 20 214.590
6 21 173.103
6 22 197.195
6 23 189.653
6 24 179.672
6 25 203.454
6 26 198.835
6 27 221.676
6 28 228.838
6 29 181.729
6 30 186.911
6 31 210.748
6 32 173.755
6 33 186.033
6 34 123.322
6 35 169.220
6 36 226.710
6 37 167.198
6 38 218.693
6 39 225.284
6 40 190.719
6 41 228.178
6 42 172.695
6 43 181.464
6 44 220.527
6 45 166.063
6 46 213.595
6 47 174.448
6 48 173.495
6 49 181.550
6 50 184.500
6 51 166.710
6 52 205.388
6 53 228.163
6 54 184.371
6 55 178.886
6 56 194.391
6 57 180.539
6 58 228.893
6 59 220.162
7 8 191.787
7 9 132.265
7 10 142.788
7 11 161.547
7 12 169.366
7 13 181.947
7 14 222.507
7 15 192.255
7 16 182.096
7 17 219.256
7 18 186.236
7 19 169.408
7 20 184.325
7 21 192.191
7 22 157.668
7 23 186.145
7 24 220.141
7 25 213.425
7 26 222.612
7 27 198.628
7 28 187.547
7 29 196.374
7 30 174.953
7 31 186.082
7 32 201.582
7 33 231.272
7 34 176.017
7 35 211.585
7 36 203.149
7 37 154.099
7 38 192.884
7 39 217.677
7 40 209.980
7 41 155.833
7 42 171.505
7 43 233.747
7 44 202.041
7 45 194.649
7 46 169.940
7 47 177.874
7 48 147.823
7 49 165.693
7 50 183.103
7 51 136.363
7 52 155.977
7 53 191.307
7 54 195.717
7 55 164.490
7 56 189.426
7 57 189.618
7 58 194.195
7 59 210.217
8 9 186.693
8 10 164.278
8 11 170.778
8 12 195.494
8 13 198.184
8 14 214.883
8 15 197.990
8 16 201.671
8 17 194.464
8 18 200.035
8 19 172.532
8 20 160.208
8 21 214.693
8 22 136.964
8 23 194.313
8 24 243.534
8 25 218.540
8 26 206.625
8 27 77.189
8 28 236.358
8 29 179.400
8 30 215.280
8 31 203.010
8 32 191.569
8 33 164.983
8 34 225.574
8 35 240.672
8 36 168.198
8 37 180.238
8 38 179.452
8 39 165.133
8 40 188.325
8 41 181.151
8 42 197.321
8 43 222.399
8 44 133.526
8 45 174.762
8 46 191.131
8 47 189.108
8 48 196.349
8 49 193.162
8 50 186.138
8 51 213.651
8 52 194.195
8 53 136.264
8 54 146.556
8 55 204.834
8 56 158.900
8 57 170.748
8 58 166.792
8 59 175.768
9 10 157.622
9 11 211.326
9 12 179.840
9 13 195.906
9 14 207.592
9 15 207.956
9 16 179.102
9 17 210.938
9 18 144.497
9 19 155.692
9 20 169.818
9 21 182.090
9 22 165.884
9 23 168.852
9 24 211.971
9 25 181.935
9 26 205.276
9 27 200.205
9 28 207.608
9 29 192.031
9 30 194.753
9 31 190.235
9 32 189.107
9 33 211.896
9 34 166.772
9 35 199.155
9 36 186.326
9 37 131.640
9 38 181.027
9 39 202.936
9 40 202.147
9 41 190.560
9 42 171.060
9 43 201.462
9 44 189.309
9 45 177.250
9 46 194.109
9 47 189.026
9 48 160.780
9 49 197.272
9 50 202.640
9 51 162.912
9 52 188.214
9 53 200.223
9 54 203.577
9 55 185.686
9 56 200.670
9 57 174.623
9 58 160.852
9 59 162.968
10 11 164.110
10 12 134.114
10 13 194.385
10 14 174.423
10 15 161.438
10 16 164.061
10 17 194.869
10 18 206.273
10 19 167.774
10 20 166.782
10 21 177.954
10 22 151.998
10 23 186.036
10 24 206.255
10 25 212.497
10 26 172.495
10 27 156.179
10 28 180.048
10 29 144.471
10 30 152.604
10 31 214.087
10 32 195.457
10 33 183.168
10 34 196.057
10 35 218.331
10 36 179.879
10 37 125.316
10 38 166.242
10 39 175.197
10 40 174.907
10 41 117.489
10 42 147.179
10 43 204.821
10 44 184.066
10 45 154.647
10 46 167.838
10 47 153.018
10 48 174.777
10 49 157.363
10 50 163.188
10 51 163.115
10 52 134.271
10 53 173.446
10 54 153.989
10 55 148.401
10 56 196.766
10 57 136.475
10 58 169.146
10 59 216.882
11 12 117.764
11 13 143.391
11 14 192.546
11 15 187.339
11 16 185.684
11 17 196.409
11 18 191.474
11 19 188.746
11 20 181.739
11 21 186.495
11 22 145.370
11 23 182.996
11 24 201.879
11 25 203.383
11 26 180.319
11 27 153.531
11 28 196.390
11 29 176.114
11 30 177.376
11 31 172.635
11 32 185.420
11 33 160.275
11 34 190.495
11 35 194.257
11 36 189.713
11 37 199.760
11 38 204.379
11 39 190.258
11 40 170.610
11 41 178.409
11 42 189.390
11 43 176.796
11 44 143.053
11 45 175.313
11 46 157.639
11 47 143.435
11 48 174.870
11 49 144.510
11 50 183.839
11 51 197.737
11 52 162.661
11 53 148.005
11 54 137.438
11 55 163.218
11 56 198.907
11 57 165.305
11 58 208.329
11 59 208.163
12 13 161.554
12 14 182.345
12 15 158.662
12 16 182.090
12 17 179.951
12 18 159.671
12 19 179.437
12 20 213.953
12 21 195.827
12 22 169.118
12 23 155.172
12 24 203.515
12 25 171.414
12 26 171.530
12 27 169.315
12 28 168.848
12 29 172.023
12 30 159.229
12 31 188.620
12 32 198.351
12 33 159.553
12 34 180.771
12 35 219.769
12 36 168.316
12 37 186.675
12 38 164.662
12 39 188.820
12 40 166.817
12 41 165.264
12 42 144.287
12 43 169.056
12 44 181.866
12 45 167.965
12 46 140.940
12 47 128.749
12 48 176.214
12 49 163.732
12 50 189.711
12 51 207.703
12 52 171.570
12 53 170.129
12 54 162.081
12 55 119.436
12 56 234.981
12 57 127.255
12 58 191.284
12 59 203.121
13 14 215.594
13 15 232.157
13 16 208.185
13 17 197.808
13 18 156.396
13 19 221.405
13 20 217.263
13 21 181.745
13 22 162.960
13 23 187.396
13 24 200.501
13 25 190.492
13 26 195.584
13 27 186.354
13 28 233.113
13 29 180.863
13 30 202.210
13 31 194.482
13 32 217.765
13 33 190.580
13 34 159.169
13 35 194.864
13 36 206.099
13 37 186.756
13 38 208.538
13 39 199.523
13 40 170.739
13 41 216.694
13 42 187.557
13 43 191.137
13 44 163.690
13 45 168.125
13 46 177.475
13 47 135.766
13 48 191.001
13 49 190.897
13 50 217.050
13 51 168.539
13 52 197.874
13 53 172.462
13 54 175.510
13 55 176.635
13 56 197.575
13 57 177.464
13 58 204.658
13 59 168.417
14 15 211.049
14 16 144.204
14 17 167.039
14 18 215.170
14 19 186.197
14 20 180.243
14 21 166.911
14 22 171.996
14 23 197.398
14 24 165.795
14 25 157.017
14 26 163.507
14 27 189.969
14 28 173.575
14 29 119.051
14 30 185.452
14 31 197.970
14 32 200.888
14 33 186.936
14 34 156.803
14 35 158.444
14 36 168.915
14 37 183.191
14 38 164.793
14 39 155.707
14 40 182.767
14 41 222.613
14 42 207.897
14 43 192.461
14 44 178.364
14 45 174.050
14 46 223.567
14 47 181.729
14 48 235.567
14 49 228.514
14 50 174.425
14 51 185.769
14 52 194.459
14 53 171.694
14 54 194.609
14 55 182.311
14 56 217.294
14 57 149.094
14 58 164.821
14 59 199.308
15 16 219.923
15 17 148.092
15 18 224.616
15 19 207.406
15 20 204.110
15 21 236.681
15 22 203.544
15 23 187.340
15 24 208.129
15 25 197.607
15 26 164.337
15 27 159.752
15 28 169.405
15 29 206.270
15 30 192.747
15 31 232.106
15 32 203.428
15 33 168.488
15 34 218.365
15 35 246.999
15 36 175.806
15 37 200.369
15 38 159.551
15 39 202.336
15 40 196.951
15 41 164.701
15 42 143.020
15 43 220.870
15 44 209.112
15 45 182.278
15 46 217.439
15 47 194.686
15 48 165.021
15 49 210.024
15 50 165.500
15 51 231.176
15 52 184.042
15 53 185.069
15 54 196.782
15 55 157.821
15 56 218.156
15 57 161.326
15 58 218.077
15 59 220.181
16 17 183.024
16 18 207.390
16 19 192.977
16 20 182.600
16 21 116.786
16 22 200.946
16 23 175.478
16 24 172.557
16 25 183.157
16 26 209.847
16 27 179.819
16 28 169.546
16 29 173.398
16 30 125.140
16 31 183.517
16 32 171.560
16 33 189.179
16 34 168.903
16 35 177.889
16 36 183.893
16 37 180.757
16 38 190.168
16 39 154.610
16 40 209.476
16 41 214.767
16 42 162.470
16 43 204.988
16 44 201.145
16 45 174.864
16 46 174.279
16 47 175.787
16 48 186.615
16 49 214.952
16 50 180.304
16 51 160.135
16 52 181.189
16 53 175.409
16 54 178.233
16 55 200.898
16 56 204.962
16 57 163.422
16 58 198.079
16 59 190.949
17 18 205.414
17 19 208.263
17 20 202.541
17 21 200.237
17 22 207.760
17 23 210.479
17 24 197.152
17 25 177.681
17 26 189.712
17 27 157.878
17 28 207.535
17 29 190.636
17 30 191.878
17 31 234.794
17 32 204.856
17 33 130.355
17 34 151.396
17 35 221.321
17 36 169.220
17 37 199.913
17 38 138.860
17 39 182.720
17 40 177.810
17 41 230.894
17 42 173.345
17 43 222.204
17 44 204.332
17 45 190.955
17 46 195.637
17 47 185.850
17 48 184.021
17 49 224.118
17 50 175.416
17 51 212.379
17 52 228.236
17 53 173.469
17 54 194.683
17 55 176.391
17 56 217.686
17 57 155.227
17 58 200.334
17 59 176.228
18 19 186.567
18 20 223.256
18 21 177.802
18 22 197.128
18 23 154.300
18 24 215.906
18 25 170.635
18 26 209.998
18 27 193.175
18 28 216.715
18 29 198.440
18 30 204.240
18 31 183.090
18 32 210.167
18 33 218.159
18 34 177.278
18 35 207.058
18 36 172.299
18 37 180.463
18 38 163.324
18 39 208.421
18 40 177.300
18 41 230.718
18 42 191.970
18 43 201.207
18 44 170.105
18 45 179.800
18 46 165.401
18 47 162.530
18 48 196.119
18 49 233.282
18 50 230.380
18 51 208.386
18 52 209.195
18 53 191.562
18 54 200.400
18 55 172.935
18 56 221.883
18 57 153.806
18 58 189.528
18 59 159.486
19 20 179.827
19 21 220.526
19 22 139.381
19 23 159.348
19 24 217.499
19 25 205.472
19 26 196.735
19 27 173.214
19 28 216.718
19 29 144.922
19 30 190.346
19 31 168.259
19 32 167.109
19 33 194.711
19 34 186.668
19 35 213.891
19 36 196.139
19 37 169.236
19 38 167.626
19 39 195.172
19 40 215.057
19 41 220.921
19 42 193.841
19 43 208.197
19 44 190.286
19 45 168.550
19 46 193.799
19 47 190.343
19 48 214.734
19 49 213.834
19 50 181.905
19 51 196.962
19 52 190.955
19 53 221.261
19 54 170.272
19 55 168.224
19 56 158.264
19 57 161.073
19 58 143.987
19 59 207.365
20 21 177.439
20 22 159.142
20 23 200.983
20 24 180.834
20 25 228.647
20 26 174.333
20 27 175.199
20 28 204.541
20 29 181.791
20 30 182.033
20 31 193.853
20 32 146.473
20 33 181.588
20 34 204.254
20 35 159.542
20 36 197.193
20 37 184.468
20 38 195.080
20 39 165.388
20 40 181.773
20 41 184.468
20 42 220.447
20 43 220.379
20 44 150.370
20 45 193.932
20 46 226.513
20 47 205.557
20 48 167.801
20 49 194.158
20 50 182.241
20 51 198.100
20 52 155.925
20 53 169.335
20 54 165.909
20 55 222.004
20 56 157.872
20 57 176.210
20 58 195.888
20 59 167.275
21 22 204.277
21 23 196.438
21 24 153.002
21 25 201.792
21 26 207.905
21 27 194.961
21 28 198.589
21 29 182.633
21 30 151.380
21 31 206.333
21 32 176.394
21 33 207.970
21 34 166.712
21 35 134.227
21 36 173.043
21 37 171.857
21 38 192.728
21 39 164.692
21 40 149.758
21 41 218.245
21 42 196.924
21 43 184.131
21 44 176.654
21 45 169.630
21 46 179.668
21 47 149.030
21 48 190.466
21 49 214.258
21 50 193.367
21 51 161.285
21 52 176.072
21 53 179.157
21 54 190.087
21 55 190.810
21 56 216.107
21 57 157.846
21 58 216.725
21 59 187.164
22 23 180.100
22 24 203.891
22 25 176.847
22 26 174.616
22 27 148.168
22 28 209.930
22 29 129.461
22 30 210.186
22 31 180.176
22 32 187.330
22 33 175.393
22 34 172.737
22 35 185.021
22 36 162.799
22 37 165.234
22 38 186.757
22 39 160.339
22 40 166.329
22 41 171.118
22 42 195.182
22 43 167.794
22 44 127.929
22 45 148.802
22 46 205.941
22 47 150.749
22 48 204.995
22 49 161.553
22 50 163.293
22 51 157.660
22 52 166.164
22 53 158.888
22 54 160.058
22 55 152.304
22 56 163.415
22 57 167.324
22 58 140.973
22 59 180.683
23 24 187.072
23 25 164.742
23 26 167.246
23 27 168.902
23 28 142.543
23 29 162.125
23 30 163.460
23 31 129.618
23 32 150.963
23 33 191.591
23 34 193.590
23 35 196.740
23 36 162.477
23 37 187.893
23 38 177.499
23 39 156.265
23 40 201.647
23 41 190.755
23 42 131.280
23 43 194.972
23 44 179.924
23 45 140.423
23 46 212.512
23 47 165.701
23 48 174.597
23 49 227.516
23 50 181.915
23 51 200.277
23 52 170.399
23 53 191.284
23 54 179.588
23 55 177.871
23 56 162.728
23 57 135.728
23 58 181.813
23 59 174.580
24 25 181.883
24 26 147.960
24 27 208.770
24 28 205.604
24 29 171.592
24 30 172.638
24 31 186.203
24 32 156.287
24 33 218.714
24 34 180.330
24 35 131.871
24 36 212.871
24 37 218.824
24 38 177.223
24 39 191.411
24 40 182.967
24 41 243.630
24 42 204.096
24 43 187.951
24 44 203.633
24 45 169.600
24 46 220.430
24 47 187.155
24 48 219.443
24 49 252.324
24 50 213.166
24 51 215.577
24 52 169.725
24 53 200.938
24 54 209.783
24 55 179.684
24 56 200.838
24 57 165.823
24 58 234.853
24 59 180.876
25 26 180.268
25 27 192.901
25 28 179.171
25 29 172.715
25 30 213.455
25 31 199.534
25 32 200.085
25 33 188.892
25 34 140.148
25 35 189.964
25 36 151.991
25 37 204.996
25 38 165.222
25 39 182.382
25 40 197.880
25 41 221.500
25 42 165.911
25 43 174.804
25 44 184.417
25 45 164.231
25 46 227.802
25 47 187.493
25 48 213.028
25 49 223.581
25 50 185.667
25 51 196.673
25 52 203.978
25 53 166.665
25 54 200.201
25 55 164.324
25 56 228.182
25 57 170.405
25 58 202.918
25 59 172.852
26 27 166.043
26 28 198.754
26 29 130.790
26 30 213.592
26 31 174.891
26 32 183.945
26 33 178.286
26 34 203.301
26 35 199.845
26 36 194.297
26 37 190.297
26 38 182.283
26 39 174.729
26 40 193.438
26 41 202.542
26 42 177.558
26 43 197.832
26 44 155.406
26 45 130.838
26 46 235.138
26 47 190.038
26 48 214.384
26 49 229.317
26 50 210.390
26 51 225.862
26 52 145.162
26 53 176.158
26 54 199.290
26 55 188.837
26 56 191.965
26 57 170.243
26 58 190.236
26 59 198.672
27 28 210.516
27 29 154.338
27 30 193.887
27 31 185.318
27 32 174.265
27 33 136.292
27 34 209.987
27 35 230.975
27 36 143.668
27 37 178.607
27 38 155.345
27 39 139.934
27 40 171.666
27 41 180.672
27 42 159.400
27 43 201.639
27 44 128.266
27 45 135.377
27 46 177.550
27 47 162.920
27 48 190.905
27 49 197.638
27 50 169.304
27 51 211.222
27 52 174.970
27 53 122.069
27 54 144.871
27 55 177.701
27 56 158.783
27 57 147.534
27 58 165.757
27 59 177.315
28 29 200.312
28 30 142.337
28 31 193.416
28 32 191.652
28 33 209.856
28 34 205.585
28 35 200.996
28 36 152.932
28 37 214.347
28 38 188.623
28 39 154.761
28 40 205.252
28 41 154.943
28 42 151.680
28 43 227.737
28 44 207.497
28 45 195.518
28 46 236.163
28 47 179.536
28 48 169.376
28 49 216.318
28 50 152.155
28 51 190.981
28 52 164.757
28 53 183.467
28 54 207.593
28 55 185.782
28 56 224.238
28 57 162.594
28 58 215.305
28 59 214.838
29 30 200.453
29 31 175.661
29 32 185.637
29 33 189.919
29 34 158.805
29 35 180.802
29 36 175.236
29 37 144.341
29 38 160.322
29 39 159.897
29 40 178.334
29 41 198.079
29 42 184.698
29 43 196.492
29 44 164.191
29 45 123.730
29 46 214.656
29 47 169.193
29 48 232.520
29 49 214.865
29 50 175.946
29 51 173.975
29 52 161.070
29 53 178.590
29 54 173.294
29 55 160.212
29 56 161.195
29 57 138.146
29 58 148.798
29 59 208.076
30 31 190.693
30 32 150.848
30 33 190.451
30 34 197.087
30 35 187.419
30 36 192.297
30 37 202.921
30 38 171.597
30 39 162.738
30 40 189.841
30 41 188.120
30 42 151.155
30 43 212.350
30 44 211.174
30 45 187.843
30 46 159.291
30 47 150.820
30 48 159.241
30 49 201.224
30 50 164.505
30 51 183.324
30 52 159.262
30 53 192.536
30 54 154.228
30 55 172.111
30 56 197.729
30 57 139.586
30 58 216.724
30 59 192.023
31 32 157.970
31 33 224.221
31 34 210.060
31 35 197.111
31 36 209.244
31 37 209.681
31 38 203.337
31 39 189.870
31 40 232.105
31 41 228.719
31 42 191.398
31 43 220.722
31 44 164.442
31 45 165.424
31 46 210.795
31 47 192.683
31 48 204.612
31 49 230.188
31 50 217.390
31 51 215.886
31 52 178.664
31 53 183.370
31 54 210.035
31 55 217.695
31 56 162.658
31 57 193.024
31 58 165.209
31 59 181.467
32 33 172.695
32 34 187.104
32 35 155.526
32 36 184.560
32 37 201.231
32 38 175.521
32 39 169.483
32 40 180.320
32 41 202.226
32 42 179.315
32 43 190.716
32 44 178.683
32 45 165.237
32 46 222.550
32 47 194.382
32 48 166.052
32 49 191.327
32 50 151.777
32 51 221.357
32 52 167.288
32 53 184.489
32 54 155.484
32 55 195.570
32 56 145.178
32 57 159.429
32 58 214.831
32 59 185.336
33 34 184.224
33 35 219.481
33 36 161.286
33 37 206.007
33 38 193.623
33 39 150.421
33 40 170.448
33 41 205.210
33 42 165.026
33 43 170.803
33 44 162.796
33 45 168.200
33 46 208.904
33 47 169.023
33 48 173.427
33 49 172.474
33 50 160.392
33 51 220.538
33 52 212.200
33 53 165.002
33 54 143.985
33 55 191.472
33 56 207.904
33 57 163.103
33 58 198.280
33 59 185.906
34 35 153.354
34 36 176.699
34 37 160.948
34 38 165.118
34 39 196.429
34 40 169.407
34 41 224.499
34 42 187.997
34 43 192.349
34 44 204.418
34 45 184.828
34 46 211.636
34 47 181.049
34 48 192.518
34 49 194.256
34 50 167.850
34 51 153.306
34 52 212.726
34 53 187.931
34 54 199.415
34 55 156.193
34 56 207.851
34 57 168.711
34 58 198.203
34 59 190.205
35 36 199.016
35 37 193.903
35 38 208.237
35 39 190.535
35 40 158.877
35 41 234.056
35 42 237.314
35 43 164.906
35 44 184.099
35 45 195.479
35 46 250.574
35 47 191.288
35 48 210.729
35 49 221.521
35 50 179.841
35 51 186.430
35 52 200.850
35 53 197.729
35 54 197.185
35 55 198.594
35 56 195.992
35 57 172.158
35 58 224.914
35 59 191.355
36 37 187.690
36 38 146.808
36 39 110.514
36 40 124.400
36 41 165.916
36 42 166.153
36 43 182.446
36 44 145.433
36 45 160.347
36 46 213.330
36 47 142.358
36 48 188.293
36 49 196.559
36 50 141.709
36 51 193.725
36 52 186.582
36 53 138.357
36 54 196.031
36 55 151.993
36 56 219.517
36 57 141.928
36 58 175.324
36 59 181.409
37 38 179.813
37 39 200.691
37 40 182.863
37 41 174.497
37 42 175.669
37 43 199.583
37 44 185.092
37 45 157.629
37 46 216.346
37 47 189.004
37 48 192.415
37 49 190.494
37 50 165.381
37 51 150.101
37 52 193.660
37 53 186.127
37 54 188.415
37 55 177.340
37 56 177.970
37 57 162.939
37 58 147.810
37 59 221.047
38 39 178.353
38 40 154.571
38 41 197.840
38 42 177.899
38 43 224.447
38 44 193.802
38 45 181.606
38 46 177.366
38 47 180.075
38 48 205.420
38 49 227.685
38 50 173.137
38 51 220.976
38 52 185.683
38 53 162.400
38 54 188.847
38 55 126.046
38 56 199.107
38 57 117.459
38 58 181.935
38 59 178.136
39 40 160.063
39 41 183.550
39 42 169.625
39 43 195.958
39 44 139.117
39 45 156.506
39 46 219.252
39 47 149.158
39 48 200.124
39 49 216.635
39 50 160.400
39 51 184.875
39 52 165.265
39 53 140.154
39 54 181.146
39 55 190.650
39 56 189.885
39 57 159.754
39 58 172.904
39 59 168.853
40 41 180.496
40 42 208.398
40 43 159.590
40 44 155.034
40 45 177.490
40 46 202.976
40 47 128.770
40 48 195.903
40 49 181.512
40 50 163.182
40 51 206.597
40 52 192.902
40 53 159.042
40 54 182.062
40 55 135.376
40 56 221.778
40 57 126.389
40 58 205.968
40 59 188.586
41 42 161.834
41 43 231.835
41 44 187.630
41 45 190.010
41 46 229.158
41 47 182.106
41 48 155.657
41 49 139.430
41 50 150.260
41 51 192.259
41 52 142.831
41 53 161.920
41 54 183.992
41 55 179.531
41 56 213.219
41 57 174.154
41 58 212.554
41 59 234.319
42 43 205.425
42 44 200.867
42 45 123.654
42 46 188.600
42 47 151.499
42 48 137.888
42 49 186.562
42 50 159.500
42 51 171.576
42 52 163.241
42 53 185.758
42 54 175.886
42 55 167.463
42 56 194.249
42 57 154.256
42 58 192.270
42 59 191.897
43 44 175.906
43 45 164.505
43 46 230.303
43 47 156.429
43 48 226.609
43 49 198.081
43 50 188.690
43 51 217.088
43 52 228.572
43 53 203.138
43 54 185.432
43 55 165.810
43 56 240.363
43 57 171.882
43 58 206.975
43 59 211.558
44 45 140.359
44 46 206.399
44 47 152.632
44 48 194.179
44 49 181.798
44 50 185.455
44 51 195.791
44 52 160.107
44 53 116.007
44 54 160.604
44 55 199.195
44 56 176.994
44 57 175.230
44 58 160.096
44 59 160.241
45 46 199.770
45 47 127.799
45 48 185.002
45 49 192.050
45 50 167.101
45 51 164.125
45 52 149.162
45 53 181.095
45 54 162.411
45 55 168.949
45 56 157.746
45 57 142.061
45 58 155.535
45 59 177.861
46 47 147.217
46 48 199.071
46 49 208.993
46 50 238.430
46 51 211.050
46 52 192.744
46 53 199.579
46 54 179.124
46 55 168.197
46 56 240.971
46 57 169.451
46 58 216.990
46 59 197.189
47 48 175.144
47 49 171.523
47 50 172.411
47 51 154.768
47 52 166.926
47 53 178.765
47 54 165.902
47 55 131.387
47 56 209.952
47 57 126.030
47 58 173.689
47 59 169.439
48 49 150.321
48 50 164.028
48 51 177.968
48 52 175.618
48 53 188.647
48 54 173.392
48 55 207.162
48 56 192.057
48 57 172.943
48 58 223.652
48 59 172.116
49 50 153.638
49 51 187.031
49 52 185.848
49 53 181.024
49 54 159.647
49 55 190.424
49 56 223.759
49 57 196.501
49 58 217.316
49 59 232.883
50 51 166.789
50 52 189.177
50 53 170.670
50 54 154.253
50 55 162.688
50 56 170.345
50 57 151.156
50 58 189.380
50 59 219.269
51 52 180.098
51 53 205.784
51 54 196.043
51 55 191.408
51 56 189.232
51 57 192.117
51 58 181.349
51 59 199.809
52 53 170.591
52 54 171.151
52 55 177.686
52 56 182.588
52 57 175.382
52 58 216.971
52 59 207.002
53 54 172.226
53 55 186.220
53 56 198.801
53 57 175.229
53 58 187.020
53 59 174.595
54 55 182.530
54 56 158.410
54 57 137.294
54 58 213.221
54 59 192.538
55 56 222.453
55 57 127.404
55 58 197.514
55 59 214.415
56 57 180.626
56 58 185.505
56 59 188.388
57 58 175.193
57 59 164.745
58 59 184.371
