10 2 ds 4 5 4 6 
0 1 144.777
0 2 179.234
0 3 178.692
0 4 147.336
0 5 180.277
0 6 194.281
0 7 145.540
0 8 121.845
0 9 151.352
1 2 151.543
1 3 159.082
1 4 202.115
1 5 152.002
1 6 162.528
1 7 132.798
1 8 138.391
1 9 113.186
2 3 109.783
2 4 152.618
2 5 86.512
2 6 109.707
2 7 94.011
2 8 125.141
2 9 135.109
3 4 146.744
3 5 130.422
3 6 166.507
3 7 129.791
3 8 137.332
3 9 145.158
4 5 158.044
4 6 175.029
4 7 156.474
4 8 130.088
4 9 157.869
5 6 133.118
5 7 145.959
5 8 109.859
5 9 139.998
6 7 148.487
6 8 182.242
6 9 145.969
7 8 141.885
7 9 141.717
8 9 137.721
