10 2 ss 5 5 5 5 
0 1 63.011
0 2 26.426
0 3 98.625
0 4 17.326
0 5 65.101
0 6 64.471
0 7 62.697
0 8 102.375
0 9 66.045
1 2 65.331
1 3 72.088
1 4 64.720
1 5 57.010
1 6 73.331
1 7 67.705
1 8 53.673
1 9 37.604
2 3 81.154
2 4 32.808
2 5 77.630
2 6 53.172
2 7 66.405
2 8 98.156
2 9 63.805
3 4 96.025
3 5 96.104
3 6 58.172
3 7 87.986
3 8 69.788
3 9 70.852
4 5 56.739
4 6 58.309
4 7 62.240
4 8 105.538
4 9 72.030
5 6 64.357
5 7 47.155
5 8 83.410
5 9 65.083
6 7 47.025
6 8 85.282
6 9 64.185
7 8 72.997
7 9 47.455
8 9 38.697
