30 5 ds 5 10 6 10 5 7 5 8 6 8 
0 1 34.615
0 2 72.245
0 3 38.352
0 4 70.543
0 5 81.936
0 6 42.686
0 7 35.393
0 8 47.516
0 9 81.664
0 10 55.174
0 11 66.373
0 12 43.592
0 13 11.297
0 14 32.604
0 15 55.895
0 16 84.745
0 17 64.548
0 18 79.064
0 19 55.290
0 20 57.551
0 21 36.883
0 22 47.652
0 23 37.144
0 24 45.277
0 25 58.333
0 26 59.381
0 27 52.689
0 28 37.844
0 29 45.078
1 2 45.665
1 3 58.729
1 4 79.147
1 5 56.411
1 6 66.316
1 7 31.913
1 8 43.939
1 9 94.759
1 10 47.767
1 11 70.337
1 12 71.646
1 13 39.460
1 14 21.010
1 15 30.004
1 16 51.378
1 17 39.820
1 18 64.771
1 19 47.900
1 20 76.362
1 21 63.848
1 22 36.125
1 23 22.582
1 24 75.196
1 25 50.450
1 26 88.556
1 27 71.626
1 28 56.165
1 29 36.285
2 3 100.872
2 4 78.428
2 5 10.822
2 6 86.614
2 7 42.982
2 8 44.184
2 9 94.962
2 10 42.581
2 11 60.914
2 12 93.101
2 13 71.268
2 14 65.912
2 15 58.610
2 16 42.642
2 17 60.002
2 18 66.643
2 19 40.911
2 20 119.526
2 21 84.984
2 22 69.860
2 23 65.509
2 24 99.832
2 25 53.455
2 26 108.860
2 27 87.647
2 28 70.301
2 29 75.326
3 4 89.203
3 5 111.204
3 6 74.888
3 7 71.134
3 8 84.976
3 9 98.538
3 10 92.747
3 11 100.474
3 12 70.646
3 13 42.850
3 14 47.555
3 15 61.799
3 16 99.487
3 17 67.910
3 18 83.013
3 19 92.616
3 20 20.170
3 21 61.251
3 22 44.639
3 23 53.177
3 24 56.939
3 25 72.712
3 26 72.466
3 27 63.926
3 28 68.114
3 29 39.030
4 5 81.679
4 6 73.994
4 7 58.616
4 8 64.879
4 9 17.755
4 10 73.398
4 11 46.888
4 12 66.229
4 13 59.844
4 14 93.049
4 15 93.642
4 16 103.283
4 17 92.133
4 18 67.867
4 19 69.845
4 20 107.064
4 21 49.361
4 22 83.407
4 23 97.552
4 24 53.398
4 25 43.097
4 26 54.749
4 27 29.452
4 28 41.689
4 29 90.496
5 6 93.079
5 7 50.788
5 8 49.609
5 9 97.690
5 10 46.911
5 11 62.376
5 12 99.682
5 13 80.299
5 14 76.615
5 15 68.713
5 16 48.391
5 17 69.221
5 18 72.267
5 19 45.047
5 20 130.012
5 21 91.910
5 22 80.025
5 23 76.067
5 24 107.122
5 25 59.760
5 26 115.119
5 27 93.972
5 28 76.552
5 29 85.864
6 7 45.124
6 8 43.857
6 9 78.832
6 10 49.723
6 11 51.529
6 12 15.625
6 13 39.252
6 14 68.919
6 15 94.209
6 16 114.084
6 17 102.722
6 18 110.253
6 19 50.418
6 20 91.648
6 21 30.973
6 22 88.996
6 23 70.810
6 24 45.829
6 25 83.072
6 26 49.097
6 27 62.787
6 28 33.379
6 29 87.425
7 8 15.705
7 9 72.444
7 10 24.121
7 11 38.943
7 12 50.640
7 13 32.240
7 14 47.246
7 15 59.499
7 16 70.944
7 17 65.734
7 18 73.084
7 19 22.673
7 20 91.044
7 21 44.070
7 22 59.910
7 23 49.053
7 24 60.387
7 25 47.787
7 26 69.617
7 27 57.044
7 28 31.213
7 29 62.267
8 9 77.118
8 10 9.997
8 11 32.267
8 12 52.372
8 13 44.528
8 14 58.618
8 15 72.308
8 16 78.548
8 17 78.856
8 18 85.820
8 19 8.498
8 20 104.662
8 21 50.505
8 22 74.953
8 23 59.172
8 24 68.594
8 25 60.172
8 26 75.176
8 27 67.207
8 28 36.903
8 29 76.909
9 10 85.573
9 11 54.610
9 12 68.858
9 13 70.467
9 14 107.266
9 15 110.141
9 16 121.024
9 17 108.934
9 18 83.675
9 19 82.174
9 20 115.269
9 21 53.871
9 22 98.553
9 23 111.906
9 24 54.564
9 25 60.296
9 26 51.008
9 27 34.783
9 28 49.912
9 29 105.034
10 11 37.110
10 12 59.930
10 13 53.402
10 14 62.399
10 15 75.826
10 16 78.504
10 17 82.731
10 18 91.797
10 19 4.063
10 20 112.152
10 21 59.889
10 22 80.926
10 23 61.979
10 24 78.162
10 25 67.446
10 26 84.359
10 27 77.117
10 28 46.595
10 29 82.578
11 12 53.502
11 13 58.367
11 14 85.863
11 15 95.471
11 16 99.127
11 17 98.827
11 18 91.328
11 19 33.926
11 20 120.340
11 21 49.294
11 22 93.683
11 23 87.809
11 24 65.617
11 25 63.014
11 26 66.091
11 27 59.462
11 28 34.798
11 29 97.903
12 13 37.454
12 14 74.119
12 15 97.307
12 16 119.303
12 17 104.574
12 18 107.535
12 19 59.747
12 20 86.942
12 21 20.007
12 22 88.739
12 23 77.165
12 24 31.863
12 25 80.263
12 26 33.647
12 27 51.879
12 28 28.874
12 29 87.865
13 14 42.065
13 15 61.011
13 16 87.363
13 17 67.927
13 18 75.901
13 19 52.811
13 20 62.558
13 21 27.024
13 22 51.297
13 23 46.723
13 24 36.440
13 25 52.590
13 26 50.189
13 27 42.169
13 28 27.629
13 29 50.905
14 15 33.217
14 16 64.441
14 17 45.904
14 18 77.516
14 19 63.384
14 20 62.369
14 21 68.694
14 22 36.108
14 23 6.323
14 24 77.220
14 25 65.964
14 26 91.770
14 27 79.430
14 28 65.677
14 29 29.847
15 16 39.330
15 17 13.532
15 18 54.140
15 19 75.523
15 20 74.870
15 21 86.405
15 22 21.757
15 23 34.957
15 24 93.479
15 25 54.845
15 26 108.244
15 27 85.447
15 28 80.206
15 29 23.890
16 17 36.030
16 18 58.477
16 19 77.739
16 20 113.849
16 21 108.703
16 22 57.410
16 23 63.696
16 24 119.370
16 25 63.769
16 26 131.948
16 27 106.060
16 28 97.479
16 29 62.767
17 18 43.567
17 19 81.860
17 20 80.447
17 21 91.704
17 22 23.598
17 23 48.157
17 24 97.778
17 25 50.595
17 26 112.257
17 27 86.024
17 28 84.890
17 29 30.150
18 19 89.133
18 20 97.024
18 21 89.721
18 22 48.217
18 23 81.549
18 24 92.992
18 25 29.342
18 26 104.312
18 27 70.361
18 28 81.639
18 29 59.378
19 20 112.224
19 21 58.630
19 22 80.135
19 23 63.287
19 24 76.824
19 25 64.453
19 26 82.872
19 27 74.570
19 28 44.689
19 29 82.299
20 21 78.962
20 22 57.986
20 23 67.265
20 24 71.972
20 25 90.496
20 26 86.479
20 27 80.512
20 28 87.370
20 29 51.170
21 22 75.491
21 23 72.899
21 24 18.729
21 25 62.799
21 26 26.156
21 27 32.302
21 28 16.323
21 29 76.466
22 23 40.912
22 24 78.807
22 25 47.563
22 26 94.116
22 27 70.510
22 28 72.248
22 29 11.163
23 24 82.222
23 25 70.279
23 26 96.462
23 27 84.842
23 28 69.365
23 29 34.631
24 25 68.858
24 26 15.993
24 27 28.505
24 28 33.290
24 29 79.578
25 26 79.102
25 27 46.837
25 28 53.093
25 29 57.116
26 27 35.255
26 28 39.325
26 29 95.295
27 28 34.144
27 29 75.221
28 29 74.698
