10 2 ds 5 5 3 5 
0 1 48.834
0 2 56.317
0 3 4.781
0 4 50.008
0 5 35.616
0 6 35.544
0 7 8.928
0 8 76.800
0 9 92.836
1 2 21.483
1 3 51.225
1 4 57.391
1 5 59.009
1 6 65.458
1 7 57.050
1 8 58.440
1 9 46.121
2 3 60.045
2 4 77.322
2 5 75.942
2 6 81.229
2 7 65.236
2 8 79.688
2 9 55.795
3 4 46.853
3 5 31.587
3 6 31.005
3 7 5.894
3 8 75.146
3 9 94.251
4 5 18.669
4 6 25.938
4 7 49.874
4 8 35.348
4 9 79.778
5 6 8.296
5 7 33.289
5 8 53.243
5 9 90.662
6 7 31.208
6 8 61.058
6 9 98.701
7 8 79.647
7 9 100.129
8 9 56.944
