12 4 ds 2 4 3 3 3 3 2 4 
0 1 163.172
0 2 154.998
0 3 135.418
0 4 145.472
0 5 144.723
0 6 168.542
0 7 182.453
0 8 184.814
0 9 205.358
0 10 96.050
0 11 150.596
1 2 148.382
1 3 159.211
1 4 154.554
1 5 153.504
1 6 160.289
1 7 176.986
1 8 168.066
1 9 208.523
1 10 179.539
1 11 166.157
2 3 161.679
2 4 139.676
2 5 169.632
2 6 189.076
2 7 212.393
2 8 182.439
2 9 203.785
2 10 160.024
2 11 170.371
3 4 160.066
3 5 191.708
3 6 128.562
3 7 131.068
3 8 159.781
3 9 182.366
3 10 181.052
3 11 172.524
4 5 150.311
4 6 178.522
4 7 193.866
4 8 185.117
4 9 222.167
4 10 164.629
4 11 203.772
5 6 175.034
5 7 203.385
5 8 206.388
5 9 206.467
5 10 167.026
5 11 199.278
6 7 155.178
6 8 144.944
6 9 170.874
6 10 165.147
6 11 157.924
7 8 205.024
7 9 149.096
7 10 206.202
7 11 195.677
8 9 164.162
8 10 188.173
8 11 146.228
9 10 209.529
9 11 179.323
10 11 138.415
