10 2 ss 5 5 5 5 
0 1 253.119
0 2 179.377
0 3 228.854
0 4 214.722
0 5 218.129
0 6 188.502
0 7 180.526
0 8 223.556
0 9 202.936
1 2 223.213
1 3 186.621
1 4 178.674
1 5 149.944
1 6 169.597
1 7 169.073
1 8 172.744
1 9 188.542
2 3 199.432
2 4 205.210
2 5 215.821
2 6 188.645
2 7 173.191
2 8 170.927
2 9 189.782
3 4 185.395
3 5 216.330
3 6 141.954
3 7 203.292
3 8 165.074
3 9 178.101
4 5 151.372
4 6 175.458
4 7 181.525
4 8 208.148
4 9 134.468
5 6 179.393
5 7 168.468
5 8 173.550
5 9 162.998
6 7 186.277
6 8 147.042
6 9 160.529
7 8 190.344
7 9 164.039
8 9 178.937
