10 2 ds 3 7 3 5 
0 1 169.099
0 2 159.004
0 3 141.282
0 4 157.673
0 5 158.618
0 6 189.872
0 7 183.184
0 8 189.924
0 9 167.281
1 2 193.304
1 3 159.485
1 4 233.595
1 5 181.372
1 6 178.844
1 7 148.289
1 8 142.471
1 9 210.771
2 3 182.149
2 4 193.720
2 5 147.467
2 6 147.928
2 7 171.168
2 8 162.941
2 9 113.779
3 4 216.670
3 5 180.120
3 6 183.173
3 7 205.837
3 8 198.429
3 9 209.652
4 5 231.326
4 6 229.156
4 7 240.313
4 8 223.024
4 9 187.506
5 6 169.185
5 7 195.806
5 8 154.565
5 9 166.004
6 7 166.526
6 8 143.180
6 9 152.755
7 8 162.557
7 9 200.930
8 9 187.060
