30 5 ss 6 6 6 6 6 6 6 6 6 6 
0 1 111.739
0 2 107.471
0 3 115.101
0 4 85.494
0 5 98.876
0 6 66.894
0 7 102.161
0 8 97.888
0 9 107.396
0 10 62.476
0 11 91.182
0 12 69.557
0 13 115.983
0 14 73.425
0 15 114.130
0 16 96.701
0 17 98.944
0 18 88.491
0 19 95.308
0 20 106.441
0 21 76.920
0 22 82.771
0 23 95.703
0 24 74.021
0 25 80.318
0 26 62.032
0 27 81.140
0 28 85.513
0 29 61.166
1 2 129.156
1 3 87.661
1 4 113.459
1 5 130.334
1 6 120.390
1 7 120.240
1 8 79.821
1 9 102.250
1 10 100.066
1 11 115.578
1 12 135.413
1 13 80.395
1 14 131.033
1 15 106.919
1 16 105.078
1 17 83.953
1 18 63.740
1 19 102.971
1 20 73.757
1 21 119.992
1 22 123.300
1 23 101.293
1 24 113.129
1 25 49.843
1 26 115.278
1 27 99.692
1 28 64.706
1 29 110.640
2 3 114.647
2 4 96.386
2 5 82.495
2 6 72.053
2 7 24.520
2 8 64.309
2 9 63.658
2 10 119.085
2 11 103.877
2 12 105.633
2 13 100.636
2 14 115.599
2 15 69.390
2 16 92.109
2 17 54.612
2 18 111.857
2 19 86.070
2 20 95.458
2 21 87.608
2 22 55.496
2 23 66.920
2 24 100.080
2 25 105.920
2 26 76.077
2 27 133.120
2 28 105.527
2 29 113.515
3 4 117.637
3 5 121.639
3 6 134.243
3 7 118.612
3 8 95.315
3 9 66.444
3 10 127.279
3 11 152.647
3 12 123.218
3 13 119.884
3 14 88.406
3 15 108.331
3 16 108.900
3 17 73.666
3 18 53.729
3 19 75.472
3 20 49.071
3 21 108.755
3 22 91.852
3 23 73.990
3 24 89.187
3 25 71.106
3 26 108.884
3 27 119.006
3 28 104.615
3 29 94.803
4 5 142.468
4 6 86.026
4 7 92.095
4 8 102.106
4 9 88.902
4 10 101.370
4 11 118.381
4 12 70.996
4 13 123.987
4 14 122.963
4 15 55.833
4 16 94.310
4 17 100.932
4 18 90.477
4 19 117.308
4 20 115.101
4 21 107.245
4 22 101.696
4 23 102.191
4 24 75.943
4 25 95.511
4 26 61.031
4 27 135.914
4 28 58.616
4 29 103.841
5 6 92.286
5 7 77.086
5 8 71.449
5 9 109.268
5 10 112.400
5 11 85.885
5 12 129.789
5 13 114.729
5 14 94.820
5 15 133.357
5 16 104.023
5 17 72.895
5 18 114.472
5 19 77.132
5 20 88.699
5 21 76.261
5 22 74.436
5 23 77.689
5 24 109.794
5 25 104.447
5 26 96.106
5 27 84.604
5 28 134.155
5 29 109.759
6 7 65.305
6 8 76.308
6 9 100.892
6 10 91.137
6 11 82.429
6 12 97.907
6 13 87.676
6 14 116.893
6 15 94.450
6 16 110.126
6 17 83.803
6 18 117.324
6 19 92.540
6 20 116.248
6 21 71.741
6 22 67.885
6 23 86.085
6 24 108.689
6 25 102.587
6 26 77.218
6 27 116.733
6 28 81.808
6 29 81.785
7 8 50.254
7 9 75.747
7 10 113.375
7 11 85.858
7 12 108.269
7 13 98.091
7 14 120.111
7 15 70.008
7 16 87.274
7 17 52.824
7 18 106.835
7 19 83.910
7 20 91.026
7 21 79.277
7 22 64.560
7 23 64.790
7 24 97.194
7 25 101.143
7 26 69.745
7 27 121.197
7 28 97.039
7 29 113.449
8 9 78.702
8 10 105.865
8 11 81.477
8 12 123.289
8 13 75.619
8 14 116.018
8 15 84.250
8 16 89.922
8 17 31.118
8 18 81.812
8 19 60.764
8 20 57.712
8 21 69.853
8 22 72.300
8 23 49.235
8 24 98.800
8 25 74.292
8 26 83.462
8 27 95.498
8 28 80.018
8 29 99.117
9 10 111.183
9 11 130.483
9 12 94.255
9 13 95.618
9 14 96.516
9 15 59.252
9 16 83.540
9 17 51.836
9 18 77.837
9 19 85.344
9 20 73.302
9 21 106.583
9 22 66.486
9 23 69.764
9 24 84.047
9 25 75.979
9 26 82.786
9 27 131.888
9 28 90.451
9 29 102.617
10 11 76.827
10 12 72.499
10 13 102.424
10 14 95.688
10 15 112.729
10 16 71.611
10 17 106.898
10 18 92.595
10 19 128.796
10 20 116.397
10 21 122.839
10 22 115.168
10 23 125.002
10 24 88.426
10 25 64.658
10 26 76.801
10 27 79.118
10 28 88.851
10 29 108.878
11 12 115.650
11 13 108.827
11 14 130.142
11 15 119.231
11 16 84.115
11 17 100.333
11 18 116.397
11 19 123.668
11 20 117.562
11 21 107.254
11 22 118.437
11 23 116.764
11 24 109.831
11 25 97.381
11 26 83.109
11 27 78.193
11 28 106.233
11 29 132.185
12 13 138.039
12 14 84.134
12 15 92.870
12 16 74.558
12 17 114.068
12 18 98.187
12 19 131.821
12 20 125.908
12 21 123.012
12 22 102.980
12 23 121.344
12 24 59.973
12 25 93.606
12 26 52.224
12 27 120.341
12 28 101.338
12 29 109.768
13 14 141.806
13 15 103.070
13 16 118.858
13 17 77.108
13 18 114.424
13 19 106.575
13 20 105.852
13 21 119.632
13 22 102.292
13 23 103.425
13 24 140.352
13 25 84.820
13 26 123.669
13 27 128.130
13 28 82.295
13 29 112.015
14 15 133.061
14 16 97.254
14 17 100.442
14 18 85.524
14 19 95.064
14 20 93.928
14 21 100.515
14 22 83.520
14 23 97.438
14 24 68.466
14 25 87.504
14 26 83.764
14 27 91.207
14 28 128.807
14 29 85.410
15 16 82.814
15 17 76.732
15 18 93.495
15 19 114.091
15 20 101.976
15 21 118.601
15 22 96.501
15 23 93.532
15 24 91.373
15 25 91.958
15 26 75.848
15 27 145.299
15 28 70.253
15 29 124.369
16 17 84.673
16 18 75.507
16 19 121.894
16 20 91.389
16 21 124.335
16 22 109.872
16 23 108.146
16 24 60.365
16 25 66.249
16 26 55.969
16 27 91.794
16 28 100.134
16 29 132.970
17 18 73.942
17 19 53.961
17 20 46.525
17 21 76.055
17 22 57.004
17 23 39.568
17 24 90.437
17 25 68.276
17 26 81.607
17 27 103.588
17 28 85.366
17 29 93.816
18 19 85.910
18 20 49.095
18 21 100.975
18 22 100.320
18 23 80.300
18 24 57.705
18 25 39.637
18 26 77.471
18 27 84.573
18 28 76.564
18 29 94.718
19 20 56.243
19 21 44.215
19 22 51.554
19 23 24.290
19 24 101.683
19 25 92.391
19 26 99.568
19 27 106.351
19 28 103.376
19 29 66.320
20 21 85.618
20 22 84.044
20 23 51.899
20 24 83.729
20 25 61.652
20 26 93.496
20 27 90.332
20 28 96.749
20 29 98.113
21 22 57.459
21 23 48.306
21 24 99.182
21 25 106.133
21 26 86.757
21 27 102.278
21 28 102.989
21 29 63.493
22 23 45.634
22 24 94.167
22 25 97.873
22 26 81.509
22 27 119.942
22 28 103.989
22 29 67.349
23 24 90.929
23 25 88.331
23 26 85.814
23 27 110.209
23 28 94.693
23 29 76.472
24 25 74.203
24 26 39.515
24 27 92.433
24 28 97.357
24 29 102.404
25 26 79.541
25 27 75.375
25 28 68.075
25 29 94.180
26 27 94.279
26 28 85.793
26 29 99.674
27 28 117.671
27 29 111.648
28 29 91.730
