30 5 ds 6 9 5 6 5 6 6 9 6 7 
0 1 85.481
0 2 118.876
0 3 110.330
0 4 97.815
0 5 78.123
0 6 117.031
0 7 121.242
0 8 99.268
0 9 102.124
0 10 99.369
0 11 97.210
0 12 130.961
0 13 93.261
0 14 132.473
0 15 95.446
0 16 103.334
0 17 87.838
0 18 133.973
0 19 143.544
0 20 104.189
0 21 109.434
0 22 122.131
0 23 87.138
0 24 126.186
0 25 101.240
0 26 136.971
0 27 116.801
0 28 104.834
0 29 111.771
1 2 171.334
1 3 150.583
1 4 130.930
1 5 142.443
1 6 121.824
1 7 158.257
1 8 141.127
1 9 133.577
1 10 106.764
1 11 77.861
1 12 130.734
1 13 124.770
1 14 143.849
1 15 131.160
1 16 128.995
1 17 135.457
1 18 151.454
1 19 157.074
1 20 117.011
1 21 149.822
1 22 113.842
1 23 126.767
1 24 138.075
1 25 100.356
1 26 137.600
1 27 136.221
1 28 88.060
1 29 132.451
2 3 96.339
2 4 111.257
2 5 93.933
2 6 146.396
2 7 87.025
2 8 98.401
2 9 108.328
2 10 120.033
2 11 147.754
2 12 124.711
2 13 147.033
2 14 149.185
2 15 117.287
2 16 127.413
2 17 129.599
2 18 142.468
2 19 89.234
2 20 158.366
2 21 98.255
2 22 126.315
2 23 89.465
2 24 158.493
2 25 142.196
2 26 121.086
2 27 113.247
2 28 162.225
2 29 137.196
3 4 120.084
3 5 71.248
3 6 120.824
3 7 96.941
3 8 115.585
3 9 117.404
3 10 111.474
3 11 156.981
3 12 113.536
3 13 142.325
3 14 111.187
3 15 135.919
3 16 150.110
3 17 129.335
3 18 140.533
3 19 113.945
3 20 146.623
3 21 109.563
3 22 123.678
3 23 109.846
3 24 101.506
3 25 122.862
3 26 152.246
3 27 123.238
3 28 130.440
3 29 170.808
4 5 90.963
4 6 126.685
4 7 139.504
4 8 130.218
4 9 85.501
4 10 107.259
4 11 126.092
4 12 143.135
4 13 93.878
4 14 152.794
4 15 124.272
4 16 82.693
4 17 129.685
4 18 155.633
4 19 128.385
4 20 122.985
4 21 69.347
4 22 136.650
4 23 56.758
4 24 142.682
4 25 118.027
4 26 120.130
4 27 125.518
4 28 125.976
4 29 114.669
5 6 144.208
5 7 107.577
5 8 100.876
5 9 100.623
5 10 127.821
5 11 144.708
5 12 142.517
5 13 106.703
5 14 137.522
5 15 116.696
5 16 116.849
5 17 103.896
5 18 128.124
5 19 128.917
5 20 116.191
5 21 90.634
5 22 145.220
5 23 87.982
5 24 135.296
5 25 126.940
5 26 159.258
5 27 137.228
5 28 144.513
5 29 135.885
6 7 156.885
6 8 147.176
6 9 128.339
6 10 82.507
6 11 132.686
6 12 89.618
6 13 153.679
6 14 110.806
6 15 118.577
6 16 137.724
6 17 165.874
6 18 191.423
6 19 154.765
6 20 167.968
6 21 120.633
6 22 109.071
6 23 129.315
6 24 123.264
6 25 127.957
6 26 127.703
6 27 89.504
6 28 63.300
6 29 176.421
7 8 138.717
7 9 120.657
7 10 115.601
7 11 145.515
7 12 121.977
7 13 155.431
7 14 135.800
7 15 129.070
7 16 155.925
7 17 152.769
7 18 130.690
7 19 103.913
7 20 159.763
7 21 125.266
7 22 148.913
7 23 126.985
7 24 143.079
7 25 137.632
7 26 157.082
7 27 135.517
7 28 163.169
7 29 157.807
8 9 148.459
8 10 149.883
8 11 123.548
8 12 151.259
8 13 159.626
8 14 171.699
8 15 130.023
8 16 129.063
8 17 114.831
8 18 140.466
8 19 116.254
8 20 133.947
8 21 141.792
8 22 123.189
8 23 113.199
8 24 168.296
8 25 143.510
8 26 144.080
8 27 129.707
8 28 133.628
8 29 156.228
9 10 100.399
9 11 145.017
9 12 105.148
9 13 104.228
9 14 120.186
9 15 83.830
9 16 96.575
9 17 133.332
9 18 171.413
9 19 148.642
9 20 120.910
9 21 46.139
9 22 118.458
9 23 92.834
9 24 148.644
9 25 142.921
9 26 117.526
9 27 99.625
9 28 148.874
9 29 95.730
10 11 112.497
10 12 86.677
10 13 114.344
10 14 103.705
10 15 120.862
10 16 131.079
10 17 133.005
10 18 152.295
10 19 123.281
10 20 157.211
10 21 108.821
10 22 95.680
10 23 88.622
10 24 95.749
10 25 76.969
10 26 95.092
10 27 99.145
10 28 99.587
10 29 128.537
11 12 132.951
11 13 150.792
11 14 144.836
11 15 127.595
11 16 101.461
11 17 132.273
11 18 114.359
11 19 126.461
11 20 116.296
11 21 152.735
11 22 132.487
11 23 119.279
11 24 159.618
11 25 108.512
11 26 139.967
11 27 151.580
11 28 105.882
11 29 124.520
12 13 162.119
12 14 77.972
12 15 95.662
12 16 134.988
12 17 166.365
12 18 164.630
12 19 128.539
12 20 158.844
12 21 111.372
12 22 95.830
12 23 136.073
12 24 146.033
12 25 139.252
12 26 123.460
12 27 97.389
12 28 123.551
12 29 152.917
13 14 172.073
13 15 138.513
13 16 137.190
13 17 129.071
13 18 167.491
13 19 163.514
13 20 156.635
13 21 106.791
13 22 146.966
13 23 82.670
13 24 151.230
13 25 103.050
13 26 135.212
13 27 145.326
13 28 152.961
13 29 108.810
14 15 121.162
14 16 137.959
14 17 149.833
14 18 152.632
14 19 161.445
14 20 141.938
14 21 130.338
14 22 138.573
14 23 148.678
14 24 125.693
14 25 146.586
14 26 170.487
14 27 146.215
14 28 138.031
14 29 161.261
15 16 93.006
15 17 149.499
15 18 169.459
15 19 156.984
15 20 129.759
15 21 86.708
15 22 133.397
15 23 128.349
15 24 182.272
15 25 162.228
15 26 144.655
15 27 102.880
15 28 140.946
15 29 121.571
16 17 129.606
16 18 146.321
16 19 148.926
16 20 89.460
16 21 94.354
16 22 148.126
16 23 102.596
16 24 180.180
16 25 152.536
16 26 145.116
16 27 143.416
16 28 140.056
16 29 97.191
17 18 129.338
17 19 159.399
17 20 114.035
17 21 148.237
17 22 134.639
17 23 95.813
17 24 132.324
17 25 120.676
17 26 150.922
17 27 160.936
17 28 157.889
17 29 108.603
18 19 112.776
18 20 141.364
18 21 173.958
18 22 177.496
18 23 135.470
18 24 170.995
18 25 123.361
18 26 190.593
18 27 206.464
18 28 177.504
18 29 149.238
19 20 172.411
19 21 139.542
19 22 128.430
19 23 108.683
19 24 161.126
19 25 117.309
19 26 126.292
19 27 146.809
19 28 151.814
19 29 161.071
20 21 137.536
20 22 156.894
20 23 135.078
20 24 166.119
20 25 162.863
20 26 180.395
20 27 169.124
20 28 150.303
20 29 122.572
21 22 132.400
21 23 89.005
21 24 157.957
21 25 146.853
21 26 125.378
21 27 102.206
21 28 145.797
21 29 120.221
22 23 111.464
22 24 131.900
22 25 118.917
22 26 68.636
22 27 80.259
22 28 115.546
22 29 140.130
23 24 127.059
23 25 86.889
23 26 93.118
23 27 119.414
23 28 130.549
23 29 96.152
24 25 101.684
24 26 155.516
24 27 147.034
24 28 117.653
24 29 182.913
25 26 120.945
25 27 148.074
25 28 111.905
25 29 138.760
26 27 89.737
26 28 138.419
26 29 125.967
27 28 114.639
27 29 155.952
28 29 179.545
