60 6 ds 9 14 9 11 8 10 7 12 7 12 9 10 
0 1 181.703
0 2 117.519
0 3 171.305
0 4 103.610
0 5 114.852
0 6 119.115
0 7 121.836
0 8 170.205
0 9 162.913
0 10 172.731
0 11 167.064
0 12 180.504
0 13 174.134
0 14 104.968
0 15 116.554
0 16 137.330
0 17 171.135
0 18 157.427
0 19 151.093
0 20 155.477
0 21 166.410
0 22 117.311
0 23 198.657
0 24 147.644
0 25 177.368
0 26 116.396
0 27 155.485
0 28 113.357
0 29 132.271
0 30 171.174
0 31 153.441
0 32 161.795
0 33 169.935
0 34 150.998
0 35 147.602
0 36 163.670
0 37 138.125
0 38 147.474
0 39 147.404
0 40 142.000
0 41 118.343
0 42 167.246
0 43 171.176
0 44 148.892
0 45 138.121
0 46 145.567
0 47 126.996
0 48 86.771
0 49 131.979
0 50 114.778
0 51 150.419
0 52 164.699
0 53 184.333
0 54 160.065
0 55 125.562
0 56 166.457
0 57 183.130
0 58 161.083
0 59 182.200
1 2 191.838
1 3 138.816
1 4 187.871
1 5 149.844
1 6 159.015
1 7 151.282
1 8 180.721
1 9 188.168
1 10 148.041
1 11 162.508
1 12 136.176
1 13 200.168
1 14 159.264
1 15 155.342
1 16 139.537
1 17 192.831
1 18 157.681
1 19 147.426
1 20 150.294
1 21 169.730
1 22 150.886
1 23 165.311
1 24 173.833
1 25 191.618
1 26 161.720
1 27 166.315
1 28 185.013
1 29 169.631
1 30 164.668
1 31 139.175
1 32 128.613
1 33 192.748
1 34 170.832
1 35 160.971
1 36 173.609
1 37 138.225
1 38 149.226
1 39 178.495
1 40 153.654
1 41 135.539
1 42 162.793
1 43 168.629
1 44 160.757
1 45 201.323
1 46 170.318
1 47 179.113
1 48 168.902
1 49 146.645
1 50 152.475
1 51 140.020
1 52 130.334
1 53 147.680
1 54 173.380
1 55 165.948
1 56 168.367
1 57 149.964
1 58 132.572
1 59 112.454
2 3 178.833
2 4 140.834
2 5 131.350
2 6 93.711
2 7 118.079
2 8 204.953
2 9 146.524
2 10 194.239
2 11 211.731
2 12 177.553
2 13 157.673
2 14 153.719
2 15 139.546
2 16 142.332
2 17 180.087
2 18 185.675
2 19 200.148
2 20 169.806
2 21 187.550
2 22 148.443
2 23 173.239
2 24 146.572
2 25 188.374
2 26 160.517
2 27 168.328
2 28 124.554
2 29 115.252
2 30 163.896
2 31 187.601
2 32 173.661
2 33 209.908
2 34 173.164
2 35 174.849
2 36 186.152
2 37 157.990
2 38 164.773
2 39 167.588
2 40 148.019
2 41 126.119
2 42 133.682
2 43 169.410
2 44 175.352
2 45 184.674
2 46 169.291
2 47 143.554
2 48 152.059
2 49 144.304
2 50 150.235
2 51 177.085
2 52 169.582
2 53 217.337
2 54 140.030
2 55 175.514
2 56 164.621
2 57 207.957
2 58 147.891
2 59 177.522
3 4 180.854
3 5 122.803
3 6 172.693
3 7 152.078
3 8 168.446
3 9 199.074
3 10 170.584
3 11 172.683
3 12 124.566
3 13 144.374
3 14 133.561
3 15 155.686
3 16 157.395
3 17 195.625
3 18 156.423
3 19 123.753
3 20 149.089
3 21 148.943
3 22 184.937
3 23 161.580
3 24 161.506
3 25 147.650
3 26 155.962
3 27 160.770
3 28 152.844
3 29 174.955
3 30 111.198
3 31 107.013
3 32 129.394
3 33 138.840
3 34 180.029
3 35 196.374
3 36 136.980
3 37 109.097
3 38 180.675
3 39 158.562
3 40 135.243
3 41 131.113
3 42 165.430
3 43 176.228
3 44 178.650
3 45 197.621
3 46 201.890
3 47 123.450
3 48 151.385
3 49 135.317
3 50 117.003
3 51 167.156
3 52 189.330
3 53 156.604
3 54 166.174
3 55 118.005
3 56 116.551
3 57 191.447
3 58 163.053
3 59 128.792
4 5 135.928
4 6 148.199
4 7 154.390
4 8 188.547
4 9 174.889
4 10 163.020
4 11 198.871
4 12 155.714
4 13 175.215
4 14 119.218
4 15 145.571
4 16 154.081
4 17 171.535
4 18 177.360
4 19 165.067
4 20 179.009
4 21 169.546
4 22 158.829
4 23 195.043
4 24 174.243
4 25 167.761
4 26 140.550
4 27 124.131
4 28 124.359
4 29 175.750
4 30 151.350
4 31 185.284
4 32 169.225
4 33 187.883
4 34 164.053
4 35 177.264
4 36 160.201
4 37 122.264
4 38 156.442
4 39 157.748
4 40 153.700
4 41 137.434
4 42 155.458
4 43 147.305
4 44 155.037
4 45 112.147
4 46 146.362
4 47 148.218
4 48 130.573
4 49 166.346
4 50 165.281
4 51 160.936
4 52 161.840
4 53 154.523
4 54 155.277
4 55 161.759
4 56 145.579
4 57 184.899
4 58 167.659
4 59 198.043
5 6 155.140
5 7 150.862
5 8 141.736
5 9 141.879
5 10 143.400
5 11 125.808
5 12 150.920
5 13 102.652
5 14 83.108
5 15 113.661
5 16 153.755
5 17 172.191
5 18 121.074
5 19 114.885
5 20 130.165
5 21 158.462
5 22 148.991
5 23 121.922
5 24 131.446
5 25 148.217
5 26 121.415
5 27 133.003
5 28 107.152
5 29 118.179
5 30 142.700
5 31 102.290
5 32 158.651
5 33 126.748
5 34 130.366
5 35 169.050
5 36 168.842
5 37 127.840
5 38 121.602
5 39 153.458
5 40 103.892
5 41 118.398
5 42 142.457
5 43 136.929
5 44 156.509
5 45 142.405
5 46 143.647
5 47 119.556
5 48 131.012
5 49 123.591
5 50 109.645
5 51 123.890
5 52 139.850
5 53 165.323
5 54 135.087
5 55 120.035
5 56 118.455
5 57 171.991
5 58 126.978
5 59 124.220
6 7 86.264
6 8 212.198
6 9 174.187
6 10 184.150
6 11 209.091
6 12 171.516
6 13 185.626
6 14 175.989
6 15 147.312
6 16 128.785
6 17 173.004
6 18 187.674
6 19 187.786
6 20 173.163
6 21 178.740
6 22 133.386
6 23 194.513
6 24 144.273
6 25 206.482
6 26 137.500
6 27 177.005
6 28 132.659
6 29 133.860
6 30 181.718
6 31 196.652
6 32 143.829
6 33 222.133
6 34 186.167
6 35 150.361
6 36 167.947
6 37 146.043
6 38 159.440
6 39 183.532
6 40 167.699
6 41 130.210
6 42 124.924
6 43 185.715
6 44 146.896
6 45 198.880
6 46 170.998
6 47 143.126
6 48 134.685
6 49 132.016
6 50 156.455
6 51 178.551
6 52 172.814
6 53 196.786
6 54 160.521
6 55 158.439
6 56 167.587
6 57 186.850
6 58 150.471
6 59 158.265
7 8 193.533
7 9 162.455
7 10 170.811
7 11 192.643
7 12 142.268
7 13 184.531
7 14 166.503
7 15 109.031
7 16 130.165
7 17 149.286
7 18 169.598
7 19 150.459
7 20 151.794
7 21 149.249
7 22 131.337
7 23 180.175
7 24 133.362
7 25 188.643
7 26 129.298
7 27 183.656
7 28 122.526
7 29 148.122
7 30 160.259
7 31 169.258
7 32 129.755
7 33 181.530
7 34 163.752
7 35 131.410
7 36 152.934
7 37 152.187
7 38 145.084
7 39 164.883
7 40 133.317
7 41 130.281
7 42 150.728
7 43 172.011
7 44 103.418
7 45 173.188
7 46 143.057
7 47 139.942
7 48 129.629
7 49 119.144
7 50 135.552
7 51 175.186
7 52 150.952
7 53 163.227
7 54 133.720
7 55 139.150
7 56 191.310
7 57 149.807
7 58 120.872
7 59 152.127
8 9 151.879
8 10 113.976
8 11 136.441
8 12 148.265
8 13 158.436
8 14 153.187
8 15 154.214
8 16 188.359
8 17 218.334
8 18 89.016
8 19 125.000
8 20 103.180
8 21 140.990
8 22 131.318
8 23 159.830
8 24 162.438
8 25 114.194
8 26 134.753
8 27 147.692
8 28 181.221
8 29 197.210
8 30 190.398
8 31 109.820
8 32 175.189
8 33 114.058
8 34 118.725
8 35 196.244
8 36 156.564
8 37 184.090
8 38 143.325
8 39 122.253
8 40 147.387
8 41 173.198
8 42 200.344
8 43 146.515
8 44 158.914
8 45 159.188
8 46 161.838
8 47 142.570
8 48 166.830
8 49 193.190
8 50 137.116
8 51 182.182
8 52 156.751
8 53 172.374
8 54 138.621
8 55 146.799
8 56 162.015
8 57 156.515
8 58 158.197
8 59 161.804
9 10 126.546
9 11 150.669
9 12 155.475
9 13 146.331
9 14 164.522
9 15 118.398
9 16 165.736
9 17 150.136
9 18 103.264
9 19 172.931
9 20 140.421
9 21 182.916
9 22 159.063
9 23 121.019
9 24 157.978
9 25 148.773
9 26 156.231
9 27 152.646
9 28 161.672
9 29 141.892
9 30 176.327
9 31 171.981
9 32 196.936
9 33 154.860
9 34 106.070
9 35 156.459
9 36 168.017
9 37 183.194
9 38 124.600
9 39 173.155
9 40 142.364
9 41 169.162
9 42 171.715
9 43 180.561
9 44 160.699
9 45 144.172
9 46 136.898
9 47 150.569
9 48 177.307
9 49 168.517
9 50 160.533
9 51 166.122
9 52 158.376
9 53 197.863
9 54 81.590
9 55 184.347
9 56 188.057
9 57 179.719
9 58 116.939
9 59 146.992
10 11 118.474
10 12 100.787
10 13 146.891
10 14 163.294
10 15 142.826
10 16 195.231
10 17 189.712
10 18 76.324
10 19 137.057
10 20 147.948
10 21 170.316
10 22 139.325
10 23 119.462
10 24 145.289
10 25 135.981
10 26 109.298
10 27 131.854
10 28 159.968
10 29 166.772
10 30 160.825
10 31 136.043
10 32 165.367
10 33 144.681
10 34 114.530
10 35 156.176
10 36 138.557
10 37 159.174
10 38 123.105
10 39 159.746
10 40 156.656
10 41 167.770
10 42 178.415
10 43 152.363
10 44 119.096
10 45 132.369
10 46 141.349
10 47 143.159
10 48 171.670
10 49 188.437
10 50 162.583
10 51 137.357
10 52 152.526
10 53 115.274
10 54 99.931
10 55 173.871
10 56 159.664
10 57 144.151
10 58 117.225
10 59 123.244
11 12 175.678
11 13 143.481
11 14 148.385
11 15 135.877
11 16 201.002
11 17 186.464
11 18 102.377
11 19 132.901
11 20 144.973
11 21 186.086
11 22 172.631
11 23 128.976
11 24 136.106
11 25 168.179
11 26 122.351
11 27 153.044
11 28 183.270
11 29 148.395
11 30 177.205
11 31 108.219
11 32 204.921
11 33 120.086
11 34 139.501
11 35 163.354
11 36 191.928
11 37 161.441
11 38 150.010
11 39 173.281
11 40 165.295
11 41 156.104
11 42 192.314
11 43 201.445
11 44 167.174
11 45 156.680
11 46 147.940
11 47 137.833
11 48 163.240
11 49 166.744
11 50 154.102
11 51 100.689
11 52 172.764
11 53 180.336
11 54 153.106
11 55 166.941
11 56 185.145
11 57 185.424
11 58 156.510
11 59 133.976
12 13 157.424
12 14 159.597
12 15 152.737
12 16 171.989
12 17 185.462
12 18 124.938
12 19 133.656
12 20 151.996
12 21 144.167
12 22 152.031
12 23 139.404
12 24 167.801
12 25 128.389
12 26 150.487
12 27 135.422
12 28 149.303
12 29 188.323
12 30 112.512
12 31 138.133
12 32 111.647
12 33 153.846
12 34 139.871
12 35 154.347
12 36 111.707
12 37 141.534
12 38 149.487
12 39 139.536
12 40 132.214
12 41 156.092
12 42 177.175
12 43 141.675
12 44 121.951
12 45 148.266
12 46 164.527
12 47 150.517
12 48 166.583
12 49 166.511
12 50 157.107
12 51 160.797
12 52 158.805
12 53 99.325
12 54 99.254
12 55 168.766
12 56 143.303
12 57 140.461
12 58 128.447
12 59 138.677
13 14 151.493
13 15 161.243
13 16 202.905
13 17 174.552
13 18 137.800
13 19 158.546
13 20 157.062
13 21 167.155
13 22 198.053
13 23 89.134
13 24 116.440
13 25 157.222
13 26 137.845
13 27 130.708
13 28 131.079
13 29 143.662
13 30 137.112
13 31 146.722
13 32 197.877
13 33 130.163
13 34 153.122
13 35 204.316
13 36 171.054
13 37 150.939
13 38 150.117
13 39 173.644
13 40 137.593
13 41 159.325
13 42 137.561
13 43 164.797
13 44 179.945
13 45 170.250
13 46 163.702
13 47 109.844
13 48 168.249
13 49 168.327
13 50 158.964
13 51 153.834
13 52 191.385
13 53 193.638
13 54 118.865
13 55 164.657
13 56 119.362
13 57 200.296
13 58 159.767
13 59 149.265
14 15 134.159
14 16 139.243
14 17 177.946
14 18 146.092
14 19 138.913
14 20 155.720
14 21 162.477
14 22 149.727
14 23 165.486
14 24 162.937
14 25 151.436
14 26 147.122
14 27 140.626
14 28 125.500
14 29 141.190
14 30 129.863
14 31 110.206
14 32 154.351
14 33 134.216
14 34 153.378
14 35 180.290
14 36 151.093
14 37 115.184
14 38 146.082
14 39 146.690
14 40 110.694
14 41 108.615
14 42 170.086
14 43 143.897
14 44 183.536
14 45 127.742
14 46 153.200
14 47 141.348
14 48 128.115
14 49 130.772
14 50 91.429
14 51 136.440
14 52 149.898
14 53 160.282
14 54 158.926
14 55 118.794
14 56 134.241
14 57 182.696
14 58 154.808
14 59 168.556
15 16 135.384
15 17 151.048
15 18 125.213
15 19 121.246
15 20 115.346
15 21 164.810
15 22 145.762
15 23 149.269
15 24 130.580
15 25 139.155
15 26 111.110
15 27 160.398
15 28 149.167
15 29 135.444
15 30 162.220
15 31 132.164
15 32 178.564
15 33 135.307
15 34 129.293
15 35 148.797
15 36 175.595
15 37 139.757
15 38 139.890
15 39 153.775
15 40 137.094
15 41 118.305
15 42 157.887
15 43 175.688
15 44 125.105
15 45 134.025
15 46 126.709
15 47 114.438
15 48 144.168
15 49 130.280
15 50 127.864
15 51 141.377
15 52 129.833
15 53 165.011
15 54 125.495
15 55 132.781
15 56 187.283
15 57 172.672
15 58 98.731
15 59 124.435
16 17 154.761
16 18 181.834
16 19 165.428
16 20 133.211
16 21 144.903
16 22 146.978
16 23 199.412
16 24 180.350
16 25 168.126
16 26 174.437
16 27 162.037
16 28 175.234
16 29 174.759
16 30 173.468
16 31 174.875
16 32 135.770
16 33 189.129
16 34 182.482
16 35 165.708
16 36 161.181
16 37 127.038
16 38 163.733
16 39 155.223
16 40 144.399
16 41 106.960
16 42 140.016
16 43 181.216
16 44 181.695
16 45 180.899
16 46 162.119
16 47 152.986
16 48 142.766
16 49 97.910
16 50 135.895
16 51 185.757
16 52 140.011
16 53 200.709
16 54 172.141
16 55 130.891
16 56 165.239
16 57 181.600
16 58 160.338
16 59 165.303
17 18 181.084
17 19 169.125
17 20 169.851
17 21 145.818
17 22 212.616
17 23 170.666
17 24 165.376
17 25 217.877
17 26 174.955
17 27 162.943
17 28 153.397
17 29 185.139
17 30 168.657
17 31 213.069
17 32 198.772
17 33 163.431
17 34 159.283
17 35 167.863
17 36 171.474
17 37 169.100
17 38 131.652
17 39 205.740
17 40 133.416
17 41 179.969
17 42 151.906
17 43 201.536
17 44 166.167
17 45 169.118
17 46 119.114
17 47 168.390
17 48 145.917
17 49 146.819
17 50 181.183
17 51 184.363
17 52 181.867
17 53 204.514
17 54 144.322
17 55 172.608
17 56 203.855
17 57 164.763
17 58 170.259
17 59 192.298
18 19 113.852
18 20 117.108
18 21 160.989
18 22 140.068
18 23 127.093
18 24 155.789
18 25 124.913
18 26 122.821
18 27 138.106
18 28 156.811
18 29 159.051
18 30 167.128
18 31 112.053
18 32 168.652
18 33 110.414
18 34 77.192
18 35 152.304
18 36 139.789
18 37 168.037
18 38 118.112
18 39 150.725
18 40 136.757
18 41 170.739
18 42 191.831
18 43 169.124
18 44 138.029
18 45 145.330
18 46 153.695
18 47 132.935
18 48 151.027
18 49 173.010
18 50 133.313
18 51 145.458
18 52 165.681
18 53 155.726
18 54 105.042
18 55 151.510
18 56 158.654
18 57 154.588
18 58 126.480
18 59 117.591
19 20 105.848
19 21 116.933
19 22 161.371
19 23 165.119
19 24 165.286
19 25 144.193
19 26 129.064
19 27 146.477
19 28 150.869
19 29 199.057
19 30 168.447
19 31 110.712
19 32 145.108
19 33 97.251
19 34 123.470
19 35 155.324
19 36 159.065
19 37 153.120
19 38 132.831
19 39 145.725
19 40 120.364
19 41 161.988
19 42 187.126
19 43 163.060
19 44 117.021
19 45 146.441
19 46 147.231
19 47 137.478
19 48 126.341
19 49 139.929
19 50 140.422
19 51 158.652
19 52 153.181
19 53 141.265
19 54 149.923
19 55 112.209
19 56 159.145
19 57 132.621
19 58 152.105
19 59 138.874
20 21 103.490
20 22 143.561
20 23 156.276
20 24 149.018
20 25 128.958
20 26 140.839
20 27 127.245
20 28 180.198
20 29 185.226
20 30 176.709
20 31 124.228
20 32 166.417
20 33 124.864
20 34 112.544
20 35 168.793
20 36 175.156
20 37 158.281
20 38 137.696
20 39 106.748
20 40 128.815
20 41 142.273
20 42 158.522
20 43 161.514
20 44 146.628
20 45 174.269
20 46 141.021
20 47 122.466
20 48 135.792
20 49 147.138
20 50 140.910
20 51 165.153
20 52 134.338
20 53 195.553
20 54 135.531
20 55 138.678
20 56 160.375
20 57 151.355
20 58 149.041
20 59 143.431
21 22 162.369
21 23 179.298
21 24 158.737
21 25 168.931
21 26 158.496
21 27 132.247
21 28 156.710
21 29 216.756
21 30 161.157
21 31 159.319
21 32 139.372
21 33 130.631
21 34 144.702
21 35 177.905
21 36 144.120
21 37 162.398
21 38 133.942
21 39 120.075
21 40 105.004
21 41 162.521
21 42 159.297
21 43 141.024
21 44 141.520
21 45 172.230
21 46 131.381
21 47 147.987
21 48 120.757
21 49 149.389
21 50 151.815
21 51 193.760
21 52 153.197
21 53 178.806
21 54 143.320
21 55 134.654
21 56 158.490
21 57 114.601
21 58 179.221
21 59 191.122
22 23 190.260
22 24 156.815
22 25 168.006
22 26 129.708
22 27 172.073
22 28 152.780
22 29 158.093
22 30 195.848
22 31 144.520
22 32 124.205
22 33 188.393
22 34 150.115
22 35 138.966
22 36 156.884
22 37 175.801
22 38 138.692
22 39 132.170
22 40 150.447
22 41 137.552
22 42 184.605
22 43 144.126
22 44 129.999
22 45 159.259
22 46 149.573
22 47 161.638
22 48 143.343
22 49 155.941
22 50 128.662
22 51 171.079
22 52 130.023
22 53 166.666
22 54 146.135
22 55 151.518
22 56 180.579
22 57 143.045
22 58 139.635
22 59 167.235
23 24 118.742
23 25 163.696
23 26 147.708
23 27 149.004
23 28 156.412
23 29 137.953
23 30 143.010
23 31 144.178
23 32 195.615
23 33 141.876
23 34 146.562
23 35 192.052
23 36 180.061
23 37 165.302
23 38 131.946
23 39 186.189
23 40 135.287
23 41 159.999
23 42 143.033
23 43 155.202
23 44 168.106
23 45 167.871
23 46 141.641
23 47 146.647
23 48 198.686
23 49 172.616
23 50 167.208
23 51 141.474
23 52 152.969
23 53 171.979
23 54 97.960
23 55 185.844
23 56 160.668
23 57 175.805
23 58 113.362
23 59 120.144
24 25 181.767
24 26 83.670
24 27 160.120
24 28 135.822
24 29 114.997
24 30 156.035
24 31 147.266
24 32 190.073
24 33 151.630
24 34 168.218
24 35 186.570
24 36 173.613
24 37 145.306
24 38 140.150
24 39 168.112
24 40 147.900
24 41 122.844
24 42 112.613
24 43 159.529
24 44 143.004
24 45 173.324
24 46 122.942
24 47 100.809
24 48 156.412
24 49 156.299
24 50 140.277
24 51 145.114
24 52 153.278
24 53 178.571
24 54 127.616
24 55 149.219
24 56 170.654
24 57 173.718
24 58 127.905
24 59 144.399
25 26 157.658
25 27 141.141
25 28 194.168
25 29 201.799
25 30 159.605
25 31 130.749
25 32 174.555
25 33 135.770
25 34 160.541
25 35 197.954
25 36 155.312
25 37 145.708
25 38 192.159
25 39 122.791
25 40 171.476
25 41 147.861
25 42 191.891
25 43 180.334
25 44 178.203
25 45 143.655
25 46 190.359
25 47 120.027
25 48 187.923
25 49 174.276
25 50 158.824
25 51 183.360
25 52 176.523
25 53 172.454
25 54 138.039
25 55 157.000
25 56 145.787
25 57 209.217
25 58 163.489
25 59 155.416
26 27 149.115
26 28 126.818
26 29 134.027
26 30 168.440
26 31 135.361
26 32 172.295
26 33 142.000
26 34 145.393
26 35 167.373
26 36 150.150
26 37 133.393
26 38 128.530
26 39 161.200
26 40 155.500
26 41 131.121
26 42 139.317
26 43 157.224
26 44 109.142
26 45 143.803
26 46 128.730
26 47 91.407
26 48 132.524
26 49 159.695
26 50 131.165
26 51 140.717
26 52 152.305
26 53 140.485
26 54 133.590
26 55 122.101
26 56 157.443
26 57 160.112
26 58 122.673
26 59 129.228
27 28 165.448
27 29 182.213
27 30 129.363
27 31 155.497
27 32 174.023
27 33 155.336
27 34 128.141
27 35 168.446
27 36 161.854
27 37 117.602
27 38 151.073
27 39 113.912
27 40 146.959
27 41 141.395
27 42 144.852
27 43 159.580
27 44 167.158
27 45 144.331
27 46 145.247
27 47 125.228
27 48 127.765
27 49 167.541
27 50 175.645
27 51 124.018
27 52 168.693
27 53 180.730
27 54 129.896
27 55 180.272
27 56 110.391
27 57 177.270
27 58 180.415
27 59 174.802
28 29 137.118
28 30 146.741
28 31 165.369
28 32 147.273
28 33 157.876
28 34 149.438
28 35 170.528
28 36 135.602
28 37 157.615
28 38 111.189
28 39 183.819
28 40 100.017
28 41 157.650
28 42 151.778
28 43 130.180
28 44 135.014
28 45 146.910
28 46 140.886
28 47 146.895
28 48 125.131
28 49 147.623
28 50 124.253
28 51 173.782
28 52 169.477
28 53 151.622
28 54 127.332
28 55 131.291
28 56 148.710
28 57 151.305
28 58 137.931
28 59 171.488
29 30 161.098
29 31 155.730
29 32 197.303
29 33 190.866
29 34 172.429
29 35 178.381
29 36 187.913
29 37 151.522
29 38 155.473
29 39 198.693
29 40 160.576
29 41 123.685
29 42 147.472
29 43 189.857
29 44 187.455
29 45 188.216
29 46 167.189
29 47 140.689
29 48 166.542
29 49 154.508
29 50 128.887
29 51 130.472
29 52 175.873
29 53 203.075
29 54 149.470
29 55 173.295
29 56 177.996
29 57 214.348
29 58 128.117
29 59 139.940
30 31 140.918
30 32 160.265
30 33 153.109
30 34 169.736
30 35 187.350
30 36 136.459
30 37 104.217
30 38 179.390
30 39 149.191
30 40 132.090
30 41 128.854
30 42 163.912
30 43 169.969
30 44 183.737
30 45 165.625
30 46 175.980
30 47 136.961
30 48 155.351
30 49 160.408
30 50 145.199
30 51 137.744
30 52 190.733
30 53 154.900
30 54 132.049
30 55 175.981
30 56 138.371
30 57 195.878
30 58 164.736
30 59 172.457
31 32 154.153
31 33 109.647
31 34 144.268
31 35 176.802
31 36 164.688
31 37 141.682
31 38 162.156
31 39 127.042
31 40 131.594
31 41 125.643
31 42 193.594
31 43 162.174
31 44 166.532
31 45 165.026
31 46 172.421
31 47 130.940
31 48 152.588
31 49 150.582
31 50 101.756
31 51 128.108
31 52 156.829
31 53 155.728
31 54 152.528
31 55 133.080
31 56 152.866
31 57 175.639
31 58 146.323
31 59 131.443
32 33 187.461
32 34 182.336
32 35 142.821
32 36 121.647
32 37 153.709
32 38 160.090
32 39 152.784
32 40 133.546
32 41 148.847
32 42 184.474
32 43 154.860
32 44 144.048
32 45 179.330
32 46 182.633
32 47 175.745
32 48 147.906
32 49 124.425
32 50 142.126
32 51 189.973
32 52 161.892
32 53 141.758
32 54 160.229
32 55 140.255
32 56 150.318
32 57 138.785
32 58 164.736
32 59 164.219
33 34 129.255
33 35 193.930
33 36 150.999
33 37 165.886
33 38 144.279
33 39 153.871
33 40 116.444
33 41 170.971
33 42 195.629
33 43 172.515
33 44 162.970
33 45 143.800
33 46 148.459
33 47 129.213
33 48 153.473
33 49 164.034
33 50 127.636
33 51 171.749
33 52 177.752
33 53 167.856
33 54 135.599
33 55 124.082
33 56 171.812
33 57 164.828
33 58 161.471
33 59 163.571
34 35 151.768
34 36 161.750
34 37 185.462
34 38 100.700
34 39 145.238
34 40 117.674
34 41 185.267
34 42 193.731
34 43 157.752
34 44 134.068
34 45 150.568
34 46 134.769
34 47 156.677
34 48 132.166
34 49 185.789
34 50 150.332
34 51 153.252
34 52 161.136
34 53 176.277
34 54 103.074
34 55 174.460
34 56 176.853
34 57 137.101
34 58 139.097
34 59 160.279
35 36 182.356
35 37 180.565
35 38 160.463
35 39 163.798
35 40 164.849
35 41 166.181
35 42 208.687
35 43 214.276
35 44 123.147
35 45 154.834
35 46 153.687
35 47 178.402
35 48 136.689
35 49 130.436
35 50 185.182
35 51 141.961
35 52 178.024
35 53 185.347
35 54 145.663
35 55 192.677
35 56 209.241
35 57 160.836
35 58 171.774
35 59 174.949
36 37 144.821
36 38 150.161
36 39 169.322
36 40 138.542
36 41 168.714
36 42 180.731
36 43 165.250
36 44 160.302
36 45 164.835
36 46 179.990
36 47 145.907
36 48 148.175
36 49 168.540
36 50 124.139
36 51 200.075
36 52 196.156
36 53 134.821
36 54 133.976
36 55 130.976
36 56 143.531
36 57 160.021
36 58 161.359
36 59 169.417
37 38 179.295
37 39 151.224
37 40 160.076
37 41 80.089
37 42 123.645
37 43 180.624
37 44 179.097
37 45 160.610
37 46 171.669
37 47 101.012
37 48 136.546
37 49 127.038
37 50 139.266
37 51 125.880
37 52 172.289
37 53 157.766
37 54 164.021
37 55 136.709
37 56 110.571
37 57 204.798
37 58 164.089
37 59 144.328
38 39 181.061
38 40 91.519
38 41 173.264
38 42 149.492
38 43 115.059
38 44 121.153
38 45 148.629
38 46 91.735
38 47 167.178
38 48 140.829
38 49 161.086
38 50 138.728
38 51 166.655
38 52 119.148
38 53 153.270
38 54 112.654
38 55 145.256
38 56 170.744
38 57 89.583
38 58 109.884
38 59 149.301
39 40 147.267
39 41 130.040
39 42 189.500
39 43 162.315
39 44 162.021
39 45 156.719
39 46 162.478
39 47 134.149
39 48 132.937
39 49 162.716
39 50 153.862
39 51 158.098
39 52 162.563
39 53 191.822
39 54 142.630
39 55 171.508
39 56 158.125
39 57 175.882
39 58 187.002
39 59 196.188
40 41 148.440
40 42 157.888
40 43 108.713
40 44 143.247
40 45 147.116
40 46 116.518
40 47 156.986
40 48 127.933
40 49 130.310
40 50 107.617
40 51 166.863
40 52 129.125
40 53 157.349
40 54 112.278
40 55 127.708
40 56 154.643
40 57 112.494
40 58 128.762
40 59 164.128
41 42 123.367
41 43 166.250
41 44 171.995
41 45 157.377
41 46 151.169
41 47 109.125
41 48 142.607
41 49 103.329
41 50 120.577
41 51 123.298
41 52 134.871
41 53 175.232
41 54 156.443
41 55 135.962
41 56 144.171
41 57 196.016
41 58 144.395
41 59 146.750
42 43 157.784
42 44 178.602
42 45 195.161
42 46 146.025
42 47 128.369
42 48 169.968
42 49 147.833
42 50 170.372
42 51 174.360
42 52 149.888
42 53 198.761
42 54 155.235
42 55 158.926
42 56 136.672
42 57 190.540
42 58 148.211
42 59 151.316
43 44 154.421
43 45 158.791
43 46 133.252
43 47 184.773
43 48 179.747
43 49 190.634
43 50 151.779
43 51 194.958
43 52 108.402
43 53 142.742
43 54 140.237
43 55 163.640
43 56 156.744
43 57 121.571
43 58 135.187
43 59 187.354
44 45 139.228
44 46 117.791
44 47 155.089
44 48 144.438
44 49 162.250
44 50 171.724
44 51 169.483
44 52 141.574
44 53 125.052
44 54 117.753
44 55 159.434
44 56 196.466
44 57 104.305
44 58 124.228
44 59 155.774
45 46 116.752
45 47 159.628
45 48 163.460
45 49 163.719
45 50 171.430
45 51 156.281
45 52 149.838
45 53 140.060
45 54 127.899
45 55 167.664
45 56 185.681
45 57 167.295
45 58 156.075
45 59 194.019
46 47 161.253
46 48 148.824
46 49 153.587
46 50 164.739
46 51 151.902
46 52 100.530
46 53 163.848
46 54 117.161
46 55 164.869
46 56 198.606
46 57 111.789
46 58 129.019
46 59 180.585
47 48 128.219
47 49 139.006
47 50 129.706
47 51 145.951
47 52 182.213
47 53 181.689
47 54 132.801
47 55 121.524
47 56 126.169
47 57 201.497
47 58 154.779
47 59 135.572
48 49 133.850
48 50 129.062
48 51 147.613
48 52 184.314
48 53 187.912
48 54 158.984
48 55 131.465
48 56 152.976
48 57 159.920
48 58 185.216
48 59 186.151
49 50 135.457
49 51 156.882
49 52 153.619
49 53 190.470
49 54 161.770
49 55 119.702
49 56 162.208
49 57 178.538
49 58 160.319
49 59 149.049
50 51 168.932
50 52 158.687
50 53 165.689
50 54 151.883
50 55 87.747
50 56 154.434
50 57 169.563
50 58 133.986
50 59 147.312
51 52 168.524
51 53 176.178
51 54 155.022
51 55 194.623
51 56 169.880
51 57 196.190
51 58 162.363
51 59 151.126
52 53 157.198
52 54 147.332
52 55 163.142
52 56 193.004
52 57 124.150
52 58 106.478
52 59 158.365
53 54 152.881
53 55 163.058
53 56 180.448
53 57 139.610
53 58 132.564
53 59 159.033
54 55 172.601
54 56 163.876
54 57 140.873
54 58 106.607
54 59 146.171
55 56 148.233
55 57 166.988
55 58 153.990
55 59 148.207
56 57 203.973
56 58 185.762
56 59 156.254
57 58 144.174
57 59 184.029
58 59 101.711
