30 5 ss 6 6 6 6 6 6 6 6 6 6 
0 1 177.349
0 2 143.273
0 3 185.117
0 4 194.395
0 5 179.442
0 6 164.770
0 7 156.170
0 8 194.876
0 9 169.846
0 10 157.277
0 11 159.840
0 12 183.034
0 13 199.943
0 14 189.766
0 15 172.231
0 16 179.211
0 17 191.386
0 18 184.582
0 19 226.600
0 20 132.968
0 21 154.144
0 22 146.929
0 23 182.041
0 24 221.215
0 25 198.411
0 26 134.967
0 27 173.492
0 28 229.377
0 29 195.968
1 2 145.049
1 3 151.037
1 4 155.860
1 5 167.661
1 6 191.948
1 7 194.119
1 8 160.271
1 9 194.117
1 10 127.506
1 11 167.585
1 12 182.091
1 13 168.145
1 14 187.241
1 15 136.452
1 16 174.625
1 17 148.793
1 18 179.893
1 19 202.326
1 20 166.577
1 21 174.611
1 22 196.794
1 23 180.958
1 24 208.509
1 25 212.093
1 26 161.132
1 27 167.319
1 28 165.834
1 29 181.516
2 3 148.328
2 4 183.652
2 5 158.278
2 6 111.280
2 7 171.589
2 8 116.995
2 9 195.683
2 10 150.082
2 11 204.158
2 12 173.394
2 13 153.901
2 14 208.601
2 15 145.883
2 16 135.837
2 17 159.011
2 18 139.085
2 19 182.356
2 20 146.946
2 21 151.450
2 22 155.700
2 23 173.983
2 24 160.207
2 25 170.220
2 26 128.411
2 27 188.877
2 28 209.609
2 29 186.552
3 4 163.934
3 5 159.247
3 6 175.302
3 7 156.515
3 8 157.586
3 9 149.385
3 10 136.446
3 11 211.411
3 12 168.920
3 13 153.584
3 14 212.489
3 15 174.418
3 16 182.046
3 17 140.561
3 18 180.798
3 19 193.891
3 20 161.502
3 21 164.146
3 22 149.699
3 23 160.867
3 24 150.679
3 25 166.262
3 26 131.720
3 27 134.004
3 28 149.795
3 29 164.246
4 5 179.531
4 6 184.801
4 7 149.128
4 8 169.208
4 9 156.411
4 10 154.614
4 11 177.072
4 12 168.206
4 13 147.662
4 14 145.424
4 15 139.392
4 16 183.847
4 17 143.749
4 18 164.468
4 19 165.560
4 20 174.436
4 21 140.161
4 22 165.893
4 23 151.722
4 24 200.237
4 25 190.047
4 26 179.992
4 27 175.518
4 28 145.558
4 29 165.310
5 6 134.520
5 7 173.187
5 8 143.285
5 9 162.437
5 10 133.366
5 11 205.940
5 12 202.562
5 13 124.151
5 14 177.793
5 15 170.123
5 16 200.920
5 17 158.159
5 18 191.382
5 19 179.953
5 20 128.771
5 21 159.838
5 22 193.129
5 23 152.964
5 24 188.447
5 25 199.769
5 26 129.231
5 27 206.584
5 28 176.753
5 29 157.453
6 7 156.666
6 8 104.168
6 9 193.935
6 10 170.264
6 11 189.845
6 12 196.067
6 13 158.268
6 14 201.198
6 15 178.766
6 16 176.402
6 17 175.642
6 18 176.352
6 19 164.339
6 20 134.676
6 21 143.066
6 22 165.746
6 23 164.238
6 24 135.386
6 25 161.298
6 26 124.233
6 27 207.986
6 28 207.432
6 29 176.768
7 8 175.472
7 9 180.470
7 10 151.792
7 11 172.848
7 12 176.657
7 13 158.541
7 14 145.363
7 15 160.628
7 16 186.193
7 17 176.224
7 18 204.643
7 19 178.618
7 20 186.449
7 21 166.222
7 22 139.086
7 23 124.993
7 24 151.078
7 25 168.792
7 26 132.290
7 27 193.555
7 28 212.540
7 29 163.132
8 9 195.803
8 10 139.706
8 11 201.615
8 12 184.804
8 13 151.875
8 14 210.511
8 15 153.615
8 16 189.689
8 17 163.277
8 18 162.796
8 19 145.491
8 20 155.902
8 21 175.598
8 22 188.095
8 23 167.368
8 24 134.514
8 25 164.388
8 26 129.944
8 27 195.776
8 28 193.925
8 29 170.010
9 10 158.373
9 11 189.012
9 12 191.922
9 13 191.096
9 14 213.278
9 15 190.376
9 16 215.355
9 17 133.970
9 18 193.489
9 19 213.346
9 20 144.391
9 21 173.010
9 22 159.022
9 23 182.431
9 24 223.430
9 25 220.727
9 26 164.399
9 27 154.954
9 28 133.768
9 29 197.012
10 11 168.224
10 12 149.347
10 13 166.416
10 14 166.660
10 15 142.955
10 16 177.010
10 17 156.638
10 18 171.515
10 19 184.089
10 20 147.339
10 21 158.108
10 22 166.301
10 23 157.486
10 24 175.491
10 25 160.141
10 26 127.065
10 27 167.175
10 28 175.396
10 29 174.571
11 12 217.358
11 13 213.691
11 14 180.411
11 15 184.735
11 16 192.636
11 17 201.252
11 18 239.206
11 19 202.842
11 20 180.290
11 21 187.246
11 22 199.099
11 23 183.241
11 24 209.542
11 25 192.425
11 26 170.311
11 27 164.997
11 28 186.654
11 29 208.572
12 13 216.141
12 14 162.050
12 15 172.769
12 16 167.513
12 17 171.365
12 18 134.117
12 19 204.905
12 20 166.032
12 21 175.089
12 22 115.317
12 23 190.630
12 24 201.288
12 25 185.741
12 26 157.487
12 27 195.205
12 28 202.329
12 29 197.526
13 14 173.374
13 15 146.180
13 16 192.407
13 17 172.098
13 18 200.872
13 19 169.632
13 20 172.950
13 21 180.323
13 22 194.225
13 23 144.928
13 24 176.264
13 25 186.957
13 26 167.231
13 27 193.704
13 28 189.206
13 29 154.465
14 15 181.709
14 16 176.103
14 17 198.395
14 18 195.366
14 19 189.586
14 20 193.703
14 21 179.089
14 22 173.170
14 23 176.580
14 24 224.053
14 25 196.138
14 26 171.876
14 27 214.951
14 28 202.240
14 29 194.667
15 16 168.290
15 17 157.108
15 18 169.400
15 19 140.556
15 20 154.704
15 21 163.548
15 22 166.334
15 23 122.527
15 24 192.627
15 25 208.569
15 26 169.837
15 27 194.858
15 28 210.551
15 29 152.734
16 17 190.157
16 18 165.202
16 19 173.047
16 20 185.905
16 21 173.250
16 22 169.372
16 23 196.177
16 24 202.243
16 25 156.770
16 26 158.318
16 27 186.504
16 28 204.201
16 29 191.859
17 18 138.155
17 19 185.765
17 20 144.437
17 21 174.332
17 22 153.026
17 23 155.656
17 24 176.787
17 25 209.106
17 26 153.336
17 27 167.100
17 28 129.333
17 29 169.654
18 19 181.622
18 20 144.001
18 21 171.060
18 22 159.634
18 23 180.016
18 24 210.288
18 25 194.784
18 26 150.940
18 27 215.950
18 28 203.239
18 29 209.733
19 20 177.710
19 21 182.252
19 22 191.542
19 23 124.772
19 24 166.022
19 25 174.602
19 26 165.152
19 27 219.318
19 28 200.498
19 29 169.932
20 21 133.061
20 22 144.680
20 23 154.099
20 24 196.122
20 25 193.760
20 26 126.556
20 27 170.783
20 28 183.162
20 29 180.797
21 22 136.577
21 23 168.442
21 24 193.006
21 25 190.779
21 26 169.103
21 27 186.043
21 28 181.510
21 29 187.855
22 23 168.892
22 24 168.822
22 25 180.267
22 26 157.991
22 27 159.470
22 28 190.533
22 29 183.475
23 24 155.590
23 25 180.800
23 26 135.137
23 27 212.743
23 28 200.073
23 29 149.640
24 25 130.298
24 26 155.906
24 27 194.178
24 28 205.424
24 29 172.886
25 26 150.492
25 27 174.357
25 28 203.382
25 29 176.309
26 27 179.169
26 28 188.707
26 29 170.009
27 28 144.080
27 29 179.548
28 29 190.271
