10 2 ds 3 6 3 7 
0 1 121.093
0 2 95.141
0 3 98.226
0 4 127.810
0 5 89.074
0 6 131.678
0 7 124.866
0 8 78.962
0 9 127.767
1 2 71.705
1 3 87.855
1 4 85.614
1 5 67.191
1 6 62.002
1 7 65.764
1 8 125.192
1 9 100.508
2 3 78.428
2 4 75.475
2 5 75.347
2 6 75.956
2 7 92.164
2 8 110.759
2 9 110.993
3 4 104.585
3 5 48.603
3 6 94.497
3 7 56.209
3 8 65.691
3 9 81.017
4 5 117.097
4 6 124.261
4 7 80.313
4 8 130.556
4 9 144.845
5 6 73.920
5 7 71.966
5 8 87.497
5 9 81.416
6 7 102.197
6 8 126.400
6 9 86.345
7 8 99.074
7 9 99.915
8 9 103.424
