30 5 ds 5 9 6 7 5 10 6 8 6 6 
0 1 150.234
0 2 185.281
0 3 170.973
0 4 135.350
0 5 192.141
0 6 151.231
0 7 170.607
0 8 145.294
0 9 150.923
0 10 186.540
0 11 152.457
0 12 112.676
0 13 162.952
0 14 166.445
0 15 133.903
0 16 147.435
0 17 163.651
0 18 149.903
0 19 115.093
0 20 143.354
0 21 129.134
0 22 178.193
0 23 141.806
0 24 179.913
0 25 172.541
0 26 173.773
0 27 197.717
0 28 94.134
0 29 166.464
1 2 108.358
1 3 97.876
1 4 143.828
1 5 136.974
1 6 107.070
1 7 158.597
1 8 170.262
1 9 136.026
1 10 100.910
1 11 138.752
1 12 122.126
1 13 156.124
1 14 164.261
1 15 145.419
1 16 159.275
1 17 140.450
1 18 138.323
1 19 174.652
1 20 121.213
1 21 135.567
1 22 135.664
1 23 126.217
1 24 145.295
1 25 140.450
1 26 136.633
1 27 141.090
1 28 167.462
1 29 145.691
2 3 148.360
2 4 169.159
2 5 136.025
2 6 156.863
2 7 152.203
2 8 188.893
2 9 182.187
2 10 149.954
2 11 156.774
2 12 180.465
2 13 188.354
2 14 164.198
2 15 176.891
2 16 199.823
2 17 164.689
2 18 167.895
2 19 200.738
2 20 180.883
2 21 153.218
2 22 162.043
2 23 171.512
2 24 155.099
2 25 138.037
2 26 169.327
2 27 107.223
2 28 189.324
2 29 97.132
3 4 181.130
3 5 130.212
3 6 96.748
3 7 157.313
3 8 181.695
3 9 136.315
3 10 89.481
3 11 179.692
3 12 170.973
3 13 161.147
3 14 176.335
3 15 168.611
3 16 178.383
3 17 116.385
3 18 155.244
3 19 172.040
3 20 121.963
3 21 150.091
3 22 150.933
3 23 132.461
3 24 161.689
3 25 145.939
3 26 145.994
3 27 170.291
3 28 157.489
3 29 166.808
4 5 165.257
4 6 137.182
4 7 135.990
4 8 142.060
4 9 190.547
4 10 185.340
4 11 134.704
4 12 142.792
4 13 157.291
4 14 187.017
4 15 162.064
4 16 132.641
4 17 185.758
4 18 188.957
4 19 171.323
4 20 132.557
4 21 157.895
4 22 137.082
4 23 154.888
4 24 207.936
4 25 161.824
4 26 166.660
4 27 174.064
4 28 155.172
4 29 145.511
5 6 163.849
5 7 170.881
5 8 188.306
5 9 179.408
5 10 163.066
5 11 159.606
5 12 193.917
5 13 187.023
5 14 165.243
5 15 214.202
5 16 190.449
5 17 180.369
5 18 199.650
5 19 216.755
5 20 160.334
5 21 181.334
5 22 161.499
5 23 129.289
5 24 163.137
5 25 130.170
5 26 162.665
5 27 143.730
5 28 163.340
5 29 138.691
6 7 131.015
6 8 174.357
6 9 177.248
6 10 110.856
6 11 170.974
6 12 142.059
6 13 140.133
6 14 177.248
6 15 152.981
6 16 158.863
6 17 139.081
6 18 139.466
6 19 163.641
6 20 99.570
6 21 134.358
6 22 143.526
6 23 137.557
6 24 182.728
6 25 134.674
6 26 154.606
6 27 175.014
6 28 153.222
6 29 147.732
7 8 200.887
7 9 210.444
7 10 164.698
7 11 183.028
7 12 182.698
7 13 206.167
7 14 208.593
7 15 189.328
7 16 185.433
7 17 141.743
7 18 193.540
7 19 207.880
7 20 181.739
7 21 140.805
7 22 164.860
7 23 177.652
7 24 232.903
7 25 149.617
7 26 201.982
7 27 168.031
7 28 181.714
7 29 152.054
8 9 193.765
8 10 202.405
8 11 168.111
8 12 201.036
8 13 181.163
8 14 111.795
8 15 149.620
8 16 130.718
8 17 212.143
8 18 201.802
8 19 170.091
8 20 155.177
8 21 180.887
8 22 137.563
8 23 167.222
8 24 175.422
8 25 212.384
8 26 167.957
8 27 221.241
8 28 175.427
8 29 149.430
9 10 176.215
9 11 195.407
9 12 168.332
9 13 169.608
9 14 220.476
9 15 188.369
9 16 202.989
9 17 146.314
9 18 198.492
9 19 153.787
9 20 155.460
9 21 178.182
9 22 192.782
9 23 164.070
9 24 164.417
9 25 179.317
9 26 195.506
9 27 208.868
9 28 158.366
9 29 205.759
10 11 158.187
10 12 175.127
10 13 177.086
10 14 192.440
10 15 163.552
10 16 173.565
10 17 151.324
10 18 145.875
10 19 193.579
10 20 137.118
10 21 180.297
10 22 181.130
10 23 143.314
10 24 197.210
10 25 185.815
10 26 138.512
10 27 145.142
10 28 182.335
10 29 178.338
11 12 140.568
11 13 160.960
11 14 174.321
11 15 170.059
11 16 153.610
11 17 224.105
11 18 181.413
11 19 182.685
11 20 140.612
11 21 201.762
11 22 172.485
11 23 149.472
11 24 166.771
11 25 204.139
11 26 122.003
11 27 138.298
11 28 154.699
11 29 150.264
12 13 158.214
12 14 208.312
12 15 159.458
12 16 179.832
12 17 177.738
12 18 152.569
12 19 143.966
12 20 140.459
12 21 151.375
12 22 168.633
12 23 168.952
12 24 186.065
12 25 177.398
12 26 150.969
12 27 195.156
12 28 137.421
12 29 178.730
13 14 207.974
13 15 183.667
13 16 196.891
13 17 212.145
13 18 190.645
13 19 150.331
13 20 102.181
13 21 183.440
13 22 159.137
13 23 145.787
13 24 159.517
13 25 191.729
13 26 168.063
13 27 189.640
13 28 162.403
13 29 165.286
14 15 155.283
14 16 148.429
14 17 218.318
14 18 189.213
14 19 204.964
14 20 180.496
14 21 186.014
14 22 170.189
14 23 156.444
14 24 148.476
14 25 192.905
14 26 176.454
14 27 198.014
14 28 180.568
14 29 125.270
15 16 100.010
15 17 165.596
15 18 167.268
15 19 127.504
15 20 156.516
15 21 166.561
15 22 190.177
15 23 188.122
15 24 187.322
15 25 208.681
15 26 154.161
15 27 185.075
15 28 155.108
15 29 169.518
16 17 196.312
16 18 208.373
16 19 172.893
16 20 149.909
16 21 197.916
16 22 193.205
16 23 168.620
16 24 198.718
16 25 208.730
16 26 164.849
16 27 194.145
16 28 157.147
16 29 178.378
17 18 162.358
17 19 161.423
17 20 178.792
17 21 120.599
17 22 184.491
17 23 191.695
17 24 224.805
17 25 144.611
17 26 193.219
17 27 188.778
17 28 163.333
17 29 189.807
18 19 163.248
18 20 148.311
18 21 127.384
18 22 185.688
18 23 168.685
18 24 206.086
18 25 179.981
18 26 149.885
18 27 170.417
18 28 168.270
18 29 175.230
19 20 140.100
19 21 163.877
19 22 191.548
19 23 203.580
19 24 190.617
19 25 207.223
19 26 146.861
19 27 213.413
19 28 108.110
19 29 180.418
20 21 157.760
20 22 145.445
20 23 128.259
20 24 154.615
20 25 175.493
20 26 122.556
20 27 176.756
20 28 144.598
20 29 160.140
21 22 145.726
21 23 165.339
21 24 196.787
21 25 135.541
21 26 188.941
21 27 180.625
21 28 167.793
21 29 155.545
22 23 169.960
22 24 188.079
22 25 181.735
22 26 153.963
22 27 204.846
22 28 202.099
22 29 138.311
23 24 161.976
23 25 152.815
23 26 183.309
23 27 163.444
23 28 153.762
23 29 168.619
24 25 184.005
24 26 180.478
24 27 190.693
24 28 179.257
24 29 152.280
25 26 217.438
25 27 162.635
25 28 159.114
25 29 151.493
26 27 171.588
26 28 158.587
26 29 157.603
27 28 185.934
27 29 146.562
28 29 168.705
