12 4 ds 3 5 2 4 3 3 2 5 
0 1 152.341
0 2 116.129
0 3 147.107
0 4 174.346
0 5 150.271
0 6 169.626
0 7 167.009
0 8 163.429
0 9 168.661
0 10 176.537
0 11 184.582
1 2 129.795
1 3 132.056
1 4 161.139
1 5 126.651
1 6 147.910
1 7 99.632
1 8 153.899
1 9 135.899
1 10 134.327
1 11 160.964
2 3 143.643
2 4 180.881
2 5 96.194
2 6 190.549
2 7 176.380
2 8 131.629
2 9 154.015
2 10 174.008
2 11 148.213
3 4 166.636
3 5 151.280
3 6 128.526
3 7 128.859
3 8 172.278
3 9 162.768
3 10 197.525
3 11 146.436
4 5 172.193
4 6 161.223
4 7 182.093
4 8 148.026
4 9 213.693
4 10 167.309
4 11 180.704
5 6 176.953
5 7 167.859
5 8 146.469
5 9 174.186
5 10 181.855
5 11 160.278
6 7 147.068
6 8 179.493
6 9 156.996
6 10 176.896
6 11 181.598
7 8 205.852
7 9 185.010
7 10 185.499
7 11 181.469
8 9 168.083
8 10 166.461
8 11 146.340
9 10 158.322
9 11 171.493
10 11 174.098
