60 6 ss 10 10 10 10 10 10 10 10 10 10 10 10 
0 1 191.527
0 2 204.142
0 3 202.183
0 4 122.271
0 5 179.796
0 6 168.364
0 7 129.859
0 8 149.001
0 9 169.153
0 10 170.091
0 11 181.929
0 12 133.056
0 13 163.996
0 14 145.418
0 15 187.335
0 16 193.347
0 17 176.525
0 18 161.984
0 19 159.990
0 20 133.011
0 21 138.895
0 22 192.542
0 23 141.776
0 24 129.607
0 25 120.763
0 26 173.201
0 27 173.928
0 28 180.726
0 29 158.773
0 30 154.244
0 31 191.203
0 32 213.633
0 33 153.747
0 34 134.268
0 35 203.715
0 36 161.706
0 37 148.246
0 38 183.613
0 39 167.227
0 40 186.401
0 41 193.574
0 42 150.074
0 43 149.639
0 44 180.088
0 45 161.328
0 46 138.615
0 47 181.344
0 48 127.542
0 49 158.999
0 50 196.842
0 51 142.683
0 52 167.015
0 53 188.436
0 54 178.094
0 55 157.969
0 56 151.496
0 57 212.065
0 58 154.172
0 59 199.768
1 2 162.226
1 3 185.706
1 4 171.380
1 5 177.429
1 6 177.465
1 7 172.729
1 8 178.115
1 9 198.552
1 10 192.749
1 11 196.552
1 12 175.793
1 13 169.004
1 14 168.525
1 15 128.297
1 16 173.345
1 17 185.564
1 18 155.654
1 19 134.156
1 20 186.616
1 21 183.518
1 22 167.823
1 23 155.774
1 24 192.811
1 25 143.436
1 26 137.990
1 27 201.546
1 28 128.909
1 29 198.094
1 30 169.052
1 31 172.058
1 32 165.775
1 33 167.746
1 34 205.885
1 35 161.635
1 36 178.212
1 37 207.131
1 38 149.046
1 39 153.811
1 40 208.076
1 41 181.888
1 42 171.837
1 43 182.074
1 44 189.037
1 45 196.366
1 46 205.745
1 47 197.472
1 48 193.206
1 49 176.520
1 50 190.421
1 51 163.613
1 52 150.999
1 53 178.121
1 54 186.578
1 55 171.199
1 56 158.599
1 57 180.736
1 58 171.148
1 59 169.157
2 3 219.121
2 4 152.809
2 5 178.421
2 6 167.284
2 7 172.430
2 8 210.358
2 9 169.708
2 10 187.161
2 11 182.528
2 12 201.591
2 13 176.491
2 14 185.879
2 15 171.645
2 16 174.812
2 17 178.857
2 18 133.314
2 19 207.288
2 20 199.754
2 21 183.182
2 22 181.352
2 23 145.755
2 24 207.091
2 25 189.475
2 26 180.283
2 27 168.862
2 28 155.203
2 29 209.391
2 30 173.614
2 31 186.512
2 32 203.815
2 33 149.573
2 34 204.866
2 35 149.143
2 36 136.954
2 37 207.212
2 38 142.229
2 39 169.025
2 40 185.580
2 41 155.581
2 42 160.743
2 43 198.440
2 44 187.528
2 45 142.357
2 46 176.489
2 47 209.258
2 48 183.106
2 49 205.214
2 50 166.935
2 51 150.559
2 52 150.306
2 53 153.385
2 54 131.042
2 55 134.861
2 56 132.950
2 57 107.496
2 58 174.654
2 59 138.015
3 4 217.629
3 5 225.478
3 6 149.010
3 7 166.742
3 8 164.646
3 9 164.301
3 10 180.027
3 11 148.685
3 12 163.830
3 13 189.837
3 14 151.583
3 15 175.058
3 16 188.396
3 17 131.510
3 18 155.052
3 19 184.402
3 20 186.757
3 21 161.535
3 22 193.067
3 23 172.289
3 24 162.567
3 25 165.303
3 26 176.517
3 27 170.608
3 28 194.106
3 29 165.508
3 30 185.181
3 31 182.103
3 32 182.156
3 33 181.882
3 34 159.130
3 35 178.064
3 36 142.235
3 37 143.195
3 38 229.117
3 39 171.594
3 40 135.663
3 41 224.166
3 42 154.770
3 43 159.815
3 44 158.353
3 45 161.333
3 46 158.171
3 47 118.741
3 48 141.954
3 49 187.078
3 50 174.977
3 51 195.431
3 52 147.272
3 53 189.407
3 54 200.248
3 55 162.111
3 56 179.061
3 57 216.757
3 58 179.000
3 59 187.584
4 5 148.620
4 6 147.996
4 7 164.726
4 8 180.412
4 9 136.012
4 10 188.709
4 11 175.865
4 12 171.695
4 13 150.220
4 14 164.497
4 15 169.847
4 16 179.688
4 17 204.861
4 18 158.923
4 19 160.734
4 20 157.720
4 21 151.470
4 22 181.945
4 23 150.766
4 24 161.175
4 25 148.806
4 26 163.257
4 27 171.110
4 28 155.581
4 29 188.116
4 30 166.004
4 31 183.138
4 32 169.811
4 33 163.286
4 34 184.369
4 35 159.409
4 36 143.595
4 37 183.755
4 38 164.458
4 39 151.998
4 40 184.633
4 41 164.785
4 42 185.942
4 43 154.768
4 44 166.277
4 45 162.850
4 46 165.613
4 47 195.974
4 48 163.750
4 49 152.463
4 50 189.908
4 51 151.878
4 52 159.817
4 53 169.512
4 54 147.787
4 55 164.798
4 56 115.263
4 57 172.116
4 58 140.773
4 59 186.788
5 6 181.605
5 7 201.942
5 8 187.097
5 9 189.398
5 10 166.434
5 11 164.829
5 12 217.987
5 13 167.699
5 14 187.420
5 15 170.546
5 16 184.961
5 17 201.254
5 18 158.151
5 19 139.271
5 20 122.520
5 21 184.655
5 22 180.670
5 23 214.837
5 24 194.232
5 25 167.006
5 26 139.159
5 27 190.677
5 28 191.066
5 29 177.092
5 30 139.885
5 31 184.938
5 32 190.132
5 33 186.685
5 34 207.719
5 35 181.200
5 36 168.108
5 37 206.985
5 38 145.139
5 39 141.441
5 40 203.828
5 41 142.155
5 42 193.415
5 43 187.367
5 44 167.851
5 45 171.013
5 46 168.633
5 47 189.977
5 48 170.738
5 49 157.278
5 50 161.242
5 51 132.858
5 52 173.225
5 53 213.631
5 54 188.389
5 55 195.022
5 56 159.669
5 57 202.728
5 58 176.915
5 59 156.624
6 7 171.680
6 8 149.640
6 9 120.551
6 10 181.102
6 11 156.845
6 12 178.245
6 13 144.158
6 14 185.218
6 15 203.893
6 16 152.463
6 17 173.030
6 18 155.483
6 19 166.040
6 20 153.166
6 21 128.732
6 22 165.290
6 23 158.697
6 24 139.936
6 25 164.424
6 26 136.259
6 27 169.727
6 28 179.097
6 29 136.631
6 30 162.381
6 31 161.208
6 32 203.239
6 33 181.083
6 34 158.457
6 35 143.965
6 36 130.272
6 37 168.946
6 38 192.615
6 39 160.248
6 40 145.105
6 41 212.385
6 42 146.315
6 43 146.019
6 44 159.544
6 45 169.276
6 46 155.128
6 47 155.760
6 48 137.384
6 49 205.600
6 50 160.862
6 51 187.048
6 52 154.120
6 53 136.465
6 54 125.581
6 55 134.812
6 56 109.528
6 57 187.029
6 58 175.199
6 59 171.368
7 8 128.168
7 9 154.595
7 10 182.177
7 11 158.946
7 12 126.852
7 13 166.073
7 14 96.056
7 15 181.324
7 16 188.151
7 17 144.256
7 18 152.818
7 19 158.078
7 20 152.850
7 21 154.760
7 22 165.305
7 23 144.385
7 24 181.262
7 25 124.877
7 26 168.032
7 27 176.487
7 28 173.167
7 29 164.305
7 30 172.186
7 31 189.928
7 32 208.996
7 33 171.826
7 34 162.957
7 35 140.438
7 36 113.923
7 37 171.672
7 38 171.368
7 39 166.722
7 40 175.796
7 41 171.148
7 42 120.968
7 43 172.170
7 44 163.475
7 45 135.108
7 46 140.132
7 47 128.456
7 48 131.733
7 49 159.311
7 50 206.981
7 51 147.489
7 52 142.742
7 53 154.923
7 54 172.729
7 55 134.115
7 56 145.484
7 57 179.540
7 58 138.850
7 59 196.670
8 9 156.015
8 10 180.188
8 11 163.634
8 12 147.205
8 13 164.737
8 14 153.330
8 15 194.215
8 16 182.335
8 17 168.920
8 18 148.873
8 19 149.863
8 20 144.425
8 21 154.710
8 22 154.486
8 23 193.388
8 24 165.017
8 25 146.918
8 26 129.932
8 27 186.961
8 28 174.610
8 29 133.325
8 30 180.698
8 31 184.728
8 32 207.909
8 33 191.962
8 34 199.090
8 35 170.730
8 36 141.831
8 37 171.701
8 38 188.004
8 39 161.004
8 40 172.467
8 41 207.813
8 42 126.832
8 43 171.237
8 44 179.288
8 45 175.416
8 46 178.833
8 47 149.809
8 48 166.918
8 49 175.184
8 50 197.181
8 51 181.503
8 52 178.496
8 53 148.238
8 54 163.487
8 55 147.171
8 56 161.504
8 57 221.184
8 58 147.658
8 59 210.735
9 10 177.123
9 11 163.205
9 12 149.296
9 13 151.432
9 14 134.626
9 15 190.102
9 16 139.542
9 17 161.890
9 18 153.553
9 19 174.146
9 20 178.754
9 21 123.090
9 22 144.083
9 23 157.595
9 24 159.609
9 25 173.518
9 26 143.588
9 27 164.632
9 28 194.563
9 29 164.050
9 30 167.084
9 31 159.858
9 32 152.082
9 33 187.521
9 34 160.331
9 35 153.885
9 36 120.935
9 37 184.058
9 38 197.448
9 39 135.812
9 40 128.536
9 41 156.133
9 42 181.264
9 43 139.478
9 44 132.831
9 45 147.432
9 46 137.062
9 47 128.895
9 48 156.598
9 49 177.385
9 50 186.405
9 51 150.536
9 52 184.134
9 53 131.287
9 54 123.225
9 55 147.397
9 56 107.926
9 57 168.590
9 58 159.397
9 59 190.392
10 11 163.224
10 12 139.883
10 13 163.100
10 14 152.129
10 15 177.490
10 16 190.332
10 17 118.742
10 18 127.280
10 19 154.895
10 20 142.457
10 21 176.076
10 22 163.579
10 23 162.109
10 24 157.710
10 25 164.567
10 26 162.017
10 27 139.556
10 28 196.673
10 29 144.889
10 30 132.452
10 31 123.942
10 32 196.190
10 33 152.811
10 34 172.542
10 35 197.859
10 36 158.190
10 37 147.620
10 38 142.944
10 39 177.268
10 40 193.686
10 41 189.722
10 42 148.323
10 43 104.893
10 44 146.942
10 45 139.229
10 46 129.639
10 47 178.126
10 48 124.066
10 49 133.421
10 50 162.733
10 51 134.111
10 52 178.976
10 53 180.838
10 54 183.694
10 55 139.388
10 56 172.634
10 57 200.283
10 58 170.136
10 59 164.279
11 12 171.616
11 13 172.207
11 14 157.568
11 15 193.833
11 16 154.345
11 17 150.389
11 18 137.999
11 19 146.509
11 20 171.784
11 21 166.005
11 22 139.836
11 23 182.931
11 24 187.164
11 25 155.352
11 26 145.099
11 27 112.461
11 28 176.883
11 29 132.114
11 30 165.860
11 31 192.554
11 32 168.450
11 33 182.765
11 34 178.008
11 35 160.844
11 36 104.349
11 37 145.100
11 38 158.914
11 39 169.984
11 40 147.852
11 41 166.334
11 42 147.362
11 43 167.630
11 44 92.996
11 45 117.222
11 46 142.186
11 47 131.526
11 48 144.255
11 49 147.523
11 50 140.088
11 51 157.509
11 52 164.786
11 53 163.035
11 54 177.138
11 55 163.377
11 56 142.419
11 57 200.806
11 58 165.965
11 59 165.016
12 13 176.244
12 14 116.235
12 15 165.280
12 16 157.727
12 17 130.040
12 18 157.418
12 19 148.876
12 20 178.909
12 21 142.416
12 22 163.251
12 23 138.687
12 24 155.560
12 25 156.685
12 26 161.347
12 27 155.740
12 28 176.243
12 29 145.398
12 30 144.581
12 31 153.245
12 32 170.313
12 33 162.401
12 34 162.658
12 35 196.617
12 36 145.864
12 37 129.800
12 38 186.396
12 39 186.804
12 40 184.657
12 41 193.892
12 42 141.991
12 43 114.424
12 44 153.436
12 45 140.431
12 46 151.979
12 47 162.297
12 48 153.670
12 49 126.932
12 50 193.338
12 51 142.345
12 52 189.991
12 53 129.185
12 54 156.916
12 55 157.838
12 56 155.711
12 57 185.595
12 58 154.074
12 59 190.853
13 14 159.931
13 15 212.204
13 16 202.723
13 17 166.969
13 18 141.304
13 19 137.277
13 20 159.939
13 21 140.788
13 22 124.992
13 23 149.153
13 24 152.708
13 25 144.886
13 26 136.632
13 27 200.312
13 28 169.883
13 29 172.185
13 30 174.134
13 31 199.722
13 32 182.606
13 33 180.811
13 34 180.339
13 35 142.139
13 36 123.515
13 37 209.565
13 38 133.485
13 39 132.370
13 40 147.159
13 41 175.498
13 42 150.823
13 43 130.425
13 44 138.633
13 45 187.721
13 46 168.968
13 47 170.682
13 48 135.118
13 49 175.255
13 50 190.185
13 51 156.723
13 52 166.469
13 53 170.660
13 54 166.294
13 55 109.930
13 56 118.268
13 57 212.743
13 58 146.706
13 59 187.827
14 15 162.083
14 16 180.908
14 17 105.720
14 18 134.927
14 19 145.447
14 20 150.396
14 21 135.452
14 22 153.469
14 23 133.854
14 24 164.675
14 25 132.086
14 26 155.354
14 27 176.760
14 28 165.495
14 29 175.952
14 30 160.425
14 31 152.981
14 32 150.670
14 33 178.880
14 34 157.092
14 35 153.382
14 36 131.760
14 37 162.014
14 38 169.589
14 39 132.693
14 40 167.223
14 41 138.354
14 42 150.476
14 43 130.929
14 44 139.704
14 45 125.084
14 46 136.223
14 47 114.701
14 48 123.535
14 49 130.155
14 50 214.258
14 51 118.210
14 52 162.363
14 53 170.846
14 54 193.642
14 55 148.626
14 56 163.556
14 57 192.130
14 58 119.952
14 59 196.676
15 16 172.598
15 17 183.181
15 18 145.819
15 19 174.822
15 20 183.983
15 21 196.796
15 22 216.139
15 23 172.284
15 24 183.297
15 25 163.767
15 26 178.205
15 27 167.494
15 28 171.781
15 29 199.199
15 30 153.355
15 31 177.482
15 32 157.828
15 33 122.926
15 34 195.482
15 35 194.124
15 36 176.170
15 37 175.103
15 38 196.687
15 39 170.559
15 40 197.530
15 41 174.009
15 42 190.239
15 43 189.375
15 44 192.574
15 45 152.012
15 46 173.099
15 47 188.885
15 48 196.290
15 49 143.382
15 50 163.356
15 51 141.010
15 52 142.209
15 53 204.177
15 54 186.114
15 55 196.663
15 56 175.637
15 57 157.469
15 58 183.263
15 59 154.152
16 17 181.026
16 18 168.565
16 19 158.751
16 20 204.047
16 21 159.097
16 22 150.856
16 23 179.124
16 24 185.688
16 25 187.456
16 26 125.916
16 27 147.259
16 28 199.111
16 29 140.065
16 30 139.339
16 31 171.097
16 32 161.359
16 33 182.185
16 34 168.624
16 35 198.056
16 36 167.796
16 37 185.092
16 38 193.166
16 39 177.730
16 40 171.584
16 41 157.572
16 42 189.200
16 43 183.999
16 44 146.634
16 45 148.945
16 46 159.570
16 47 162.367
16 48 200.225
16 49 191.669
16 50 148.719
16 51 138.215
16 52 207.122
16 53 133.508
16 54 132.847
16 55 199.029
16 56 127.323
16 57 162.839
16 58 218.034
16 59 158.381
17 18 114.284
17 19 176.343
17 20 162.322
17 21 133.302
17 22 166.082
17 23 135.580
17 24 153.296
17 25 161.613
17 26 168.453
17 27 169.677
17 28 159.270
17 29 159.731
17 30 142.059
17 31 144.314
17 32 179.018
17 33 167.920
17 34 152.521
17 35 182.432
17 36 134.589
17 37 130.312
17 38 171.441
17 39 150.058
17 40 152.440
17 41 176.360
17 42 115.840
17 43 116.752
17 44 155.333
17 45 115.083
17 46 143.271
17 47 147.341
17 48 110.150
17 49 169.365
17 50 186.086
17 51 137.145
17 52 165.291
17 53 158.953
17 54 185.221
17 55 128.156
17 56 180.303
17 57 190.198
17 58 141.805
17 59 171.511
18 19 164.972
18 20 143.761
18 21 145.906
18 22 154.799
18 23 118.040
18 24 121.219
18 25 140.555
18 26 139.233
18 27 133.773
18 28 135.375
18 29 151.545
18 30 157.987
18 31 161.302
18 32 167.164
18 33 115.602
18 34 169.168
18 35 148.206
18 36 124.181
18 37 149.509
18 38 140.446
18 39 135.629
18 40 135.166
18 41 159.135
18 42 109.134
18 43 141.233
18 44 151.118
18 45 103.191
18 46 141.686
18 47 156.053
18 48 135.228
18 49 159.634
18 50 156.467
18 51 123.867
18 52 135.122
18 53 164.463
18 54 163.409
18 55 107.050
18 56 150.480
18 57 179.497
18 58 141.523
18 59 155.992
19 20 136.063
19 21 169.425
19 22 124.167
19 23 181.651
19 24 175.078
19 25 125.385
19 26 99.062
19 27 179.355
19 28 178.118
19 29 130.899
19 30 144.567
19 31 165.866
19 32 163.135
19 33 193.700
19 34 189.846
19 35 152.386
19 36 156.222
19 37 193.272
19 38 133.821
19 39 163.252
19 40 200.595
19 41 167.930
19 42 169.222
19 43 141.039
19 44 123.635
19 45 176.726
19 46 166.664
19 47 148.485
19 48 158.309
19 49 119.534
19 50 187.090
19 51 143.704
19 52 178.865
19 53 172.129
19 54 191.541
19 55 181.373
19 56 140.609
19 57 217.828
19 58 170.477
19 59 189.297
20 21 161.201
20 22 195.362
20 23 180.527
20 24 136.646
20 25 137.775
20 26 149.568
20 27 190.567
20 28 191.647
20 29 139.417
20 30 146.883
20 31 156.013
20 32 224.710
20 33 178.133
20 34 176.590
20 35 157.341
20 36 161.116
20 37 169.774
20 38 172.346
20 39 165.147
20 40 201.272
20 41 195.802
20 42 142.198
20 43 147.068
20 44 180.465
20 45 152.079
20 46 142.515
20 47 155.869
20 48 111.097
20 49 156.597
20 50 197.937
20 51 153.046
20 52 150.880
20 53 203.914
20 54 200.045
20 55 165.316
20 56 174.073
20 57 224.493
20 58 159.437
20 59 192.960
21 22 156.160
21 23 131.413
21 24 136.932
21 25 180.485
21 26 127.337
21 27 188.615
21 28 163.925
21 29 177.248
21 30 161.676
21 31 157.239
21 32 161.489
21 33 194.171
21 34 148.200
21 35 181.067
21 36 134.333
21 37 138.102
21 38 197.009
21 39 126.106
21 40 147.424
21 41 173.065
21 42 132.738
21 43 129.664
21 44 151.078
21 45 153.660
21 46 161.436
21 47 151.566
21 48 124.959
21 49 180.882
21 50 187.540
21 51 140.067
21 52 191.785
21 53 149.619
21 54 143.383
21 55 141.469
21 56 143.924
21 57 207.818
21 58 126.271
21 59 160.159
22 23 172.837
22 24 202.923
22 25 167.737
22 26 94.297
22 27 167.379
22 28 186.863
22 29 163.520
22 30 183.316
22 31 176.201
22 32 157.881
22 33 211.116
22 34 195.162
22 35 161.678
22 36 137.606
22 37 209.551
22 38 123.537
22 39 146.010
22 40 171.216
22 41 146.890
22 42 166.107
22 43 160.097
22 44 98.471
22 45 181.092
22 46 172.112
22 47 150.243
22 48 172.209
22 49 169.821
22 50 183.405
22 51 147.266
22 52 210.147
22 53 141.611
22 54 162.356
22 55 140.930
22 56 124.379
22 57 210.987
22 58 168.923
22 59 182.461
23 24 127.147
23 25 149.815
23 26 169.248
23 27 158.223
23 28 155.332
23 29 188.919
23 30 178.315
23 31 165.378
23 32 183.156
23 33 135.203
23 34 136.175
23 35 165.675
23 36 151.500
23 37 159.258
23 38 169.561
23 39 164.944
23 40 165.860
23 41 184.324
23 42 133.301
23 43 136.195
23 44 164.758
23 45 140.976
23 46 147.547
23 47 174.764
23 48 129.802
23 49 182.602
23 50 195.378
23 51 139.346
23 52 154.950
23 53 170.811
23 54 172.641
23 55 115.644
23 56 146.015
23 57 184.699
23 58 159.636
23 59 173.240
24 25 145.041
24 26 168.297
24 27 175.971
24 28 181.732
24 29 140.143
24 30 162.513
24 31 179.943
24 32 202.120
24 33 138.721
24 34 137.702
24 35 191.693
24 36 172.458
24 37 152.354
24 38 207.111
24 39 170.985
24 40 148.990
24 41 219.488
24 42 148.038
24 43 121.403
24 44 184.616
24 45 155.285
24 46 148.239
24 47 173.218
24 48 133.106
24 49 189.781
24 50 192.512
24 51 164.141
24 52 163.424
24 53 193.903
24 54 187.772
24 55 153.604
24 56 167.367
24 57 225.691
24 58 183.088
24 59 205.494
25 26 166.103
25 27 169.827
25 28 155.726
25 29 139.208
25 30 143.655
25 31 197.211
25 32 193.658
25 33 134.543
25 34 138.547
25 35 163.184
25 36 148.562
25 37 184.751
25 38 142.588
25 39 141.883
25 40 158.211
25 41 173.727
25 42 159.647
25 43 153.848
25 44 161.548
25 45 163.031
25 46 135.146
25 47 156.186
25 48 133.124
25 49 159.798
25 50 183.043
25 51 148.202
25 52 106.912
25 53 189.653
25 54 198.977
25 55 147.087
25 56 139.960
25 57 190.812
25 58 166.257
25 59 204.630
26 27 168.271
26 28 176.401
26 29 145.565
26 30 163.554
26 31 144.649
26 32 152.321
26 33 198.190
26 34 189.137
26 35 151.123
26 36 147.796
26 37 183.848
26 38 150.247
26 39 137.438
26 40 178.410
26 41 156.164
26 42 148.682
26 43 155.624
26 44 122.225
26 45 168.886
26 46 169.151
26 47 137.766
26 48 163.801
26 49 157.720
26 50 168.156
26 51 135.546
26 52 195.664
26 53 150.464
26 54 152.879
26 55 157.914
26 56 129.711
26 57 213.835
26 58 162.717
26 59 155.653
27 28 205.693
27 29 144.628
27 30 171.660
27 31 175.287
27 32 187.992
27 33 136.407
27 34 164.149
27 35 192.494
27 36 142.067
27 37 138.195
27 38 174.932
27 39 200.189
27 40 171.408
27 41 187.146
27 42 162.847
27 43 171.879
27 44 123.226
27 45 112.310
27 46 117.906
27 47 162.973
27 48 162.073
27 49 150.772
27 50 122.213
27 51 150.706
27 52 172.055
27 53 173.708
27 54 163.525
27 55 160.197
27 56 142.650
27 57 181.645
27 58 199.281
27 59 154.239
28 29 202.326
28 30 174.431
28 31 190.235
28 32 165.700
28 33 174.504
28 34 219.595
28 35 175.102
28 36 157.102
28 37 174.328
28 38 152.308
28 39 149.500
28 40 187.589
28 41 190.806
28 42 151.677
28 43 164.001
28 44 203.034
28 45 173.594
28 46 222.112
28 47 222.757
28 48 185.042
28 49 185.984
28 50 207.805
28 51 181.621
28 52 156.938
28 53 154.487
28 54 182.509
28 55 158.105
28 56 178.500
28 57 181.446
28 58 116.738
28 59 195.519
29 30 128.451
29 31 181.771
29 32 215.918
29 33 164.659
29 34 161.072
29 35 182.528
29 36 150.241
29 37 163.831
29 38 177.395
29 39 195.741
29 40 164.930
29 41 208.270
29 42 146.556
29 43 147.304
29 44 150.441
29 45 143.697
29 46 134.491
29 47 148.913
29 48 152.504
29 49 172.385
29 50 157.193
29 51 165.905
29 52 173.955
29 53 150.365
29 54 167.182
29 55 171.233
29 56 144.337
29 57 204.386
29 58 206.868
29 59 197.776
30 31 162.186
30 32 186.094
30 33 141.428
30 34 144.102
30 35 204.148
30 36 153.496
30 37 161.174
30 38 158.801
30 39 153.051
30 40 171.669
30 41 158.002
30 42 168.449
30 43 138.999
30 44 166.744
30 45 139.760
30 46 132.701
30 47 182.165
30 48 147.159
30 49 159.196
30 50 137.219
30 51 113.633
30 52 155.529
30 53 157.769
30 54 149.887
30 55 176.054
30 56 140.442
30 57 141.067
30 58 183.208
30 59 145.868
31 32 183.636
31 33 204.596
31 34 196.764
31 35 186.521
31 36 185.956
31 37 157.649
31 38 185.394
31 39 178.607
31 40 227.025
31 41 201.261
31 42 172.217
31 43 125.755
31 44 175.697
31 45 164.357
31 46 172.998
31 47 180.293
31 48 155.672
31 49 165.052
31 50 205.243
31 51 163.837
31 52 204.138
31 53 167.593
31 54 182.275
31 55 172.777
31 56 186.403
31 57 203.750
31 58 166.205
31 59 176.598
32 33 207.638
32 34 213.872
32 35 198.014
32 36 169.068
32 37 193.455
32 38 194.183
32 39 141.535
32 40 175.443
32 41 145.725
32 42 219.229
32 43 161.179
32 44 138.409
32 45 179.155
32 46 203.977
32 47 180.914
32 48 207.183
32 49 147.984
32 50 199.550
32 51 155.594
32 52 212.671
32 53 184.043
32 54 193.641
32 55 206.129
32 56 170.982
32 57 205.100
32 58 160.701
32 59 191.006
33 34 148.610
33 35 199.477
33 36 156.915
33 37 166.918
33 38 173.577
33 39 179.478
33 40 156.363
33 41 191.437
33 42 157.364
33 43 173.960
33 44 189.714
33 45 134.955
33 46 133.536
33 47 199.269
33 48 163.869
33 49 176.882
33 50 134.700
33 51 140.013
33 52 112.965
33 53 193.105
33 54 166.076
33 55 145.876
33 56 148.670
33 57 147.013
33 58 196.970
33 59 158.444
34 35 218.386
34 36 168.964
34 37 165.270
34 38 209.529
34 39 161.136
34 40 139.604
34 41 187.617
34 42 175.673
34 43 162.938
34 44 163.188
34 45 158.879
34 46 90.439
34 47 150.988
34 48 116.430
34 49 206.274
34 50 165.073
34 51 139.730
34 52 159.681
34 53 205.945
34 54 188.242
34 55 161.225
34 56 147.155
34 57 197.675
34 58 210.143
34 59 177.530
35 36 120.581
35 37 219.156
35 38 162.743
35 39 176.799
35 40 186.644
35 41 185.249
35 42 156.634
35 43 177.499
35 44 157.724
35 45 160.871
35 46 180.043
35 47 143.616
35 48 161.334
35 49 178.578
35 50 215.003
35 51 185.243
35 52 144.893
35 53 168.207
35 54 183.061
35 55 147.976
35 56 141.146
35 57 194.130
35 58 160.330
35 59 202.094
36 37 152.885
36 38 151.253
36 39 142.080
36 40 118.656
36 41 154.717
36 42 116.933
36 43 146.497
36 44 112.092
36 45 113.730
36 46 131.966
36 47 128.382
36 48 122.229
36 49 144.498
36 50 144.270
36 51 143.164
36 52 129.714
36 53 124.983
36 54 121.575
36 55 105.812
36 56 99.553
36 57 152.548
36 58 121.179
36 59 147.161
37 38 215.198
37 39 193.756
37 40 184.355
37 41 223.871
37 42 129.047
37 43 141.062
37 44 172.331
37 45 126.860
37 46 158.987
37 47 180.665
37 48 133.723
37 49 154.310
37 50 165.038
37 51 171.742
37 52 179.460
37 53 175.601
37 54 179.146
37 55 169.305
37 56 189.804
37 57 212.443
37 58 151.254
37 59 163.332
38 39 159.349
38 40 204.834
38 41 147.504
38 42 162.514
38 43 166.818
38 44 152.775
38 45 172.486
38 46 178.391
38 47 205.302
38 48 167.490
38 49 161.688
38 50 181.540
38 51 139.467
38 52 171.309
38 53 171.450
38 54 183.837
38 55 139.794
38 56 145.579
38 57 183.520
38 58 163.974
38 59 175.310
39 40 130.809
39 41 119.852
39 42 175.982
39 43 160.308
39 44 156.879
39 45 174.482
39 46 162.202
39 47 159.195
39 48 147.916
39 49 183.105
39 50 177.413
39 51 127.343
39 52 157.445
39 53 184.317
39 54 171.045
39 55 142.160
39 56 142.526
39 57 186.056
39 58 129.741
39 59 166.684
40 41 176.056
40 42 169.675
40 43 171.295
40 44 149.862
40 45 155.296
40 46 143.608
40 47 146.180
40 48 156.016
40 49 210.777
40 50 152.825
40 51 165.172
40 52 153.561
40 53 175.787
40 54 160.052
40 55 139.890
40 56 132.417
40 57 186.560
40 58 183.843
40 59 184.752
41 42 206.682
41 43 198.016
41 44 142.939
41 45 151.038
41 46 158.255
41 47 167.638
41 48 186.488
41 49 169.706
41 50 186.094
41 51 86.078
41 52 193.748
41 53 192.889
41 54 181.932
41 55 187.784
41 56 147.119
41 57 166.496
41 58 176.455
41 59 167.032
42 43 153.002
42 44 170.591
42 45 129.723
42 46 160.159
42 47 161.916
42 48 117.848
42 49 176.139
42 50 173.005
42 51 159.589
42 52 151.361
42 53 146.350
42 54 157.695
42 55 100.038
42 56 161.135
42 57 201.015
42 58 137.726
42 59 158.070
43 44 142.604
43 45 153.923
43 46 153.048
43 47 170.739
43 48 115.774
43 49 138.432
43 50 195.851
43 51 154.851
43 52 179.248
43 53 152.840
43 54 174.247
43 55 140.843
43 56 156.485
43 57 205.720
43 58 138.058
43 59 194.158
44 45 141.054
44 46 125.460
44 47 113.347
44 48 139.751
44 49 128.503
44 50 151.660
44 51 132.072
44 52 186.080
44 53 166.079
44 54 169.838
44 55 156.428
44 56 116.218
44 57 203.813
44 58 170.672
44 59 160.354
45 46 111.817
45 47 139.783
45 48 133.530
45 49 143.811
45 50 155.792
45 51 114.588
45 52 149.810
45 53 157.044
45 54 159.279
45 55 153.298
45 56 152.376
45 57 154.911
45 58 161.214
45 59 152.721
46 47 116.711
46 48 102.300
46 49 159.946
46 50 141.266
46 51 111.929
46 52 143.541
46 53 189.974
46 54 168.722
46 55 144.652
46 56 126.506
46 57 174.679
46 58 192.974
46 59 157.815
47 48 132.816
47 49 165.863
47 50 187.906
47 51 151.309
47 52 170.345
47 53 187.584
47 54 193.425
47 55 166.716
47 56 150.436
47 57 218.053
47 58 182.464
47 59 190.751
48 49 160.625
48 50 174.862
48 51 141.861
48 52 135.087
48 53 187.458
48 54 185.036
48 55 114.117
48 56 150.615
48 57 207.206
48 58 140.901
48 59 165.319
49 50 185.611
49 51 137.873
49 52 181.514
49 53 187.894
49 54 194.498
49 55 186.850
49 56 167.829
49 57 206.343
49 58 142.100
49 59 181.127
50 51 152.845
50 52 159.784
50 53 184.626
50 54 139.659
50 55 169.449
50 56 131.714
50 57 162.930
50 58 213.401
50 59 94.142
51 52 170.198
51 53 176.928
51 54 159.177
51 55 156.994
51 56 133.595
51 57 161.069
51 58 165.139
51 59 131.158
52 53 198.018
52 54 186.011
52 55 138.729
52 56 147.061
52 57 155.950
52 58 168.415
52 59 171.112
53 54 93.724
53 55 148.395
53 56 126.719
53 57 148.402
53 58 161.990
53 59 184.505
54 55 143.028
54 56 95.711
54 57 126.743
54 58 175.592
54 59 139.297
55 56 128.506
55 57 179.072
55 58 134.375
55 59 163.454
56 57 138.578
56 58 172.217
56 59 145.539
57 58 203.034
57 59 159.643
58 59 188.272
