60 6 ds 9 12 9 13 8 11 8 14 9 10 8 14 
0 1 163.634
0 2 154.077
0 3 187.088
0 4 230.118
0 5 204.880
0 6 194.064
0 7 157.275
0 8 183.680
0 9 232.598
0 10 234.012
0 11 227.773
0 12 205.123
0 13 223.806
0 14 236.038
0 15 158.559
0 16 201.886
0 17 235.118
0 18 191.442
0 19 226.660
0 20 190.565
0 21 199.175
0 22 214.495
0 23 144.089
0 24 210.924
0 25 229.127
0 26 178.454
0 27 210.300
0 28 189.689
0 29 207.767
0 30 158.476
0 31 127.727
0 32 183.186
0 33 169.442
0 34 189.989
0 35 175.774
0 36 190.895
0 37 209.437
0 38 213.064
0 39 189.216
0 40 200.796
0 41 211.012
0 42 202.335
0 43 197.629
0 44 136.977
0 45 198.393
0 46 154.289
0 47 192.758
0 48 172.318
0 49 256.427
0 50 170.758
0 51 232.480
0 52 204.749
0 53 200.513
0 54 227.596
0 55 197.046
0 56 197.656
0 57 214.805
0 58 204.166
0 59 189.091
1 2 171.077
1 3 192.163
1 4 198.429
1 5 204.404
1 6 155.351
1 7 189.057
1 8 139.883
1 9 175.336
1 10 190.701
1 11 155.086
1 12 130.173
1 13 175.057
1 14 194.133
1 15 169.665
1 16 156.268
1 17 184.067
1 18 137.243
1 19 209.348
1 20 191.663
1 21 158.923
1 22 146.134
1 23 169.412
1 24 152.249
1 25 175.209
1 26 198.051
1 27 212.398
1 28 137.068
1 29 180.459
1 30 166.873
1 31 169.339
1 32 181.673
1 33 103.982
1 34 162.778
1 35 146.484
1 36 176.414
1 37 192.118
1 38 149.100
1 39 150.728
1 40 158.124
1 41 177.930
1 42 177.463
1 43 190.858
1 44 143.082
1 45 156.321
1 46 160.277
1 47 170.632
1 48 155.516
1 49 194.933
1 50 166.774
1 51 208.901
1 52 168.460
1 53 154.902
1 54 196.135
1 55 152.967
1 56 176.786
1 57 201.213
1 58 191.237
1 59 132.794
2 3 184.145
2 4 178.194
2 5 183.656
2 6 192.245
2 7 163.600
2 8 163.248
2 9 202.299
2 10 206.835
2 11 194.874
2 12 174.712
2 13 176.095
2 14 172.409
2 15 134.765
2 16 162.931
2 17 199.952
2 18 162.287
2 19 184.369
2 20 172.887
2 21 182.867
2 22 160.649
2 23 157.453
2 24 183.766
2 25 196.069
2 26 140.065
2 27 171.076
2 28 167.713
2 29 236.830
2 30 126.509
2 31 131.536
2 32 201.348
2 33 171.962
2 34 185.687
2 35 199.016
2 36 145.145
2 37 171.720
2 38 194.663
2 39 186.779
2 40 172.070
2 41 162.645
2 42 196.143
2 43 149.802
2 44 173.457
2 45 200.692
2 46 141.791
2 47 197.479
2 48 145.733
2 49 223.728
2 50 145.329
2 51 183.956
2 52 155.717
2 53 191.044
2 54 200.742
2 55 192.031
2 56 212.654
2 57 204.002
2 58 165.345
2 59 179.407
3 4 193.309
3 5 209.978
3 6 210.099
3 7 146.900
3 8 205.608
3 9 222.928
3 10 207.289
3 11 258.411
3 12 207.600
3 13 227.586
3 14 208.164
3 15 212.865
3 16 189.237
3 17 220.045
3 18 201.580
3 19 183.191
3 20 198.938
3 21 201.928
3 22 183.678
3 23 193.782
3 24 196.522
3 25 214.412
3 26 211.452
3 27 170.641
3 28 202.998
3 29 216.369
3 30 190.053
3 31 180.831
3 32 171.346
3 33 200.541
3 34 213.350
3 35 210.671
3 36 205.158
3 37 201.335
3 38 215.354
3 39 178.265
3 40 196.006
3 41 206.996
3 42 206.313
3 43 221.518
3 44 188.509
3 45 167.857
3 46 182.948
3 47 177.332
3 48 145.731
3 49 222.789
3 50 213.820
3 51 201.300
3 52 237.037
3 53 157.436
3 54 176.663
3 55 175.121
3 56 200.160
3 57 198.347
3 58 187.277
3 59 190.039
4 5 191.211
4 6 158.432
4 7 170.066
4 8 193.514
4 9 208.070
4 10 210.686
4 11 202.659
4 12 177.424
4 13 168.506
4 14 147.335
4 15 162.233
4 16 181.429
4 17 171.878
4 18 143.058
4 19 127.631
4 20 170.424
4 21 201.622
4 22 165.124
4 23 181.792
4 24 154.170
4 25 166.150
4 26 179.213
4 27 170.230
4 28 203.193
4 29 218.831
4 30 185.580
4 31 187.441
4 32 189.270
4 33 179.248
4 34 206.494
4 35 187.273
4 36 205.520
4 37 163.456
4 38 218.829
4 39 147.144
4 40 161.876
4 41 175.753
4 42 166.439
4 43 169.869
4 44 174.786
4 45 186.789
4 46 183.484
4 47 182.646
4 48 163.988
4 49 191.526
4 50 209.641
4 51 142.487
4 52 200.298
4 53 187.352
4 54 191.877
4 55 207.047
4 56 218.281
4 57 209.038
4 58 147.914
4 59 179.504
5 6 219.559
5 7 189.108
5 8 179.873
5 9 203.137
5 10 198.838
5 11 207.280
5 12 221.541
5 13 221.701
5 14 175.671
5 15 183.389
5 16 220.502
5 17 215.075
5 18 206.230
5 19 217.246
5 20 180.278
5 21 186.990
5 22 174.974
5 23 176.156
5 24 157.099
5 25 203.070
5 26 161.774
5 27 170.558
5 28 189.592
5 29 201.363
5 30 165.059
5 31 207.009
5 32 170.636
5 33 187.253
5 34 192.745
5 35 225.857
5 36 203.428
5 37 164.541
5 38 186.583
5 39 203.277
5 40 154.611
5 41 180.958
5 42 189.821
5 43 218.652
5 44 173.508
5 45 184.540
5 46 164.898
5 47 172.622
5 48 160.957
5 49 203.110
5 50 196.802
5 51 159.840
5 52 201.606
5 53 159.341
5 54 232.602
5 55 202.285
5 56 217.005
5 57 203.052
5 58 199.108
5 59 192.345
6 7 166.389
6 8 187.197
6 9 177.823
6 10 195.421
6 11 170.467
6 12 155.868
6 13 181.052
6 14 181.187
6 15 189.354
6 16 159.921
6 17 190.443
6 18 179.626
6 19 201.671
6 20 158.411
6 21 183.589
6 22 167.516
6 23 169.217
6 24 188.127
6 25 151.375
6 26 199.829
6 27 224.381
6 28 174.844
6 29 170.604
6 30 198.740
6 31 173.108
6 32 184.627
6 33 161.801
6 34 234.105
6 35 201.284
6 36 174.592
6 37 191.736
6 38 182.710
6 39 181.186
6 40 171.973
6 41 184.827
6 42 152.658
6 43 171.866
6 44 164.665
6 45 148.851
6 46 210.137
6 47 152.213
6 48 150.881
6 49 179.138
6 50 212.870
6 51 188.623
6 52 166.742
6 53 197.198
6 54 183.848
6 55 201.063
6 56 185.577
6 57 201.428
6 58 143.048
6 59 146.099
7 8 198.900
7 9 185.551
7 10 212.483
7 11 217.477
7 12 200.202
7 13 201.883
7 14 204.046
7 15 148.794
7 16 146.191
7 17 206.956
7 18 184.844
7 19 160.788
7 20 141.324
7 21 190.115
7 22 171.090
7 23 171.657
7 24 202.438
7 25 164.406
7 26 182.785
7 27 169.795
7 28 183.043
7 29 184.923
7 30 197.382
7 31 132.599
7 32 164.802
7 33 162.538
7 34 213.660
7 35 197.832
7 36 161.109
7 37 182.242
7 38 204.662
7 39 185.144
7 40 197.740
7 41 214.143
7 42 177.510
7 43 193.870
7 44 152.675
7 45 176.084
7 46 152.537
7 47 161.003
7 48 146.617
7 49 228.232
7 50 203.324
7 51 185.860
7 52 198.663
7 53 181.431
7 54 181.456
7 55 197.169
7 56 182.118
7 57 142.176
7 58 155.847
7 59 146.139
8 9 207.989
8 10 150.925
8 11 183.350
8 12 166.177
8 13 157.058
8 14 210.878
8 15 169.474
8 16 181.325
8 17 209.503
8 18 155.381
8 19 174.185
8 20 195.917
8 21 134.636
8 22 163.986
8 23 166.889
8 24 168.830
8 25 211.652
8 26 188.258
8 27 189.915
8 28 184.729
8 29 205.015
8 30 166.367
8 31 172.372
8 32 207.459
8 33 146.364
8 34 178.736
8 35 179.252
8 36 135.330
8 37 173.655
8 38 196.578
8 39 178.684
8 40 180.332
8 41 205.343
8 42 225.758
8 43 188.497
8 44 156.676
8 45 166.377
8 46 182.372
8 47 167.707
8 48 148.238
8 49 221.142
8 50 173.808
8 51 180.220
8 52 173.473
8 53 166.189
8 54 200.116
8 55 177.301
8 56 203.723
8 57 222.221
8 58 187.953
8 59 189.070
9 10 235.540
9 11 193.899
9 12 199.587
9 13 197.051
9 14 192.243
9 15 190.706
9 16 142.232
9 17 189.150
9 18 205.707
9 19 220.477
9 20 185.302
9 21 200.712
9 22 154.041
9 23 230.503
9 24 195.107
9 25 197.793
9 26 209.339
9 27 210.829
9 28 182.647
9 29 222.157
9 30 228.883
9 31 209.314
9 32 218.489
9 33 137.249
9 34 216.153
9 35 227.682
9 36 188.692
9 37 218.209
9 38 208.907
9 39 207.728
9 40 201.846
9 41 189.085
9 42 227.630
9 43 218.655
9 44 215.773
9 45 145.259
9 46 192.122
9 47 162.500
9 48 195.852
9 49 144.562
9 50 198.667
9 51 192.401
9 52 219.933
9 53 175.366
9 54 199.807
9 55 193.198
9 56 238.069
9 57 213.322
9 58 217.034
9 59 128.467
10 11 216.389
10 12 189.735
10 13 210.757
10 14 227.042
10 15 210.424
10 16 190.923
10 17 217.564
10 18 179.032
10 19 187.257
10 20 189.857
10 21 159.381
10 22 191.363
10 23 184.450
10 24 185.561
10 25 233.611
10 26 235.574
10 27 200.687
10 28 214.819
10 29 215.568
10 30 182.607
10 31 200.500
10 32 209.742
10 33 207.040
10 34 229.882
10 35 224.059
10 36 182.788
10 37 147.072
10 38 226.110
10 39 229.979
10 40 195.789
10 41 216.784
10 42 233.602
10 43 200.088
10 44 177.262
10 45 202.403
10 46 229.594
10 47 173.573
10 48 168.841
10 49 230.749
10 50 217.522
10 51 210.185
10 52 200.670
10 53 213.024
10 54 225.439
10 55 181.464
10 56 164.603
10 57 218.374
10 58 193.472
10 59 202.148
11 12 156.554
11 13 165.563
11 14 182.875
11 15 199.789
11 16 200.654
11 17 240.657
11 18 173.178
11 19 243.362
11 20 174.997
11 21 180.964
11 22 190.823
11 23 223.140
11 24 205.000
11 25 153.178
11 26 188.739
11 27 236.601
11 28 180.907
11 29 203.815
11 30 204.355
11 31 212.112
11 32 223.435
11 33 165.925
11 34 208.701
11 35 204.011
11 36 173.768
11 37 195.549
11 38 178.090
11 39 214.003
11 40 150.340
11 41 194.993
11 42 203.005
11 43 172.551
11 44 184.820
11 45 194.511
11 46 172.413
11 47 193.093
11 48 186.711
11 49 199.273
11 50 210.900
11 51 198.031
11 52 175.355
11 53 195.846
11 54 224.712
11 55 218.180
11 56 186.936
11 57 199.580
11 58 195.220
11 59 175.676
12 13 172.615
12 14 203.523
12 15 174.813
12 16 172.589
12 17 205.116
12 18 124.851
12 19 191.436
12 20 177.819
12 21 194.152
12 22 183.489
12 23 215.943
12 24 157.462
12 25 166.292
12 26 196.837
12 27 209.583
12 28 138.078
12 29 203.451
12 30 186.594
12 31 171.769
12 32 195.301
12 33 137.374
12 34 167.394
12 35 180.539
12 36 176.525
12 37 176.445
12 38 169.193
12 39 151.568
12 40 166.000
12 41 200.674
12 42 165.081
12 43 164.292
12 44 186.224
12 45 189.255
12 46 210.285
12 47 190.751
12 48 159.840
12 49 175.683
12 50 190.880
12 51 221.853
12 52 163.313
12 53 180.733
12 54 206.658
12 55 163.717
12 56 174.818
12 57 226.999
12 58 153.197
12 59 133.505
13 14 199.896
13 15 203.577
13 16 182.030
13 17 222.889
13 18 166.521
13 19 162.953
13 20 134.965
13 21 165.928
13 22 151.557
13 23 210.645
13 24 204.003
13 25 201.956
13 26 187.219
13 27 250.771
13 28 214.350
13 29 241.104
13 30 193.518
13 31 184.536
13 32 247.290
13 33 156.353
13 34 222.621
13 35 170.008
13 36 153.538
13 37 221.003
13 38 238.342
13 39 212.250
13 40 178.180
13 41 216.821
13 42 214.291
13 43 201.608
13 44 183.833
13 45 199.359
13 46 180.097
13 47 202.925
13 48 172.707
13 49 229.792
13 50 195.963
13 51 210.130
13 52 213.428
13 53 179.872
13 54 201.677
13 55 165.725
13 56 215.597
13 57 222.827
13 58 222.200
13 59 203.332
14 15 195.043
14 16 219.884
14 17 173.882
14 18 201.954
14 19 207.422
14 20 196.750
14 21 173.599
14 22 194.896
14 23 187.490
14 24 145.446
14 25 147.059
14 26 173.589
14 27 193.668
14 28 203.407
14 29 229.840
14 30 192.322
14 31 225.882
14 32 209.480
14 33 206.011
14 34 207.040
14 35 235.201
14 36 225.180
14 37 174.760
14 38 198.431
14 39 189.981
14 40 143.913
14 41 127.217
14 42 176.915
14 43 194.992
14 44 205.714
14 45 162.081
14 46 163.965
14 47 205.000
14 48 168.819
14 49 181.941
14 50 246.084
14 51 157.732
14 52 199.511
14 53 191.622
14 54 192.711
14 55 208.612
14 56 218.179
14 57 190.165
14 58 181.912
14 59 186.078
15 16 159.351
15 17 172.165
15 18 141.198
15 19 158.129
15 20 189.893
15 21 189.178
15 22 189.497
15 23 169.344
15 24 153.977
15 25 182.342
15 26 167.554
15 27 163.897
15 28 172.753
15 29 197.349
15 30 162.216
15 31 130.297
15 32 178.403
15 33 148.794
15 34 139.141
15 35 184.260
15 36 175.146
15 37 128.113
15 38 182.711
15 39 152.227
15 40 180.987
15 41 177.521
15 42 194.920
15 43 155.707
15 44 153.948
15 45 197.160
15 46 145.956
15 47 173.845
15 48 169.802
15 49 217.572
15 50 166.852
15 51 175.490
15 52 169.628
15 53 193.331
15 54 209.181
15 55 207.635
15 56 188.847
15 57 178.894
15 58 148.560
15 59 139.452
16 17 202.990
16 18 154.468
16 19 166.915
16 20 179.326
16 21 216.237
16 22 135.272
16 23 202.904
16 24 199.531
16 25 195.141
16 26 212.088
16 27 185.729
16 28 144.933
16 29 200.326
16 30 193.033
16 31 155.096
16 32 178.225
16 33 145.489
16 34 196.517
16 35 189.503
16 36 146.640
16 37 193.841
16 38 201.089
16 39 191.370
16 40 219.058
16 41 206.915
16 42 225.850
16 43 170.278
16 44 175.819
16 45 193.211
16 46 188.259
16 47 146.722
16 48 181.560
16 49 201.530
16 50 150.183
16 51 185.631
16 52 176.984
16 53 191.539
16 54 180.892
16 55 183.426
16 56 198.312
16 57 199.113
16 58 183.996
16 59 135.644
17 18 163.708
17 19 194.710
17 20 211.819
17 21 193.110
17 22 192.111
17 23 153.109
17 24 144.556
17 25 213.483
17 26 240.244
17 27 188.076
17 28 216.296
17 29 216.685
17 30 221.784
17 31 214.564
17 32 217.310
17 33 171.080
17 34 218.252
17 35 211.181
17 36 215.131
17 37 184.553
17 38 224.892
17 39 186.028
17 40 182.894
17 41 159.559
17 42 174.812
17 43 217.327
17 44 185.233
17 45 180.374
17 46 211.703
17 47 193.183
17 48 187.315
17 49 177.711
17 50 230.379
17 51 204.597
17 52 194.857
17 53 214.802
17 54 167.735
17 55 200.585
17 56 230.356
17 57 199.968
17 58 196.955
17 59 145.089
18 19 152.095
18 20 176.470
18 21 194.181
18 22 170.131
18 23 164.146
18 24 152.389
18 25 204.556
18 26 208.382
18 27 157.156
18 28 162.981
18 29 207.970
18 30 175.045
18 31 168.130
18 32 187.418
18 33 132.438
18 34 158.658
18 35 133.335
18 36 174.165
18 37 161.798
18 38 211.145
18 39 150.257
18 40 173.761
18 41 182.074
18 42 187.288
18 43 136.742
18 44 135.828
18 45 200.214
18 46 175.674
18 47 182.208
18 48 169.130
18 49 195.973
18 50 156.477
18 51 196.464
18 52 161.412
18 53 197.749
18 54 189.257
18 55 175.336
18 56 181.866
18 57 205.252
18 58 181.371
18 59 147.660
19 20 180.451
19 21 187.467
19 22 180.982
19 23 203.462
19 24 170.956
19 25 212.959
19 26 217.645
19 27 185.733
19 28 215.227
19 29 233.304
19 30 204.074
19 31 179.240
19 32 212.533
19 33 191.933
19 34 190.190
19 35 195.690
19 36 196.071
19 37 165.462
19 38 243.737
19 39 178.282
19 40 217.506
19 41 220.365
19 42 224.533
19 43 184.247
19 44 188.534
19 45 202.836
19 46 196.917
19 47 199.896
19 48 161.276
19 49 246.796
19 50 217.369
19 51 193.153
19 52 216.780
19 53 202.268
19 54 193.863
19 55 189.048
19 56 197.468
19 57 194.861
19 58 191.930
19 59 195.364
20 21 162.829
20 22 156.934
20 23 182.095
20 24 207.761
20 25 179.513
20 26 160.828
20 27 217.788
20 28 202.807
20 29 207.729
20 30 188.784
20 31 157.441
20 32 209.853
20 33 149.990
20 34 236.559
20 35 187.053
20 36 155.111
20 37 187.139
20 38 222.761
20 39 213.666
20 40 154.572
20 41 218.251
20 42 157.992
20 43 193.880
20 44 161.508
20 45 194.508
20 46 173.533
20 47 169.376
20 48 147.132
20 49 214.628
20 50 197.921
20 51 203.911
20 52 198.417
20 53 172.429
20 54 196.462
20 55 151.545
20 56 179.812
20 57 181.956
20 58 186.513
20 59 163.844
21 22 171.966
21 23 171.653
21 24 168.701
21 25 188.689
21 26 186.037
21 27 218.410
21 28 214.320
21 29 204.870
21 30 184.556
21 31 185.880
21 32 224.862
21 33 167.086
21 34 210.896
21 35 203.005
21 36 177.950
21 37 166.667
21 38 198.742
21 39 194.536
21 40 149.626
21 41 195.454
21 42 200.169
21 43 205.352
21 44 169.948
21 45 147.245
21 46 161.899
21 47 185.995
21 48 119.784
21 49 230.124
21 50 228.301
21 51 192.174
21 52 202.974
21 53 164.666
21 54 197.075
21 55 162.220
21 56 170.550
21 57 171.102
21 58 199.098
21 59 187.336
22 23 184.897
22 24 176.216
22 25 195.401
22 26 188.650
22 27 202.336
22 28 163.648
22 29 207.739
22 30 163.206
22 31 167.239
22 32 187.195
22 33 135.938
22 34 219.343
22 35 173.954
22 36 160.639
22 37 206.394
22 38 185.422
22 39 175.203
22 40 168.438
22 41 184.228
22 42 187.772
22 43 196.811
22 44 165.993
22 45 170.759
22 46 166.635
22 47 162.482
22 48 134.147
22 49 195.165
22 50 150.568
22 51 168.201
22 52 192.349
22 53 145.045
22 54 195.771
22 55 166.876
22 56 217.067
22 57 206.110
22 58 196.134
22 59 168.482
23 24 174.757
23 25 222.258
23 26 201.322
23 27 177.189
23 28 207.539
23 29 200.131
23 30 158.619
23 31 166.951
23 32 185.445
23 33 179.356
23 34 223.889
23 35 179.953
23 36 181.657
23 37 182.595
23 38 222.969
23 39 197.185
23 40 171.795
23 41 162.628
23 42 171.523
23 43 191.291
23 44 108.599
23 45 181.217
23 46 171.119
23 47 178.963
23 48 156.902
23 49 226.853
23 50 190.524
23 51 194.466
23 52 174.732
23 53 212.852
23 54 191.499
23 55 201.737
23 56 205.063
23 57 195.495
23 58 189.239
23 59 187.469
24 25 183.606
24 26 201.979
24 27 178.759
24 28 154.704
24 29 186.972
24 30 155.096
24 31 185.867
24 32 152.176
24 33 168.561
24 34 131.442
24 35 179.759
24 36 218.574
24 37 153.286
24 38 173.558
24 39 125.872
24 40 151.284
24 41 129.876
24 42 168.357
24 43 187.557
24 44 158.017
24 45 158.400
24 46 170.033
24 47 184.705
24 48 147.755
24 49 168.422
24 50 204.484
24 51 173.162
24 52 197.474
24 53 170.451
24 54 201.911
24 55 168.611
24 56 174.737
24 57 197.039
24 58 179.827
24 59 157.087
25 26 172.472
25 27 222.795
25 28 175.371
25 29 173.570
25 30 221.183
25 31 200.922
25 32 190.586
25 33 175.931
25 34 207.988
25 35 230.523
25 36 194.967
25 37 173.146
25 38 138.161
25 39 178.976
25 40 155.284
25 41 209.053
25 42 143.246
25 43 206.565
25 44 203.832
25 45 186.396
25 46 183.572
25 47 179.756
25 48 168.406
25 49 205.183
25 50 251.825
25 51 177.417
25 52 173.837
25 53 171.016
25 54 188.005
25 55 209.874
25 56 186.820
25 57 162.453
25 58 128.765
25 59 141.472
26 27 204.423
26 28 191.875
26 29 219.535
26 30 147.201
26 31 169.290
26 32 207.264
26 33 169.808
26 34 200.791
26 35 228.967
26 36 182.124
26 37 178.370
26 38 186.014
26 39 192.499
26 40 128.897
26 41 211.256
26 42 191.388
26 43 211.541
26 44 196.348
26 45 201.354
26 46 150.836
26 47 196.469
26 48 177.420
26 49 217.591
26 50 174.093
26 51 158.955
26 52 212.557
26 53 142.850
26 54 236.531
26 55 199.587
26 56 229.652
26 57 232.296
26 58 169.849
26 59 192.902
27 28 187.695
27 29 222.849
27 30 199.557
27 31 200.239
27 32 172.096
27 33 192.609
27 34 189.200
27 35 223.717
27 36 198.967
27 37 158.103
27 38 227.555
27 39 175.006
27 40 202.931
27 41 191.409
27 42 224.298
27 43 170.777
27 44 184.330
27 45 193.555
27 46 186.276
27 47 177.978
27 48 178.788
27 49 195.004
27 50 192.045
27 51 151.761
27 52 192.781
27 53 204.039
27 54 191.902
27 55 223.187
27 56 227.496
27 57 208.176
27 58 175.183
27 59 175.696
28 29 154.634
28 30 167.894
28 31 164.935
28 32 124.249
28 33 152.207
28 34 143.405
28 35 193.483
28 36 177.146
28 37 198.713
28 38 138.141
28 39 152.787
28 40 185.685
28 41 192.138
28 42 188.132
28 43 168.108
28 44 168.236
28 45 190.654
28 46 178.239
28 47 179.405
28 48 159.774
28 49 183.809
28 50 152.463
28 51 183.966
28 52 162.992
28 53 171.985
28 54 199.761
28 55 182.162
28 56 172.668
28 57 204.254
28 58 183.562
28 59 138.815
29 30 211.239
29 31 192.427
29 32 122.765
29 33 184.059
29 34 195.145
29 35 218.119
29 36 186.574
29 37 192.706
29 38 144.975
29 39 186.788
29 40 176.246
29 41 225.908
29 42 185.941
29 43 218.883
29 44 153.511
29 45 185.680
29 46 201.745
29 47 144.198
29 48 172.021
29 49 208.890
29 50 216.916
29 51 176.191
29 52 197.673
29 53 169.314
29 54 180.728
29 55 212.995
29 56 147.034
29 57 167.307
29 58 180.766
29 59 157.475
30 31 129.773
30 32 161.607
30 33 186.574
30 34 177.927
30 35 178.416
30 36 185.292
30 37 178.232
30 38 192.171
30 39 176.333
30 40 143.749
30 41 152.758
30 42 202.047
30 43 181.929
30 44 136.561
30 45 198.701
30 46 140.484
30 47 193.129
30 48 157.533
30 49 217.003
30 50 127.086
30 51 174.993
30 52 214.221
30 53 173.944
30 54 243.488
30 55 186.171
30 56 188.080
30 57 232.080
30 58 186.617
30 59 207.386
31 32 156.448
31 33 152.595
31 34 189.919
31 35 146.984
31 36 145.162
31 37 190.788
31 38 206.460
31 39 157.367
31 40 186.360
31 41 201.352
31 42 186.099
31 43 168.510
31 44 123.590
31 45 205.027
31 46 149.766
31 47 164.953
31 48 148.295
31 49 229.291
31 50 147.533
31 51 193.257
31 52 199.607
31 53 184.969
31 54 203.814
31 55 170.851
31 56 172.688
31 57 200.853
31 58 159.251
31 59 167.521
32 33 189.374
32 34 165.815
32 35 182.780
32 36 204.323
32 37 188.768
32 38 169.343
32 39 142.633
32 40 185.868
32 41 188.082
32 42 181.878
32 43 185.956
32 44 132.896
32 45 192.106
32 46 172.880
32 47 142.800
32 48 160.616
32 49 196.205
32 50 182.328
32 51 156.941
32 52 204.824
32 53 173.391
32 54 193.073
32 55 195.559
32 56 158.329
32 57 189.272
32 58 171.631
32 59 166.415
33 34 175.645
33 35 143.265
33 36 151.044
33 37 191.787
33 38 179.374
33 39 147.120
33 40 156.586
33 41 205.601
33 42 169.064
33 43 199.315
33 44 148.491
33 45 164.387
33 46 162.308
33 47 148.225
33 48 164.599
33 49 173.139
33 50 151.127
33 51 191.223
33 52 179.613
33 53 133.712
33 54 184.442
33 55 140.334
33 56 204.698
33 57 206.976
33 58 182.842
33 59 101.641
34 35 189.169
34 36 220.860
34 37 167.243
34 38 173.426
34 39 143.525
34 40 196.273
34 41 194.083
34 42 229.269
34 43 180.437
34 44 184.730
34 45 205.184
34 46 163.930
34 47 199.581
34 48 186.337
34 49 221.107
34 50 184.417
34 51 199.901
34 52 201.776
34 53 177.611
34 54 218.739
34 55 188.581
34 56 176.804
34 57 208.104
34 58 210.021
34 59 171.634
35 36 202.529
35 37 230.995
35 38 243.151
35 39 146.929
35 40 201.207
35 41 210.703
35 42 197.720
35 43 188.873
35 44 112.336
35 45 222.278
35 46 162.098
35 47 183.362
35 48 184.100
35 49 238.399
35 50 177.043
35 51 222.301
35 52 221.375
35 53 198.567
35 54 205.374
35 55 156.089
35 56 196.717
35 57 226.035
35 58 227.510
35 59 191.574
36 37 195.573
36 38 201.096
36 39 218.020
36 40 184.018
36 41 218.334
36 42 215.744
36 43 186.195
36 44 163.204
36 45 191.423
36 46 184.202
36 47 151.233
36 48 161.017
36 49 209.630
36 50 161.754
36 51 180.646
36 52 163.630
36 53 177.910
36 54 166.321
36 55 192.267
36 56 200.090
36 57 194.962
36 58 170.398
36 59 165.632
37 38 169.496
37 39 184.113
37 40 155.691
37 41 185.299
37 42 193.148
37 43 163.200
37 44 184.978
37 45 192.788
37 46 188.644
37 47 162.913
37 48 155.252
37 49 213.999
37 50 214.257
37 51 168.373
37 52 161.909
37 53 186.512
37 54 206.414
37 55 201.819
37 56 159.812
37 57 170.819
37 58 130.702
37 59 158.419
38 39 177.797
38 40 154.006
38 41 201.059
38 42 173.851
38 43 212.828
38 44 205.303
38 45 183.425
38 46 194.639
38 47 180.423
38 48 157.528
38 49 207.879
38 50 210.633
38 51 191.722
38 52 163.851
38 53 149.190
38 54 217.134
38 55 217.614
38 56 182.849
38 57 188.485
38 58 157.395
38 59 151.246
39 40 173.672
39 41 187.632
39 42 167.543
39 43 172.702
39 44 162.671
39 45 178.226
39 46 171.276
39 47 172.425
39 48 147.428
39 49 192.397
39 50 191.257
39 51 167.555
39 52 201.597
39 53 157.539
39 54 189.556
39 55 176.165
39 56 198.064
39 57 216.723
39 58 160.053
39 59 156.703
40 41 156.905
40 42 141.266
40 43 204.032
40 44 160.025
40 45 158.979
40 46 151.221
40 47 174.264
40 48 147.128
40 49 164.580
40 50 189.711
40 51 157.670
40 52 199.767
40 53 124.960
40 54 206.242
40 55 179.411
40 56 183.619
40 57 196.950
40 58 158.912
40 59 163.889
41 42 196.593
41 43 174.315
41 44 172.896
41 45 152.002
41 46 160.838
41 47 199.209
41 48 168.147
41 49 160.876
41 50 202.623
41 51 180.603
41 52 205.948
41 53 210.694
41 54 213.779
41 55 223.844
41 56 209.533
41 57 204.601
41 58 195.012
41 59 187.128
42 43 214.989
42 44 173.103
42 45 200.562
42 46 203.220
42 47 191.995
42 48 151.012
42 49 202.320
42 50 238.068
42 51 217.131
42 52 177.470
42 53 185.198
42 54 197.758
42 55 186.905
42 56 199.162
42 57 195.447
42 58 150.667
42 59 149.585
43 44 172.608
43 45 211.628
43 46 184.188
43 47 185.853
43 48 153.033
43 49 220.881
43 50 184.505
43 51 184.674
43 52 144.281
43 53 233.972
43 54 195.693
43 55 219.157
43 56 174.097
43 57 196.105
43 58 172.180
43 59 185.571
44 45 181.134
44 46 132.737
44 47 151.434
44 48 150.381
44 49 213.959
44 50 158.609
44 51 177.597
44 52 192.137
44 53 183.970
44 54 191.631
44 55 175.933
44 56 151.257
44 57 175.925
44 58 187.648
44 59 169.796
45 46 178.355
45 47 164.282
45 48 139.326
45 49 147.691
45 50 218.398
45 51 173.813
45 52 219.666
45 53 151.962
45 54 187.367
45 55 200.157
45 56 202.495
45 57 192.378
45 58 186.426
45 59 159.228
46 47 187.351
46 48 157.055
46 49 226.075
46 50 169.925
46 51 162.903
46 52 216.305
46 53 159.758
46 54 207.089
46 55 189.821
46 56 182.591
46 57 158.847
46 58 205.742
46 59 183.419
47 48 157.975
47 49 173.503
47 50 184.912
47 51 144.871
47 52 177.595
47 53 146.438
47 54 143.935
47 55 166.242
47 56 179.653
47 57 183.160
47 58 153.192
47 59 133.376
48 49 205.759
48 50 193.679
48 51 169.223
48 52 159.432
48 53 147.283
48 54 163.065
48 55 160.271
48 56 150.249
48 57 150.227
48 58 151.734
48 59 162.629
49 50 211.136
49 51 180.458
49 52 230.552
49 53 183.147
49 54 207.322
49 55 215.307
49 56 241.252
49 57 251.325
49 58 189.866
49 59 148.148
50 51 188.627
50 52 208.301
50 53 179.280
50 54 236.511
50 55 198.044
50 56 228.402
50 57 255.174
50 58 217.887
50 59 190.771
51 52 207.502
51 53 157.109
51 54 183.189
51 55 223.032
51 56 219.350
51 57 202.196
51 58 162.090
51 59 190.381
52 53 221.361
52 54 174.235
52 55 213.832
52 56 200.588
52 57 188.120
52 58 159.143
52 59 154.868
53 54 187.799
53 55 146.618
53 56 202.339
53 57 205.897
53 58 184.211
53 59 159.252
54 55 177.167
54 56 202.678
54 57 165.028
54 58 189.857
54 59 158.349
55 56 178.586
55 57 216.693
55 58 218.867
55 59 162.428
56 57 139.459
56 58 192.492
56 59 175.661
57 58 196.450
57 59 166.871
58 59 145.179
