12 4 ss 3 3 3 3 3 3 3 3 
0 1 34.954
0 2 16.235
0 3 40.704
0 4 14.008
0 5 22.200
0 6 76.616
0 7 100.831
0 8 84.269
0 9 73.576
0 10 73.906
0 11 83.426
1 2 41.630
1 3 27.965
1 4 22.229
1 5 35.755
1 6 78.742
1 7 102.053
1 8 62.703
1 9 45.810
1 10 50.651
1 11 67.824
2 3 35.508
2 4 26.471
2 5 11.205
2 6 61.887
2 7 85.818
2 8 77.654
2 9 70.982
2 10 68.768
2 11 74.164
3 4 36.279
3 5 24.550
3 6 51.026
3 7 74.103
3 8 43.572
3 9 35.631
3 10 33.601
3 11 43.815
4 5 26.873
4 6 80.195
4 7 104.513
4 8 78.481
4 9 64.936
4 10 67.201
4 11 80.087
5 6 54.631
5 7 78.934
5 8 66.458
5 9 60.160
5 10 57.603
5 11 63.308
6 7 24.345
6 8 53.685
6 9 66.257
6 10 55.559
6 11 39.688
7 8 65.567
7 9 82.751
7 10 71.234
7 11 50.488
8 9 21.602
8 10 12.188
8 11 15.089
9 10 11.618
9 11 34.034
10 11 22.560
