60 6 ss 10 10 10 10 10 10 10 10 10 10 10 10 
0 1 139.798
0 2 122.478
0 3 147.657
0 4 124.737
0 5 119.740
0 6 86.028
0 7 120.117
0 8 112.815
0 9 169.596
0 10 98.202
0 11 128.718
0 12 104.098
0 13 149.314
0 14 104.665
0 15 126.978
0 16 146.309
0 17 92.936
0 18 144.255
0 19 104.683
0 20 135.382
0 21 98.079
0 22 151.329
0 23 141.839
0 24 99.751
0 25 108.679
0 26 156.084
0 27 100.970
0 28 109.618
0 29 97.793
0 30 134.237
0 31 111.509
0 32 140.683
0 33 137.434
0 34 135.286
0 35 170.046
0 36 139.345
0 37 151.682
0 38 121.119
0 39 151.092
0 40 138.688
0 41 130.273
0 42 113.848
0 43 93.258
0 44 92.494
0 45 122.712
0 46 118.920
0 47 113.285
0 48 107.355
0 49 115.675
0 50 168.736
0 51 120.054
0 52 93.395
0 53 77.780
0 54 106.787
0 55 146.338
0 56 127.102
0 57 123.883
0 58 137.759
0 59 94.870
1 2 92.825
1 3 152.349
1 4 103.549
1 5 132.144
1 6 142.199
1 7 145.979
1 8 123.537
1 9 152.731
1 10 154.696
1 11 138.844
1 12 119.546
1 13 142.547
1 14 144.183
1 15 132.509
1 16 132.766
1 17 146.463
1 18 128.188
1 19 109.869
1 20 147.176
1 21 148.274
1 22 116.359
1 23 140.911
1 24 161.437
1 25 107.590
1 26 113.630
1 27 129.668
1 28 105.203
1 29 141.128
1 30 106.459
1 31 144.581
1 32 119.339
1 33 109.644
1 34 106.377
1 35 113.719
1 36 134.310
1 37 132.648
1 38 103.822
1 39 93.977
1 40 97.596
1 41 90.397
1 42 83.039
1 43 113.968
1 44 135.908
1 45 137.379
1 46 136.489
1 47 128.079
1 48 115.042
1 49 129.537
1 50 106.936
1 51 101.886
1 52 150.086
1 53 93.696
1 54 118.448
1 55 127.388
1 56 113.901
1 57 95.847
1 58 173.246
1 59 101.358
2 3 179.141
2 4 101.469
2 5 86.358
2 6 89.201
2 7 173.842
2 8 136.896
2 9 164.823
2 10 139.708
2 11 138.610
2 12 89.205
2 13 116.881
2 14 158.523
2 15 123.381
2 16 112.351
2 17 146.423
2 18 129.585
2 19 109.213
2 20 162.216
2 21 128.733
2 22 144.183
2 23 148.006
2 24 124.851
2 25 120.899
2 26 152.371
2 27 108.074
2 28 82.917
2 29 133.785
2 30 150.338
2 31 148.910
2 32 126.920
2 33 121.111
2 34 124.900
2 35 109.690
2 36 153.320
2 37 136.715
2 38 132.623
2 39 82.562
2 40 93.289
2 41 105.937
2 42 113.131
2 43 127.610
2 44 90.642
2 45 152.447
2 46 123.411
2 47 110.108
2 48 159.313
2 49 155.182
2 50 129.370
2 51 59.366
2 52 149.417
2 53 86.096
2 54 97.143
2 55 148.987
2 56 113.123
2 57 96.129
2 58 166.073
2 59 99.580
3 4 195.512
3 5 158.822
3 6 154.361
3 7 125.052
3 8 106.470
3 9 116.649
3 10 159.120
3 11 166.237
3 12 130.963
3 13 150.879
3 14 129.032
3 15 123.719
3 16 188.147
3 17 103.114
3 18 141.575
3 19 142.005
3 20 120.085
3 21 128.395
3 22 145.621
3 23 177.024
3 24 156.020
3 25 127.828
3 26 57.464
3 27 158.503
3 28 194.876
3 29 155.016
3 30 146.430
3 31 146.043
3 32 74.352
3 33 119.179
3 34 113.412
3 35 183.623
3 36 133.954
3 37 181.106
3 38 131.908
3 39 143.838
3 40 133.225
3 41 171.626
3 42 121.488
3 43 160.832
3 44 174.518
3 45 100.265
3 46 120.476
3 47 164.297
3 48 142.305
3 49 99.517
3 50 137.476
3 51 172.195
3 52 154.512
3 53 120.428
3 54 136.802
3 55 98.503
3 56 102.337
3 57 142.723
3 58 159.191
3 59 157.958
4 5 133.644
4 6 147.936
4 7 153.097
4 8 140.963
4 9 200.229
4 10 150.140
4 11 129.975
4 12 145.484
4 13 172.324
4 14 148.817
4 15 161.621
4 16 140.028
4 17 154.399
4 18 151.598
4 19 115.476
4 20 182.502
4 21 129.905
4 22 178.725
4 23 183.040
4 24 154.270
4 25 148.408
4 26 169.694
4 27 135.047
4 28 118.368
4 29 128.578
4 30 132.920
4 31 163.531
4 32 156.175
4 33 145.356
4 34 148.042
4 35 119.118
4 36 176.963
4 37 170.415
4 38 157.613
4 39 133.873
4 40 117.085
4 41 49.084
4 42 123.907
4 43 119.587
4 44 119.291
4 45 171.692
4 46 165.166
4 47 143.163
4 48 141.879
4 49 146.393
4 50 168.308
4 51 103.488
4 52 165.201
4 53 124.031
4 54 134.286
4 55 154.379
4 56 133.725
4 57 108.583
4 58 205.379
4 59 111.352
5 6 107.968
5 7 170.474
5 8 117.996
5 9 167.967
5 10 151.514
5 11 139.413
5 12 91.530
5 13 123.284
5 14 133.092
5 15 115.398
5 16 95.674
5 17 154.505
5 18 104.061
5 19 135.827
5 20 139.106
5 21 129.956
5 22 181.237
5 23 177.327
5 24 104.306
5 25 107.971
5 26 148.070
5 27 74.751
5 28 122.600
5 29 146.430
5 30 152.333
5 31 127.058
5 32 108.457
5 33 123.531
5 34 100.796
5 35 147.415
5 36 155.963
5 37 117.931
5 38 126.493
5 39 99.997
5 40 85.189
5 41 132.860
5 42 135.631
5 43 140.830
5 44 106.340
5 45 131.341
5 46 110.540
5 47 141.493
5 48 159.890
5 49 133.704
5 50 135.571
5 51 117.876
5 52 131.421
5 53 106.123
5 54 118.084
5 55 152.021
5 56 106.402
5 57 119.263
5 58 174.421
5 59 131.250
6 7 163.406
6 8 128.444
6 9 159.468
6 10 116.628
6 11 136.504
6 12 68.400
6 13 108.249
6 14 141.564
6 15 100.590
6 16 148.062
6 17 100.176
6 18 132.475
6 19 102.808
6 20 150.777
6 21 91.784
6 22 140.910
6 23 150.008
6 24 92.866
6 25 118.651
6 26 152.861
6 27 115.241
6 28 107.571
6 29 122.759
6 30 175.780
6 31 135.981
6 32 127.762
6 33 117.411
6 34 136.977
6 35 154.115
6 36 136.943
6 37 156.078
6 38 130.082
6 39 121.661
6 40 124.153
6 41 149.083
6 42 120.936
6 43 129.224
6 44 84.472
6 45 140.879
6 46 93.154
6 47 88.605
6 48 160.251
6 49 140.132
6 50 147.900
6 51 93.893
6 52 135.452
6 53 76.287
6 54 93.450
6 55 143.486
6 56 115.772
6 57 123.650
6 58 128.790
6 59 111.312
7 8 133.982
7 9 161.004
7 10 105.780
7 11 167.741
7 12 143.322
7 13 194.343
7 14 139.280
7 15 164.761
7 16 167.878
7 17 127.159
7 18 171.956
7 19 115.555
7 20 98.617
7 21 133.396
7 22 142.576
7 23 157.316
7 24 132.653
7 25 135.132
7 26 123.797
7 27 133.153
7 28 166.880
7 29 83.281
7 30 124.079
7 31 144.545
7 32 127.403
7 33 145.407
7 34 142.950
7 35 198.582
7 36 129.609
7 37 185.652
7 38 131.089
7 39 172.172
7 40 147.029
7 41 135.471
7 42 110.220
7 43 123.229
7 44 167.971
7 45 105.404
7 46 148.093
7 47 144.360
7 48 115.064
7 49 134.479
7 50 168.069
7 51 163.328
7 52 154.044
7 53 112.399
7 54 138.109
7 55 156.161
7 56 110.432
7 57 150.739
7 58 181.409
7 59 106.985
8 9 176.076
8 10 168.687
8 11 139.585
8 12 89.109
8 13 167.783
8 14 127.991
8 15 113.796
8 16 158.459
8 17 103.727
8 18 84.922
8 19 128.649
8 20 146.485
8 21 96.015
8 22 177.531
8 23 194.999
8 24 149.226
8 25 120.315
8 26 108.154
8 27 116.471
8 28 163.088
8 29 152.220
8 30 143.614
8 31 144.484
8 32 92.667
8 33 126.155
8 34 104.906
8 35 159.100
8 36 161.118
8 37 158.847
8 38 123.854
8 39 146.644
8 40 89.868
8 41 142.387
8 42 116.203
8 43 126.524
8 44 119.066
8 45 140.876
8 46 118.684
8 47 155.154
8 48 117.597
8 49 87.148
8 50 162.114
8 51 122.417
8 52 145.015
8 53 93.086
8 54 150.561
8 55 134.437
8 56 91.699
8 57 95.243
8 58 177.238
8 59 132.965
9 10 132.706
9 11 171.716
9 12 164.178
9 13 132.831
9 14 148.724
9 15 131.657
9 16 158.039
9 17 136.999
9 18 189.558
9 19 129.935
9 20 123.771
9 21 166.345
9 22 109.482
9 23 114.887
9 24 169.885
9 25 139.931
9 26 101.719
9 27 168.137
9 28 165.914
9 29 145.927
9 30 127.475
9 31 130.902
9 32 119.357
9 33 138.671
9 34 151.970
9 35 158.878
9 36 124.848
9 37 164.049
9 38 155.118
9 39 115.685
9 40 153.387
9 41 166.436
9 42 106.813
9 43 152.363
9 44 170.025
9 45 121.039
9 46 147.300
9 47 144.005
9 48 157.888
9 49 150.783
9 50 110.876
9 51 163.527
9 52 152.202
9 53 135.958
9 54 103.098
9 55 107.388
9 56 135.819
9 57 144.740
9 58 115.066
9 59 138.915
10 11 139.262
10 12 139.385
10 13 157.216
10 14 129.154
10 15 146.283
10 16 139.311
10 17 116.767
10 18 182.920
10 19 87.920
10 20 105.051
10 21 128.385
10 22 114.514
10 23 109.889
10 24 96.683
10 25 136.845
10 26 154.798
10 27 118.035
10 28 117.271
10 29 60.742
10 30 136.059
10 31 111.071
10 32 145.494
10 33 138.628
10 34 154.100
10 35 169.776
10 36 107.400
10 37 170.574
10 38 143.547
10 39 146.679
10 40 152.867
10 41 134.282
10 42 104.299
10 43 109.229
10 44 134.284
10 45 110.460
10 46 126.466
10 47 88.123
10 48 138.135
10 49 155.944
10 50 151.577
10 51 137.119
10 52 122.611
10 53 106.994
10 54 93.408
10 55 154.075
10 56 131.878
10 57 151.458
10 58 119.955
10 59 81.673
11 12 150.500
11 13 160.567
11 14 83.910
11 15 119.695
11 16 142.523
11 17 120.980
11 18 111.963
11 19 107.608
11 20 150.966
11 21 118.178
11 22 162.163
11 23 191.214
11 24 139.525
11 25 150.918
11 26 154.029
11 27 123.222
11 28 130.571
11 29 155.072
11 30 154.627
11 31 101.485
11 32 142.887
11 33 102.669
11 34 117.620
11 35 111.884
11 36 121.133
11 37 163.000
11 38 148.639
11 39 136.574
11 40 114.750
11 41 123.353
11 42 117.733
11 43 121.061
11 44 136.860
11 45 149.913
11 46 101.271
11 47 108.690
11 48 140.803
11 49 114.795
11 50 136.842
11 51 140.208
11 52 130.806
11 53 143.807
11 54 149.840
11 55 134.653
11 56 146.198
11 57 145.854
11 58 137.266
11 59 139.490
12 13 126.164
12 14 149.907
12 15 100.526
12 16 139.186
12 17 114.345
12 18 99.160
12 19 111.330
12 20 133.150
12 21 96.957
12 22 146.259
12 23 164.312
12 24 101.879
12 25 103.305
12 26 123.551
12 27 97.039
12 28 125.434
12 29 128.466
12 30 165.898
12 31 145.183
12 32 93.038
12 33 108.796
12 34 108.585
12 35 160.226
12 36 138.517
12 37 145.108
12 38 106.622
12 39 117.143
12 40 90.074
12 41 145.677
12 42 113.628
12 43 132.000
12 44 100.346
12 45 129.309
12 46 89.314
12 47 113.272
12 48 149.409
12 49 128.534
12 50 139.258
12 51 92.594
12 52 147.972
12 53 57.601
12 54 112.814
12 55 146.738
12 56 78.596
12 57 107.550
12 58 159.884
12 59 110.384
13 14 145.090
13 15 103.531
13 16 159.079
13 17 149.201
13 18 153.616
13 19 134.359
13 20 161.324
13 21 142.029
13 22 142.900
13 23 160.422
13 24 128.411
13 25 107.547
13 26 137.859
13 27 161.175
13 28 134.382
13 29 156.992
13 30 176.786
13 31 151.160
13 32 128.185
13 33 99.550
13 34 137.399
13 35 159.082
13 36 135.170
13 37 144.550
13 38 128.004
13 39 75.279
13 40 140.086
13 41 149.855
13 42 138.150
13 43 168.987
13 44 145.980
13 45 137.866
13 46 121.876
13 47 128.374
13 48 187.178
13 49 139.847
13 50 97.428
13 51 149.090
13 52 166.840
13 53 126.589
13 54 81.035
13 55 102.159
13 56 130.023
13 57 152.234
13 58 157.687
13 59 158.076
14 15 109.998
14 16 140.761
14 17 114.975
14 18 124.581
14 19 115.635
14 20 117.099
14 21 123.531
14 22 157.740
14 23 170.118
14 24 127.305
14 25 108.752
14 26 133.836
14 27 118.487
14 28 136.368
14 29 137.806
14 30 123.174
14 31 66.408
14 32 133.119
14 33 105.535
14 34 110.573
14 35 158.891
14 36 106.224
14 37 134.763
14 38 114.763
14 39 139.173
14 40 132.455
14 41 131.488
14 42 112.639
14 43 109.515
14 44 142.862
14 45 111.280
14 46 108.533
14 47 126.787
14 48 105.959
14 49 71.776
14 50 129.226
14 51 167.154
14 52 98.204
14 53 132.884
14 54 131.528
14 55 111.934
14 56 138.651
14 57 150.295
14 58 130.484
14 59 138.715
15 16 124.003
15 17 110.892
15 18 97.236
15 19 89.325
15 20 126.600
15 21 95.740
15 22 150.230
15 23 168.580
15 24 129.889
15 25 88.676
15 26 110.990
15 27 123.267
15 28 125.837
15 29 138.462
15 30 154.560
15 31 104.906
15 32 108.440
15 33 84.032
15 34 127.226
15 35 151.670
15 36 110.792
15 37 110.344
15 38 101.943
15 39 105.117
15 40 98.282
15 41 143.299
15 42 92.566
15 43 113.567
15 44 102.953
15 45 145.046
15 46 97.288
15 47 98.580
15 48 137.572
15 49 83.703
15 50 103.375
15 51 127.240
15 52 152.486
15 53 106.759
15 54 112.901
15 55 104.141
15 56 97.316
15 57 114.642
15 58 122.879
15 59 127.560
16 17 179.307
16 18 140.585
16 19 116.754
16 20 120.731
16 21 160.082
16 22 174.019
16 23 155.734
16 24 138.046
16 25 115.112
16 26 162.187
16 27 80.921
16 28 101.236
16 29 131.594
16 30 127.129
16 31 102.892
16 32 145.890
16 33 142.610
16 34 142.702
16 35 154.592
16 36 141.125
16 37 83.265
16 38 129.551
16 39 118.367
16 40 106.483
16 41 127.387
16 42 112.656
16 43 106.515
16 44 115.486
16 45 155.300
16 46 145.946
16 47 127.569
16 48 141.430
16 49 150.442
16 50 129.426
16 51 131.663
16 52 145.953
16 53 130.201
16 54 131.964
16 55 172.465
16 56 128.772
16 57 127.463
16 58 161.088
16 59 106.776
17 18 141.537
17 19 96.577
17 20 144.731
17 21 71.343
17 22 135.069
17 23 158.750
17 24 135.984
17 25 139.200
17 26 115.426
17 27 144.240
17 28 154.518
17 29 123.152
17 30 148.830
17 31 130.825
17 32 113.153
17 33 121.393
17 34 136.688
17 35 148.413
17 36 134.061
17 37 187.037
17 38 146.315
17 39 147.915
17 40 131.997
17 41 145.876
17 42 101.117
17 43 119.479
17 44 118.181
17 45 131.018
17 46 108.503
17 47 115.074
17 48 127.238
17 49 104.030
17 50 159.264
17 51 121.676
17 52 130.975
17 53 94.244
17 54 116.882
17 55 107.139
17 56 114.107
17 57 115.475
17 58 117.831
17 59 118.831
18 19 133.571
18 20 146.493
18 21 116.457
18 22 184.801
18 23 217.069
18 24 139.578
18 25 123.381
18 26 128.458
18 27 108.190
18 28 152.894
18 29 175.285
18 30 174.890
18 31 136.052
18 32 105.259
18 33 93.068
18 34 87.603
18 35 150.890
18 36 141.435
18 37 140.591
18 38 115.889
18 39 129.967
18 40 71.001
18 41 148.977
18 42 130.861
18 43 145.293
18 44 136.649
18 45 151.850
18 46 90.227
18 47 140.223
18 48 152.475
18 49 101.371
18 50 132.427
18 51 138.285
18 52 162.102
18 53 126.248
18 54 164.242
18 55 146.493
18 56 107.467
18 57 132.820
18 58 180.409
18 59 155.608
19 20 114.240
19 21 85.346
19 22 115.490
19 23 134.076
19 24 117.204
19 25 107.588
19 26 118.576
19 27 115.127
19 28 97.154
19 29 73.848
19 30 124.685
19 31 106.813
19 32 119.967
19 33 95.390
19 34 138.168
19 35 131.869
19 36 96.651
19 37 137.653
19 38 113.206
19 39 112.930
19 40 103.210
19 41 94.872
19 42 50.116
19 43 72.817
19 44 96.128
19 45 135.273
19 46 112.759
19 47 56.195
19 48 114.576
19 49 109.628
19 50 117.033
19 51 97.331
19 52 146.755
19 53 87.294
19 54 91.332
19 55 115.478
19 56 91.221
19 57 101.361
19 58 122.938
19 59 65.842
20 21 150.218
20 22 127.814
20 23 140.954
20 24 111.096
20 25 103.728
20 26 114.363
20 27 98.978
20 28 144.491
20 29 108.413
20 30 128.756
20 31 90.935
20 32 112.926
20 33 116.780
20 34 116.931
20 35 193.283
20 36 76.257
20 37 130.889
20 38 97.421
20 39 141.402
20 40 130.156
20 41 157.005
20 42 102.303
20 43 122.090
20 44 164.066
20 45 80.584
20 46 110.006
20 47 120.316
20 48 124.932
20 49 128.639
20 50 115.975
20 51 170.075
20 52 132.303
20 53 118.298
20 54 128.007
20 55 151.942
20 56 110.525
20 57 160.956
20 58 139.401
20 59 115.395
21 22 168.202
21 23 190.202
21 24 114.573
21 25 132.834
21 26 127.852
21 27 131.125
21 28 149.949
21 29 113.188
21 30 167.095
21 31 142.493
21 32 109.980
21 33 108.923
21 34 139.414
21 35 150.748
21 36 144.143
21 37 177.110
21 38 143.233
21 39 138.897
21 40 105.395
21 41 125.324
21 42 111.068
21 43 123.054
21 44 97.853
21 45 149.492
21 46 108.969
21 47 110.406
21 48 147.976
21 49 99.103
21 50 159.066
21 51 111.101
21 52 162.046
21 53 99.924
21 54 119.644
21 55 117.149
21 56 86.512
21 57 110.006
21 58 157.387
21 59 121.463
22 23 90.827
22 24 154.952
22 25 136.063
22 26 124.600
22 27 161.457
22 28 128.978
22 29 132.753
22 30 140.964
22 31 143.370
22 32 140.404
22 33 123.199
22 34 141.637
22 35 158.738
22 36 94.801
22 37 174.127
22 38 127.370
22 39 126.883
22 40 159.711
22 41 154.662
22 42 97.461
22 43 140.738
22 44 174.035
22 45 115.246
22 46 130.237
22 47 106.439
22 48 145.793
22 49 165.945
22 50 111.089
22 51 145.854
22 52 148.539
22 53 112.274
22 54 107.243
22 55 138.165
22 56 145.554
22 57 157.025
22 58 123.207
22 59 113.705
23 24 168.481
23 25 136.208
23 26 163.803
23 27 157.898
23 28 116.763
23 29 126.004
23 30 118.159
23 31 138.279
23 32 172.745
23 33 174.460
23 34 177.280
23 35 181.795
23 36 140.667
23 37 156.719
23 38 147.185
23 39 147.777
23 40 184.194
23 41 165.166
23 42 113.849
23 43 126.307
23 44 156.823
23 45 137.907
23 46 172.297
23 47 134.418
23 48 136.562
23 49 185.151
23 50 151.505
23 51 150.085
23 52 129.034
23 53 117.024
23 54 102.544
23 55 167.766
23 56 169.606
23 57 152.957
23 58 121.715
23 59 100.221
24 25 118.730
24 26 157.604
24 27 94.718
24 28 128.389
24 29 103.283
24 30 176.824
24 31 126.451
24 32 125.582
24 33 110.775
24 34 122.290
24 35 184.584
24 36 115.300
24 37 159.528
24 38 122.986
24 39 133.452
24 40 130.267
24 41 145.739
24 42 138.664
24 43 145.887
24 44 136.861
24 45 103.208
24 46 88.197
24 47 104.435
24 48 169.911
24 49 145.040
24 50 143.204
24 51 146.676
24 52 138.841
24 53 109.404
24 54 107.165
24 55 158.692
24 56 112.758
24 57 165.671
24 58 161.547
24 59 126.186
25 26 116.134
25 27 108.425
25 28 104.255
25 29 117.940
25 30 119.554
25 31 103.420
25 32 118.610
25 33 101.549
25 34 115.723
25 35 178.381
25 36 107.331
25 37 76.639
25 38 43.352
25 39 107.339
25 40 118.538
25 41 129.108
25 42 94.473
25 43 103.758
25 44 122.158
25 45 111.707
25 46 119.429
25 47 118.435
25 48 107.199
25 49 92.505
25 50 101.757
25 51 142.238
25 52 130.266
25 53 88.214
25 54 97.247
25 55 120.777
25 56 103.965
25 57 125.347
25 58 150.433
25 59 111.232
26 27 149.617
26 28 172.675
26 29 143.853
26 30 126.670
26 31 142.911
26 32 56.813
26 33 95.986
26 34 101.991
26 35 151.287
26 36 119.851
26 37 161.172
26 38 117.910
26 39 108.964
26 40 102.125
26 41 139.811
26 42 91.362
26 43 145.517
26 44 163.514
26 45 106.633
26 46 119.099
26 47 146.085
26 48 135.332
26 49 100.238
26 50 101.654
26 51 147.178
26 52 164.055
26 53 110.128
26 54 122.123
26 55 83.778
26 56 78.418
26 57 117.394
26 58 160.788
26 59 136.879
27 28 106.763
27 29 120.043
27 30 134.572
27 31 93.750
27 32 120.159
27 33 126.918
27 34 102.071
27 35 159.931
27 36 126.464
27 37 114.845
27 38 110.658
27 39 131.998
27 40 94.748
27 41 135.168
27 42 113.658
27 43 104.659
27 44 110.030
27 45 117.259
27 46 100.565
27 47 117.040
27 48 124.803
27 49 133.175
27 50 142.055
27 51 121.457
27 52 107.383
27 53 96.881
27 54 131.295
27 55 171.108
27 56 111.532
27 57 128.041
27 58 151.359
27 59 98.451
28 29 118.900
28 30 134.149
28 31 111.758
28 32 164.844
28 33 130.457
28 34 146.972
28 35 144.748
28 36 124.766
28 37 106.155
28 38 110.647
28 39 117.096
28 40 134.406
28 41 116.086
28 42 101.531
28 43 89.026
28 44 101.201
28 45 152.612
28 46 134.881
28 47 84.636
28 48 127.745
28 49 152.244
28 50 128.969
28 51 107.145
28 52 126.903
28 53 102.045
28 54 104.552
28 55 162.743
28 56 146.698
28 57 129.511
28 58 136.880
28 59 83.397
29 30 126.779
29 31 128.490
29 32 138.752
29 33 136.668
29 34 159.586
29 35 178.116
29 36 121.932
29 37 158.922
29 38 129.092
29 39 143.412
29 40 140.053
29 41 110.526
29 42 93.520
29 43 96.888
29 44 121.725
29 45 124.134
29 46 143.305
29 47 99.533
29 48 127.481
29 49 140.884
29 50 152.898
29 51 128.862
29 52 149.780
29 53 95.237
29 54 90.257
29 55 147.522
29 56 105.456
29 57 131.693
29 58 154.935
29 59 68.078
30 31 115.122
30 32 141.302
30 33 156.804
30 34 140.460
30 35 150.745
30 36 147.873
30 37 133.944
30 38 133.352
30 39 137.432
30 40 139.859
30 41 111.057
30 42 89.469
30 43 94.125
30 44 146.916
30 45 128.615
30 46 170.912
30 47 158.201
30 48 75.131
30 49 127.183
30 50 143.463
30 51 147.170
30 52 118.070
30 53 120.611
30 54 125.295
30 55 134.336
30 56 139.956
30 57 111.537
30 58 158.076
30 59 101.393
31 32 140.852
31 33 121.030
31 34 124.097
31 35 163.031
31 36 92.353
31 37 103.467
31 38 109.728
31 39 137.330
31 40 132.791
31 41 146.261
31 42 98.418
31 43 87.969
31 44 130.026
31 45 116.216
31 46 110.605
31 47 108.183
31 48 100.973
31 49 107.442
31 50 122.317
31 51 157.222
31 52 86.285
31 53 125.483
31 54 127.204
31 55 140.838
31 56 141.976
31 57 146.809
31 58 95.718
31 59 115.225
32 33 90.762
32 34 76.999
32 35 140.045
32 36 127.998
32 37 160.863
32 38 123.753
32 39 96.296
32 40 72.966
32 41 135.359
32 42 106.113
32 43 150.552
32 44 145.762
32 45 96.318
32 46 92.742
32 47 140.273
32 48 151.192
32 49 109.724
32 50 110.170
32 51 127.617
32 52 152.907
32 53 97.106
32 54 114.810
32 55 102.249
32 56 55.747
32 57 111.219
32 58 164.943
32 59 132.802
33 34 85.397
33 35 136.457
33 36 78.948
33 37 141.561
33 38 93.381
33 39 85.857
33 40 90.899
33 41 120.113
33 42 99.181
33 43 138.157
33 44 147.807
33 45 110.577
33 46 69.189
33 47 94.803
33 48 150.429
33 49 97.244
33 50 68.434
33 51 138.434
33 52 156.884
33 53 113.722
33 54 111.425
33 55 94.116
33 56 92.363
33 57 140.205
33 58 150.997
33 59 135.199
34 35 137.436
34 36 117.825
34 37 148.207
34 38 107.260
34 39 104.455
34 40 86.581
34 41 135.461
34 42 121.853
34 43 150.391
34 44 160.038
34 45 85.083
34 46 76.886
34 47 142.145
34 48 141.875
34 49 114.118
34 50 105.444
34 51 143.606
34 52 123.299
34 53 111.837
34 54 134.890
34 55 126.914
34 56 107.040
34 57 139.090
34 58 168.012
34 59 143.352
35 36 172.429
35 37 187.199
35 38 185.691
35 39 106.299
35 40 110.917
35 41 112.580
35 42 125.721
35 43 153.697
35 44 143.266
35 45 176.941
35 46 148.553
35 47 145.796
35 48 173.629
35 49 162.903
35 50 141.816
35 51 103.689
35 52 167.003
35 53 146.151
35 54 142.576
35 55 134.286
35 56 149.602
35 57 112.407
35 58 169.373
35 59 143.316
36 37 138.188
36 38 90.813
36 39 126.215
36 40 136.316
36 41 149.056
36 42 94.752
36 43 124.323
36 44 166.444
36 45 98.747
36 46 89.710
36 47 81.272
36 48 135.515
36 49 124.781
36 50 84.119
36 51 165.409
36 52 140.777
36 53 125.053
36 54 120.342
36 55 131.542
36 56 127.174
36 57 169.010
36 58 118.069
36 59 123.526
37 38 92.850
37 39 128.621
37 40 135.596
37 41 155.065
37 42 121.965
37 43 113.922
37 44 133.435
37 45 160.571
37 46 154.235
37 47 142.986
37 48 128.806
37 49 132.647
37 50 120.434
37 51 162.165
37 52 147.254
37 53 135.975
37 54 141.187
37 55 165.814
37 56 148.397
37 57 145.464
37 58 160.884
37 59 134.834
38 39 121.936
38 40 122.151
38 41 139.723
38 42 98.499
38 43 111.964
38 44 144.190
38 45 110.325
38 46 110.537
38 47 115.297
38 48 108.861
38 49 101.783
38 50 99.413
38 51 152.673
38 52 138.583
38 53 97.037
38 54 121.049
38 55 136.712
38 56 112.251
38 57 143.705
38 58 156.729
38 59 118.651
39 40 90.299
39 41 107.244
39 42 104.491
39 43 145.455
39 44 134.011
39 45 125.467
39 46 115.170
39 47 120.546
39 48 163.748
39 49 133.498
39 50 67.509
39 51 113.862
39 52 156.271
39 53 110.594
39 54 81.386
39 55 97.883
39 56 101.242
39 57 113.525
39 58 158.788
39 59 127.312
40 41 106.642
40 42 97.572
40 43 126.429
40 44 114.886
40 45 136.209
40 46 100.534
40 47 124.709
40 48 143.795
40 49 111.523
40 50 112.908
40 51 96.523
40 52 157.865
40 53 101.166
40 54 128.224
40 55 126.440
40 56 66.562
40 57 88.831
40 58 171.978
40 59 117.136
41 42 99.370
41 43 112.326
41 44 127.809
41 45 148.977
41 46 153.889
41 47 128.980
41 48 132.556
41 49 127.827
41 50 134.189
41 51 112.628
41 52 162.471
41 53 119.567
41 54 110.663
41 55 122.110
41 56 113.888
41 57 105.722
41 58 190.001
41 59 103.412
42 43 65.402
42 44 108.513
42 45 121.355
42 46 117.427
42 47 85.285
42 48 85.780
42 49 100.919
42 50 102.033
42 51 100.839
42 52 131.774
42 53 78.361
42 54 94.619
42 55 106.032
42 56 90.836
42 57 85.301
42 58 116.998
42 59 62.580
43 44 90.849
43 45 149.001
43 46 142.853
43 47 100.344
43 48 62.947
43 49 111.362
43 50 147.767
43 51 115.141
43 52 118.662
43 53 96.294
43 54 122.027
43 55 147.203
43 56 128.206
43 57 102.059
43 58 124.731
43 59 62.400
44 45 173.959
44 46 140.749
44 47 113.579
44 48 133.743
44 49 132.018
44 50 167.313
44 51 75.066
44 52 140.781
44 53 89.817
44 54 114.224
44 55 153.080
44 56 121.004
44 57 80.491
44 58 143.222
44 59 92.889
45 46 99.736
45 47 138.789
45 48 138.251
45 49 129.879
45 50 117.376
45 51 167.421
45 52 110.065
45 53 110.117
45 54 108.827
45 55 128.200
45 56 116.847
45 57 161.573
45 58 151.119
45 59 132.350
46 47 95.920
46 48 155.457
46 49 118.554
46 50 109.725
46 51 135.402
46 52 127.808
46 53 105.267
46 54 123.947
46 55 131.420
46 56 106.928
46 57 149.229
46 58 128.901
46 59 135.255
47 48 142.182
47 49 137.909
47 50 115.731
47 51 112.744
47 52 145.930
47 53 101.376
47 54 101.444
47 55 141.438
47 56 121.094
47 57 138.663
47 58 108.901
47 59 89.011
48 49 102.376
48 50 157.725
48 51 148.871
48 52 110.184
48 53 109.532
48 54 144.806
48 55 147.319
48 56 142.675
48 57 119.538
48 58 144.281
48 59 99.336
49 50 128.407
49 51 154.768
49 52 139.497
49 53 118.313
49 54 133.502
49 55 88.995
49 56 106.294
49 57 121.448
49 58 154.866
49 59 139.773
50 51 154.996
50 52 162.837
50 53 131.991
50 54 110.508
50 55 105.921
50 56 118.229
50 57 150.003
50 58 149.368
50 59 141.651
51 52 156.421
51 53 79.219
51 54 112.204
51 55 151.130
51 56 109.945
51 57 66.211
51 58 158.164
51 59 85.006
52 53 119.431
52 54 133.734
52 55 160.671
52 56 166.626
52 57 152.055
52 58 116.506
52 59 127.370
53 54 82.619
53 55 128.128
53 56 82.115
53 57 83.777
53 58 136.998
53 59 67.798
54 55 101.159
54 56 104.319
54 57 115.221
54 58 133.744
54 59 94.858
55 56 112.500
55 57 124.385
55 58 153.492
55 59 150.112
56 57 96.224
56 58 172.006
56 59 107.615
57 58 161.460
57 59 93.259
58 59 133.070
