12 4 ds 2 4 2 5 3 3 3 3 
0 1 84.098
0 2 50.459
0 3 25.613
0 4 83.110
0 5 75.077
0 6 30.516
0 7 16.538
0 8 73.666
0 9 32.870
0 10 83.316
0 11 34.111
1 2 67.793
1 3 58.516
1 4 1.074
1 5 15.177
1 6 99.655
1 7 96.654
1 8 30.400
1 9 88.865
1 10 16.085
1 11 103.699
2 3 41.921
2 4 67.258
2 5 53.069
2 6 43.139
2 7 50.905
2 8 41.530
2 9 29.404
2 10 76.799
2 11 45.936
3 4 57.520
3 5 50.187
3 6 47.244
3 7 39.505
3 8 51.132
3 9 41.547
3 10 58.128
3 11 51.466
4 5 14.881
4 6 98.827
4 7 95.723
4 8 30.282
4 9 88.103
4 10 15.557
4 11 102.880
5 6 87.280
5 7 86.058
5 8 15.730
5 9 75.737
5 10 28.445
5 11 91.193
6 7 16.770
6 8 80.303
6 9 13.756
6 10 103.186
6 11 4.233
7 8 82.025
7 9 25.172
7 10 97.584
7 11 19.383
8 9 67.615
8 10 44.144
8 11 83.900
9 10 93.905
9 11 16.633
10 11 107.373
