12 4 ss 3 3 3 3 3 3 3 3 
0 1 114.169
0 2 117.710
0 3 86.023
0 4 120.370
0 5 107.954
0 6 114.338
0 7 148.598
0 8 123.556
0 9 138.433
0 10 142.856
0 11 140.365
1 2 146.571
1 3 110.744
1 4 112.111
1 5 124.273
1 6 131.053
1 7 142.146
1 8 132.186
1 9 139.663
1 10 124.845
1 11 106.489
2 3 78.631
2 4 112.361
2 5 132.529
2 6 117.904
2 7 138.699
2 8 155.694
2 9 124.435
2 10 166.696
2 11 156.949
3 4 113.962
3 5 128.870
3 6 131.765
3 7 130.863
3 8 113.672
3 9 117.940
3 10 140.509
3 11 158.923
4 5 90.323
4 6 69.297
4 7 117.543
4 8 144.362
4 9 160.851
4 10 156.916
4 11 109.241
5 6 78.164
5 7 115.272
5 8 122.910
5 9 149.311
5 10 145.873
5 11 116.962
6 7 119.613
6 8 146.924
6 9 136.355
6 10 165.787
6 11 100.474
7 8 159.399
7 9 133.226
7 10 135.406
7 11 120.132
8 9 155.872
8 10 169.795
8 11 177.777
9 10 131.291
9 11 166.725
10 11 172.115
