12 4 ss 3 3 3 3 3 3 3 3 
0 1 88.159
0 2 76.634
0 3 99.888
0 4 109.943
0 5 101.196
0 6 95.194
0 7 79.147
0 8 75.635
0 9 81.005
0 10 120.694
0 11 72.396
1 2 101.430
1 3 108.363
1 4 144.092
1 5 128.450
1 6 101.862
1 7 117.107
1 8 96.493
1 9 97.352
1 10 131.127
1 11 122.960
2 3 99.883
2 4 139.786
2 5 132.890
2 6 120.675
2 7 100.853
2 8 119.392
2 9 88.556
2 10 110.050
2 11 124.646
3 4 157.793
3 5 103.414
3 6 143.032
3 7 114.380
3 8 154.486
3 9 64.164
3 10 145.567
3 11 142.506
4 5 86.325
4 6 63.224
4 7 111.803
4 8 104.937
4 9 135.295
4 10 82.790
4 11 57.163
5 6 81.708
5 7 118.025
5 8 132.817
5 9 90.918
5 10 117.324
5 11 97.108
6 7 112.961
6 8 85.733
6 9 119.122
6 10 84.222
6 11 80.136
7 8 118.323
7 9 129.042
7 10 126.392
7 11 92.919
8 9 128.414
8 10 107.966
8 11 73.714
9 10 128.860
9 11 117.418
10 11 105.793
