12 4 ds 2 5 2 4 2 5 2 3 
0 1 123.342
0 2 156.023
0 3 104.478
0 4 109.135
0 5 59.308
0 6 131.237
0 7 119.523
0 8 66.075
0 9 106.942
0 10 82.882
0 11 101.535
1 2 90.130
1 3 68.791
1 4 93.132
1 5 122.714
1 6 79.316
1 7 122.007
1 8 114.756
1 9 82.039
1 10 112.643
1 11 115.712
2 3 90.031
2 4 121.220
2 5 135.178
2 6 54.969
2 7 114.377
2 8 141.656
2 9 128.981
2 10 135.269
2 11 140.074
3 4 90.837
3 5 103.114
3 6 80.127
3 7 101.356
3 8 70.398
3 9 82.753
3 10 95.644
3 11 107.989
4 5 120.709
4 6 78.280
4 7 141.822
4 8 108.330
4 9 65.531
4 10 120.908
4 11 29.933
5 6 121.066
5 7 133.696
5 8 87.271
5 9 124.519
5 10 86.445
5 11 121.844
6 7 116.971
6 8 121.302
6 9 98.087
6 10 107.447
6 11 95.747
7 8 118.139
7 9 146.355
7 10 113.334
7 11 143.204
8 9 84.212
8 10 92.805
8 11 110.281
9 10 128.198
9 11 80.274
10 11 122.495
