12 4 ds 3 3 2 3 3 3 2 3 
0 1 195.148
0 2 121.652
0 3 159.043
0 4 183.414
0 5 211.803
0 6 180.471
0 7 199.836
0 8 121.601
0 9 176.685
0 10 149.398
0 11 167.256
1 2 178.002
1 3 174.088
1 4 221.812
1 5 178.376
1 6 171.794
1 7 179.208
1 8 198.244
1 9 181.770
1 10 192.831
1 11 124.285
2 3 218.649
2 4 226.147
2 5 192.956
2 6 191.124
2 7 201.301
2 8 142.943
2 9 211.137
2 10 181.172
2 11 198.107
3 4 145.362
3 5 195.014
3 6 178.859
3 7 179.579
3 8 180.595
3 9 196.376
3 10 131.317
3 11 107.565
4 5 212.381
4 6 199.113
4 7 187.153
4 8 151.190
4 9 208.905
4 10 185.301
4 11 164.041
5 6 134.786
5 7 168.472
5 8 199.951
5 9 178.832
5 10 208.427
5 11 183.846
6 7 179.583
6 8 177.333
6 9 143.409
6 10 183.177
6 11 182.246
7 8 148.664
7 9 153.559
7 10 185.748
7 11 186.475
8 9 158.789
8 10 179.447
8 11 199.050
9 10 200.017
9 11 192.155
10 11 148.294
