30 5 ds 6 7 5 8 5 8 5 7 6 6 
0 1 109.874
0 2 97.490
0 3 107.098
0 4 99.621
0 5 86.883
0 6 80.097
0 7 105.595
0 8 118.852
0 9 92.431
0 10 108.708
0 11 111.862
0 12 100.151
0 13 109.124
0 14 99.899
0 15 126.473
0 16 125.624
0 17 116.891
0 18 139.235
0 19 110.405
0 20 85.060
0 21 79.112
0 22 127.102
0 23 122.790
0 24 94.061
0 25 89.395
0 26 132.877
0 27 134.133
0 28 107.374
0 29 80.638
1 2 143.812
1 3 127.969
1 4 127.638
1 5 105.883
1 6 153.248
1 7 137.073
1 8 152.961
1 9 164.600
1 10 152.845
1 11 143.938
1 12 126.412
1 13 180.230
1 14 106.424
1 15 212.951
1 16 164.104
1 17 141.400
1 18 137.613
1 19 138.011
1 20 110.969
1 21 149.406
1 22 154.643
1 23 185.434
1 24 128.892
1 25 107.758
1 26 177.891
1 27 137.781
1 28 127.657
1 29 130.384
2 3 146.063
2 4 102.628
2 5 140.637
2 6 79.847
2 7 118.775
2 8 123.631
2 9 117.580
2 10 161.719
2 11 156.566
2 12 95.928
2 13 155.926
2 14 128.699
2 15 147.975
2 16 137.348
2 17 123.330
2 18 161.055
2 19 146.981
2 20 89.167
2 21 106.004
2 22 175.317
2 23 103.506
2 24 108.396
2 25 151.344
2 26 143.974
2 27 134.086
2 28 148.939
2 29 125.973
3 4 128.969
3 5 140.565
3 6 135.394
3 7 145.282
3 8 178.218
3 9 137.856
3 10 143.371
3 11 111.968
3 12 156.456
3 13 159.023
3 14 146.198
3 15 174.793
3 16 129.947
3 17 174.784
3 18 154.768
3 19 106.525
3 20 123.889
3 21 94.502
3 22 122.581
3 23 183.232
3 24 78.613
3 25 113.913
3 26 93.895
3 27 142.300
3 28 102.661
3 29 150.512
4 5 131.490
4 6 119.331
4 7 64.006
4 8 111.263
4 9 131.559
4 10 145.487
4 11 123.742
4 12 141.661
4 13 138.499
4 14 134.840
4 15 172.980
4 16 159.749
4 17 113.602
4 18 163.041
4 19 115.075
4 20 78.728
4 21 136.974
4 22 154.048
4 23 137.167
4 24 112.754
4 25 165.896
4 26 149.885
4 27 108.070
4 28 154.229
4 29 116.448
5 6 122.804
5 7 117.948
5 8 142.856
5 9 159.733
5 10 135.918
5 11 110.627
5 12 142.000
5 13 111.565
5 14 111.336
5 15 180.074
5 16 130.156
5 17 164.371
5 18 158.221
5 19 116.965
5 20 131.324
5 21 150.778
5 22 128.899
5 23 165.681
5 24 145.666
5 25 118.917
5 26 172.285
5 27 155.227
5 28 98.298
5 29 85.873
6 7 126.670
6 8 140.827
6 9 89.388
6 10 152.503
6 11 136.831
6 12 131.160
6 13 119.378
6 14 120.964
6 15 89.358
6 16 106.686
6 17 110.370
6 18 122.889
6 19 114.498
6 20 90.449
6 21 94.726
6 22 141.867
6 23 92.853
6 24 112.911
6 25 126.879
6 26 132.569
6 27 141.263
6 28 140.510
6 29 90.122
7 8 87.397
7 9 127.441
7 10 122.593
7 11 93.803
7 12 147.550
7 13 131.875
7 14 122.492
7 15 168.397
7 16 141.803
7 17 127.297
7 18 161.151
7 19 110.694
7 20 105.337
7 21 148.609
7 22 146.947
7 23 141.027
7 24 135.880
7 25 165.034
7 26 154.872
7 27 99.608
7 28 152.132
7 29 106.199
8 9 119.568
8 10 137.807
8 11 133.101
8 12 115.372
8 13 173.068
8 14 107.374
8 15 177.480
8 16 177.463
8 17 137.003
8 18 170.664
8 19 140.977
8 20 129.516
8 21 151.614
8 22 187.228
8 23 140.483
8 24 162.284
8 25 178.589
8 26 177.884
8 27 148.842
8 28 170.362
8 29 137.069
9 10 137.828
9 11 135.273
9 12 127.986
9 13 157.959
9 14 114.520
9 15 93.360
9 16 139.123
9 17 104.949
9 18 129.895
9 19 125.232
9 20 101.531
9 21 83.768
9 22 147.153
9 23 107.260
9 24 117.162
9 25 131.829
9 26 134.736
9 27 141.744
9 28 170.097
9 29 118.186
10 11 99.331
10 12 151.486
10 13 128.893
10 14 135.610
10 15 153.669
10 16 150.488
10 17 171.105
10 18 159.931
10 19 138.052
10 20 150.741
10 21 126.483
10 22 162.090
10 23 172.703
10 24 146.388
10 25 120.558
10 26 143.962
10 27 127.948
10 28 117.666
10 29 137.310
11 12 174.540
11 13 128.837
11 14 111.590
11 15 166.674
11 16 128.668
11 17 171.679
11 18 147.154
11 19 100.225
11 20 141.717
11 21 140.232
11 22 118.599
11 23 174.994
11 24 143.839
11 25 137.780
11 26 139.520
11 27 121.300
11 28 112.039
11 29 117.159
12 13 181.487
12 14 125.089
12 15 176.974
12 16 163.235
12 17 150.052
12 18 176.253
12 19 157.640
12 20 117.174
12 21 106.627
12 22 187.725
12 23 136.040
12 24 116.891
12 25 135.325
12 26 155.918
12 27 164.262
12 28 144.036
12 29 149.951
13 14 165.460
13 15 135.758
13 16 139.990
13 17 176.558
13 18 185.151
13 19 121.763
13 20 138.165
13 21 151.684
13 22 124.686
13 23 136.576
13 24 145.098
13 25 158.428
13 26 160.132
13 27 147.312
13 28 138.867
13 29 92.544
14 15 171.204
14 16 161.278
14 17 130.193
14 18 121.176
14 19 133.305
14 20 111.755
14 21 137.209
14 22 138.098
14 23 141.554
14 24 147.137
14 25 123.136
14 26 181.360
14 27 133.619
14 28 143.191
14 29 98.685
15 16 132.051
15 17 142.055
15 18 145.674
15 19 146.582
15 20 144.464
15 21 113.906
15 22 172.103
15 23 118.650
15 24 152.179
15 25 152.240
15 26 143.950
15 27 171.525
15 28 182.984
15 29 135.266
16 17 171.352
16 18 138.993
16 19 106.140
16 20 143.277
16 21 122.316
16 22 142.078
16 23 159.880
16 24 125.249
16 25 126.758
16 26 101.881
16 27 145.420
16 28 122.510
16 29 135.659
17 18 115.124
17 19 150.066
17 20 83.465
17 21 144.186
17 22 180.065
17 23 127.003
17 24 146.675
17 25 151.430
17 26 186.714
17 27 135.739
17 28 200.043
17 29 117.040
18 19 126.198
18 20 130.959
18 21 145.626
18 22 169.700
18 23 170.658
18 24 159.662
18 25 119.907
18 26 163.638
18 27 145.363
18 28 163.299
18 29 138.774
19 20 108.972
19 21 127.177
19 22 105.596
19 23 144.613
19 24 107.955
19 25 141.357
19 26 104.495
19 27 123.714
19 28 124.040
19 29 114.363
20 21 110.897
20 22 124.214
20 23 92.906
20 24 79.717
20 25 134.175
20 26 144.006
20 27 94.214
20 28 158.042
20 29 89.883
21 22 153.251
21 23 135.432
21 24 76.013
21 25 99.009
21 26 89.029
21 27 150.158
21 28 120.586
21 29 140.852
22 23 151.084
22 24 122.084
22 25 148.767
22 26 160.241
22 27 130.596
22 28 157.601
22 29 99.714
23 24 129.839
23 25 179.726
23 26 169.474
23 27 134.178
23 28 195.104
23 29 107.195
24 25 122.984
24 26 90.956
24 27 118.016
24 28 130.377
24 29 133.257
25 26 145.516
25 27 158.446
25 28 105.449
25 29 129.341
26 27 150.709
26 28 122.419
26 29 175.552
27 28 166.126
27 29 120.581
28 29 149.991
