12 4 ss 3 3 3 3 3 3 3 3 
0 1 5.270
0 2 72.135
0 3 46.178
0 4 37.826
0 5 30.479
0 6 27.999
0 7 54.977
0 8 26.122
0 9 75.146
0 10 42.482
0 11 24.139
1 2 77.248
1 3 46.981
1 4 42.430
1 5 35.746
1 6 24.411
1 7 53.614
1 8 24.851
1 9 76.397
1 10 47.575
1 11 29.403
2 3 71.055
2 4 53.035
2 5 43.743
2 6 90.306
2 7 93.056
2 8 78.877
2 9 77.743
2 10 41.410
2 11 48.733
3 4 71.174
3 5 53.659
3 6 36.652
3 7 22.099
3 8 25.132
3 9 29.669
3 10 68.053
3 11 48.856
4 5 18.619
4 6 65.473
4 7 87.047
4 8 60.345
4 9 94.607
4 10 11.633
4 11 22.326
5 6 54.750
5 7 71.205
5 8 46.844
5 9 76.056
5 10 14.829
5 11 6.727
6 7 33.501
6 8 12.923
6 9 65.188
6 10 68.578
6 11 48.029
7 8 28.885
7 9 38.398
7 10 86.015
7 11 65.427
8 9 54.583
8 10 61.417
8 11 40.347
9 10 88.834
9 11 72.860
10 11 21.076
