30 5 ss 6 6 6 6 6 6 6 6 6 6 
0 1 153.337
0 2 176.151
0 3 139.739
0 4 163.463
0 5 202.941
0 6 208.099
0 7 224.913
0 8 182.957
0 9 195.967
0 10 191.788
0 11 190.519
0 12 187.927
0 13 154.308
0 14 170.249
0 15 148.940
0 16 150.497
0 17 206.340
0 18 199.752
0 19 156.215
0 20 224.681
0 21 209.608
0 22 212.712
0 23 205.478
0 24 155.645
0 25 214.490
0 26 165.788
0 27 190.606
0 28 159.467
0 29 139.844
1 2 173.317
1 3 206.291
1 4 157.708
1 5 214.764
1 6 182.277
1 7 226.701
1 8 183.624
1 9 189.028
1 10 202.530
1 11 184.431
1 12 173.946
1 13 185.240
1 14 164.685
1 15 165.253
1 16 211.096
1 17 205.759
1 18 211.963
1 19 154.216
1 20 187.884
1 21 159.788
1 22 219.530
1 23 173.836
1 24 161.393
1 25 178.323
1 26 157.595
1 27 175.093
1 28 161.587
1 29 144.770
2 3 186.767
2 4 153.341
2 5 155.845
2 6 183.698
2 7 177.512
2 8 193.166
2 9 158.935
2 10 190.015
2 11 217.650
2 12 200.051
2 13 191.082
2 14 168.073
2 15 171.897
2 16 169.166
2 17 175.251
2 18 133.340
2 19 176.362
2 20 188.784
2 21 124.388
2 22 188.659
2 23 193.827
2 24 186.521
2 25 181.454
2 26 186.922
2 27 163.739
2 28 170.357
2 29 178.238
3 4 159.200
3 5 169.253
3 6 206.156
3 7 209.968
3 8 161.344
3 9 199.062
3 10 166.542
3 11 170.717
3 12 186.199
3 13 140.069
3 14 208.918
3 15 169.938
3 16 156.152
3 17 178.154
3 18 162.299
3 19 172.433
3 20 221.288
3 21 211.880
3 22 164.934
3 23 180.038
3 24 197.700
3 25 198.059
3 26 179.019
3 27 221.428
3 28 147.268
3 29 145.382
4 5 192.465
4 6 190.637
4 7 216.373
4 8 200.558
4 9 129.372
4 10 181.818
4 11 191.984
4 12 170.931
4 13 152.957
4 14 186.972
4 15 174.763
4 16 206.051
4 17 181.482
4 18 165.547
4 19 158.799
4 20 172.459
4 21 193.361
4 22 159.479
4 23 143.271
4 24 208.638
4 25 182.880
4 26 172.969
4 27 183.368
4 28 132.364
4 29 128.388
5 6 167.873
5 7 170.925
5 8 174.596
5 9 229.870
5 10 214.859
5 11 189.648
5 12 222.675
5 13 184.334
5 14 187.478
5 15 189.312
5 16 200.403
5 17 158.898
5 18 140.662
5 19 146.323
5 20 194.216
5 21 168.691
5 22 166.962
5 23 164.365
5 24 188.922
5 25 173.606
5 26 216.023
5 27 204.466
5 28 157.255
5 29 214.897
6 7 214.802
6 8 228.096
6 9 200.758
6 10 210.025
6 11 171.751
6 12 231.789
6 13 194.011
6 14 209.356
6 15 182.825
6 16 205.358
6 17 146.443
6 18 192.454
6 19 155.104
6 20 161.364
6 21 171.098
6 22 212.447
6 23 157.906
6 24 179.618
6 25 119.337
6 26 210.339
6 27 179.151
6 28 204.553
6 29 186.418
7 8 163.149
7 9 185.485
7 10 167.521
7 11 212.807
7 12 149.451
7 13 166.021
7 14 185.166
7 15 189.508
7 16 189.983
7 17 154.094
7 18 181.128
7 19 189.398
7 20 168.842
7 21 188.676
7 22 155.309
7 23 204.844
7 24 194.207
7 25 194.883
7 26 188.714
7 27 205.435
7 28 177.295
7 29 199.278
8 9 226.689
8 10 176.922
8 11 175.091
8 12 148.803
8 13 152.997
8 14 174.904
8 15 179.052
8 16 161.470
8 17 188.083
8 18 151.137
8 19 189.387
8 20 200.265
8 21 190.986
8 22 152.507
8 23 210.758
8 24 177.635
8 25 188.943
8 26 161.264
8 27 220.124
8 28 126.638
8 29 155.016
9 10 156.751
9 11 201.091
9 12 152.707
9 13 166.975
9 14 192.755
9 15 156.712
9 16 187.954
9 17 175.186
9 18 194.640
9 19 192.434
9 20 163.166
9 21 185.441
9 22 185.450
9 23 175.814
9 24 206.403
9 25 184.681
9 26 179.825
9 27 185.200
9 28 168.811
9 29 141.881
10 11 156.481
10 12 149.666
10 13 175.960
10 14 205.555
10 15 144.138
10 16 168.727
10 17 158.277
10 18 175.677
10 19 218.981
10 20 174.491
10 21 218.040
10 22 176.613
10 23 205.693
10 24 190.008
10 25 159.828
10 26 149.401
10 27 208.190
10 28 168.941
10 29 132.755
11 12 185.598
11 13 163.134
11 14 223.464
11 15 186.665
11 16 203.910
11 17 176.187
11 18 197.343
11 19 186.835
11 20 166.891
11 21 220.179
11 22 176.297
11 23 157.554
11 24 137.645
11 25 148.066
11 26 173.375
11 27 234.167
11 28 137.703
11 29 151.959
12 13 147.719
12 14 185.344
12 15 172.750
12 16 187.921
12 17 167.026
12 18 198.135
12 19 208.346
12 20 154.206
12 21 203.737
12 22 157.796
12 23 207.826
12 24 201.775
12 25 184.042
12 26 128.270
12 27 206.843
12 28 140.143
12 29 146.499
13 14 194.794
13 15 185.109
13 16 160.209
13 17 183.088
13 18 192.528
13 19 147.368
13 20 184.315
13 21 206.671
13 22 126.181
13 23 161.842
13 24 171.568
13 25 192.630
13 26 159.913
13 27 181.253
13 28 134.806
13 29 127.141
14 15 140.799
14 16 187.866
14 17 182.534
14 18 156.392
14 19 161.729
14 20 180.034
14 21 181.545
14 22 230.235
14 23 200.003
14 24 163.246
14 25 193.367
14 26 197.237
14 27 199.019
14 28 186.007
14 29 188.626
15 16 150.742
15 17 147.445
15 18 159.626
15 19 163.939
15 20 176.241
15 21 156.581
15 22 213.720
15 23 185.980
15 24 179.504
15 25 158.069
15 26 185.030
15 27 188.140
15 28 171.956
15 29 148.108
16 17 184.921
16 18 166.661
16 19 193.069
16 20 230.044
16 21 200.308
16 22 211.800
16 23 246.117
16 24 186.425
16 25 200.498
16 26 181.940
16 27 191.552
16 28 182.551
16 29 162.125
17 18 158.224
17 19 173.333
17 20 111.946
17 21 166.219
17 22 181.934
17 23 186.972
17 24 212.946
17 25 132.621
17 26 207.832
17 27 213.044
17 28 179.827
17 29 174.184
18 19 195.380
18 20 175.194
18 21 169.755
18 22 182.891
18 23 190.578
18 24 196.870
18 25 163.998
18 26 190.530
18 27 202.074
18 28 162.664
18 29 187.592
19 20 197.416
19 21 173.334
19 22 186.758
19 23 138.613
19 24 157.609
19 25 189.424
19 26 222.957
19 27 198.706
19 28 163.171
19 29 174.981
20 21 172.498
20 22 182.419
20 23 166.944
20 24 202.253
20 25 145.941
20 26 182.902
20 27 190.375
20 28 167.326
20 29 171.981
21 22 208.960
21 23 182.128
21 24 211.426
21 25 180.774
21 26 207.031
21 27 164.092
21 28 179.049
21 29 187.671
22 23 170.093
22 24 206.132
22 25 179.578
22 26 184.454
22 27 217.291
22 28 127.598
22 29 156.163
23 24 177.715
23 25 167.854
23 26 197.065
23 27 205.566
23 28 152.101
23 29 170.121
24 25 173.934
24 26 176.911
24 27 213.190
24 28 171.312
24 29 178.682
25 26 186.013
25 27 215.617
25 28 188.519
25 29 170.584
26 27 152.336
26 28 136.035
26 29 133.294
27 28 183.472
27 29 174.909
28 29 122.401
