10 2 ss 5 5 5 5 
0 1 101.318
0 2 108.165
0 3 74.184
0 4 84.075
0 5 79.910
0 6 72.700
0 7 68.378
0 8 74.999
0 9 122.130
1 2 127.547
1 3 125.290
1 4 88.166
1 5 148.112
1 6 102.162
1 7 138.032
1 8 130.120
1 9 147.747
2 3 125.600
2 4 75.771
2 5 110.289
2 6 98.642
2 7 100.045
2 8 96.066
2 9 141.945
3 4 91.556
3 5 112.345
3 6 93.356
3 7 82.071
3 8 112.109
3 9 126.830
4 5 127.442
4 6 73.100
4 7 98.135
4 8 85.714
4 9 149.574
5 6 119.284
5 7 53.272
5 8 115.595
5 9 107.785
6 7 114.065
6 8 102.062
6 9 153.221
7 8 92.713
7 9 104.695
8 9 143.945
