120 10 ss 12 12 12 12 12 12 12 12 12 12 12 12 12 12 12 12 12 12 12 12 
0 1 54.848
0 2 66.954
0 3 86.565
0 4 10.550
0 5 23.539
0 6 81.103
0 7 39.714
0 8 115.113
0 9 49.534
0 10 43.546
0 11 72.403
0 12 71.764
0 13 89.537
0 14 72.269
0 15 55.921
0 16 73.257
0 17 48.717
0 18 74.058
0 19 103.916
0 20 65.688
0 21 89.751
0 22 68.200
0 23 59.686
0 24 64.636
0 25 95.012
0 26 51.473
0 27 73.447
0 28 109.840
0 29 53.671
0 30 61.886
0 31 30.928
0 32 70.130
0 33 82.778
0 34 13.218
0 35 67.917
0 36 30.349
0 37 116.321
0 38 69.588
0 39 77.614
0 40 92.102
0 41 39.917
0 42 75.017
0 43 78.795
0 44 60.970
0 45 14.170
0 46 80.974
0 47 73.521
0 48 45.612
0 49 57.710
0 50 20.386
0 51 46.355
0 52 65.328
0 53 80.944
0 54 46.917
0 55 80.601
0 56 61.037
0 57 81.509
0 58 46.455
0 59 89.943
0 60 109.595
0 61 96.537
0 62 66.016
0 63 45.259
0 64 60.022
0 65 32.752
0 66 28.478
0 67 90.922
0 68 62.182
0 69 81.901
0 70 68.958
0 71 76.866
0 72 103.195
0 73 47.070
0 74 56.614
0 75 41.279
0 76 82.896
0 77 90.337
0 78 104.202
0 79 50.511
0 80 43.030
0 81 100.257
0 82 56.132
0 83 35.129
0 84 98.825
0 85 87.713
0 86 14.728
0 87 69.239
0 88 37.224
0 89 55.770
0 90 51.621
0 91 98.440
0 92 69.786
0 93 82.539
0 94 79.792
0 95 49.420
0 96 54.813
0 97 26.486
0 98 65.033
0 99 84.600
0 100 90.014
0 101 27.990
0 102 59.766
0 103 68.955
0 104 39.502
0 105 71.493
0 106 65.502
0 107 22.227
0 108 66.635
0 109 64.709
0 110 90.035
0 111 23.463
0 112 87.495
0 113 90.548
0 114 42.935
0 115 66.429
0 116 87.059
0 117 30.259
0 118 42.613
0 119 62.571
1 2 96.596
1 3 95.902
1 4 51.984
1 5 41.445
1 6 66.783
1 7 84.213
1 8 96.851
1 9 7.957
1 10 63.397
1 11 47.627
1 12 20.791
1 13 87.988
1 14 101.658
1 15 53.920
1 16 21.930
1 17 29.777
1 18 20.321
1 19 87.937
1 20 39.897
1 21 94.325
1 22 55.411
1 23 71.788
1 24 72.827
1 25 55.139
1 26 66.157
1 27 62.532
1 28 90.886
1 29 76.084
1 30 67.009
1 31 77.001
1 32 37.178
1 33 84.938
1 34 62.813
1 35 76.872
1 36 40.913
1 37 87.211
1 38 64.646
1 39 44.096
1 40 110.305
1 41 27.920
1 42 32.098
1 43 32.667
1 44 25.487
1 45 62.647
1 46 73.476
1 47 62.371
1 48 78.816
1 49 76.821
1 50 59.238
1 51 20.249
1 52 67.626
1 53 51.689
1 54 72.234
1 55 82.697
1 56 56.928
1 57 45.579
1 58 73.709
1 59 54.700
1 60 97.715
1 61 85.141
1 62 58.846
1 63 71.280
1 64 53.106
1 65 53.803
1 66 44.392
1 67 66.658
1 68 98.072
1 69 63.204
1 70 85.799
1 71 41.291
1 72 78.890
1 73 72.130
1 74 48.710
1 75 31.157
1 76 105.702
1 77 59.466
1 78 57.969
1 79 86.299
1 80 83.918
1 81 72.713
1 82 74.259
1 83 44.416
1 84 97.066
1 85 64.831
1 86 68.908
1 87 72.333
1 88 63.614
1 89 97.026
1 90 17.930
1 91 63.975
1 92 54.910
1 93 32.522
1 94 87.034
1 95 32.621
1 96 54.848
1 97 54.886
1 98 62.184
1 99 82.590
1 100 66.113
1 101 80.871
1 102 37.909
1 103 94.405
1 104 74.467
1 105 30.907
1 106 77.241
1 107 67.425
1 108 48.735
1 109 89.659
1 110 77.888
1 111 38.006
1 112 113.916
1 113 67.231
1 114 31.370
1 115 24.651
1 116 67.292
1 117 82.291
1 118 70.475
1 119 45.613
2 3 46.828
2 4 76.820
2 5 60.665
2 6 102.119
2 7 33.170
2 8 85.975
2 9 91.565
2 10 42.354
2 11 83.531
2 12 101.256
2 13 51.866
2 14 13.571
2 15 51.241
2 16 104.300
2 17 105.260
2 18 106.960
2 19 75.889
2 20 73.520
2 21 46.702
2 22 86.006
2 23 30.851
2 24 37.963
2 25 114.984
2 26 68.358
2 27 106.589
2 28 83.094
2 29 24.700
2 30 88.822
2 31 45.033
2 32 105.641
2 33 71.807
2 34 59.439
2 35 58.908
2 36 85.411
2 37 103.904
2 38 50.832
2 39 105.328
2 40 47.874
2 41 87.777
2 42 96.185
2 43 98.938
2 44 100.411
2 45 53.742
2 46 79.920
2 47 87.678
2 48 24.524
2 49 40.297
2 50 86.314
2 51 99.223
2 52 72.013
2 53 83.369
2 54 68.551
2 55 43.140
2 56 58.302
2 57 113.184
2 58 42.488
2 59 91.718
2 60 77.069
2 61 67.783
2 62 61.371
2 63 76.280
2 64 90.832
2 65 63.168
2 66 67.050
2 67 98.074
2 68 35.050
2 69 75.804
2 70 38.812
2 71 99.925
2 72 85.544
2 73 43.445
2 74 100.173
2 75 93.985
2 76 53.387
2 77 97.206
2 78 130.323
2 79 23.847
2 80 42.101
2 81 87.989
2 82 39.912
2 83 93.306
2 84 63.370
2 85 76.837
2 86 60.054
2 87 102.114
2 88 58.521
2 89 39.151
2 90 97.967
2 91 113.501
2 92 79.355
2 93 108.817
2 94 57.098
2 95 91.616
2 96 57.325
2 97 87.722
2 98 77.707
2 99 49.685
2 100 88.799
2 101 60.614
2 102 71.073
2 103 46.478
2 104 57.491
2 105 116.723
2 106 42.201
2 107 49.968
2 108 89.175
2 109 23.906
2 110 74.312
2 111 81.847
2 112 37.695
2 113 89.814
2 114 84.055
2 115 90.964
2 116 73.358
2 117 60.459
2 118 57.660
2 119 102.554
3 4 95.925
3 5 69.464
3 6 76.724
3 7 65.792
3 8 58.965
3 9 94.349
3 10 43.481
3 11 60.777
3 12 95.188
3 13 28.559
3 14 39.125
3 15 59.141
3 16 94.228
3 17 115.517
3 18 100.073
3 19 53.119
3 20 64.134
3 21 16.826
3 22 63.525
3 23 35.874
3 24 26.300
3 25 89.483
3 26 57.546
3 27 88.624
3 28 64.993
3 29 54.315
3 30 74.049
3 31 79.723
3 32 90.371
3 33 36.255
3 34 78.368
3 35 33.430
3 36 103.818
3 37 69.613
3 38 39.526
3 39 85.027
3 40 20.518
3 41 100.661
3 42 81.238
3 43 87.720
3 44 90.388
3 45 75.618
3 46 46.720
3 47 62.010
3 48 60.730
3 49 31.036
3 50 106.565
3 51 100.453
3 52 49.049
3 53 61.675
3 54 65.142
3 55 31.149
3 56 71.430
3 57 93.643
3 58 76.832
3 59 74.827
3 60 42.174
3 61 38.840
3 62 72.794
3 63 74.848
3 64 75.731
3 65 64.097
3 66 69.627
3 67 65.844
3 68 79.989
3 69 79.481
3 70 69.964
3 71 105.059
3 72 66.434
3 73 76.514
3 74 91.050
3 75 93.916
3 76 34.156
3 77 68.085
3 78 107.115
3 79 65.367
3 80 81.958
3 81 66.172
3 82 69.950
3 83 97.418
3 84 20.491
3 85 67.364
3 86 84.986
3 87 87.718
3 88 59.592
3 89 83.672
3 90 105.172
3 91 83.930
3 92 92.850
3 93 94.608
3 94 82.462
3 95 84.513
3 96 73.862
3 97 97.707
3 98 55.548
3 99 45.087
3 100 56.428
3 101 93.392
3 102 60.230
3 103 36.157
3 104 63.250
3 105 122.582
3 106 21.963
3 107 79.790
3 108 69.002
3 109 62.082
3 110 82.486
3 111 89.866
3 112 33.021
3 113 56.736
3 114 79.322
3 115 88.908
3 116 49.569
3 117 94.517
3 118 57.500
3 119 90.006
4 5 29.343
4 6 84.396
4 7 49.732
4 8 121.277
4 9 46.675
4 10 52.753
4 11 76.293
4 12 70.342
4 13 97.541
4 14 82.599
4 15 61.353
4 16 72.036
4 17 40.792
4 18 71.943
4 19 110.117
4 20 69.099
4 21 98.592
4 22 72.428
4 23 68.332
4 24 73.318
4 25 96.204
4 26 58.394
4 27 75.071
4 28 115.375
4 29 62.033
4 30 66.097
4 31 38.758
4 32 69.897
4 33 90.531
4 34 23.038
4 35 76.247
4 36 23.560
4 37 121.067
4 38 76.498
4 39 78.579
4 40 102.173
4 41 35.092
4 42 75.953
4 43 79.026
4 44 59.957
4 45 24.640
4 46 87.312
4 47 78.182
4 48 54.630
4 49 67.293
4 50 11.737
4 51 41.895
4 52 71.999
4 53 84.796
4 54 54.073
4 55 88.665
4 56 65.019
4 57 81.492
4 58 52.366
4 59 92.686
4 60 116.821
4 61 103.517
4 62 69.804
4 63 50.962
4 64 62.881
4 65 39.693
4 66 33.741
4 67 95.033
4 68 69.470
4 69 84.889
4 70 75.471
4 71 75.023
4 72 107.933
4 73 52.774
4 74 56.675
4 75 38.678
4 76 92.786
4 77 93.857
4 78 103.707
4 79 59.298
4 80 49.846
4 81 104.648
4 82 62.296
4 83 32.126
4 84 107.214
4 85 91.814
4 86 22.984
4 87 71.860
4 88 45.459
4 89 62.950
4 90 46.618
4 91 100.694
4 92 70.533
4 93 81.918
4 94 84.545
4 95 49.488
4 96 58.553
4 97 24.116
4 98 70.706
4 99 91.746
4 100 94.848
4 101 33.288
4 102 63.669
4 103 78.875
4 104 48.307
4 105 65.400
4 106 74.640
4 107 29.951
4 108 69.875
4 109 72.768
4 110 93.693
4 111 21.290
4 112 97.965
4 113 95.411
4 114 43.939
4 115 65.948
4 116 92.590
4 117 35.240
4 118 51.176
4 119 62.700
5 6 64.305
5 7 43.572
5 8 93.305
5 9 37.199
5 10 27.770
5 11 49.557
5 12 54.587
5 13 70.061
5 14 64.866
5 15 38.687
5 16 55.318
5 17 49.088
5 18 57.730
5 19 82.542
5 20 43.475
5 21 71.585
5 22 48.869
5 23 43.477
5 24 46.233
5 25 74.337
5 26 38.868
5 27 60.983
5 28 89.014
5 29 44.995
5 30 50.766
5 31 40.691
5 32 53.671
5 33 64.521
5 34 25.115
5 35 50.734
5 36 36.749
5 37 92.814
5 38 48.780
5 39 58.739
5 40 78.868
5 41 36.828
5 42 53.943
5 43 58.835
5 44 45.248
5 45 23.826
5 46 60.724
5 47 54.524
5 48 42.857
5 49 43.185
5 50 40.605
5 51 38.893
5 52 47.623
5 53 57.603
5 54 40.821
5 55 62.274
5 56 47.265
5 57 64.122
5 58 46.002
5 59 67.846
5 60 87.934
5 61 74.921
5 62 51.748
5 63 42.450
5 64 45.493
5 65 20.792
5 66 13.892
5 67 69.109
5 68 65.238
5 69 65.553
5 70 62.142
5 71 64.413
5 72 81.490
5 73 45.584
5 74 47.145
5 75 34.120
5 76 72.142
5 77 67.479
5 78 85.251
5 79 50.377
5 80 50.231
5 81 77.776
5 82 49.888
5 83 36.021
5 84 78.754
5 85 67.290
5 86 32.901
5 87 60.881
5 88 28.247
5 89 62.430
5 90 44.603
5 91 77.284
5 92 59.026
5 93 63.327
5 94 71.948
5 95 35.537
5 96 42.970
5 97 36.040
5 98 46.778
5 99 66.724
5 100 66.841
5 101 46.555
5 102 36.613
5 103 59.058
5 104 37.056
5 105 65.227
5 106 48.130
5 107 32.180
5 108 47.236
5 109 59.327
5 110 75.606
5 111 23.097
5 112 78.244
5 113 67.547
5 114 27.588
5 115 49.165
5 116 64.217
5 117 48.426
5 118 34.990
5 119 49.961
6 7 93.872
6 8 97.029
6 9 71.206
6 10 61.620
6 11 37.791
6 12 71.198
6 13 85.601
6 14 98.095
6 15 83.101
6 16 61.269
6 17 87.921
6 18 70.087
6 19 92.431
6 20 65.242
6 21 84.933
6 22 18.214
6 23 79.541
6 24 70.806
6 25 42.179
6 26 40.200
6 27 18.989
6 28 102.101
6 29 95.506
6 30 27.435
6 31 100.610
6 32 33.740
6 33 43.729
6 34 77.645
6 35 47.141
6 36 92.164
6 37 76.295
6 38 73.472
6 39 29.401
6 40 85.278
6 41 86.541
6 42 54.803
6 43 68.690
6 44 43.118
6 45 81.017
6 46 31.393
6 47 15.531
6 48 97.000
6 49 62.933
6 50 91.153
6 51 62.599
6 52 31.117
6 53 57.598
6 54 50.818
6 55 86.303
6 56 95.248
6 57 32.975
6 58 106.583
6 59 75.397
6 60 86.694
6 61 81.145
6 62 97.411
6 63 51.999
6 64 21.867
6 65 51.591
6 66 53.307
6 67 30.271
6 68 122.339
6 69 101.936
6 70 114.579
6 71 100.309
6 72 91.924
6 73 105.910
6 74 35.141
6 75 53.889
6 76 74.983
6 77 42.705
6 78 55.193
6 79 104.751
6 80 110.832
6 81 83.165
6 82 105.707
6 83 60.289
6 84 77.056
6 85 89.465
6 86 88.433
6 87 30.579
6 88 54.500
6 89 120.567
6 90 83.086
6 91 36.730
6 92 106.598
6 93 61.199
6 94 123.409
6 95 39.958
6 96 95.185
6 97 69.994
6 98 24.454
6 99 95.256
6 100 45.049
6 101 104.509
6 102 55.866
6 103 69.907
6 104 63.475
6 105 96.541
6 106 63.117
6 107 93.978
6 108 20.390
6 109 110.498
6 110 114.977
6 111 64.856
6 112 95.158
6 113 42.817
6 114 43.596
6 115 76.683
6 116 70.491
6 117 107.177
6 118 55.870
6 119 29.774
7 8 106.879
7 9 78.807
7 10 36.001
7 11 82.689
7 12 95.362
7 13 74.091
7 14 37.642
7 15 56.031
7 16 97.417
7 17 85.622
7 18 99.648
7 19 95.895
7 20 75.454
7 21 70.080
7 22 79.293
7 23 44.096
7 24 50.517
7 25 112.188
7 26 55.406
7 27 92.391
7 28 103.242
7 29 34.420
7 30 73.991
7 31 19.730
7 32 94.245
7 33 75.498
7 34 30.604
7 35 59.674
7 36 64.483
7 37 116.943
7 38 63.135
7 39 97.573
7 40 65.531
7 41 71.457
7 42 93.255
7 43 97.344
7 44 87.673
7 45 25.962
7 46 81.151
7 47 82.196
7 48 21.085
7 49 41.865
7 50 57.184
7 51 80.784
7 52 66.946
7 53 88.327
7 54 50.222
7 55 64.748
7 56 63.064
7 57 103.949
7 58 37.690
7 59 98.565
7 60 98.066
7 61 86.844
7 62 67.798
7 63 54.741
7 64 77.298
7 65 44.954
7 66 48.546
7 67 98.856
7 68 36.655
7 69 85.191
7 70 52.674
7 71 96.907
7 72 101.482
7 73 39.614
7 74 81.905
7 75 73.958
7 76 59.567
7 77 99.642
7 78 125.681
7 79 22.047
7 80 26.756
7 81 101.287
7 82 45.298
7 83 69.067
7 84 83.118
7 85 89.009
7 86 29.008
7 87 85.071
7 88 40.597
7 89 30.808
7 90 83.489
7 91 112.211
7 92 80.309
7 93 104.406
7 94 70.055
7 95 75.749
7 96 58.608
7 97 60.043
7 98 71.183
7 99 71.275
7 100 94.209
7 101 30.103
7 102 70.292
7 103 47.267
7 104 36.249
7 105 103.643
7 106 50.531
7 107 24.992
7 108 81.313
7 109 40.365
7 110 87.895
7 111 58.760
7 112 55.351
7 113 94.781
7 114 68.310
7 115 86.854
7 116 85.669
7 117 30.892
7 118 40.704
7 119 86.986
8 9 96.647
8 10 80.777
8 11 65.031
8 12 83.945
8 13 35.218
8 14 86.428
8 15 63.893
8 16 85.834
8 17 122.468
8 18 89.551
8 19 12.027
8 20 57.697
8 21 45.664
8 22 83.855
8 23 62.811
8 24 58.318
8 25 81.522
8 26 96.448
8 27 111.534
8 28 16.216
8 29 78.806
8 30 107.450
8 31 112.030
8 32 97.898
8 33 74.538
8 34 113.125
8 35 76.611
8 36 117.402
8 37 34.511
8 38 46.009
8 39 89.428
8 40 78.214
8 41 107.437
8 42 71.893
8 43 71.251
8 44 97.683
8 45 108.949
8 46 71.799
8 47 84.146
8 48 92.163
8 49 78.091
8 50 132.933
8 51 111.305
8 52 83.135
8 53 48.912
8 54 107.838
8 55 43.225
8 56 69.255
8 57 97.101
8 58 96.163
8 59 46.765
8 60 19.773
8 61 22.019
8 62 66.468
8 63 115.647
8 64 100.334
8 65 97.796
8 66 97.553
8 67 70.088
8 68 107.490
8 69 58.074
8 70 81.088
8 71 87.984
8 72 22.183
8 73 94.296
8 74 113.668
8 75 111.779
8 76 92.290
8 77 60.941
8 78 94.763
8 79 97.572
8 80 110.929
8 81 26.972
8 82 83.658
8 83 121.823
8 84 42.228
8 85 38.826
8 86 119.428
8 87 119.709
8 88 99.134
8 89 114.788
8 90 106.389
8 91 79.108
8 92 81.612
8 93 81.414
8 94 80.266
8 95 101.389
8 96 75.964
8 97 127.206
8 98 84.472
8 99 40.274
8 100 53.140
8 101 127.619
8 102 62.744
8 103 92.004
8 104 107.872
8 105 115.795
8 106 66.761
8 107 109.383
8 108 85.255
8 109 85.018
8 110 60.303
8 111 112.581
8 112 89.506
8 113 55.430
8 114 97.595
8 115 78.035
8 116 31.330
8 117 128.117
8 118 100.797
8 119 108.091
9 10 60.510
9 11 50.622
9 12 24.436
9 13 86.031
9 14 97.405
9 15 49.118
9 16 28.222
9 17 26.563
9 18 25.779
9 19 87.090
9 20 39.189
9 21 92.333
9 22 58.569
9 23 67.942
9 24 70.220
9 25 61.548
9 26 66.113
9 27 66.914
9 28 89.817
9 29 70.372
9 30 69.055
9 31 70.469
9 32 43.488
9 33 85.959
9 34 58.197
9 35 76.673
9 36 34.069
9 37 89.841
9 38 62.306
9 39 50.246
9 40 108.461
9 41 20.539
9 42 36.592
9 43 35.882
9 44 31.536
9 45 57.385
9 46 75.646
9 47 65.565
9 48 72.800
9 49 74.626
9 50 54.406
9 51 22.104
9 52 68.784
9 53 53.580
9 54 71.365
9 55 79.885
9 56 51.250
9 57 52.440
9 58 66.554
9 59 56.021
9 60 97.625
9 61 84.491
9 62 53.492
9 63 70.650
9 64 56.160
9 65 52.037
9 66 42.345
9 67 70.936
9 68 91.146
9 69 59.404
9 70 79.405
9 71 38.173
9 72 78.565
9 73 64.978
9 74 52.066
9 75 32.467
9 76 104.224
9 77 63.641
9 78 65.348
9 79 80.044
9 80 76.912
9 81 73.264
9 82 67.601
9 83 44.114
9 84 96.578
9 85 63.213
9 86 63.490
9 87 75.183
9 88 61.689
9 89 90.086
9 90 12.926
9 91 69.855
9 92 49.075
9 93 38.576
9 94 80.669
9 95 35.725
9 96 48.519
9 97 52.782
9 98 64.071
9 99 79.321
9 100 69.123
9 101 74.603
9 102 37.713
9 103 92.488
9 104 72.067
9 105 30.115
9 106 75.437
9 107 60.919
9 108 52.477
9 109 83.511
9 110 73.443
9 111 35.332
9 112 111.014
9 113 70.390
9 114 32.829
9 115 23.863
9 116 67.385
9 117 75.843
9 118 68.674
9 119 50.142
10 11 47.860
10 12 70.889
10 13 51.497
10 14 42.030
10 15 39.833
10 16 70.322
10 17 76.524
10 18 74.926
10 19 70.753
10 20 47.576
10 21 48.956
10 22 45.463
10 23 26.370
10 24 24.804
10 25 78.172
10 26 29.077
10 27 64.582
10 28 79.964
10 29 36.524
10 30 48.437
10 31 45.281
10 32 64.716
10 33 43.826
10 34 36.054
10 35 28.263
10 36 63.404
10 37 83.955
10 38 37.207
10 39 65.253
10 40 51.127
10 41 63.130
10 42 62.887
10 43 69.770
10 44 60.657
10 45 34.034
10 46 46.257
10 47 48.177
10 48 36.105
10 49 15.580
10 50 63.225
10 51 63.003
10 52 33.975
10 53 55.743
10 54 33.433
10 55 44.907
10 56 52.646
10 57 72.660
10 58 50.220
10 59 69.624
10 60 70.710
10 61 59.581
10 62 56.517
10 63 41.006
10 64 48.588
10 65 23.637
10 66 28.337
10 67 62.966
10 68 61.423
10 69 69.660
10 70 58.374
10 71 81.586
10 72 75.407
10 73 50.204
10 74 58.405
10 75 55.531
10 76 45.550
10 77 64.313
10 78 93.157
10 79 43.547
10 80 52.836
10 81 72.682
10 82 50.188
10 83 56.607
10 84 56.366
10 85 65.749
10 86 44.044
10 87 61.881
10 88 21.357
10 89 60.478
10 90 69.941
10 91 77.044
10 92 71.555
10 93 75.255
10 94 72.218
10 95 50.652
10 96 50.899
10 97 55.245
10 98 37.855
10 99 54.287
10 100 58.660
10 101 55.739
10 102 39.991
10 103 33.235
10 104 28.311
10 105 89.815
10 106 21.993
10 107 41.939
10 108 48.146
10 109 50.733
10 110 76.991
10 111 47.714
10 112 51.433
10 113 59.043
10 114 43.707
10 115 64.780
10 116 55.446
10 117 57.502
10 118 23.364
10 119 60.368
11 12 44.171
11 13 57.337
11 14 83.064
11 15 51.604
11 16 38.158
11 17 75.015
11 18 46.341
11 19 58.867
11 20 29.220
11 21 61.647
11 22 23.332
11 23 54.580
11 24 47.502
11 25 31.516
11 26 46.741
11 27 48.292
11 28 66.889
11 29 71.336
11 30 49.459
11 31 86.279
11 32 34.173
11 33 44.146
11 34 71.559
11 35 43.134
11 36 76.638
11 37 49.405
11 38 41.645
11 39 26.868
11 40 76.750
11 41 67.158
11 42 25.126
11 43 37.165
11 44 36.088
11 45 71.346
11 46 30.209
11 47 27.036
11 48 77.526
11 49 52.329
11 50 86.196
11 51 54.953
11 52 35.009
11 53 20.368
11 54 59.463
11 55 57.459
11 56 62.705
11 57 35.485
11 58 83.023
11 59 38.572
11 60 59.600
11 61 50.690
11 62 63.728
11 63 63.701
11 64 37.882
11 65 48.502
11 66 46.560
11 67 22.590
11 68 101.614
11 69 65.352
11 70 86.094
11 71 68.956
11 72 55.720
11 73 81.610
11 74 49.819
11 75 52.493
11 76 74.749
11 77 18.060
11 78 47.872
11 79 85.731
11 80 92.986
11 81 47.197
11 82 78.514
11 83 63.645
11 84 56.980
11 85 51.867
11 86 81.104
11 87 59.306
11 88 53.697
11 89 102.737
11 90 63.487
11 91 31.098
11 92 73.627
11 93 37.032
11 94 91.401
11 95 39.202
11 96 64.469
11 97 72.874
11 98 30.427
11 99 62.846
11 100 19.941
11 101 95.159
11 102 22.032
11 103 68.195
11 104 65.562
11 105 76.519
11 106 47.704
11 107 79.459
11 108 21.467
11 109 85.929
11 110 78.610
11 111 59.610
11 112 86.523
11 113 20.490
11 114 38.044
11 115 45.907
11 116 35.433
11 117 97.005
11 118 57.407
11 119 43.272
12 13 82.368
12 14 106.344
12 15 53.139
12 16 11.990
12 17 47.496
12 18 7.242
12 19 76.296
12 20 32.514
12 21 90.902
12 22 59.517
12 23 73.221
12 24 73.427
12 25 47.375
12 26 76.358
12 27 71.832
12 28 77.490
12 29 80.156
12 30 77.901
12 31 89.274
12 32 42.810
12 33 86.600
12 34 78.561
12 35 81.011
12 36 57.476
12 37 73.041
12 38 60.711
12 39 44.602
12 40 112.209
12 41 42.628
12 42 20.934
12 43 14.158
12 44 34.944
12 45 77.214
12 46 73.851
12 47 65.766
12 48 86.311
12 49 82.397
12 50 78.634
12 51 40.312
12 52 73.033
12 53 40.991
12 54 84.934
12 55 78.730
12 56 54.952
12 57 46.811
12 58 80.600
12 59 38.340
12 60 88.027
12 61 76.269
12 62 55.074
12 63 85.731
12 64 62.978
12 65 66.787
12 66 58.528
12 67 62.238
12 68 105.165
12 69 53.299
12 70 86.985
12 71 32.443
12 72 64.440
12 73 78.539
12 74 62.646
12 75 49.804
12 76 110.975
12 77 50.919
12 78 49.239
12 79 93.929
12 80 94.112
12 81 57.891
12 82 77.537
12 83 63.852
12 84 92.138
12 85 52.150
12 86 84.839
12 87 84.291
12 88 75.813
12 89 106.249
12 90 31.915
12 91 57.268
12 92 50.896
12 93 18.497
12 94 85.101
12 95 46.455
12 96 55.485
12 97 74.451
12 98 67.657
12 99 76.547
12 100 58.598
12 101 96.132
12 102 35.155
12 103 101.233
12 104 87.509
12 105 35.950
12 106 79.821
12 107 80.436
12 108 53.031
12 109 93.090
12 110 68.944
12 111 57.105
12 112 117.940
12 113 60.294
12 114 45.594
12 115 13.710
12 116 57.114
12 117 97.256
12 118 82.191
12 119 56.921
13 14 51.322
13 15 44.729
13 16 84.107
13 17 109.432
13 18 88.362
13 19 26.876
13 20 50.025
13 21 13.166
13 22 69.944
13 23 31.517
13 24 26.795
13 25 84.578
13 26 71.734
13 27 97.685
13 28 37.491
13 29 49.167
13 30 87.341
13 31 82.204
13 32 90.059
13 33 54.306
13 34 85.046
13 35 51.043
13 36 98.856
13 37 55.296
13 38 23.863
13 39 84.173
13 40 47.715
13 41 92.770
13 42 70.849
13 43 73.232
13 44 88.306
13 45 80.604
13 46 57.158
13 47 70.391
13 48 61.096
13 49 46.791
13 50 109.130
13 51 97.971
13 52 62.262
13 53 48.788
13 54 80.851
13 55 11.197
13 56 54.118
13 57 92.808
13 58 70.211
13 59 55.432
13 60 25.831
13 61 16.886
13 62 53.680
13 63 89.563
13 64 83.854
13 65 72.580
13 66 74.448
13 67 67.029
13 68 77.851
13 69 55.828
13 70 57.292
13 71 86.653
13 72 40.846
13 73 68.998
13 74 97.572
13 75 95.376
13 76 61.649
13 77 62.510
13 78 100.595
13 79 66.150
13 80 81.543
13 81 43.481
13 82 59.271
13 83 101.971
13 84 23.387
13 85 42.679
13 86 90.751
13 87 101.055
13 88 71.606
13 89 84.230
13 90 95.963
13 91 81.576
13 92 73.722
13 93 83.536
13 94 64.144
13 95 86.526
13 96 58.888
13 97 104.009
13 98 66.097
13 99 20.058
13 100 52.114
13 101 98.057
13 102 51.035
13 103 60.107
13 104 78.180
13 105 110.613
13 106 36.013
13 107 81.157
13 108 72.946
13 109 55.939
13 110 57.487
13 111 91.913
13 112 56.119
13 113 53.835
13 114 80.983
13 115 74.239
13 116 30.842
13 117 98.601
13 118 72.222
13 119 94.782
14 15 58.931
14 16 108.005
14 17 112.031
14 18 111.701
14 19 77.367
14 20 77.614
14 21 43.057
14 22 83.216
14 23 34.653
14 24 37.448
14 25 114.490
14 26 64.424
14 27 103.627
14 28 86.090
14 29 35.725
14 30 84.813
14 31 53.419
14 32 105.959
14 33 64.242
14 34 62.933
14 35 52.486
14 36 93.399
14 37 102.707
14 38 53.597
14 39 104.862
14 40 35.820
14 41 95.552
14 42 98.824
14 43 103.182
14 44 102.154
14 45 58.524
14 46 74.579
14 47 83.845
14 48 35.041
14 49 35.209
14 50 91.902
14 51 103.186
14 52 67.143
14 53 84.715
14 54 64.710
14 55 44.776
14 56 67.955
14 57 112.878
14 58 54.722
14 59 95.206
14 60 74.729
14 61 67.185
14 62 70.911
14 63 73.236
14 64 88.629
14 65 63.063
14 66 68.669
14 67 94.929
14 68 47.545
14 69 84.288
14 70 51.579
14 71 108.517
14 72 88.615
14 73 55.660
14 74 99.450
14 75 96.458
14 76 41.362
14 77 95.999
14 78 130.721
14 79 35.342
14 80 52.922
14 81 90.365
14 82 52.302
14 83 95.421
14 84 57.823
14 85 82.150
14 86 64.982
14 87 98.125
14 88 56.815
14 89 50.166
14 90 104.978
14 91 111.638
14 92 89.695
14 93 111.892
14 94 69.363
14 95 92.669
14 96 67.419
14 97 90.095
14 98 73.759
14 99 54.317
14 100 86.651
14 101 67.342
14 102 73.943
14 103 36.527
14 104 54.791
14 105 124.234
14 106 37.374
14 107 57.937
14 108 87.439
14 109 37.257
14 110 83.767
14 111 85.505
14 112 24.203
14 113 87.294
14 114 85.595
14 115 97.165
14 116 74.467
14 117 67.683
14 118 54.455
14 119 101.851
15 16 58.973
15 17 69.064
15 18 59.740
15 19 52.020
15 20 28.034
15 21 51.823
15 22 64.972
15 23 26.417
15 24 33.805
15 25 78.473
15 26 64.247
15 27 87.351
15 28 55.527
15 29 29.196
15 30 79.009
15 31 53.254
15 32 72.334
15 33 70.462
15 34 57.338
15 35 59.498
15 36 56.674
15 37 74.473
15 38 23.782
15 39 72.111
15 40 74.644
15 41 50.440
15 42 52.532
15 43 50.937
15 44 64.837
15 45 51.647
15 46 67.355
15 47 69.572
15 48 39.808
15 49 49.522
15 50 72.907
15 51 64.861
15 52 63.317
15 53 44.862
15 54 70.514
15 55 35.689
15 56 14.033
15 57 79.214
15 58 37.130
15 59 47.041
15 60 64.079
15 61 49.752
15 62 16.970
15 63 75.822
15 64 71.658
15 65 53.233
15 66 49.595
15 67 72.540
15 68 57.406
15 69 30.681
15 70 36.221
15 71 49.989
15 72 50.830
15 73 35.007
15 74 78.319
15 75 66.087
15 76 78.645
15 77 64.650
15 78 90.336
15 79 46.687
15 80 53.163
15 81 51.191
15 82 28.824
15 83 72.793
15 84 62.792
15 85 34.654
15 86 61.116
15 87 91.319
15 88 57.075
15 89 61.603
15 90 55.935
15 91 81.380
15 92 34.531
15 93 63.409
15 94 40.584
15 95 63.184
15 96 16.087
15 97 74.346
15 98 63.950
15 99 32.991
15 100 61.293
15 101 67.748
15 102 30.906
15 103 69.016
15 104 65.355
15 105 71.428
15 106 46.338
15 107 48.794
15 108 63.946
15 109 41.021
15 110 38.317
15 111 59.357
15 112 75.798
15 113 63.406
15 114 56.156
15 115 41.280
15 116 41.498
15 117 67.968
15 118 61.564
15 119 77.064
16 17 50.615
16 18 9.225
16 19 78.931
16 20 35.490
16 21 91.668
16 22 51.494
16 23 75.790
16 24 74.221
16 25 37.023
16 26 71.347
16 27 61.935
16 28 81.541
16 29 84.869
16 30 70.288
16 31 93.052
16 32 32.019
16 33 81.227
16 34 79.004
16 35 76.996
16 36 62.255
16 37 70.647
16 38 63.119
16 39 33.487
16 40 110.710
16 41 48.481
16 42 15.404
16 43 17.075
16 44 26.030
16 45 78.684
16 46 67.338
16 47 57.564
16 48 90.359
16 49 80.964
16 50 79.968
16 51 37.590
16 52 67.098
16 53 39.357
16 54 80.553
16 55 81.408
16 56 63.100
16 57 35.040
16 58 87.063
16 59 41.011
16 60 88.055
16 61 77.192
16 62 63.584
16 63 80.978
16 64 54.753
16 65 64.023
16 66 56.359
16 67 53.897
16 68 110.957
16 69 62.460
16 70 94.145
16 71 44.429
16 72 68.021
16 73 85.192
16 74 54.555
16 75 45.412
16 76 108.097
16 77 43.995
16 78 38.822
16 79 98.301
16 80 99.219
16 81 60.141
16 82 84.444
16 83 60.159
16 84 90.890
16 85 58.008
16 86 86.394
16 87 75.686
16 88 73.045
16 89 111.443
16 90 37.595
16 91 47.317
16 92 61.741
16 93 10.609
16 94 93.963
16 95 39.690
16 96 63.553
16 97 72.188
16 98 60.895
16 99 81.064
16 100 53.127
16 101 99.106
16 102 35.244
16 103 98.796
16 104 85.022
16 105 42.637
16 106 78.598
16 107 84.065
16 108 44.501
16 109 98.698
16 110 78.195
16 111 55.898
16 112 117.472
16 113 54.366
16 114 40.559
16 115 24.140
16 116 57.874
16 117 100.578
16 118 79.155
16 119 47.694
17 18 46.484
17 19 112.456
17 20 65.137
17 21 114.700
17 22 77.841
17 23 87.023
17 24 90.905
17 25 83.235
17 26 79.637
17 27 78.398
17 28 114.784
17 29 84.460
17 30 80.651
17 31 73.322
17 32 59.621
17 33 106.322
17 34 60.651
17 35 95.553
17 36 24.731
17 37 116.305
17 38 85.607
17 39 69.545
17 40 127.223
17 41 19.963
17 42 61.861
17 43 60.809
17 44 47.789
17 45 61.128
17 46 97.085
17 47 84.798
17 48 83.133
17 49 91.707
17 50 43.009
17 51 25.612
17 52 86.995
17 53 80.029
17 54 80.884
17 55 102.064
17 56 68.827
17 57 69.450
17 58 74.273
17 59 82.067
17 60 123.170
17 61 109.721
17 62 71.707
17 63 77.363
17 64 69.930
17 65 63.257
17 66 53.467
17 67 93.995
17 68 97.728
17 69 79.809
17 70 92.411
17 71 52.729
17 72 104.135
17 73 73.257
17 74 59.815
17 75 36.859
17 76 120.433
17 77 88.499
17 78 83.993
17 79 89.042
17 80 80.573
17 81 99.414
17 82 79.590
17 83 42.174
17 84 120.400
17 85 87.677
17 86 62.971
17 87 83.760
17 88 72.651
17 89 94.317
17 90 17.571
17 91 91.936
17 92 62.928
17 93 61.074
17 94 93.837
17 95 48.364
17 96 64.053
17 97 48.129
17 98 82.369
17 99 101.459
17 100 94.331
17 101 71.720
17 102 63.111
17 103 107.480
17 104 80.414
17 105 27.758
17 106 95.089
17 107 63.671
17 108 71.785
17 109 96.013
17 110 92.048
17 111 36.241
17 112 127.192
17 113 95.302
17 114 46.721
17 115 47.902
17 116 93.409
17 117 72.835
17 118 79.616
17 119 61.114
18 19 82.313
18 20 38.623
18 21 96.546
18 22 59.969
18 23 79.057
18 24 78.791
18 25 45.473
18 26 77.921
18 27 69.671
18 28 83.720
18 29 86.177
18 30 77.597
18 31 93.522
18 32 39.782
18 33 89.159
18 34 81.096
18 35 84.054
18 36 59.336
18 37 76.389
18 38 66.801
18 39 42.418
18 40 116.745
18 41 44.734
18 42 22.787
18 43 18.590
18 44 32.295
18 45 80.367
18 46 75.752
18 47 66.223
18 48 91.692
18 49 86.457
18 50 79.504
18 51 38.298
18 52 74.816
18 53 45.273
18 54 86.359
18 55 84.978
18 56 61.836
18 57 43.333
18 58 86.248
18 59 43.595
18 60 93.247
18 61 81.885
18 62 62.119
18 63 86.476
18 64 62.246
18 65 68.799
18 66 60.411
18 67 62.873
18 68 110.869
18 69 60.479
18 70 93.649
18 71 37.429
18 72 70.381
18 73 84.275
18 74 60.559
18 75 48.380
18 76 114.568
18 77 52.304
18 78 45.217
18 79 99.365
18 80 99.028
18 81 63.319
18 82 83.854
18 83 62.779
18 84 97.000
18 85 58.918
18 86 87.591
18 87 82.854
18 88 78.095
18 89 111.457
18 90 32.562
18 91 56.109
18 92 57.338
18 93 16.569
18 94 92.040
18 95 45.264
18 96 62.037
18 97 74.302
18 98 68.873
18 99 83.314
18 100 61.076
18 101 99.350
18 102 40.070
18 103 104.789
18 104 89.801
18 105 34.569
18 106 84.290
18 107 84.408
18 108 52.996
18 109 99.374
18 110 76.112
18 111 57.582
18 112 122.700
18 113 62.523
18 114 45.600
18 115 20.672
18 116 62.551
18 117 100.609
18 118 84.505
18 119 54.481
19 20 48.238
19 21 39.020
19 22 77.811
19 23 51.818
19 24 48.445
19 25 78.649
19 26 88.409
19 27 105.645
19 28 12.692
19 29 67.214
19 30 100.519
19 31 100.340
19 32 91.610
19 33 70.014
19 34 102.183
19 35 69.777
19 36 106.230
19 37 38.758
19 38 34.876
19 39 84.206
19 40 72.969
19 41 96.744
19 42 65.422
19 43 64.526
19 44 90.249
19 45 97.737
19 46 67.387
19 47 78.801
19 48 80.680
19 49 69.286
19 50 121.810
19 51 102.177
19 52 76.550
19 53 42.681
19 54 99.264
19 55 33.012
19 56 57.540
19 57 92.109
19 58 84.197
19 59 41.078
19 60 21.522
19 61 15.498
19 62 54.948
19 63 106.958
19 64 93.350
19 65 88.179
19 66 87.640
19 67 67.397
19 68 96.147
19 69 48.051
19 70 69.703
19 71 79.089
19 72 17.316
19 73 82.313
19 74 106.076
19 75 102.694
19 76 86.205
19 77 57.939
19 78 92.251
19 79 86.191
19 80 99.139
19 81 23.035
19 82 71.776
19 83 112.313
19 84 39.413
19 85 29.419
19 86 108.140
19 87 113.143
19 88 89.707
19 89 103.303
19 90 96.585
19 91 77.119
19 92 71.005
19 93 75.771
19 94 69.409
19 95 93.152
19 96 64.160
19 97 117.089
19 98 77.987
19 99 29.092
19 100 50.169
19 101 115.997
19 102 53.498
19 103 84.479
19 104 98.415
19 105 106.947
19 106 58.377
19 107 97.667
19 108 78.973
19 109 73.818
19 110 50.698
19 111 102.371
19 112 82.820
19 113 52.659
19 114 88.767
19 115 69.188
19 116 23.608
19 117 116.431
19 118 91.691
19 119 101.105
20 21 58.539
20 22 48.649
20 23 43.445
20 24 42.700
20 25 51.450
20 26 60.932
20 27 71.490
20 28 52.374
20 29 54.973
20 30 69.609
20 31 74.184
20 32 51.161
20 33 63.248
20 34 67.924
20 35 56.925
20 36 62.863
20 37 55.166
20 38 28.350
20 39 48.562
20 40 82.188
20 41 51.675
20 42 25.582
20 43 25.887
20 44 45.799
20 45 64.897
20 46 54.089
20 47 53.602
20 48 63.937
20 49 56.244
20 50 80.112
20 51 54.405
20 52 54.786
20 53 19.998
20 54 70.915
20 55 46.396
20 56 35.737
20 57 55.529
20 58 63.217
20 59 24.529
20 60 58.899
20 61 45.836
20 62 35.931
20 63 75.297
20 64 58.227
20 65 53.901
20 66 48.997
20 67 50.441
20 68 84.486
20 69 36.871
20 70 63.919
20 71 44.414
20 72 41.430
20 73 61.188
20 74 65.596
20 75 56.980
20 76 84.360
20 77 39.677
20 78 62.894
20 79 71.745
20 80 77.524
20 81 36.256
20 82 56.674
20 83 68.201
20 84 61.371
20 85 28.840
20 86 74.787
20 87 80.442
20 88 60.077
20 89 87.391
20 90 49.792
20 91 55.511
20 92 45.062
20 93 37.326
20 94 65.403
20 95 49.724
20 96 38.598
20 97 75.104
20 98 52.442
20 99 45.688
20 100 40.044
20 101 85.592
20 102 10.687
20 103 75.934
20 104 71.408
20 105 62.360
20 106 51.154
20 107 67.463
20 108 45.824
20 109 68.133
20 110 50.919
20 111 58.366
20 112 88.436
20 113 42.354
20 114 45.261
20 115 25.513
20 116 28.442
20 117 86.591
20 118 65.141
20 119 61.059
21 22 70.123
21 23 32.080
21 24 25.427
21 25 90.005
21 26 67.926
21 27 97.048
21 28 50.052
21 29 50.030
21 30 84.464
21 31 81.077
21 32 93.566
21 33 48.548
21 34 83.439
21 35 45.347
21 36 102.917
21 37 63.166
21 38 31.463
21 39 87.890
21 40 34.842
21 41 98.383
21 42 78.424
21 43 82.467
21 44 92.452
21 45 79.444
21 46 55.067
21 47 69.689
21 48 59.888
21 49 40.654
21 50 109.853
21 51 102.002
21 52 59.055
21 53 56.997
21 54 76.147
21 55 17.856
21 56 62.381
21 57 96.629
21 58 72.578
21 59 66.407
21 60 31.798
21 61 26.932
21 62 62.777
21 63 85.451
21 64 83.396
21 65 70.958
21 66 74.541
21 67 69.351
21 68 76.979
21 69 67.342
21 70 61.150
21 71 96.876
21 72 53.525
21 73 71.823
21 74 97.911
21 75 97.653
21 76 50.299
21 77 67.768
21 78 106.895
21 79 64.395
21 80 81.071
21 81 55.308
21 82 63.105
21 83 102.715
21 84 18.530
21 85 55.200
21 86 89.232
21 87 98.336
21 88 68.209
21 89 82.630
21 90 102.554
21 91 85.765
21 92 83.282
21 93 91.564
21 94 71.052
21 95 88.696
21 96 66.110
21 97 103.618
21 98 64.250
21 99 30.353
21 100 56.415
21 101 96.468
21 102 57.449
21 103 50.487
21 104 73.208
21 105 118.594
21 106 30.232
21 107 81.005
21 108 74.304
21 109 56.341
21 110 68.704
21 111 93.416
21 112 43.977
21 113 57.544
21 114 83.103
21 115 83.233
21 116 40.942
21 117 97.161
21 118 67.561
21 119 95.992
22 23 61.989
22 24 53.901
22 25 40.653
22 26 30.394
22 27 28.192
22 28 87.349
22 29 77.875
22 30 27.230
22 31 85.408
22 32 30.739
22 33 35.954
22 34 64.950
22 35 35.085
22 36 79.087
22 37 67.771
22 38 55.921
22 39 26.662
22 40 74.268
22 41 73.100
22 42 43.241
22 43 56.549
22 44 35.938
22 45 67.079
22 46 22.895
22 47 7.038
22 48 80.238
22 49 48.398
22 50 80.757
22 51 54.021
22 52 19.823
22 53 43.494
22 54 43.016
22 55 69.539
22 56 77.337
22 57 33.775
22 58 89.274
22 59 61.828
22 60 74.224
22 61 66.688
22 62 79.572
22 63 46.170
22 64 18.087
22 65 38.614
22 66 39.741
22 67 26.371
22 68 105.536
22 69 84.893
22 70 96.504
22 71 85.959
22 72 77.515
22 73 88.488
22 74 34.262
22 75 46.081
22 76 66.101
22 77 34.596
22 78 55.990
22 79 88.181
22 80 94.737
22 81 69.492
22 82 87.764
22 83 53.635
22 84 64.786
22 85 73.321
22 86 75.595
22 87 36.853
22 88 42.354
22 89 104.460
22 90 71.028
22 91 37.238
22 92 89.744
22 93 52.591
22 94 105.213
22 95 31.669
22 96 77.373
22 97 62.347
22 98 12.033
22 99 78.045
22 100 35.049
22 101 91.177
22 102 38.761
22 103 59.304
22 104 53.056
22 105 86.185
22 106 47.938
22 107 78.818
22 108 7.769
22 109 92.939
22 110 97.524
22 111 54.114
22 112 83.249
22 113 33.609
22 114 32.321
22 115 62.525
22 116 55.449
22 117 93.601
22 118 44.805
22 119 29.518
23 24 12.347
23 25 85.634
23 26 53.939
23 27 85.981
23 28 59.750
23 29 21.472
23 30 72.440
23 31 50.909
23 32 79.732
23 33 54.377
23 34 55.046
23 35 42.517
23 36 72.318
23 37 75.910
23 38 20.773
23 39 78.055
23 40 48.926
23 41 69.696
23 42 66.333
23 43 69.228
23 44 74.950
23 45 49.877
23 46 57.306
23 47 64.454
23 48 31.191
23 49 28.683
23 50 79.693
23 51 77.953
23 52 52.564
23 53 52.603
23 54 59.582
23 55 21.796
23 56 38.145
23 57 86.192
23 58 42.508
23 59 61.402
23 60 55.535
23 61 43.351
23 62 40.732
23 63 67.373
23 64 70.006
23 65 48.579
23 66 50.143
23 67 70.870
23 68 52.390
23 69 52.708
23 70 38.887
23 71 75.987
23 72 58.657
23 73 41.769
23 74 80.503
23 75 74.369
23 76 54.300
23 77 67.743
23 78 100.753
23 79 37.707
23 80 51.701
23 81 59.305
23 82 35.426
23 83 78.087
23 84 45.807
23 85 49.376
23 86 59.730
23 87 86.208
23 88 47.649
23 89 56.423
23 90 76.490
23 91 84.881
23 92 60.202
23 93 79.210
23 94 51.719
23 95 69.264
23 96 39.177
23 97 77.284
23 98 56.452
23 99 29.451
23 100 60.199
23 101 66.554
23 102 41.377
23 103 46.097
23 104 53.243
23 105 94.264
23 106 24.817
23 107 49.779
23 108 64.136
23 109 33.769
23 110 56.226
23 111 66.486
23 112 49.457
23 113 61.603
23 114 62.103
23 115 63.690
23 116 43.959
23 117 67.130
23 118 49.284
23 119 80.446
24 25 78.744
24 26 48.028
24 27 79.204
24 28 58.322
24 29 33.520
24 30 65.842
24 31 59.692
24 32 74.958
24 33 42.672
24 34 58.931
24 35 32.310
24 36 78.566
24 37 68.152
24 38 19.062
24 39 71.893
24 40 41.543
24 41 75.028
24 42 63.164
24 43 68.027
24 44 71.990
24 45 55.089
24 46 46.186
24 47 55.391
24 48 41.485
24 49 22.461
24 50 84.595
24 51 78.506
24 52 43.419
24 53 47.317
24 54 55.593
24 55 20.810
24 56 46.878
24 57 80.354
24 58 54.218
24 59 59.049
24 60 48.111
24 61 37.048
24 62 48.984
24 63 64.098
24 64 63.916
24 65 46.942
24 66 49.776
24 67 61.179
24 68 63.668
24 69 58.392
24 70 50.918
24 71 80.826
24 72 56.521
24 73 53.517
24 74 76.437
24 75 73.790
24 76 46.831
24 77 59.616
24 78 94.916
24 79 48.079
24 80 62.206
24 81 55.822
24 82 47.618
24 83 78.130
24 84 35.715
24 85 50.422
24 86 65.282
24 87 79.842
24 88 45.387
24 89 67.017
24 90 80.224
24 91 76.562
24 92 68.215
24 93 76.522
24 94 62.855
24 95 66.450
24 96 48.540
24 97 78.629
24 98 47.850
24 99 32.426
24 100 50.867
24 101 74.064
24 102 39.062
24 103 40.074
24 104 51.785
24 105 97.905
24 106 14.604
24 107 57.973
24 108 57.057
24 109 45.448
24 110 63.390
24 111 68.248
24 112 45.982
24 113 51.972
24 114 60.046
24 115 65.640
24 116 38.575
24 117 75.059
24 118 46.239
24 119 75.680
25 26 70.410
25 27 51.375
25 28 84.227
25 29 101.492
25 30 64.243
25 31 113.940
25 32 31.469
25 33 67.366
25 34 96.304
25 35 70.720
25 36 93.335
25 37 54.249
25 38 70.642
25 39 20.723
25 40 105.166
25 41 81.709
25 42 29.970
25 43 40.860
25 44 39.183
25 45 97.255
25 46 51.048
25 47 42.803
25 48 107.616
25 49 82.797
25 50 104.277
25 51 62.577
25 52 58.884
25 53 39.035
25 54 82.517
25 55 86.327
25 56 86.894
25 57 22.670
25 58 110.653
25 59 48.740
25 60 79.612
25 61 73.788
25 62 87.076
25 63 84.225
25 64 50.431
25 65 73.208
25 66 69.802
25 67 28.054
25 68 131.247
25 69 84.285
25 70 114.374
25 71 78.018
25 72 71.013
25 73 109.034
25 74 57.150
25 75 63.187
25 76 102.233
25 77 23.082
25 78 18.034
25 79 115.898
25 80 121.256
25 81 60.752
25 82 106.437
25 83 76.417
25 84 81.860
25 85 70.378
25 86 105.943
25 87 68.256
25 88 79.613
25 89 132.041
25 90 72.781
25 91 12.072
25 92 91.721
25 93 30.127
25 94 116.819
25 95 50.268
25 96 88.857
25 97 89.202
25 98 52.117
25 99 89.763
25 100 35.355
25 101 120.719
25 102 48.042
25 103 96.779
25 104 91.399
25 105 78.859
25 106 78.473
25 107 106.014
25 108 36.026
25 109 115.996
25 110 98.989
25 111 76.672
25 112 116.453
25 113 34.983
25 114 53.815
25 115 56.498
25 116 57.362
25 117 122.713
25 118 83.505
25 119 47.354
26 27 40.401
26 28 98.722
26 29 65.409
26 30 20.519
26 31 65.044
26 32 52.678
26 33 36.619
26 34 43.389
26 35 25.756
26 36 72.991
26 37 89.663
26 38 58.775
26 39 53.971
26 40 61.406
26 41 72.873
26 42 65.188
26 43 76.192
26 44 52.780
26 45 46.671
26 46 36.790
26 47 31.462
26 48 62.862
26 49 31.394
26 50 66.009
26 51 59.367
26 52 18.301
26 53 63.255
26 54 13.547
26 55 68.392
26 56 77.106
26 57 59.906
26 58 76.231
26 59 80.762
26 60 84.200
26 61 75.575
26 62 80.770
26 63 20.387
26 64 27.210
26 65 19.327
26 66 27.672
26 67 54.326
26 68 87.527
26 69 91.728
26 70 87.191
26 71 96.084
26 72 91.825
26 73 76.348
26 74 38.859
26 75 47.439
26 76 47.544
26 77 61.798
26 78 84.874
26 79 69.669
26 80 75.918
26 81 86.310
26 82 78.081
26 83 46.687
26 84 68.162
26 85 84.636
26 86 53.872
26 87 33.989
26 88 16.216
26 89 84.329
26 90 76.564
26 91 67.564
26 92 92.909
26 93 75.718
26 94 100.268
26 95 39.826
26 96 75.178
26 97 47.997
26 98 20.681
26 99 78.980
26 100 58.398
26 101 68.983
26 102 50.548
26 103 37.214
26 104 23.778
26 105 95.638
26 106 38.282
26 107 60.352
26 108 34.686
26 109 79.432
26 110 101.676
26 111 46.046
26 112 64.940
26 113 57.415
26 114 36.511
26 115 75.365
26 116 69.163
26 117 71.678
26 118 15.776
26 119 42.189
27 28 114.675
27 29 98.688
27 30 22.095
27 31 97.080
27 32 30.662
27 33 57.359
27 34 71.173
27 35 56.537
27 36 84.211
27 37 92.256
27 38 82.485
27 39 33.448
27 40 95.754
27 41 80.390
27 42 59.900
27 43 73.060
27 44 38.312
27 45 75.885
27 46 47.041
27 47 29.282
27 48 97.930
27 49 68.936
27 50 79.877
27 51 53.013
27 52 39.865
27 53 68.368
27 54 47.114
27 55 96.504
27 56 98.552
27 57 33.816
27 58 106.199
27 59 84.831
27 60 102.108
27 61 94.866
27 62 101.333
27 63 44.632
27 64 16.417
27 65 47.981
27 66 48.528
27 67 47.066
27 68 122.619
27 69 107.702
27 70 118.079
27 71 100.705
27 72 103.985
27 73 105.736
27 74 20.131
27 75 42.747
27 76 82.845
27 77 56.615
27 78 60.374
27 79 105.465
27 80 108.603
27 81 95.423
27 82 107.689
27 83 46.881
27 84 91.794
27 85 98.518
27 86 81.575
27 87 18.110
27 88 52.159
27 89 119.296
27 90 77.215
27 91 49.692
27 92 108.099
27 93 64.421
27 94 127.217
27 95 31.955
27 96 97.140
27 97 57.217
27 98 33.131
27 99 104.896
27 100 60.534
27 101 97.914
27 102 61.706
27 103 75.546
27 104 60.190
27 105 90.704
27 106 71.836
27 107 89.793
27 108 27.081
27 109 113.833
27 110 121.191
27 111 55.072
27 112 102.957
27 113 58.758
27 114 37.386
27 115 78.036
27 116 82.805
27 117 100.778
27 118 54.348
27 119 17.672
28 29 72.415
28 30 110.593
28 31 105.790
28 32 98.041
28 33 82.241
28 34 109.316
28 35 81.427
28 36 109.090
28 37 43.849
28 38 42.930
28 39 90.997
28 40 84.595
28 41 98.875
28 42 69.194
28 43 65.782
28 44 95.900
28 45 104.445
28 46 78.720
28 47 88.895
28 48 86.464
28 49 79.934
28 50 126.998
28 51 106.748
28 52 87.508
28 53 48.622
28 54 109.376
28 55 41.729
28 56 58.067
28 57 98.441
28 58 87.178
28 59 41.704
28 60 32.785
28 61 28.129
28 62 54.546
28 63 116.690
28 64 102.391
28 65 96.857
28 66 95.336
28 67 76.486
28 68 99.828
28 69 44.132
28 70 71.200
28 71 76.236
28 72 14.308
28 73 85.079
28 74 114.029
28 75 108.789
28 76 98.124
28 77 65.305
28 78 96.119
28 79 91.626
28 80 103.499
28 81 24.003
28 82 74.106
28 83 118.992
28 84 51.879
28 85 27.567
28 86 114.627
28 87 122.977
28 88 99.101
28 89 107.644
28 90 98.209
28 91 84.032
28 92 68.338
28 93 78.145
28 94 67.525
28 95 100.074
28 96 65.217
28 97 123.990
28 98 88.412
28 99 33.792
28 100 59.261
28 101 121.647
28 102 59.527
28 103 95.851
28 104 108.031
28 105 106.635
28 106 69.461
28 107 103.008
28 108 87.689
28 109 77.740
28 110 45.097
28 111 108.417
28 112 93.448
28 113 61.949
28 114 95.698
28 115 69.835
28 116 31.915
28 117 121.838
28 118 101.599
28 119 108.804
29 30 84.351
29 31 35.977
29 32 91.489
29 33 73.670
29 34 50.595
29 35 59.966
29 36 65.200
29 37 94.799
29 38 38.320
29 39 92.152
29 40 62.995
29 41 65.774
29 42 78.495
29 43 79.102
29 44 84.395
29 45 43.552
29 46 76.757
29 47 81.285
29 48 14.467
29 49 42.738
29 50 72.616
29 51 81.242
29 52 68.926
29 53 68.931
29 54 67.354
29 55 38.125
29 56 34.554
29 57 99.558
29 58 23.006
29 59 74.424
29 60 74.334
29 61 61.896
29 62 38.215
29 63 73.679
29 64 82.283
29 65 54.969
29 66 55.186
29 67 89.837
29 68 31.788
29 69 54.488
29 70 22.578
29 71 75.788
29 72 72.293
29 73 22.794
29 74 89.466
29 75 78.832
29 76 67.010
29 77 85.864
29 78 115.023
29 79 19.494
29 80 32.632
29 81 74.358
29 82 17.656
29 83 80.359
29 84 66.003
29 85 59.435
29 86 51.343
29 87 97.336
29 88 54.312
29 89 36.639
29 90 75.767
29 91 102.367
29 92 55.032
29 93 90.143
29 94 39.269
29 95 77.736
29 96 32.787
29 97 76.605
29 98 72.423
29 99 39.921
29 100 79.792
29 101 53.291
29 102 54.238
29 103 57.233
29 104 57.327
29 105 93.563
29 106 43.388
29 107 37.160
29 108 79.014
29 109 15.371
29 110 54.838
29 111 66.904
29 112 57.738
29 113 81.321
29 114 69.847
29 115 68.822
29 116 61.666
29 117 52.972
29 118 56.495
29 119 90.987
30 31 81.544
30 32 43.988
30 33 45.184
30 34 56.214
30 35 40.676
30 36 79.782
30 37 94.209
30 38 73.641
30 39 46.255
30 40 78.212
30 41 78.692
30 42 66.070
30 43 78.649
30 44 47.481
30 45 61.049
30 46 40.533
30 47 27.536
30 48 81.964
30 49 51.184
30 50 71.678
30 51 57.172
30 52 26.299
30 53 69.081
30 54 25.951
30 55 85.212
30 56 91.295
30 57 49.918
30 58 93.316
30 59 86.897
30 60 95.755
30 61 88.108
30 62 94.687
30 63 25.186
30 64 15.934
30 65 32.659
30 66 37.308
30 67 51.802
30 68 106.509
30 69 103.865
30 70 105.441
30 71 102.535
30 72 101.904
30 73 93.271
30 74 26.365
30 75 44.317
30 76 63.315
30 77 61.760
30 78 76.625
30 79 88.935
30 80 93.297
30 81 94.784
30 82 95.556
30 83 44.074
30 84 81.461
30 85 95.644
30 86 66.780
30 87 14.082
30 88 33.529
30 89 102.725
30 90 79.465
30 91 61.263
30 92 104.334
30 93 74.037
30 94 117.122
30 95 35.300
30 96 89.398
30 97 49.325
30 98 23.179
30 99 95.207
30 100 61.491
30 101 82.778
30 102 58.953
30 103 55.194
30 104 39.829
30 105 96.484
30 106 56.398
30 107 75.660
30 108 30.238
30 109 98.845
30 110 115.568
30 111 49.508
30 112 83.499
30 113 59.882
30 114 36.316
30 115 80.453
30 116 79.250
30 117 85.713
30 118 34.050
30 119 29.724
31 32 94.226
31 33 88.482
31 34 28.518
31 35 72.505
31 36 49.929
31 37 122.041
31 38 67.343
31 39 99.137
31 40 82.750
31 41 58.809
31 42 91.551
31 43 93.477
31 44 85.568
31 45 21.888
31 46 91.146
31 47 89.646
31 48 23.170
31 49 55.699
31 50 45.743
31 51 74.099
31 52 77.000
31 53 90.296
31 54 60.285
31 55 71.780
31 56 56.540
31 57 104.738
31 58 26.562
31 59 97.674
31 60 106.345
31 61 93.651
31 62 61.524
31 63 62.596
31 64 81.931
31 65 49.695
31 66 49.402
31 67 105.177
31 68 32.506
31 69 79.685
31 70 48.712
31 71 86.378
31 72 103.049
31 73 28.699
31 74 83.244
31 75 70.026
31 76 77.854
31 77 103.719
31 78 125.419
31 79 23.769
31 80 13.681
31 81 103.041
31 82 38.760
31 83 65.352
31 84 94.745
31 85 87.871
31 86 22.089
31 87 91.586
31 88 49.116
31 89 24.999
31 90 72.369
31 91 116.030
31 92 69.573
31 93 101.204
31 94 63.188
31 95 74.973
31 96 50.503
31 97 55.982
31 98 79.541
31 99 74.991
31 100 100.153
31 101 17.512
31 102 70.486
31 103 64.996
31 104 47.400
31 105 91.479
31 106 63.031
31 107 9.916
31 108 85.666
31 109 41.078
31 110 82.510
31 111 53.076
31 112 73.610
31 113 101.078
31 114 67.373
31 115 80.045
31 116 89.553
31 117 17.022
31 118 51.723
31 119 88.324
32 33 66.480
32 34 72.398
32 35 64.046
32 36 70.114
32 37 78.140
32 38 71.138
32 39 12.272
32 40 102.973
32 41 61.462
32 42 33.111
32 43 45.044
32 44 12.288
32 45 74.936
32 46 52.182
32 47 36.152
32 48 93.729
32 49 73.066
32 50 76.336
32 51 35.365
32 52 49.275
32 53 49.645
32 54 61.685
32 55 88.292
32 56 81.004
32 57 11.657
32 58 96.549
32 59 61.687
32 60 93.708
32 61 84.602
32 62 82.899
32 63 60.532
32 64 28.277
32 65 51.472
32 66 46.654
32 67 41.598
32 68 117.424
32 69 86.113
32 70 106.863
32 71 73.738
32 72 85.465
32 73 95.392
32 74 27.783
32 75 33.339
32 76 95.144
32 77 42.012
32 78 37.614
32 79 101.854
32 80 103.747
32 81 76.515
32 82 96.294
32 83 45.995
32 84 89.826
32 85 78.280
32 86 81.926
32 87 46.192
32 88 59.476
32 89 115.758
32 90 54.211
32 91 36.954
32 92 85.924
32 93 34.735
32 94 111.853
32 95 21.350
32 96 80.300
32 97 59.629
32 98 41.423
32 99 92.932
32 100 50.423
32 101 97.381
32 102 43.951
32 103 86.458
32 104 70.700
32 105 64.491
32 106 73.184
32 107 85.503
32 108 23.207
32 109 106.740
32 110 101.047
32 111 49.001
32 112 110.451
32 113 49.899
32 114 27.486
32 115 51.459
32 116 68.055
32 117 99.690
32 118 64.393
32 119 18.417
33 34 74.759
33 35 16.053
33 36 100.680
33 37 67.041
33 38 52.765
33 39 60.506
33 40 42.858
33 41 96.793
33 42 69.119
33 43 80.251
33 44 70.438
33 45 75.392
33 46 16.378
33 47 31.571
33 48 76.806
33 49 34.404
33 50 99.816
33 51 85.265
33 52 21.529
33 53 55.894
33 54 47.568
33 55 56.859
33 56 84.419
33 57 68.167
33 58 92.036
33 59 74.496
33 60 58.161
33 61 55.014
33 62 86.414
33 63 55.787
33 64 48.346
33 65 51.532
33 66 57.871
33 67 40.880
33 68 100.837
33 69 92.514
33 70 93.250
33 71 106.789
33 72 77.603
33 73 91.675
33 74 65.494
33 75 76.299
33 76 37.258
33 77 50.643
33 78 85.051
33 79 83.340
33 80 95.676
33 81 72.359
33 82 88.409
33 83 80.139
33 84 40.186
33 85 78.201
33 86 84.379
33 87 57.159
33 88 48.133
33 89 101.266
33 90 98.271
33 91 59.647
33 92 102.745
33 93 81.054
33 94 105.093
33 95 64.064
33 96 85.649
33 97 83.645
33 98 27.467
33 99 69.548
33 100 41.432
33 101 97.474
33 102 55.185
33 103 37.308
33 104 54.025
33 105 115.272
33 106 30.859
33 107 85.491
33 108 43.322
33 109 86.057
33 110 100.928
33 111 77.875
33 112 55.689
33 113 39.885
33 114 61.735
33 115 85.378
33 116 55.214
33 117 99.601
33 118 45.888
33 119 63.688
34 35 59.439
34 36 43.248
34 37 114.963
34 38 67.321
34 39 78.712
34 40 81.735
34 41 51.400
34 42 78.524
34 43 83.805
34 44 64.895
34 45 7.773
34 46 75.183
34 47 69.342
34 48 41.138
34 49 48.432
34 50 30.526
34 51 54.240
34 52 58.543
34 53 81.365
34 54 37.088
34 55 76.489
34 56 64.615
34 57 83.340
34 58 47.959
34 59 92.414
34 60 105.529
34 61 93.247
34 62 69.649
34 63 36.686
34 64 57.358
34 65 26.664
34 66 26.689
34 67 88.417
34 68 59.657
34 69 85.910
34 70 68.773
34 71 85.623
34 72 103.553
34 73 48.949
34 74 56.709
34 75 46.406
34 76 71.257
34 77 89.594
34 78 107.236
34 79 45.922
34 80 41.894
34 81 100.710
34 82 57.000
34 83 39.307
34 84 92.373
34 85 89.523
34 86 10.823
34 87 64.615
34 88 27.828
34 89 52.898
34 90 62.310
34 91 98.127
34 92 76.861
34 93 87.445
34 94 82.049
34 95 51.672
34 96 59.039
34 97 29.613
34 98 59.618
34 99 82.420
34 100 87.754
34 101 26.958
34 102 60.925
34 103 57.307
34 104 27.483
34 105 82.708
34 106 57.618
34 107 22.509
34 108 64.886
34 109 61.718
34 110 93.348
34 111 30.144
34 112 76.462
34 113 88.038
34 114 45.051
34 115 73.203
34 116 85.836
34 117 29.768
34 118 31.928
34 119 63.145
35 36 87.414
35 37 73.459
35 38 45.344
35 39 60.556
35 40 39.849
35 41 84.962
35 42 66.254
35 43 76.481
35 44 65.368
35 45 59.729
35 46 24.164
35 47 33.400
35 48 61.726
35 49 19.380
35 50 85.714
35 51 76.292
35 52 16.799
35 53 54.830
35 54 35.799
35 55 50.400
35 56 73.505
35 57 68.386
35 58 77.358
35 59 72.768
35 60 61.753
35 61 55.274
35 62 76.174
35 63 44.887
35 64 44.114
35 65 37.968
35 66 44.958
35 67 47.675
35 68 86.108
35 69 84.879
35 70 80.743
35 71 98.603
35 72 76.861
35 73 77.185
35 74 59.766
35 75 67.049
35 76 32.075
35 77 54.679
35 78 87.871
35 79 68.330
35 80 80.008
35 81 72.441
35 82 74.981
35 83 69.549
35 84 43.359
35 85 73.773
35 86 68.749
35 87 54.301
35 88 33.740
35 89 85.906
35 90 88.275
35 91 65.357
35 92 92.443
35 93 78.783
35 94 93.734
35 95 56.814
35 96 73.777
35 97 71.286
35 98 24.445
35 99 63.045
35 100 46.461
35 101 81.519
35 102 48.292
35 103 26.522
35 104 39.682
35 105 106.627
35 106 19.250
35 107 69.675
35 108 41.552
35 109 72.795
35 110 92.950
35 111 65.655
35 112 48.455
35 113 45.635
35 114 52.890
35 115 78.204
35 116 54.192
35 117 83.608
35 118 31.636
35 119 59.664
36 37 117.541
36 38 76.001
36 39 78.669
36 40 113.738
36 41 15.428
36 42 68.929
36 43 68.079
36 44 58.241
36 45 41.785
36 46 94.852
36 47 85.706
36 48 61.848
36 49 78.955
36 50 28.636
36 51 37.768
36 52 82.702
36 53 80.696
36 54 72.182
36 55 89.875
36 56 56.008
36 57 81.015
36 58 52.007
36 59 83.838
36 60 116.820
36 61 102.774
36 62 59.972
36 63 70.030
36 64 72.205
36 65 54.088
36 66 45.418
36 67 97.516
36 68 74.166
36 69 72.721
36 70 72.934
36 71 55.711
36 72 100.813
36 73 51.421
36 74 65.482
36 75 42.735
36 76 107.675
36 77 92.651
36 78 98.277
36 79 66.775
36 80 56.500
36 81 97.921
36 82 59.770
36 83 43.329
36 84 111.799
36 85 83.100
36 86 42.811
36 87 85.692
36 88 61.792
36 89 70.166
36 90 28.760
36 91 100.126
36 92 54.354
36 93 72.576
36 94 76.754
36 95 53.661
36 96 49.605
36 97 42.300
36 98 80.215
36 99 89.502
36 100 95.353
36 101 48.923
36 102 60.650
36 103 94.146
36 104 67.527
36 105 45.305
36 106 83.535
36 107 40.745
36 108 74.839
36 109 75.265
36 110 82.176
36 111 31.191
36 112 110.950
36 113 96.484
36 114 48.614
36 115 52.171
36 116 89.536
36 117 49.597
36 118 68.378
36 119 68.696
37 38 56.543
37 39 67.378
37 40 88.521
37 41 105.880
37 42 56.209
37 43 59.186
37 44 81.461
37 45 112.796
37 46 58.223
37 47 67.310
37 48 106.085
37 49 82.351
37 50 131.932
37 51 100.549
37 52 73.488
37 53 37.071
37 54 102.850
37 55 62.724
37 56 82.098
37 57 73.791
37 58 110.733
37 59 39.463
37 60 36.743
37 61 38.658
37 62 80.109
37 63 109.200
37 64 85.131
37 65 94.005
37 66 93.198
37 67 46.164
37 68 126.221
37 69 71.713
37 70 102.321
37 71 88.452
37 72 36.024
37 73 108.846
37 74 98.248
37 75 100.881
37 76 96.676
37 77 36.764
37 78 66.628
37 79 113.113
37 80 124.524
37 81 29.059
37 82 100.689
37 83 112.702
37 84 52.028
37 85 50.067
37 86 123.339
37 87 103.938
37 88 96.869
37 89 131.223
37 90 101.036
37 91 50.466
37 92 91.674
37 93 63.264
37 94 102.655
37 95 88.126
37 96 87.681
37 97 121.379
37 98 72.193
37 99 63.862
37 100 32.767
37 101 134.932
37 102 57.708
37 103 96.020
37 104 107.328
37 105 108.609
37 106 72.051
37 107 117.168
37 108 68.303
37 109 105.189
37 110 80.451
37 111 107.053
37 112 102.584
37 113 34.457
37 114 86.974
37 115 72.946
37 116 33.499
37 117 136.133
37 118 98.967
37 119 90.613
38 39 67.268
38 40 58.054
38 41 69.163
38 42 51.543
38 43 53.638
38 44 67.398
38 45 62.948
38 46 50.927
38 47 58.537
38 48 49.790
38 49 39.872
38 50 88.205
38 51 74.959
38 52 51.940
38 53 34.078
38 54 67.935
38 55 18.419
38 56 35.642
38 57 75.575
38 58 55.540
38 59 41.694
38 60 41.779
38 61 27.785
38 62 36.204
38 63 75.232
38 64 67.597
38 65 55.078
38 66 54.620
38 67 58.046
38 68 69.955
38 69 41.472
38 70 49.280
38 71 65.988
38 72 39.184
38 73 53.977
38 74 78.949
38 75 73.527
38 76 64.976
38 77 51.639
38 78 85.496
38 79 56.711
38 80 68.467
38 81 38.732
38 82 46.168
38 83 80.932
38 84 39.475
38 85 31.408
38 86 73.420
38 87 86.950
38 88 56.745
38 89 74.682
38 90 72.160
38 91 70.309
38 92 55.023
38 93 64.388
38 94 55.665
38 95 65.944
38 96 39.571
38 97 83.819
38 98 53.854
38 99 22.499
38 100 44.523
38 101 82.119
38 102 29.089
38 103 58.547
38 104 65.408
38 105 87.374
38 106 31.732
38 107 64.010
38 108 57.049
38 109 49.892
38 110 48.254
38 111 70.109
38 112 63.882
38 113 46.565
38 114 59.952
38 115 52.050
38 116 23.582
38 117 82.838
38 118 59.432
38 119 76.323
39 40 98.568
39 41 69.142
39 42 29.627
39 43 42.915
39 44 22.057
39 45 80.662
39 46 44.973
39 47 30.890
39 48 95.839
39 49 71.608
39 50 85.966
39 51 46.084
39 52 46.339
39 53 42.453
39 54 64.837
39 55 83.825
39 56 81.502
39 57 8.741
39 58 99.729
39 59 55.663
39 60 84.997
39 61 77.081
39 62 82.886
39 63 65.289
39 64 31.243
39 65 55.691
39 66 52.133
39 67 30.380
39 68 120.024
39 69 84.412
39 70 107.368
39 71 76.024
39 72 78.397
39 73 98.447
39 74 36.501
39 75 44.049
39 76 92.273
39 77 30.961
39 78 31.224
39 79 104.094
39 80 107.955
39 81 68.925
39 82 97.862
39 83 56.441
39 84 82.229
39 85 73.689
39 86 88.589
39 87 49.900
39 88 62.673
39 89 119.293
39 90 61.880
39 91 24.839
39 92 87.682
39 93 32.698
39 94 112.110
39 95 30.480
39 96 81.855
39 97 69.279
39 98 38.576
39 99 88.747
39 100 40.106
39 101 103.996
39 102 41.765
39 103 84.988
39 104 74.211
39 105 71.659
39 106 70.001
39 107 90.917
39 108 19.921
39 109 107.325
39 110 99.199
39 111 58.159
39 112 107.740
39 113 39.391
39 114 35.026
39 115 52.957
39 116 60.890
39 117 106.236
39 118 66.928
39 119 26.826
40 41 112.958
40 42 98.515
40 43 105.911
40 44 103.328
40 45 79.733
40 46 57.436
40 47 71.922
40 48 65.610
40 49 36.077
40 50 111.753
40 51 111.898
40 52 56.430
40 53 80.666
40 54 65.733
40 55 48.878
40 56 86.768
40 57 106.834
40 58 84.753
40 59 94.773
40 60 60.658
40 61 59.026
40 62 88.783
40 63 75.541
40 64 83.776
40 65 70.060
40 66 77.539
40 67 79.990
40 68 82.698
40 69 97.563
40 70 79.824
40 71 122.331
40 72 86.820
40 73 85.065
40 74 98.774
40 75 103.486
40 76 21.152
40 77 84.941
40 78 122.978
40 79 68.588
40 80 85.455
40 81 86.684
40 82 80.129
40 83 104.322
40 84 38.076
40 85 87.173
40 86 87.597
40 87 91.140
40 88 63.019
40 89 85.044
40 90 118.899
40 91 98.803
40 92 108.789
40 93 111.860
40 94 94.803
40 95 95.022
40 96 88.097
40 97 102.418
40 98 64.154
40 99 62.488
40 100 73.498
40 101 94.820
40 102 77.075
40 103 29.179
40 104 62.835
40 105 137.545
40 106 33.091
40 107 84.567
40 108 80.640
40 109 68.644
40 110 99.587
40 111 97.929
40 112 17.557
40 113 73.274
40 114 89.883
40 115 106.080
40 116 69.905
40 117 96.029
40 118 58.855
40 119 99.347
41 42 55.929
41 43 53.676
41 44 49.247
41 45 49.579
41 46 89.073
41 47 79.988
41 48 65.705
41 49 78.509
41 50 41.859
41 51 31.559
41 52 79.401
41 53 69.299
41 54 74.880
41 55 84.649
41 56 49.401
41 57 71.470
41 58 55.613
41 59 70.700
41 60 108.433
41 61 94.465
41 62 52.565
41 63 73.597
41 64 68.548
41 65 55.282
41 66 45.674
41 67 88.433
41 68 80.013
41 69 62.498
41 70 72.593
41 71 41.801
41 72 89.518
41 73 54.339
41 74 62.950
41 75 40.127
41 76 108.463
41 77 81.802
41 78 85.824
41 79 71.662
41 80 64.372
41 81 86.113
41 82 59.934
41 83 45.933
41 84 105.932
41 85 71.991
41 86 53.332
41 87 85.015
41 88 64.049
41 89 77.901
41 90 14.628
41 91 89.397
41 92 45.325
41 93 58.652
41 94 74.055
41 95 48.514
41 96 44.272
41 97 49.392
41 98 76.073
41 99 83.235
41 100 85.558
41 101 61.161
41 102 50.809
41 103 95.599
41 104 72.066
41 105 32.869
41 106 81.127
41 107 49.391
41 108 68.029
41 109 76.909
41 110 73.777
41 111 34.051
41 112 112.337
41 113 86.909
41 114 43.968
41 115 37.506
41 116 79.536
41 117 61.881
41 118 71.012
41 119 63.911
42 43 13.911
42 44 30.371
42 45 77.722
42 46 55.236
42 47 48.565
42 48 85.380
42 49 71.468
42 50 85.196
42 51 46.494
42 52 57.768
42 53 24.329
42 54 76.031
42 55 69.400
42 56 58.869
42 57 34.475
42 58 84.609
42 59 29.615
42 60 73.149
42 61 62.855
42 62 59.038
42 63 78.199
42 64 51.312
42 65 60.592
42 66 54.623
42 67 41.594
42 68 107.061
42 69 57.145
42 70 88.672
42 71 49.425
42 72 55.700
42 73 82.719
42 74 56.018
42 75 50.765
42 76 97.445
42 77 30.051
42 78 38.135
42 79 93.502
42 80 97.238
42 81 47.123
42 82 80.212
42 83 64.871
42 84 76.359
42 85 48.015
42 86 86.644
42 87 73.431
42 88 68.420
42 89 108.454
42 90 47.931
42 91 38.004
42 92 61.931
42 93 13.470
42 94 89.457
42 95 41.446
42 96 60.587
42 97 75.955
42 98 52.228
42 99 69.938
42 100 38.296
42 101 99.629
42 102 25.118
42 103 89.352
42 104 80.676
42 105 55.926
42 106 67.474
42 107 83.382
42 108 37.501
42 109 92.458
42 110 72.530
42 111 59.770
42 112 106.641
42 113 39.800
42 114 41.216
42 115 26.932
42 116 43.608
42 117 101.121
42 118 73.818
42 119 48.621
43 44 40.145
43 45 82.036
43 46 67.270
43 47 61.962
43 48 87.048
43 49 79.245
43 50 88.302
43 51 51.029
43 52 69.691
43 53 29.368
43 54 86.353
43 55 71.130
43 56 54.065
43 57 46.675
43 58 83.139
43 59 25.041
43 60 76.007
43 61 65.112
43 62 53.371
43 63 88.540
43 64 64.003
43 65 69.252
43 66 62.367
43 67 54.028
43 68 106.600
43 69 48.701
43 70 85.831
43 71 37.686
43 72 52.145
43 73 80.969
43 74 67.264
43 75 58.114
43 76 106.585
43 77 40.675
43 78 45.361
43 79 94.813
43 80 97.620
43 81 44.813
43 82 77.915
43 83 72.207
43 84 82.177
43 85 42.473
43 86 90.731
43 87 86.189
43 88 77.319
43 89 108.804
43 90 44.842
43 91 49.689
43 92 52.981
43 93 15.574
43 94 83.785
43 95 51.514
43 96 56.324
43 97 82.614
43 98 64.751
43 99 68.866
43 100 47.989
43 101 102.234
43 102 30.395
43 103 98.185
43 104 89.346
43 105 49.519
43 106 74.801
43 107 85.352
43 108 50.953
43 109 91.926
43 110 64.384
43 111 65.322
43 112 113.240
43 113 50.009
43 114 50.444
43 115 18.446
43 116 45.626
43 117 103.349
43 118 83.071
43 119 60.493
44 45 66.945
44 46 57.282
44 47 42.443
44 48 86.320
44 49 71.174
44 50 66.614
44 51 24.085
44 52 52.091
44 53 49.061
44 54 60.599
44 55 85.148
44 56 72.373
44 57 22.811
44 58 87.215
44 59 59.207
44 60 94.666
44 61 84.122
44 62 74.505
44 63 59.182
44 64 32.007
44 65 47.080
44 66 40.317
44 67 49.187
44 68 109.066
44 69 78.766
44 70 98.777
44 71 64.041
44 72 83.467
44 73 86.011
44 74 28.645
44 75 24.724
44 76 95.979
44 77 47.029
44 78 44.395
44 79 94.333
44 80 94.778
44 81 75.308
44 82 87.622
44 83 39.010
44 84 91.104
44 85 73.763
44 86 73.699
44 87 50.965
44 88 56.191
44 89 107.273
44 90 42.112
44 91 46.038
44 92 76.000
44 93 32.279
44 94 103.225
44 95 15.825
44 96 71.032
44 97 52.523
44 98 44.959
44 99 88.697
44 100 54.677
44 101 88.553
44 102 39.146
44 103 86.023
44 104 67.530
44 105 53.683
44 106 71.886
44 107 76.439
44 108 28.403
44 109 99.417
44 110 93.673
44 111 39.724
44 112 109.256
44 113 54.719
44 114 20.489
44 115 42.602
44 116 67.004
44 117 90.694
44 118 62.016
44 119 22.231
45 46 76.078
45 47 71.577
45 48 34.013
45 49 46.908
45 50 33.442
45 51 56.422
45 52 60.365
45 53 79.334
45 54 41.763
45 55 71.504
45 56 58.340
45 57 85.734
45 58 40.220
45 59 89.398
45 60 102.017
45 61 89.423
45 62 63.431
45 63 42.723
45 64 61.289
45 65 29.642
45 66 29.064
45 67 89.234
45 68 52.483
45 69 80.206
45 70 61.158
45 71 81.840
45 72 99.254
45 73 41.239
45 74 61.666
45 75 50.021
45 76 71.106
45 77 89.348
45 78 108.452
45 79 38.883
45 80 34.831
45 81 97.066
45 82 49.394
45 83 44.641
45 84 89.570
45 85 84.790
45 86 10.650
45 87 70.361
45 88 30.777
45 89 46.257
45 90 61.280
45 91 99.247
45 92 71.134
45 93 87.030
45 94 74.516
45 95 54.792
45 96 52.643
45 97 36.009
45 98 61.780
45 99 76.720
45 100 87.056
45 101 24.234
45 102 58.764
45 103 57.210
45 104 31.171
45 105 81.685
45 106 55.410
45 107 15.402
45 108 67.004
45 109 54.369
45 110 86.874
45 111 33.532
45 112 73.999
45 113 87.577
45 114 47.593
45 115 70.617
45 116 82.521
45 117 26.533
45 118 34.898
45 119 67.295
46 47 18.378
46 48 80.857
46 49 41.961
46 50 96.628
46 51 74.900
46 52 18.490
46 53 44.488
46 54 49.870
46 55 59.615
46 56 80.848
46 57 52.691
46 58 93.123
46 59 63.721
46 60 58.310
46 61 53.934
46 62 82.533
46 63 56.416
46 64 38.752
46 65 49.672
46 66 53.682
46 67 25.015
46 68 105.732
46 69 86.860
46 70 95.360
46 71 96.999
46 72 71.506
46 73 92.401
46 74 56.018
46 75 67.174
46 76 52.572
46 77 35.668
46 78 68.688
46 79 88.246
46 80 98.793
46 81 64.551
46 82 89.304
46 83 73.465
46 84 45.943
46 85 71.789
46 86 85.402
46 87 51.658
46 88 49.449
46 89 106.170
46 90 88.387
46 91 43.491
46 92 96.743
46 93 66.374
46 94 105.083
46 95 53.471
46 96 82.273
46 97 79.668
46 98 19.354
46 99 70.312
46 100 28.525
46 101 99.642
46 102 45.787
46 103 50.028
46 104 58.142
46 105 103.906
46 106 37.869
46 107 86.501
46 108 29.701
46 109 90.460
46 110 97.281
46 111 71.912
46 112 69.769
46 113 26.561
46 114 52.352
46 115 74.484
46 116 48.828
46 117 101.835
46 118 49.337
46 119 52.172
47 48 83.691
47 49 48.918
47 50 86.400
47 51 60.830
47 52 18.194
47 53 46.610
47 54 44.234
47 55 70.870
47 56 82.321
47 57 37.649
47 58 93.904
47 59 65.443
47 60 73.288
47 61 66.946
47 62 84.462
47 63 47.939
47 64 21.834
47 65 42.713
47 66 45.076
47 67 24.592
47 68 109.069
47 69 89.515
47 70 100.288
47 71 92.221
47 72 79.564
47 73 93.188
47 74 38.710
47 75 52.449
47 76 63.491
47 77 35.615
47 78 58.657
47 79 91.478
47 80 98.933
47 81 71.543
47 82 92.092
47 83 59.203
47 84 62.882
47 85 76.825
47 86 80.054
47 87 36.913
47 88 45.079
47 89 108.095
47 90 78.053
47 91 37.433
47 92 95.513
47 93 57.864
47 94 109.463
47 95 38.161
47 96 82.620
47 97 67.394
47 98 11.485
47 99 80.159
47 100 34.764
47 101 95.566
47 102 43.964
47 103 57.986
47 104 54.940
47 105 93.103
47 106 48.083
47 107 83.535
47 108 14.140
47 109 96.095
47 110 101.745
47 111 60.222
47 112 81.843
47 113 32.858
47 114 38.994
47 115 68.769
47 116 57.214
47 117 98.028
47 118 46.511
47 119 34.242
48 49 43.225
48 50 64.157
48 51 80.512
48 52 70.044
48 53 78.339
48 54 61.887
48 55 50.490
48 56 44.978
48 57 102.786
48 58 21.199
48 59 85.423
48 60 86.210
48 61 74.077
48 62 49.341
48 63 67.375
48 64 81.747
48 65 51.189
48 66 52.227
48 67 95.762
48 68 25.396
48 69 66.722
48 70 31.833
48 71 83.135
48 72 85.690
48 73 22.560
48 74 87.441
48 75 76.715
48 76 65.855
48 77 93.457
48 78 120.934
48 79 8.300
48 80 21.366
48 81 86.943
48 82 24.950
48 83 75.570
48 84 75.192
48 85 72.419
48 86 40.125
48 87 94.247
48 88 49.462
48 89 26.064
48 90 77.326
48 91 108.468
48 92 63.350
48 93 96.706
48 94 49.244
48 95 77.456
48 96 41.263
48 97 69.397
48 98 73.775
48 99 53.985
48 100 87.819
48 101 40.374
48 102 61.451
48 103 54.733
48 104 49.900
48 105 96.220
48 106 47.530
48 107 26.714
48 108 81.528
48 109 20.977
48 110 67.739
48 111 62.616
48 112 57.519
48 113 89.007
48 114 69.485
48 115 75.770
48 116 73.222
48 117 40.058
48 118 51.212
48 119 90.533
49 50 77.221
49 51 76.653
49 52 32.105
49 53 60.123
49 54 36.432
49 55 42.407
49 56 62.824
49 57 79.471
49 58 60.570
49 59 75.324
49 60 64.888
49 61 56.110
49 62 66.092
49 63 45.842
49 64 54.261
49 65 34.759
49 66 41.628
49 67 62.889
49 68 67.062
49 69 77.802
49 70 64.404
49 71 94.084
49 72 77.091
49 73 60.720
49 74 66.887
49 75 68.264
49 76 30.751
49 77 66.383
49 78 99.218
49 79 49.358
49 80 62.040
49 81 74.753
49 82 58.925
49 83 69.059
49 84 46.735
49 85 70.852
49 86 55.987
49 87 65.039
49 88 29.131
49 89 66.960
49 90 84.715
49 91 79.453
49 92 83.269
49 93 84.423
49 94 79.255
49 95 61.435
49 96 62.260
49 97 67.607
49 98 38.574
49 99 54.613
49 100 58.334
49 101 66.513
49 102 48.925
49 103 20.100
49 104 32.750
49 105 104.203
49 106 11.674
49 107 54.406
49 108 53.120
49 109 54.822
49 110 83.788
49 111 61.903
49 112 38.210
49 113 58.356
49 114 55.452
49 115 76.697
49 116 56.506
49 117 68.218
49 118 27.263
49 119 68.399
50 51 46.645
50 52 80.704
50 53 95.523
50 54 60.150
50 55 100.246
50 56 75.936
50 57 87.988
50 58 61.451
50 59 103.344
50 60 128.363
50 61 115.142
50 62 80.673
50 63 55.482
50 64 69.331
50 65 48.340
50 66 43.034
50 67 104.147
50 68 76.847
50 69 95.623
50 70 85.415
50 71 83.201
50 72 119.377
50 73 62.073
50 74 60.841
50 75 43.478
50 76 101.131
50 77 103.555
50 78 110.686
50 79 67.996
50 80 56.767
50 81 115.920
50 82 72.374
50 83 34.270
50 84 118.328
50 85 103.129
50 86 28.476
50 87 75.573
50 88 53.545
50 89 69.256
50 90 52.609
50 91 109.018
50 92 79.906
50 93 90.106
50 94 94.303
50 95 56.021
50 96 69.277
50 97 24.236
50 98 79.180
50 99 103.382
50 100 105.085
50 101 35.956
50 102 74.595
50 103 87.231
50 104 54.846
50 105 69.563
50 106 85.198
50 107 38.188
50 108 78.040
50 109 82.485
50 110 104.319
50 111 27.918
50 112 106.874
50 113 105.512
50 114 51.623
50 115 75.215
50 116 104.029
50 117 37.871
50 118 58.723
50 119 67.780
51 52 65.167
51 53 64.942
51 54 62.645
51 55 92.263
51 56 69.573
51 57 46.111
51 58 77.828
51 59 72.004
51 60 109.217
51 61 96.923
51 62 72.569
51 63 59.207
51 64 45.196
51 65 46.604
51 66 37.378
51 67 71.517
51 68 100.341
51 69 80.169
51 70 94.124
51 71 59.761
51 72 95.275
51 73 76.877
51 74 35.288
51 75 14.157
51 76 103.567
51 77 68.602
51 78 65.551
51 79 87.689
51 80 83.597
51 81 88.811
51 82 81.486
51 83 26.204
51 84 104.615
51 85 81.611
51 86 60.687
51 87 59.953
51 88 56.518
51 89 97.058
51 90 26.830
51 91 69.952
51 92 70.121
51 93 47.467
51 94 98.435
51 95 23.427
51 96 66.031
51 97 38.240
51 98 59.547
51 99 94.513
51 100 74.733
51 101 73.956
51 102 49.055
51 103 91.521
51 104 65.952
51 105 41.314
51 106 79.819
51 107 64.294
51 108 47.718
51 109 95.183
51 110 94.005
51 111 24.708
51 112 114.250
51 113 75.150
51 114 23.874
51 115 44.296
51 116 80.433
51 117 75.908
51 118 63.259
51 119 35.592
52 53 51.701
52 54 31.455
52 55 61.527
52 56 76.952
52 57 53.514
52 58 83.128
52 59 70.582
52 60 70.139
52 61 63.132
52 62 79.689
52 63 38.125
52 64 28.067
52 65 32.902
52 66 38.598
52 67 38.258
52 68 95.290
52 69 87.570
52 70 89.549
52 71 94.959
52 72 80.377
52 73 82.785
52 74 44.638
52 75 55.272
52 76 46.456
52 77 47.187
52 78 75.185
52 79 77.331
52 80 86.157
52 81 74.135
52 82 81.898
52 83 58.792
52 84 55.168
52 85 76.458
52 86 68.970
52 87 39.636
52 88 31.815
52 89 94.071
52 90 80.772
52 91 53.946
52 92 93.193
52 93 69.000
52 94 101.129
52 95 43.544
52 96 76.745
52 97 63.157
52 98 8.084
52 99 72.565
52 100 42.299
52 101 83.671
52 102 44.771
52 103 39.909
52 104 40.324
52 105 98.322
52 106 33.321
52 107 72.286
52 108 26.728
52 109 83.130
52 110 97.925
52 111 57.581
52 112 64.718
52 113 40.956
52 114 41.345
52 115 72.828
52 116 57.131
52 117 86.091
52 118 31.571
52 119 43.849
53 54 75.460
53 55 49.649
53 56 53.642
53 57 49.981
53 58 80.889
53 59 19.360
53 60 48.820
53 61 38.940
53 62 53.094
53 63 80.496
53 64 57.662
53 65 62.158
53 66 59.180
53 67 35.282
53 68 100.073
53 69 50.028
53 70 79.037
53 71 59.377
53 72 36.262
53 73 79.005
53 74 68.149
53 75 65.941
53 76 83.696
53 77 22.294
53 78 52.951
53 79 86.194
53 80 94.264
53 81 27.476
53 82 73.455
53 83 77.934
53 84 53.700
53 85 33.549
53 86 89.553
53 87 79.448
53 88 67.244
53 89 103.267
53 90 65.244
53 91 40.552
53 92 63.182
53 93 36.074
53 94 80.896
53 95 54.897
53 96 57.449
53 97 86.442
53 98 48.908
53 99 51.117
53 100 22.449
53 101 101.629
53 102 21.323
53 103 77.881
53 104 78.843
53 105 75.737
53 106 52.794
53 107 83.996
53 108 41.665
53 109 81.941
53 110 63.053
53 111 70.993
53 112 90.556
53 113 25.141
53 114 52.545
53 115 39.605
53 116 20.022
53 117 102.923
53 118 71.158
53 119 61.606
54 55 76.393
54 56 82.569
54 57 69.918
54 58 75.881
54 59 92.202
54 60 95.461
54 61 86.531
54 62 86.730
54 63 9.869
54 64 35.699
54 65 20.405
54 66 29.714
54 67 67.673
54 68 85.048
54 69 99.467
54 70 89.482
54 71 102.721
54 72 103.041
54 73 76.442
54 74 42.707
54 75 49.765
54 76 49.470
54 77 75.045
54 78 96.037
54 79 67.755
54 80 72.234
54 81 98.093
54 82 79.952
54 83 44.846
54 84 78.296
54 85 94.584
54 86 46.836
54 87 36.198
54 88 14.013
54 89 80.269
54 90 80.341
54 91 80.232
54 92 98.178
54 93 86.028
54 94 103.772
54 95 45.879
54 96 79.625
54 97 42.346
54 98 33.966
54 99 86.896
54 100 71.840
54 101 61.513
54 102 60.809
54 103 38.042
54 104 14.375
54 105 100.041
54 106 45.926
54 107 56.377
54 108 46.515
54 109 80.382
54 110 108.658
54 111 45.108
54 112 66.011
54 113 70.918
54 114 42.345
54 115 83.403
54 116 80.842
54 117 64.421
54 118 11.097
54 119 48.626
55 56 45.038
55 57 92.360
55 58 59.055
55 59 55.818
55 60 36.530
55 61 25.421
55 62 45.153
55 63 84.812
55 64 81.691
55 65 66.673
55 66 68.091
55 67 70.329
55 68 67.115
55 69 50.204
55 70 46.626
55 71 80.791
55 72 44.110
55 73 57.864
55 74 94.195
55 75 89.896
55 76 61.074
55 77 65.451
55 78 101.895
55 79 55.561
55 80 70.627
55 81 46.927
55 82 48.180
55 83 95.796
55 84 32.333
55 85 40.969
55 86 81.466
55 87 99.077
55 88 65.908
55 89 73.506
55 90 89.085
55 91 84.466
55 92 65.756
55 93 82.189
55 94 54.682
55 95 82.485
55 96 49.274
55 97 96.880
55 98 65.332
55 99 14.151
55 100 56.111
55 101 87.972
55 102 47.404
55 103 57.352
55 104 72.185
55 105 104.435
55 106 33.150
55 107 70.927
55 108 72.048
55 109 45.211
55 110 51.531
55 111 84.779
55 112 54.109
55 113 57.915
55 114 76.264
55 115 69.442
55 116 33.750
55 117 88.361
55 118 66.981
55 119 92.205
56 57 87.948
56 58 35.462
56 59 51.007
56 60 72.748
56 61 58.632
56 62 5.146
56 63 87.160
56 64 83.161
56 65 64.419
56 66 59.626
56 67 84.085
56 68 57.095
56 69 23.156
56 70 32.819
56 71 43.132
56 72 54.086
56 73 32.851
56 74 88.049
56 75 73.081
56 76 91.637
56 77 74.655
56 78 96.939
56 79 50.441
56 80 53.990
56 81 55.930
56 82 26.252
56 83 79.902
56 84 74.238
56 85 36.017
56 86 66.564
56 87 103.041
56 88 68.828
56 89 62.213
56 90 55.226
56 91 91.101
56 92 22.293
56 93 67.869
56 94 31.234
56 95 72.092
56 96 7.384
56 97 81.139
56 98 77.155
56 99 38.330
56 100 72.396
56 101 70.799
56 102 41.116
56 103 81.901
56 104 76.595
56 105 68.289
56 106 59.925
56 107 52.344
56 108 75.518
56 109 42.513
56 110 29.054
56 111 65.696
56 112 86.794
56 113 74.728
56 114 65.241
56 115 41.600
56 116 50.351
56 117 70.472
56 118 73.649
56 119 86.795
57 58 105.951
57 59 61.659
57 60 93.227
57 61 85.462
57 62 89.330
57 63 69.299
57 64 35.031
57 65 61.199
57 66 57.171
57 67 37.282
57 68 126.742
57 69 90.566
57 70 114.537
57 71 78.955
57 72 85.487
57 73 104.676
57 74 36.776
57 75 44.893
57 76 99.814
57 77 38.019
57 78 27.943
57 79 111.005
57 80 113.905
57 81 75.873
57 82 104.643
57 83 57.296
57 84 90.837
57 85 80.599
57 86 93.052
57 87 51.251
57 88 68.514
57 89 125.625
57 90 63.090
57 91 28.268
57 92 92.596
57 93 34.282
57 94 118.861
57 95 32.791
57 96 88.030
57 97 70.969
57 98 45.547
57 99 96.950
57 100 47.976
57 101 108.543
57 102 49.230
57 103 92.389
57 104 79.754
57 105 71.125
57 106 78.358
57 107 96.198
57 108 27.077
57 109 114.757
57 110 105.670
57 111 60.640
57 112 115.833
57 113 47.197
57 114 38.684
57 115 56.723
57 116 68.918
57 117 110.837
57 118 72.881
57 119 26.780
58 59 83.675
58 60 94.435
58 61 81.096
58 62 39.780
58 63 79.747
58 64 90.116
58 65 61.095
58 66 58.645
58 67 103.747
58 68 25.511
58 69 57.765
58 70 25.054
58 71 70.401
58 72 85.689
58 73 2.712
58 74 93.123
58 75 77.609
58 76 86.038
58 77 98.645
58 78 121.752
58 79 22.509
58 80 19.309
58 81 87.596
58 82 14.142
58 83 77.796
58 84 88.003
58 85 69.514
58 86 44.722
58 87 104.743
58 88 62.476
58 89 27.791
58 90 68.046
58 91 113.666
58 92 48.443
58 93 94.184
58 94 36.898
58 95 80.722
58 96 30.023
58 97 72.449
58 98 85.232
58 99 57.590
58 100 94.937
58 101 42.028
58 102 63.338
58 103 74.620
58 104 64.829
58 105 84.764
58 106 63.336
58 107 27.318
58 108 88.814
58 109 25.295
58 110 57.964
58 111 63.198
58 112 77.818
58 113 96.569
58 114 72.805
58 115 68.708
58 116 77.283
58 117 40.714
58 118 66.038
58 119 95.672
59 60 54.197
59 61 44.456
59 62 48.808
59 63 96.829
59 64 74.454
59 65 76.797
59 66 72.285
59 67 52.443
59 68 104.150
59 69 39.571
59 70 79.191
59 71 49.000
59 72 27.615
59 73 81.387
59 74 82.560
59 75 76.376
59 76 100.080
59 77 37.345
59 78 57.850
59 79 92.768
59 80 99.645
59 81 19.939
59 82 74.792
59 83 89.230
59 84 65.225
59 85 23.702
59 86 99.290
59 87 96.771
59 88 82.625
59 89 108.567
59 90 65.347
59 91 53.070
59 92 55.096
59 93 36.654
59 94 76.460
59 95 67.597
59 96 56.046
59 97 97.818
59 98 67.738
59 99 52.185
59 100 39.480
59 101 109.729
59 102 32.522
59 103 94.049
59 104 94.133
59 105 71.669
59 106 67.687
59 107 91.336
59 108 58.908
59 109 85.634
59 110 52.943
59 111 80.868
59 112 103.761
59 113 42.316
59 114 65.143
59 115 35.278
59 116 26.271
59 117 110.576
59 118 87.130
59 119 75.839
60 61 14.385
60 62 71.241
60 63 103.942
60 64 91.055
60 65 88.553
60 66 90.193
60 67 61.921
60 68 103.580
60 69 67.524
60 70 81.312
60 71 96.353
60 72 36.052
60 73 92.981
60 74 106.050
60 75 107.186
60 76 74.821
60 77 56.970
60 78 95.219
60 79 91.684
60 80 106.578
60 81 37.195
60 82 83.173
60 83 115.797
60 84 23.381
60 85 48.340
60 86 112.507
60 87 108.335
60 88 88.290
60 89 109.914
60 90 108.527
60 91 74.858
60 92 88.886
60 93 84.360
60 94 84.990
60 95 95.893
60 96 78.451
60 97 120.367
60 98 72.770
60 99 40.363
60 100 46.239
60 101 121.464
60 102 60.674
60 103 76.220
60 104 96.061
60 105 120.649
60 106 53.217
60 107 104.267
60 108 77.269
60 109 81.503
60 110 70.631
60 111 107.608
60 112 73.715
60 113 47.822
60 114 92.067
60 115 82.713
60 116 31.037
60 117 122.267
60 118 88.790
60 119 101.209
61 62 57.321
61 63 94.680
61 64 82.512
61 65 77.488
61 66 78.316
61 67 57.920
61 68 92.025
61 69 54.832
61 70 69.174
61 71 83.425
61 72 28.789
61 73 79.538
61 74 96.484
61 75 95.429
61 76 71.421
61 77 51.447
61 78 89.288
61 79 79.959
61 80 93.926
61 81 29.781
61 82 69.976
61 83 104.046
61 84 24.958
61 85 36.457
61 86 99.949
61 87 101.031
61 88 77.990
61 89 98.130
61 90 95.073
61 91 70.643
61 92 75.189
61 93 74.664
61 94 72.903
61 95 85.086
61 96 64.218
61 97 108.369
61 98 65.407
61 99 28.746
61 100 41.451
61 101 108.784
61 102 48.039
61 103 70.252
61 104 86.278
61 105 107.695
61 106 44.749
61 107 91.141
61 108 69.015
61 109 70.085
61 110 59.021
61 111 94.993
61 112 70.093
61 113 43.499
61 114 80.677
61 115 69.917
61 116 19.589
61 117 109.526
61 118 79.253
61 119 92.047
62 63 91.454
62 64 86.151
62 65 68.641
62 66 63.824
62 67 84.781
62 68 60.641
62 69 18.242
62 70 34.588
62 71 41.867
62 72 50.752
62 73 37.146
62 74 91.314
62 75 76.565
62 76 94.533
62 77 74.637
62 78 96.873
62 79 54.596
62 80 58.554
62 81 53.140
62 82 29.721
62 83 83.967
62 84 74.322
62 85 32.575
62 86 71.702
62 87 106.449
62 88 73.099
62 89 66.303
62 90 57.423
62 91 91.384
62 92 20.870
62 93 67.736
62 94 30.589
62 95 75.123
62 96 12.118
62 97 85.697
62 98 79.789
62 99 37.079
62 100 72.438
62 101 75.874
62 102 42.438
62 103 85.257
62 104 81.094
62 105 69.276
62 106 62.435
62 107 57.461
62 108 77.676
62 109 45.309
62 110 24.197
62 111 69.940
62 112 89.377
62 113 74.893
62 114 68.511
62 115 41.619
62 116 49.082
62 117 75.505
62 118 77.867
62 119 89.597
63 64 35.029
63 65 22.990
63 66 30.310
63 67 71.957
63 68 89.789
63 69 104.326
63 70 95.324
63 71 104.184
63 72 109.632
63 73 80.349
63 74 38.118
63 75 45.631
63 76 58.842
63 77 79.340
63 78 96.393
63 79 73.100
63 80 75.353
63 81 104.294
63 82 84.981
63 83 38.600
63 84 87.499
63 85 100.393
63 86 46.163
63 87 32.156
63 88 19.895
63 89 84.140
63 90 78.806
63 91 82.732
63 92 101.175
63 93 87.069
63 94 109.137
63 95 43.715
63 96 83.688
63 97 35.659
63 98 38.932
63 99 94.678
63 100 77.508
63 101 61.242
63 102 65.123
63 103 47.568
63 104 19.579
63 105 98.102
63 106 55.230
63 107 58.000
63 108 48.551
63 109 86.734
63 110 114.111
63 111 41.474
63 112 75.360
63 113 76.532
63 114 41.110
63 115 85.117
63 116 87.632
63 117 64.330
63 118 19.333
63 119 45.572
64 65 32.747
64 66 33.307
64 67 42.988
64 68 106.543
64 69 93.684
64 70 101.724
64 71 89.384
64 72 92.324
64 73 89.643
64 74 17.425
64 75 34.248
64 76 71.981
64 77 50.445
64 78 62.068
64 79 89.391
64 80 92.999
64 81 84.556
64 82 91.396
64 83 39.075
64 84 80.266
64 85 85.483
64 86 67.997
64 87 22.580
64 88 37.676
64 89 103.613
64 90 67.159
64 91 49.440
64 92 94.026
64 93 58.445
64 94 111.233
64 95 21.969
64 96 81.631
64 97 48.278
64 98 21.288
64 99 89.969
64 100 52.645
64 101 84.262
64 102 47.924
64 103 63.255
64 104 47.277
64 105 82.938
64 106 57.396
64 107 74.735
64 108 17.235
64 109 97.445
64 110 106.584
64 111 43.499
64 112 90.030
64 113 51.360
64 114 24.593
64 115 66.811
64 116 70.705
64 117 86.993
64 118 40.766
64 119 16.433
65 66 10.015
65 67 62.798
65 68 75.223
65 69 81.461
65 70 75.633
65 71 82.599
65 72 89.584
65 73 61.195
65 74 37.794
65 75 35.932
65 76 58.823
65 77 66.033
65 78 85.865
65 79 58.281
65 80 61.122
65 81 84.829
65 82 64.803
65 83 34.394
65 84 75.154
65 85 78.711
65 86 37.422
65 87 43.763
65 88 10.018
65 89 71.385
65 90 60.976
65 91 73.429
65 92 78.494
65 93 70.589
65 94 87.940
65 95 33.259
65 96 61.145
65 97 33.972
65 98 33.081
65 99 74.792
65 100 64.201
65 101 53.146
65 102 44.361
65 103 45.991
65 104 21.122
65 105 81.053
65 106 42.312
65 107 43.408
65 108 39.461
65 109 69.300
65 110 91.439
65 111 29.212
65 112 70.512
65 113 64.014
65 114 27.143
65 115 64.147
65 116 68.859
65 117 55.759
65 118 16.954
65 119 42.319
66 67 63.127
66 68 75.636
66 69 76.314
66 70 74.188
66 71 74.042
66 72 87.191
66 73 58.460
66 74 35.334
66 75 28.044
66 76 67.801
66 77 64.409
66 78 81.150
66 79 59.605
66 80 60.508
66 81 82.260
66 82 62.504
66 83 28.538
66 84 79.087
66 85 74.990
66 86 36.876
66 87 47.094
66 88 19.823
66 89 72.007
66 90 51.016
66 91 71.636
66 92 71.561
66 93 63.788
66 94 84.845
66 95 27.234
66 96 56.011
66 97 30.179
66 98 37.093
66 99 74.561
66 100 64.104
66 101 52.611
66 102 39.986
66 103 54.991
66 104 30.093
66 105 71.102
66 106 47.723
66 107 41.624
66 108 38.648
66 109 69.786
66 110 87.122
66 111 20.867
66 112 78.172
66 113 64.206
66 114 20.099
66 115 56.019
66 116 67.626
66 117 55.063
66 118 26.868
66 119 39.285
67 68 120.372
67 69 84.738
67 70 105.494
67 71 89.326
67 72 66.111
67 73 102.495
67 74 57.065
67 75 67.343
67 76 77.347
67 77 15.848
67 78 45.757
67 79 103.741
67 80 112.479
67 81 56.835
67 82 98.936
67 83 77.555
67 84 58.770
67 85 68.012
67 86 98.666
67 87 59.336
67 88 66.077
67 89 121.412
67 90 83.714
67 91 19.075
67 92 95.397
67 93 49.732
67 94 111.431
67 95 52.479
67 96 86.326
67 97 87.429
67 98 33.772
67 99 77.442
67 100 17.271
67 101 113.430
67 102 44.349
67 103 74.154
67 104 76.739
67 105 95.165
67 106 57.603
67 107 98.908
67 108 27.686
67 109 104.028
67 110 97.319
67 111 76.881
67 112 92.807
67 113 14.781
67 114 53.765
67 115 66.441
67 116 46.842
67 117 115.534
67 118 68.017
67 119 49.434
68 69 77.483
68 70 31.262
68 71 95.171
68 72 101.353
68 73 27.636
68 74 110.917
68 75 98.002
68 76 85.208
68 77 117.003
68 78 143.828
68 79 18.075
68 80 20.144
68 81 104.545
68 82 30.926
68 83 95.800
68 84 94.294
68 85 87.641
68 86 54.499
68 87 118.302
68 88 73.372
68 89 11.337
68 90 92.971
68 91 132.696
68 92 71.490
68 93 117.624
68 94 46.845
68 95 100.691
68 96 53.275
68 97 87.847
68 98 99.161
68 99 67.293
68 100 111.285
68 101 46.631
68 102 83.895
68 103 75.567
68 104 71.864
68 105 110.011
68 106 70.784
68 107 39.992
68 108 106.560
68 109 22.624
68 110 73.918
68 111 82.402
68 112 71.384
68 113 112.703
68 114 92.692
68 115 93.328
68 116 93.085
68 117 44.656
68 118 74.728
68 119 114.459
69 70 48.826
69 71 38.103
69 72 39.499
69 73 55.115
69 74 99.449
69 75 85.762
69 76 105.206
69 77 72.202
69 78 92.723
69 79 71.958
69 80 76.698
69 81 42.945
69 82 46.899
69 83 95.322
69 84 76.242
69 85 21.857
69 86 88.805
69 87 115.298
69 88 86.464
69 89 83.930
69 90 63.529
69 91 89.124
69 92 24.415
69 93 64.211
69 94 39.951
69 95 82.689
69 96 29.726
69 97 99.176
69 98 86.924
69 99 39.440
69 100 70.929
69 101 93.781
69 102 46.405
69 103 97.271
69 104 95.563
69 105 71.069
69 106 72.039
69 107 75.291
69 108 82.509
69 109 60.642
69 110 15.773
69 111 82.297
69 112 100.616
69 113 73.722
69 114 77.176
69 115 40.826
69 116 45.422
69 117 93.488
69 118 91.251
69 119 96.025
70 71 74.110
70 72 73.339
70 73 23.991
70 74 107.937
70 75 94.512
70 76 87.231
70 77 98.863
70 78 126.540
70 79 31.962
70 80 39.657
70 81 77.911
70 82 13.415
70 83 97.136
70 84 78.260
70 85 59.694
70 86 67.396
70 87 118.230
70 88 76.106
70 89 40.561
70 90 82.448
70 91 116.425
70 92 48.726
70 93 99.073
70 94 18.841
70 95 94.461
70 96 32.379
70 97 93.685
70 98 92.459
70 99 41.512
70 100 93.340
70 101 65.545
70 102 66.681
70 103 78.691
70 104 79.359
70 105 97.189
70 106 63.141
70 107 50.651
70 108 96.792
70 109 15.835
70 110 43.321
70 111 82.617
70 112 74.305
70 113 95.355
70 114 86.680
70 115 73.950
70 116 69.775
70 117 64.254
70 118 78.766
70 119 108.755
71 72 66.386
71 73 67.944
71 74 88.699
71 75 70.566
71 76 124.336
71 77 76.579
71 78 79.888
71 79 89.108
71 80 86.886
71 81 64.535
71 82 66.357
71 83 81.610
71 84 103.080
71 85 49.782
71 86 88.395
71 87 110.489
71 88 90.810
71 89 97.955
71 90 36.538
71 91 87.077
71 92 26.902
71 93 49.224
71 94 66.317
71 95 71.602
71 96 43.698
71 97 88.137
71 98 91.437
71 99 73.690
71 100 81.160
71 101 94.832
71 102 51.679
71 103 113.964
71 104 100.938
71 105 35.488
71 106 91.358
71 107 78.815
71 108 80.603
71 109 84.734
71 110 50.588
71 111 70.606
71 112 125.116
71 113 83.504
71 114 68.156
71 115 23.707
71 116 67.335
71 117 94.887
71 118 97.289
71 119 85.119
72 73 83.469
72 74 103.199
72 75 97.958
72 76 97.711
72 77 53.498
72 78 82.242
72 79 91.773
72 80 102.224
72 81 10.378
72 82 73.681
72 83 109.098
72 84 53.557
72 85 19.086
72 86 109.532
72 87 113.601
72 88 92.961
72 89 108.098
72 90 87.352
72 91 71.803
72 92 62.702
72 93 64.124
72 94 69.843
72 95 88.959
72 96 60.949
72 97 115.345
72 98 80.123
72 99 37.644
72 100 49.314
72 101 117.864
72 102 49.075
72 103 94.265
72 104 102.914
72 105 95.072
72 106 67.096
72 107 99.018
72 108 76.993
72 109 79.997
72 110 45.394
72 111 99.217
72 112 96.204
72 113 52.184
72 114 85.182
72 115 57.997
72 116 23.272
72 117 118.293
72 118 96.096
72 119 97.378
73 74 92.716
73 75 77.022
73 76 86.669
73 77 97.049
73 78 120.017
73 79 24.432
73 80 21.977
73 81 85.410
73 82 12.356
73 83 77.716
73 84 87.127
73 85 67.126
73 86 46.115
73 87 104.742
73 88 62.890
73 89 30.404
73 90 66.505
73 91 112.184
73 92 45.807
73 93 92.222
73 94 35.031
73 95 79.953
73 96 27.413
73 97 72.858
73 98 84.737
73 99 55.955
73 100 93.464
73 101 44.036
73 102 61.640
73 103 75.314
73 104 65.733
73 105 83.003
73 106 63.071
73 107 28.755
73 108 87.896
73 109 25.650
73 110 55.435
73 111 62.996
73 112 78.627
73 113 95.153
73 114 72.062
73 115 66.495
73 116 75.428
73 117 42.796
73 118 66.618
73 119 95.005
74 75 23.559
74 76 86.064
74 77 62.368
74 78 64.480
74 79 94.819
74 80 95.091
74 81 95.417
74 82 96.335
74 83 27.143
74 84 96.296
74 85 94.210
74 86 66.398
74 87 25.231
74 88 44.558
74 89 106.818
74 90 60.866
74 91 59.072
74 92 95.769
74 93 60.165
74 94 116.631
74 95 17.351
74 96 85.452
74 97 38.962
74 98 38.353
74 99 101.152
74 100 66.747
74 101 82.526
74 102 56.101
74 103 76.037
74 104 52.957
74 105 75.485
74 106 71.315
74 107 75.123
74 108 30.636
74 109 104.468
74 110 112.917
74 111 36.340
74 112 103.224
74 113 65.755
74 114 22.976
74 115 67.817
74 116 82.998
74 117 85.329
74 118 48.742
74 119 10.034
75 76 93.213
75 77 67.416
75 78 68.758
75 79 83.910
75 80 80.977
75 81 91.345
75 82 81.915
75 83 14.886
75 84 99.751
75 85 85.341
75 86 54.280
75 87 47.014
75 88 45.409
75 89 93.940
75 90 39.072
75 91 68.413
75 92 77.541
75 93 54.211
75 94 101.380
75 95 15.023
75 96 69.411
75 97 28.462
75 98 49.965
75 99 94.198
75 100 72.163
75 101 69.111
75 102 49.396
75 103 81.205
75 104 54.354
75 105 55.267
75 106 72.730
75 107 60.706
75 108 40.896
75 109 93.228
75 110 99.053
75 111 17.916
75 112 105.655
75 113 72.140
75 114 15.604
75 115 52.956
75 116 80.480
75 117 71.493
75 118 51.740
75 119 26.774
76 77 84.990
76 78 119.609
76 79 69.336
76 80 83.632
76 81 95.776
76 82 84.545
76 83 91.932
76 84 51.762
76 85 95.801
76 86 77.889
76 87 75.209
76 88 50.315
76 89 84.766
76 90 114.609
76 91 95.864
76 92 112.926
76 93 110.298
76 94 103.446
76 95 85.422
76 96 91.545
76 97 89.229
76 98 54.531
76 99 74.967
76 100 75.097
76 101 86.676
76 102 77.021
76 103 13.961
76 104 47.985
76 105 134.142
76 106 33.889
76 107 79.035
76 108 72.878
76 109 74.929
76 110 109.418
76 111 87.809
76 112 24.845
76 113 74.301
76 114 80.880
76 115 106.307
76 116 77.675
76 117 88.440
76 118 44.665
76 119 88.111
77 78 40.237
77 79 101.524
77 80 109.732
77 81 43.615
77 82 92.644
77 83 79.411
77 84 59.025
77 85 55.150
77 86 99.156
77 87 69.933
77 88 70.656
77 89 118.999
77 90 76.060
77 91 19.678
77 92 83.935
77 93 38.377
77 94 102.399
77 95 53.604
77 96 77.637
77 97 89.699
77 98 42.747
77 99 69.904
77 100 12.589
77 101 113.103
77 102 36.354
77 103 80.773
77 104 82.184
77 105 85.792
77 106 59.898
77 107 97.086
77 108 33.288
77 109 99.695
77 110 85.298
77 111 76.555
77 112 97.094
77 113 12.965
77 114 54.093
77 115 54.760
77 116 36.822
77 117 114.895
77 118 73.706
77 119 54.204
78 79 129.205
78 80 132.811
78 81 72.129
78 82 118.065
78 83 82.561
78 84 99.245
78 85 80.858
78 86 116.411
78 87 78.259
78 88 93.242
78 89 144.355
78 90 74.558
78 91 27.792
78 92 97.984
78 93 31.276
78 94 127.296
78 95 58.201
78 96 98.632
78 97 96.484
78 98 67.907
78 99 103.906
78 100 52.756
78 101 131.023
78 102 60.891
78 103 113.560
78 104 105.043
78 105 76.123
78 106 95.425
78 107 116.836
78 108 50.277
78 109 129.440
78 110 107.975
78 111 84.009
78 112 133.831
78 113 52.608
78 114 62.940
78 115 61.052
78 116 71.879
78 117 132.977
78 118 97.689
78 119 54.574
79 80 18.357
79 81 93.629
79 82 27.364
79 83 81.982
79 84 80.476
79 85 78.656
79 86 43.289
79 87 101.054
79 88 55.955
79 89 18.960
79 90 83.852
79 91 116.675
79 92 68.037
79 93 104.734
79 94 49.922
79 95 85.228
79 96 46.693
79 97 74.820
79 98 81.364
79 99 58.562
79 100 95.619
79 101 40.487
79 102 69.600
79 103 58.803
79 104 55.016
79 105 102.449
79 106 53.847
79 107 29.881
79 108 89.620
79 109 19.461
79 110 71.464
79 111 69.134
79 112 58.706
79 113 96.811
79 114 77.267
79 115 83.087
79 116 80.250
79 117 39.669
79 118 57.183
79 119 98.261
80 81 103.568
80 82 31.838
80 83 77.567
80 84 96.466
80 85 86.884
80 86 35.563
80 87 103.967
80 88 60.503
80 89 13.790
80 90 78.088
80 91 123.507
80 92 66.738
80 93 107.000
80 94 53.989
80 95 85.494
80 96 48.302
80 97 68.901
80 98 89.017
80 99 71.992
80 100 105.602
80 101 27.746
80 102 75.500
80 103 71.772
80 104 59.216
80 105 96.020
80 106 67.788
80 107 20.933
80 108 95.005
80 109 32.848
80 110 77.005
80 111 64.426
80 112 75.438
80 113 106.815
80 114 77.676
80 115 83.471
80 116 91.277
80 117 25.899
80 118 62.895
80 119 99.460
81 82 76.607
81 83 103.046
81 84 53.057
81 85 21.407
81 86 107.435
81 87 105.930
81 88 88.699
81 89 110.403
81 90 82.821
81 91 61.588
81 92 64.217
81 93 55.488
81 94 75.577
81 95 81.566
81 96 62.230
81 97 110.264
81 98 73.136
81 99 42.871
81 100 40.475
81 101 116.979
81 102 43.181
81 103 92.063
81 104 99.247
81 105 90.489
81 106 65.007
81 107 98.270
81 108 68.650
81 109 83.705
81 110 51.673
81 111 94.158
81 112 96.913
81 113 43.384
81 114 78.440
81 115 53.194
81 116 18.488
81 117 117.665
81 118 92.005
81 119 89.061
82 83 84.271
82 84 78.954
82 85 58.179
82 86 55.790
82 87 107.818
82 88 66.230
82 89 37.120
82 90 70.424
82 91 109.113
82 92 42.542
82 93 90.314
82 94 25.584
82 95 82.828
82 96 23.258
82 97 80.855
82 98 84.154
82 99 44.771
82 100 88.219
82 101 55.182
82 102 58.438
82 103 74.416
82 104 70.039
82 105 86.156
82 106 59.072
82 107 38.962
82 108 87.506
82 109 19.511
82 110 45.569
82 111 69.599
82 112 74.992
82 113 90.112
82 114 74.993
82 115 64.858
82 116 67.365
82 117 54.136
82 118 69.643
82 119 97.547
83 84 105.909
83 85 96.061
83 86 46.472
83 87 45.495
83 88 42.303
83 89 90.179
83 90 48.507
83 91 80.483
83 92 85.602
83 93 69.012
83 94 105.856
83 95 26.433
83 96 75.321
83 97 14.769
83 98 54.758
83 99 101.048
83 100 82.832
83 101 61.238
83 102 60.116
83 103 79.360
83 104 48.364
83 105 65.322
83 106 75.650
83 107 56.653
83 108 50.032
83 109 94.039
83 110 107.474
83 111 15.103
83 112 104.536
83 113 82.606
83 114 25.746
83 115 65.582
83 116 90.762
83 117 63.907
83 118 47.977
83 119 34.527
84 85 59.789
84 86 99.655
84 87 94.556
84 88 72.688
84 89 99.139
84 90 108.000
84 91 75.691
84 92 93.709
84 93 89.042
84 94 86.942
84 95 88.600
84 96 78.296
84 97 108.718
84 98 59.877
84 99 43.382
84 100 46.632
84 101 108.940
84 102 59.407
84 103 54.547
84 104 78.684
84 105 123.180
84 106 35.543
84 107 93.552
84 108 69.645
84 109 73.999
84 110 79.853
84 111 98.623
84 112 52.546
84 113 47.240
84 114 84.365
84 115 86.862
84 116 39.138
84 117 110.030
84 118 71.711
84 119 93.129
85 86 94.644
85 87 107.349
85 88 83.069
85 89 93.866
85 90 70.906
85 91 73.328
85 92 43.942
85 93 56.798
85 94 55.483
85 95 78.557
85 96 42.800
85 97 101.569
85 98 75.835
85 99 32.707
85 100 52.601
85 101 102.273
85 102 38.278
85 103 89.811
85 104 93.065
85 105 79.419
85 106 62.737
85 107 83.311
85 108 71.793
85 109 67.827
85 110 31.578
85 111 84.875
85 112 93.798
85 113 55.522
85 114 73.928
85 115 42.946
85 116 25.556
85 117 102.541
85 118 87.118
85 119 89.385
86 87 74.696
86 88 38.042
86 89 46.472
86 90 65.753
86 91 108.200
86 92 77.767
86 93 95.223
86 94 80.681
86 95 61.077
86 96 60.364
86 97 35.147
86 98 70.282
86 99 86.433
86 100 97.229
86 101 16.341
86 102 68.776
86 103 64.065
86 104 35.939
86 105 85.567
86 106 65.132
86 107 17.440
86 108 75.363
86 109 60.346
86 110 94.999
86 111 36.886
86 112 80.498
86 113 97.670
86 114 54.457
86 115 78.555
86 116 93.109
86 117 19.234
86 118 41.439
86 119 73.019
87 88 45.259
87 89 113.788
87 90 84.713
87 91 65.682
87 92 114.518
87 93 79.432
87 94 129.571
87 95 39.731
87 96 100.838
87 97 51.699
87 98 35.718
87 99 108.787
87 100 71.347
87 101 90.679
87 102 69.967
87 103 67.661
87 104 50.069
87 105 100.348
87 106 70.455
87 107 85.363
87 108 38.314
87 109 111.823
87 110 127.624
87 111 54.660
87 112 96.290
87 113 69.537
87 114 42.965
87 115 88.533
87 116 91.294
87 117 93.745
87 118 45.806
87 119 29.594
88 89 69.305
88 90 70.523
88 91 78.551
88 92 84.686
88 93 79.057
88 94 89.989
88 95 42.288
88 96 65.732
88 97 39.656
88 98 34.232
88 99 75.344
88 100 67.276
88 101 52.862
88 102 50.609
88 103 37.234
88 104 12.283
88 105 90.765
88 106 38.512
88 107 44.598
88 108 44.836
88 109 67.867
88 110 95.319
88 111 37.981
88 112 62.568
88 113 66.915
88 114 36.682
88 115 72.614
88 116 71.740
88 117 55.515
88 118 7.086
88 119 49.436
89 90 91.506
89 91 133.577
89 92 75.917
89 93 118.758
89 94 55.965
89 95 97.749
89 96 57.433
89 97 80.950
89 98 97.807
89 99 74.960
89 100 113.771
89 101 36.828
89 102 85.681
89 103 74.236
89 104 66.566
89 105 109.175
89 106 72.405
89 107 33.837
89 108 105.424
89 109 31.354
89 110 81.973
89 111 77.458
89 112 73.037
89 113 114.983
89 114 89.882
89 115 95.154
89 116 98.037
89 117 34.728
89 118 70.574
89 119 111.242
90 91 81.754
90 92 48.644
90 93 47.807
90 94 82.245
90 95 45.850
90 96 51.642
90 97 55.741
90 98 76.230
90 99 87.321
90 100 81.750
90 101 74.963
90 102 49.591
90 103 102.359
90 104 79.885
90 105 20.742
90 106 86.129
90 107 62.812
90 108 64.885
90 109 87.646
90 110 76.619
90 111 39.687
90 112 120.223
90 113 83.099
90 114 43.254
90 115 30.598
90 116 78.222
90 117 75.888
90 118 77.601
90 119 59.923
91 92 98.367
91 93 40.964
91 94 120.150
91 95 54.282
91 96 93.307
91 97 92.519
91 98 47.778
91 99 89.388
91 100 29.864
91 101 123.229
91 102 51.113
91 103 91.789
91 104 89.845
91 105 89.508
91 106 74.671
91 107 108.704
91 108 34.749
91 109 116.807
91 110 103.072
91 111 81.142
91 112 111.197
91 113 28.636
91 114 57.541
91 115 64.929
91 116 56.467
91 117 125.327
91 118 81.527
91 119 49.650
92 93 66.943
92 94 39.744
92 95 78.819
92 96 22.800
92 97 88.179
92 98 91.876
92 99 57.150
92 100 84.580
92 101 81.016
92 102 52.317
92 103 102.651
92 104 93.008
92 105 55.730
92 106 80.741
92 107 64.201
92 108 86.237
92 109 61.028
92 110 31.445
92 111 71.757
92 112 108.984
92 113 87.062
92 114 73.036
92 115 37.647
92 116 63.903
92 117 80.427
92 118 90.407
92 119 93.939
93 94 98.309
93 95 46.523
93 96 69.337
93 97 81.307
93 98 62.733
93 99 81.728
93 100 48.660
93 101 108.110
93 102 38.024
93 103 102.058
93 104 91.253
93 105 50.972
93 106 80.815
93 107 92.530
93 108 45.979
93 109 103.853
93 110 79.904
93 111 65.335
93 112 120.008
93 113 49.947
93 114 47.924
93 115 29.863
93 116 55.192
93 117 109.586
93 118 84.730
93 119 52.171
94 95 101.561
94 96 32.648
94 97 103.994
94 98 103.017
94 99 45.040
94 100 98.117
94 101 78.856
94 102 70.832
94 103 95.150
94 104 94.728
94 105 93.591
94 106 76.502
94 107 63.555
94 108 104.485
94 109 34.613
94 110 30.573
94 111 90.978
94 112 91.098
94 113 100.501
94 114 94.212
94 115 71.451
94 116 71.871
94 117 77.385
94 118 93.480
94 119 116.373
95 96 69.740
95 97 38.978
95 98 37.232
95 99 87.770
95 100 58.360
95 101 76.696
95 102 40.959
95 103 74.642
95 104 52.943
95 105 61.449
95 106 64.395
95 107 66.187
95 108 26.013
95 109 92.853
95 110 96.458
95 111 28.417
95 112 99.421
95 113 58.090
95 114 8.027
95 115 50.635
95 116 70.154
95 117 79.124
95 118 48.073
95 119 16.098
96 97 75.759
96 98 76.894
96 99 43.917
96 100 75.736
96 101 64.185
96 102 42.617
96 103 81.024
96 104 73.047
96 105 65.732
96 106 60.737
96 107 45.959
96 108 75.405
96 109 41.142
96 110 35.362
96 111 60.751
96 112 87.056
96 113 77.909
96 114 62.650
96 115 42.312
96 116 55.642
96 117 63.812
96 118 70.774
96 119 84.930
97 98 60.843
97 99 102.505
97 100 91.529
97 101 49.202
97 102 67.136
97 103 76.040
97 104 42.324
97 105 73.656
97 106 75.846
97 107 48.218
97 108 60.081
97 109 89.096
97 110 109.803
97 111 18.028
97 112 100.227
97 113 91.360
97 114 36.250
97 115 73.971
97 116 96.905
97 117 52.036
97 118 44.611
97 119 47.318
98 99 75.386
98 100 39.888
98 101 85.552
98 102 42.180
98 103 47.658
98 104 43.880
98 105 93.061
98 106 39.439
98 107 73.955
98 108 18.925
98 109 87.104
98 110 98.278
98 111 54.487
98 112 72.502
98 113 38.462
98 114 36.050
98 115 68.704
98 116 57.121
98 117 88.024
98 118 35.299
98 119 36.523
99 100 62.031
99 101 91.698
99 102 49.703
99 103 70.583
99 104 82.157
99 105 100.889
99 106 46.128
99 107 73.893
99 108 79.396
99 109 44.851
99 110 38.494
99 111 88.957
99 112 66.538
99 113 64.295
99 114 81.467
99 115 65.999
99 116 34.694
99 117 91.707
99 118 77.329
99 119 98.711
100 101 110.661
100 102 36.398
100 103 72.035
100 104 78.115
100 105 93.296
100 106 50.609
100 107 94.478
100 108 36.246
100 109 93.085
100 110 82.534
100 111 78.970
100 112 86.381
100 113 2.982
100 114 57.540
100 115 59.873
100 116 30.124
100 117 112.383
100 118 69.465
100 119 59.770
101 102 80.903
101 103 73.405
101 104 49.208
101 105 93.653
101 106 75.352
101 107 18.963
101 108 91.020
101 109 58.351
101 110 97.711
101 111 51.285
101 112 85.250
101 113 111.311
101 114 69.929
101 115 88.457
101 116 103.325
101 117 3.233
101 118 55.406
101 119 89.117
102 103 68.170
102 104 62.287
102 105 64.302
102 106 44.957
102 107 63.522
102 108 36.198
102 109 68.561
102 110 59.771
102 111 51.238
102 112 83.395
102 113 38.171
102 114 36.319
102 115 30.583
102 116 31.760
102 117 82.242
102 118 55.656
102 119 51.947
103 104 34.766
103 105 122.273
103 106 27.344
103 107 65.654
103 108 65.342
103 109 66.496
103 110 102.197
103 111 74.619
103 112 28.858
103 113 71.451
103 114 69.552
103 115 96.289
103 116 73.657
103 117 75.277
103 118 31.733
103 119 78.811
104 105 100.365
104 106 43.839
104 107 44.836
104 108 56.106
104 109 69.214
104 110 103.215
104 111 44.979
104 112 59.681
104 113 77.644
104 114 47.685
104 115 83.838
104 116 81.897
104 117 51.974
104 118 8.862
104 119 59.062
105 106 104.619
105 107 82.172
105 108 79.301
105 109 104.489
105 110 84.113
105 111 58.912
105 112 139.665
105 113 94.790
105 114 60.647
105 115 38.044
105 116 89.740
105 117 94.327
105 118 97.832
105 119 73.193
106 107 61.478
106 108 52.702
106 109 55.226
106 110 77.842
106 111 68.016
106 112 39.258
106 113 50.886
106 114 58.681
106 115 73.917
106 116 46.707
106 117 76.826
106 118 37.547
106 119 71.231
107 108 78.414
107 109 45.085
107 110 79.822
107 111 43.773
107 112 77.240
107 113 95.410
107 114 58.636
107 115 71.750
107 116 85.109
107 117 19.419
107 118 48.382
107 119 80.009
108 109 94.269
108 110 95.857
108 111 50.640
108 112 89.123
108 113 35.155
108 114 27.597
108 115 57.058
108 116 55.880
108 117 93.403
108 118 48.280
108 119 24.473
109 110 56.961
109 111 80.340
109 112 60.916
109 113 94.717
109 114 84.917
109 115 80.974
109 116 72.524
109 117 57.290
109 118 69.385
109 119 106.244
110 111 93.739
110 112 101.255
110 113 85.331
110 114 90.429
110 115 56.234
110 116 54.488
110 117 96.976
110 118 99.532
110 119 110.058
111 112 97.302
111 113 79.231
111 114 23.734
111 115 55.981
111 116 82.052
111 117 53.629
111 118 44.612
111 119 41.620
112 113 86.357
112 114 93.503
112 115 110.632
112 116 80.069
112 117 86.181
112 118 58.090
112 119 105.256
113 114 57.521
113 115 61.930
113 116 32.863
113 117 113.100
113 118 68.926
113 119 58.765
114 115 47.587
114 116 66.323
114 117 72.274
114 118 42.949
114 119 23.258
115 116 51.866
115 117 89.252
115 118 78.975
115 119 63.353
116 117 104.253
116 118 74.521
116 119 77.674
117 118 58.063
117 119 91.783
118 119 53.730
