60 6 ss 10 10 10 10 10 10 10 10 10 10 10 10 
0 1 101.553
0 2 119.385
0 3 99.721
0 4 62.417
0 5 128.163
0 6 90.232
0 7 76.822
0 8 119.897
0 9 110.974
0 10 96.763
0 11 85.035
0 12 123.875
0 13 85.247
0 14 78.865
0 15 155.339
0 16 126.843
0 17 78.952
0 18 79.823
0 19 117.426
0 20 120.971
0 21 94.347
0 22 76.274
0 23 105.298
0 24 98.243
0 25 94.492
0 26 54.429
0 27 128.858
0 28 119.084
0 29 102.868
0 30 122.056
0 31 81.057
0 32 66.298
0 33 85.638
0 34 88.542
0 35 82.219
0 36 66.124
0 37 88.068
0 38 114.420
0 39 115.568
0 40 56.376
0 41 85.794
0 42 105.946
0 43 88.317
0 44 102.736
0 45 71.048
0 46 91.976
0 47 71.925
0 48 107.991
0 49 120.375
0 50 95.126
0 51 83.548
0 52 104.948
0 53 129.559
0 54 74.601
0 55 148.931
0 56 89.506
0 57 104.191
0 58 92.301
0 59 111.898
1 2 108.034
1 3 138.452
1 4 111.411
1 5 112.208
1 6 97.548
1 7 108.560
1 8 103.375
1 9 102.899
1 10 126.138
1 11 136.047
1 12 122.344
1 13 79.881
1 14 103.813
1 15 88.416
1 16 128.297
1 17 107.064
1 18 51.473
1 19 109.979
1 20 56.579
1 21 122.441
1 22 56.257
1 23 101.971
1 24 80.839
1 25 33.285
1 26 104.579
1 27 77.611
1 28 88.353
1 29 130.553
1 30 90.908
1 31 114.911
1 32 86.434
1 33 127.638
1 34 75.988
1 35 97.171
1 36 125.383
1 37 99.927
1 38 136.280
1 39 102.891
1 40 105.617
1 41 62.139
1 42 65.934
1 43 100.036
1 44 44.257
1 45 84.818
1 46 114.132
1 47 99.767
1 48 76.005
1 49 110.227
1 50 97.137
1 51 110.877
1 52 134.796
1 53 76.248
1 54 102.962
1 55 91.139
1 56 131.582
1 57 94.745
1 58 100.667
1 59 31.753
2 3 106.385
2 4 106.093
2 5 101.976
2 6 112.160
2 7 147.885
2 8 123.070
2 9 76.369
2 10 104.335
2 11 106.837
2 12 112.832
2 13 112.404
2 14 69.160
2 15 126.166
2 16 158.798
2 17 127.934
2 18 129.098
2 19 61.592
2 20 102.975
2 21 131.446
2 22 110.991
2 23 143.313
2 24 152.459
2 25 90.579
2 26 89.797
2 27 143.629
2 28 117.349
2 29 117.777
2 30 102.955
2 31 116.317
2 32 104.201
2 33 114.227
2 34 80.259
2 35 132.412
2 36 127.206
2 37 98.805
2 38 120.510
2 39 107.843
2 40 102.267
2 41 131.583
2 42 129.681
2 43 126.188
2 44 136.247
2 45 95.207
2 46 113.921
2 47 63.443
2 48 128.663
2 49 113.405
2 50 89.666
2 51 102.899
2 52 138.348
2 53 115.734
2 54 91.988
2 55 133.984
2 56 135.919
2 57 155.864
2 58 104.081
2 59 94.093
3 4 82.636
3 5 65.732
3 6 83.669
3 7 88.004
3 8 108.450
3 9 69.549
3 10 72.889
3 11 20.099
3 12 102.268
3 13 104.257
3 14 78.703
3 15 138.146
3 16 108.683
3 17 63.779
3 18 134.689
3 19 88.673
3 20 116.490
3 21 53.881
3 22 104.243
3 23 95.590
3 24 135.795
3 25 111.556
3 26 95.824
3 27 150.330
3 28 112.499
3 29 73.026
3 30 82.076
3 31 44.084
3 32 65.982
3 33 54.874
3 34 85.720
3 35 76.067
3 36 56.016
3 37 114.403
3 38 44.316
3 39 74.367
3 40 69.248
3 41 107.976
3 42 121.228
3 43 125.350
3 44 160.122
3 45 80.870
3 46 52.911
3 47 91.687
3 48 123.530
3 49 74.620
3 50 109.513
3 51 74.804
3 52 61.924
3 53 136.666
3 54 77.869
3 55 130.602
3 56 64.008
3 57 121.217
3 58 83.625
3 59 125.786
4 5 106.898
4 6 75.412
4 7 84.714
4 8 118.761
4 9 72.554
4 10 103.933
4 11 77.556
4 12 112.996
4 13 63.623
4 14 80.110
4 15 134.870
4 16 125.523
4 17 66.430
4 18 102.427
4 19 83.446
4 20 108.583
4 21 75.220
4 22 102.825
4 23 123.830
4 24 102.227
4 25 94.335
4 26 65.423
4 27 120.996
4 28 92.843
4 29 53.668
4 30 104.414
4 31 85.212
4 32 52.522
4 33 42.993
4 34 65.373
4 35 92.643
4 36 85.732
4 37 59.585
4 38 84.706
4 39 84.252
4 40 37.417
4 41 94.274
4 42 93.472
4 43 88.185
4 44 124.922
4 45 82.780
4 46 65.862
4 47 85.855
4 48 133.297
4 49 85.514
4 50 69.355
4 51 33.330
4 52 87.515
4 53 98.465
4 54 43.767
4 55 136.333
4 56 93.924
4 57 113.183
4 58 70.835
4 59 105.806
5 6 82.488
5 7 98.433
5 8 92.788
5 9 50.249
5 10 95.649
5 11 79.819
5 12 98.336
5 13 97.127
5 14 96.795
5 15 85.262
5 16 100.660
5 17 74.393
5 18 125.203
5 19 80.164
5 20 73.047
5 21 67.919
5 22 93.317
5 23 83.825
5 24 123.851
5 25 83.514
5 26 121.471
5 27 122.621
5 28 85.633
5 29 88.306
5 30 27.420
5 31 68.834
5 32 71.457
5 33 84.507
5 34 73.580
5 35 76.183
5 36 95.705
5 37 120.389
5 38 57.994
5 39 41.540
5 40 95.697
5 41 89.613
5 42 93.420
5 43 130.693
5 44 143.330
5 45 87.143
5 46 61.173
5 47 110.531
5 48 105.575
5 49 44.843
5 50 110.616
5 51 88.433
5 52 79.322
5 53 103.269
5 54 93.269
5 55 81.587
5 56 92.400
5 57 109.375
5 58 81.366
5 59 90.000
6 7 61.199
6 8 46.227
6 9 69.335
6 10 64.258
6 11 81.763
6 12 48.777
6 13 37.573
6 14 64.085
6 15 90.813
6 16 57.805
6 17 50.724
6 18 77.292
6 19 70.024
6 20 71.254
6 21 56.778
6 22 83.163
6 23 89.738
6 24 66.547
6 25 86.997
6 26 71.777
6 27 73.999
6 28 45.376
6 29 57.528
6 30 83.524
6 31 63.718
6 32 39.739
6 33 60.725
6 34 39.561
6 35 66.321
6 36 85.243
6 37 63.336
6 38 61.470
6 39 83.425
6 40 46.644
6 41 77.090
6 42 97.115
6 43 52.749
6 44 103.582
6 45 42.892
6 46 83.598
6 47 85.496
6 48 86.187
6 49 58.530
6 50 55.417
6 51 53.066
6 52 50.686
6 53 89.184
6 54 41.545
6 55 79.597
6 56 57.445
6 57 60.879
6 58 106.225
6 59 86.492
7 8 86.874
7 9 102.264
7 10 90.570
7 11 82.397
7 12 102.626
7 13 71.736
7 14 99.426
7 15 123.676
7 16 66.251
7 17 31.622
7 18 81.080
7 19 120.466
7 20 99.540
7 21 46.198
7 22 74.270
7 23 62.391
7 24 66.562
7 25 97.494
7 26 96.135
7 27 102.546
7 28 89.600
7 29 85.239
7 30 94.246
7 31 53.076
7 32 47.114
7 33 73.541
7 34 83.674
7 35 33.144
7 36 59.598
7 37 104.935
7 38 78.394
7 39 90.806
7 40 64.950
7 41 56.699
7 42 89.966
7 43 88.680
7 44 111.182
7 45 67.689
7 46 74.482
7 47 110.963
7 48 88.922
7 49 83.397
7 50 105.574
7 51 80.307
7 52 54.749
7 53 118.918
7 54 80.505
7 55 107.795
7 56 50.975
7 57 49.515
7 58 99.871
7 59 109.041
8 9 95.685
8 10 64.545
8 11 107.250
8 12 35.730
8 13 72.731
8 14 77.770
8 15 85.544
8 16 49.040
8 17 85.060
8 18 84.985
8 19 88.774
8 20 72.966
8 21 88.577
8 22 88.379
8 23 89.329
8 24 81.424
8 25 99.575
8 26 96.103
8 27 74.413
8 28 62.737
8 29 99.703
8 30 94.710
8 31 82.466
8 32 76.563
8 33 103.194
8 34 66.847
8 35 82.572
8 36 107.264
8 37 95.729
8 38 88.186
8 39 109.173
8 40 87.237
8 41 93.642
8 42 120.554
8 43 70.516
8 44 105.084
8 45 52.955
8 46 116.683
8 47 98.255
8 48 67.036
8 49 83.614
8 50 82.037
8 51 97.135
8 52 77.395
8 53 109.527
8 54 81.287
8 55 65.022
8 56 74.307
8 57 64.237
8 58 137.666
8 59 92.937
9 10 95.337
9 11 79.277
9 12 89.975
9 13 71.304
9 14 77.392
9 15 86.376
9 16 113.116
9 17 74.088
9 18 115.217
9 19 41.658
9 20 70.099
9 21 72.566
9 22 99.720
9 23 111.628
9 24 114.908
9 25 75.954
9 26 94.987
9 27 110.660
9 28 67.659
9 29 58.335
9 30 53.842
9 31 80.989
9 32 58.948
9 33 60.877
9 34 44.630
9 35 91.572
9 36 102.170
9 37 80.506
9 38 60.176
9 39 43.106
9 40 70.770
9 41 94.321
9 42 87.174
9 43 107.310
9 44 132.476
9 45 80.758
9 46 59.245
9 47 91.155
9 48 119.299
9 49 40.866
9 50 72.987
9 51 52.413
9 52 83.095
9 53 76.033
9 54 59.902
9 55 92.974
9 56 98.925
9 57 114.892
9 58 69.381
9 59 79.144
10 11 64.087
10 12 55.555
10 13 94.897
10 14 44.144
10 15 132.416
10 16 83.116
10 17 83.564
10 18 108.106
10 19 86.418
10 20 109.477
10 21 83.416
10 22 92.518
10 23 94.344
10 24 117.468
10 25 113.628
10 26 68.736
10 27 126.268
10 28 102.978
10 29 95.547
10 30 106.678
10 31 57.734
10 32 75.211
10 33 87.144
10 34 78.561
10 35 83.292
10 36 72.086
10 37 100.207
10 38 77.950
10 39 114.806
10 40 69.341
10 41 112.182
10 42 140.469
10 43 87.558
10 44 132.410
10 45 43.829
10 46 105.259
10 47 64.106
10 48 88.089
10 49 98.902
10 50 89.456
10 51 92.053
10 52 72.697
10 53 141.305
10 54 72.587
10 55 117.444
10 56 51.548
10 57 100.353
10 58 127.934
10 59 119.449
11 12 101.172
11 13 102.265
11 14 69.964
11 15 145.891
11 16 108.207
11 17 62.992
11 18 127.316
11 19 93.091
11 20 120.808
11 21 57.536
11 22 98.600
11 23 93.957
11 24 131.570
11 25 111.967
11 26 82.800
11 27 149.917
11 28 116.121
11 29 76.789
11 30 92.717
11 31 38.985
11 32 63.442
11 33 55.724
11 34 86.231
11 35 73.266
11 36 42.087
11 37 109.814
11 38 55.592
11 39 86.250
11 40 60.609
11 41 106.479
11 42 124.243
11 43 117.327
11 44 153.653
11 45 72.765
11 46 60.457
11 47 80.843
11 48 118.577
11 49 85.866
11 50 106.236
11 51 74.986
11 52 63.683
11 53 141.323
11 54 73.475
11 55 136.878
11 56 56.167
11 57 117.719
11 58 87.707
11 59 127.442
12 13 77.583
12 14 65.875
12 15 101.160
12 16 69.440
12 17 93.641
12 18 105.694
12 19 71.465
12 20 90.559
12 21 93.311
12 22 109.712
12 23 114.207
12 24 102.825
12 25 114.885
12 26 87.383
12 27 93.870
12 28 69.826
12 29 88.143
12 30 106.746
12 31 89.035
12 32 82.928
12 33 94.819
12 34 66.212
12 35 101.409
12 36 112.709
12 37 85.219
12 38 82.150
12 39 115.160
12 40 81.486
12 41 116.666
12 42 137.514
12 43 70.101
12 44 126.181
12 45 60.171
12 46 120.335
12 47 91.225
12 48 95.999
12 49 86.001
12 50 69.418
12 51 88.735
12 52 77.695
12 53 116.532
12 54 70.362
12 55 88.107
12 56 77.600
12 57 92.014
12 58 142.696
12 59 108.429
13 14 78.474
13 15 86.735
13 16 86.247
13 17 62.519
13 18 63.848
13 19 74.270
13 20 64.778
13 21 74.868
13 22 84.508
13 23 105.655
13 24 52.047
13 25 73.992
13 26 73.850
13 27 58.469
13 28 38.077
13 29 62.396
13 30 89.104
13 31 87.223
13 32 44.489
13 33 68.513
13 34 35.496
13 35 80.301
13 36 102.627
13 37 44.504
13 38 85.268
13 39 83.167
13 40 51.699
13 41 69.697
13 42 77.075
13 43 48.541
13 44 85.799
13 45 61.540
13 46 86.850
13 47 92.262
13 48 97.803
13 49 67.236
13 50 44.656
13 51 47.924
13 52 78.771
13 53 62.163
13 54 42.921
13 55 85.009
13 56 87.945
13 57 68.506
13 58 97.123
13 59 71.128
14 15 124.313
14 16 107.517
14 17 87.234
14 18 94.536
14 19 61.067
14 20 96.675
14 21 92.323
14 22 85.082
14 23 108.979
14 24 112.432
14 25 91.757
14 26 37.700
14 27 116.840
14 28 93.356
14 29 86.948
14 30 101.621
14 31 72.415
14 32 66.580
14 33 79.892
14 34 56.428
14 35 92.736
14 36 82.135
14 37 70.255
14 38 87.802
14 39 105.464
14 40 54.068
14 41 106.093
14 42 124.240
14 43 75.155
14 44 114.320
14 45 40.088
14 46 98.374
14 47 27.534
14 48 94.295
14 49 96.250
14 50 60.662
14 51 74.046
14 52 90.493
14 53 118.042
14 54 50.672
14 55 118.462
14 56 78.123
14 57 109.379
14 58 108.295
14 59 97.387
15 16 106.811
15 17 111.552
15 18 107.171
15 19 95.181
15 20 37.125
15 21 115.349
15 22 108.016
15 23 117.115
15 24 99.466
15 25 81.295
15 26 141.319
15 27 68.311
15 28 55.414
15 29 117.007
15 30 72.221
15 31 124.432
15 32 100.209
15 33 126.886
15 34 77.942
15 35 112.483
15 36 151.212
15 37 114.937
15 38 113.747
15 39 87.792
15 40 124.317
15 41 94.754
15 42 89.431
15 43 117.736
15 44 111.940
15 45 106.756
15 46 119.309
15 47 137.751
15 48 104.618
15 49 75.195
15 50 103.881
15 51 112.321
15 52 120.004
15 53 62.016
15 54 111.900
15 55 30.137
15 56 134.656
15 57 100.424
15 58 125.042
15 59 62.026
16 17 72.449
16 18 101.749
16 19 119.288
16 20 97.716
16 21 72.568
16 22 102.206
16 23 80.126
16 24 80.698
16 25 121.344
16 26 118.825
16 27 92.050
16 28 79.896
16 29 100.294
16 30 104.105
16 31 77.792
16 32 80.699
16 33 101.393
16 34 92.311
16 35 71.012
16 36 100.884
16 37 118.892
16 38 81.703
16 39 112.502
16 40 95.278
16 41 93.344
16 42 124.904
16 43 90.456
16 44 127.517
16 45 76.207
16 46 113.329
16 47 128.375
16 48 85.890
16 49 85.723
16 50 110.603
16 51 104.583
16 52 57.495
16 53 128.710
16 54 97.641
16 55 81.822
16 56 59.810
16 57 49.375
16 58 143.660
16 59 120.326
17 18 91.302
17 19 96.997
17 20 88.569
17 21 20.121
17 22 77.904
17 23 69.739
17 24 78.765
17 25 88.065
17 26 89.682
17 27 104.093
17 28 76.895
17 29 59.688
17 30 73.687
17 31 41.353
17 32 27.727
17 33 47.015
17 34 65.923
17 35 36.710
17 36 56.475
17 37 92.696
17 38 51.522
17 39 64.160
17 40 50.352
17 41 60.430
17 42 81.194
17 43 90.747
17 44 119.822
17 45 63.942
17 46 47.457
17 47 101.309
17 48 97.671
17 49 56.928
17 50 92.081
17 51 56.592
17 52 39.301
17 53 104.246
17 54 62.873
17 55 100.532
17 56 49.548
17 57 67.044
17 58 78.769
17 59 99.766
18 19 117.370
18 20 76.879
18 21 109.231
18 22 55.581
18 23 93.326
18 24 46.073
18 25 67.951
18 26 85.260
18 27 64.770
18 28 84.074
18 29 120.262
18 30 110.044
18 31 102.097
18 32 74.923
18 33 116.472
18 34 76.064
18 35 82.733
18 36 108.777
18 37 87.372
18 38 128.778
18 39 117.544
18 40 86.837
18 41 58.707
18 42 84.883
18 43 65.205
18 44 31.618
18 45 65.884
18 46 117.694
18 47 95.148
18 48 64.528
18 49 113.508
18 50 87.271
18 51 102.361
18 52 115.329
18 53 95.259
18 54 89.402
18 55 98.683
18 56 106.248
18 57 62.451
18 58 117.592
18 59 69.136
19 20 80.854
19 21 96.907
19 22 112.609
19 23 132.274
19 24 122.088
19 25 91.816
19 26 82.037
19 27 109.832
19 28 70.744
19 29 69.329
19 30 86.111
19 31 98.135
19 32 76.730
19 33 77.146
19 34 44.620
19 35 113.542
19 36 118.254
19 37 65.039
19 38 79.765
19 39 83.788
19 40 74.140
19 41 116.746
19 42 115.392
19 43 93.805
19 44 132.283
19 45 78.212
19 46 94.868
19 47 77.774
19 48 123.274
19 49 69.897
19 50 51.530
19 51 62.331
19 52 97.525
19 53 85.939
19 54 54.574
19 55 101.746
19 56 107.278
19 57 125.155
19 58 102.724
19 59 87.860
20 21 96.666
20 22 73.175
20 23 92.929
20 24 79.912
20 25 46.583
20 26 110.977
20 27 61.173
20 28 48.542
20 29 102.816
20 30 55.600
20 31 98.758
20 32 72.219
20 33 106.767
20 34 52.481
20 35 86.144
20 36 121.869
20 37 93.798
20 38 100.865
20 39 72.186
20 40 97.309
20 41 65.572
20 42 66.491
20 43 96.518
20 44 84.407
20 45 77.114
20 46 96.629
20 47 106.333
20 48 78.376
20 49 66.996
20 50 84.204
20 51 91.921
20 52 104.963
20 53 54.695
20 54 88.273
20 55 41.585
20 56 112.922
20 57 82.336
20 58 98.654
20 59 30.886
21 22 92.369
21 23 76.306
21 24 94.880
21 25 100.799
21 26 99.824
21 27 115.771
21 28 82.667
21 29 56.010
21 30 73.848
21 31 41.055
21 32 41.519
21 33 44.145
21 34 73.603
21 35 47.253
21 36 60.538
21 37 102.195
21 38 35.252
21 39 62.943
21 40 59.186
21 41 76.782
21 42 94.178
21 43 102.549
21 44 137.442
21 45 73.456
21 46 46.730
21 47 109.174
21 48 108.503
21 49 51.562
21 50 99.812
21 51 60.545
21 52 27.310
21 53 113.183
21 54 69.249
21 55 103.986
21 56 47.626
21 57 79.397
21 58 85.036
21 59 111.390
22 23 54.261
22 24 82.526
22 25 49.892
22 26 90.052
22 27 99.452
22 28 97.958
22 29 120.139
22 30 79.027
22 31 71.547
22 32 64.654
22 33 108.597
22 34 77.103
22 35 54.346
22 36 77.895
22 37 109.603
22 38 110.975
22 39 93.673
22 40 86.511
22 41 44.341
22 42 77.437
22 43 99.390
22 44 71.554
22 45 56.660
22 46 90.750
22 47 82.315
22 48 45.776
22 49 101.168
22 50 105.663
22 51 103.942
22 52 104.655
22 53 109.151
22 54 94.427
22 55 97.221
22 56 91.329
22 57 75.293
22 58 90.448
22 59 66.796
23 24 97.582
23 25 88.811
23 26 120.836
23 27 118.683
23 28 109.787
23 29 124.058
23 30 77.531
23 31 57.213
23 32 75.557
23 33 111.411
23 34 100.318
23 35 34.095
23 36 69.883
23 37 139.298
23 38 97.145
23 39 94.071
23 40 102.584
23 41 58.684
23 42 96.934
23 43 123.113
23 44 114.636
23 45 75.750
23 46 88.691
23 47 115.606
23 48 59.244
23 49 96.734
23 50 133.572
23 51 117.760
23 52 86.260
23 53 134.461
23 54 113.743
23 55 97.153
23 56 74.315
23 57 69.678
23 58 106.706
23 59 102.489
24 25 88.508
24 26 104.092
24 27 47.628
24 28 66.868
24 29 105.173
24 30 110.542
24 31 103.952
24 32 72.390
24 33 106.835
24 34 79.347
24 35 80.399
24 36 115.589
24 37 89.009
24 38 116.765
24 39 111.930
24 40 87.431
24 41 60.183
24 42 82.702
24 43 63.641
24 44 67.826
24 45 80.354
24 46 114.088
24 47 122.301
24 48 86.315
24 49 99.262
24 50 90.306
24 51 94.209
24 52 98.231
24 53 88.375
24 54 88.939
24 55 88.606
24 56 100.131
24 57 38.912
24 58 124.134
24 59 85.747
25 26 98.344
25 27 88.552
25 28 80.641
25 29 110.887
25 30 62.025
25 31 94.216
25 32 67.731
25 33 105.926
25 34 60.848
25 35 80.931
25 36 106.789
25 37 95.436
25 38 112.149
25 39 72.719
25 40 91.036
25 41 52.820
25 42 50.526
25 43 104.615
25 44 73.410
25 45 76.019
25 46 85.240
25 47 89.920
25 48 79.517
25 49 86.405
25 50 91.660
25 51 92.458
25 52 116.564
25 53 69.739
25 54 89.129
25 55 85.328
25 56 116.812
25 57 95.475
25 58 71.414
25 59 26.913
26 27 117.639
26 28 101.756
26 29 89.348
26 30 121.424
26 31 85.562
26 32 68.857
26 33 80.688
26 34 66.877
26 35 99.129
26 36 85.011
26 37 57.522
26 38 104.512
26 39 118.688
26 40 45.075
26 41 106.294
26 42 123.748
26 43 62.462
26 44 106.045
26 45 52.634
26 46 105.098
26 47 38.095
26 48 106.541
26 49 111.809
26 50 58.176
26 51 71.522
26 52 100.223
26 53 120.682
26 54 48.186
26 55 136.591
26 56 86.703
26 57 109.961
26 58 110.511
26 59 105.995
27 28 49.073
27 29 114.098
27 30 109.123
27 31 124.821
27 32 91.440
27 33 123.300
27 34 75.568
27 35 106.966
27 36 144.054
27 37 88.782
27 38 126.068
27 39 116.045
27 40 106.630
27 41 83.815
27 42 92.913
27 43 71.359
27 44 71.619
27 45 91.824
27 46 131.451
27 47 128.949
27 48 93.287
27 49 98.332
27 50 83.718
27 51 104.588
27 52 116.092
27 53 68.379
27 54 97.321
27 55 64.182
27 56 123.228
27 57 67.035
27 58 138.288
27 59 71.845
28 29 72.032
28 30 78.957
28 31 98.256
28 32 64.185
28 33 84.892
28 34 43.043
28 35 91.128
28 36 122.099
28 37 68.889
28 38 83.818
28 39 79.499
28 40 79.451
28 41 81.381
28 42 84.110
28 43 71.141
28 44 100.456
28 45 76.296
28 46 97.237
28 47 111.310
28 48 100.575
28 49 54.136
28 50 60.332
28 51 67.358
28 52 83.042
28 53 53.415
28 54 65.709
28 55 55.598
28 56 99.480
28 57 74.082
28 58 110.893
28 59 68.749
29 30 94.884
29 31 81.610
29 32 56.427
29 33 25.536
29 34 61.804
29 35 93.716
29 36 97.033
29 37 69.010
29 38 49.085
29 39 74.670
29 40 50.266
29 41 105.681
29 42 106.893
29 43 90.453
29 44 145.152
29 45 86.487
29 46 68.208
29 47 106.319
29 48 137.286
29 49 54.664
29 50 69.262
29 51 25.094
29 52 57.587
29 53 96.761
29 54 44.001
29 55 116.251
29 56 81.174
29 57 106.834
29 58 93.760
29 59 114.584
30 31 75.830
30 32 67.385
30 33 91.176
30 34 69.052
30 35 71.099
30 36 99.789
30 37 116.799
30 38 74.849
30 39 33.739
30 40 96.992
30 41 70.597
30 42 69.526
30 43 126.811
30 44 125.008
30 45 86.570
30 46 60.702
30 47 111.474
30 48 96.217
30 49 48.697
30 50 108.768
30 51 89.582
30 52 89.810
30 53 86.733
30 54 94.926
30 55 71.629
30 56 101.273
30 57 100.610
30 58 70.414
30 59 69.346
31 32 46.696
31 33 64.360
31 34 76.300
31 35 37.315
31 36 31.856
31 37 108.715
31 38 54.449
31 39 78.037
31 40 60.571
31 41 77.106
31 42 104.972
31 43 103.401
31 44 129.478
31 45 53.441
31 46 59.117
31 47 84.892
31 48 86.408
31 49 74.453
31 50 103.687
31 51 78.185
31 52 48.607
31 53 128.374
31 54 74.296
31 55 109.971
31 56 35.093
31 57 83.567
31 58 88.533
31 59 108.706
32 33 46.112
32 34 41.729
32 35 45.821
32 36 61.699
32 37 70.789
32 38 59.067
32 39 60.543
32 40 34.832
32 41 55.146
32 42 72.316
32 43 74.811
32 44 101.573
32 45 46.598
32 46 50.330
32 47 78.972
32 48 87.911
32 49 55.206
32 50 69.406
32 51 43.351
32 52 54.996
32 53 87.059
32 54 43.169
32 55 93.235
32 56 59.277
32 57 69.453
32 58 69.877
32 59 78.732
33 34 65.150
33 35 80.077
33 36 74.674
33 37 76.566
33 38 45.117
33 39 71.012
33 40 38.726
33 41 97.687
33 42 103.432
33 43 94.618
33 44 143.034
33 45 78.756
33 46 52.199
33 47 96.040
33 48 130.464
33 49 60.858
33 50 78.049
33 51 28.336
33 52 52.027
33 53 107.374
33 54 44.361
33 55 123.576
33 56 68.660
33 57 105.058
33 58 80.387
33 59 115.359
34 35 79.280
34 36 95.740
34 37 49.814
34 38 73.460
34 39 68.427
34 40 50.949
34 41 75.291
34 42 80.660
34 43 65.520
34 44 94.697
34 45 49.881
34 46 76.774
34 47 71.308
34 48 91.227
34 49 55.720
34 50 40.209
34 51 46.733
34 52 78.617
34 53 64.026
34 54 36.887
34 55 78.806
34 56 85.650
34 57 84.913
34 58 85.195
34 59 59.132
35 36 51.017
35 37 113.414
35 38 74.289
35 39 76.204
35 40 72.812
35 41 46.301
35 42 82.170
35 43 101.906
35 44 109.370
35 45 60.666
35 46 63.951
35 47 102.032
35 48 71.716
35 49 76.271
35 50 110.321
35 51 87.199
35 52 61.090
35 53 116.908
35 54 86.073
35 55 96.224
35 56 53.997
35 57 58.518
35 58 87.148
35 59 95.530
36 37 118.818
36 38 78.841
36 39 97.867
36 40 66.182
36 41 87.326
36 42 116.019
36 43 113.641
36 44 136.292
36 45 67.850
36 46 69.018
36 47 86.997
36 48 100.068
36 49 100.872
36 50 117.709
36 51 90.314
36 52 70.178
36 53 146.921
36 54 86.310
36 55 137.740
36 56 49.156
36 57 98.883
36 58 91.883
36 59 125.598
37 38 103.455
37 39 107.818
37 40 54.960
37 41 106.726
37 42 108.555
37 43 50.493
37 44 103.876
37 45 76.052
37 46 107.346
37 47 80.952
37 48 124.464
37 49 94.005
37 50 19.067
37 51 51.433
37 52 102.899
37 53 80.571
37 54 37.573
37 55 118.521
37 56 108.060
37 57 107.872
37 58 111.325
37 59 92.271
38 39 65.023
38 40 68.038
38 41 102.153
38 42 113.391
38 43 110.863
38 44 155.046
38 45 80.848
38 46 58.760
38 47 108.955
38 48 121.899
38 49 44.317
38 50 96.976
38 51 61.633
38 52 33.920
38 53 117.243
38 54 69.216
38 55 105.211
38 56 59.116
38 57 101.901
38 58 96.172
38 59 118.796
39 40 86.501
39 41 75.962
39 42 64.192
39 43 126.418
39 44 135.315
39 45 94.877
39 46 38.597
39 47 115.983
39 48 118.609
39 49 38.584
39 50 103.976
39 51 70.809
39 52 83.490
39 53 81.811
39 54 85.222
39 55 91.464
39 56 101.834
39 57 107.885
39 58 51.855
39 59 82.341
40 41 85.441
40 42 100.255
40 43 64.543
40 44 113.756
40 45 50.960
40 46 69.729
40 47 67.421
40 48 107.263
40 49 77.003
40 50 57.270
40 51 34.907
40 52 63.060
40 53 103.322
40 54 23.935
40 55 118.815
40 56 61.959
40 57 89.665
40 58 86.811
40 59 100.330
41 42 45.383
41 43 99.620
41 44 77.775
41 45 74.411
41 46 76.849
41 47 110.134
41 48 71.575
41 49 83.321
41 50 106.141
41 51 92.258
41 52 93.638
41 53 88.959
41 54 92.801
41 55 85.871
41 56 93.470
41 57 58.183
41 58 80.511
41 59 66.109
42 43 119.254
42 44 94.432
42 45 103.100
42 46 76.609
42 47 126.985
42 48 108.586
42 49 82.404
42 50 110.360
42 51 92.431
42 52 115.142
42 53 65.237
42 54 101.615
42 55 94.716
42 56 125.042
42 57 93.925
42 58 64.869
42 59 60.727
43 44 86.672
43 45 61.931
43 46 123.780
43 47 88.425
43 48 99.510
43 49 106.477
43 50 49.431
43 51 78.548
43 52 96.155
43 53 102.117
43 54 58.407
43 55 109.933
43 56 91.922
43 57 77.523
43 58 135.582
43 59 100.282
44 45 90.799
44 46 140.484
44 47 110.763
44 48 77.279
44 49 134.388
44 50 103.428
44 51 125.866
44 52 144.578
44 53 99.632
44 54 113.059
44 55 108.035
44 56 136.323
44 57 87.795
44 58 133.106
44 59 69.251
45 46 89.051
45 47 53.736
45 48 61.284
45 49 83.915
45 50 67.763
45 51 74.271
45 52 72.673
45 53 107.642
45 54 54.503
45 55 94.123
45 56 57.350
45 57 71.159
45 58 103.637
45 59 82.234
46 47 106.677
46 48 121.746
46 49 58.319
46 50 107.258
46 51 63.198
46 52 71.879
46 53 105.793
46 54 78.266
46 55 117.274
46 56 84.340
46 57 108.082
46 58 41.875
46 59 102.112
47 48 97.977
47 49 114.697
47 50 75.058
47 51 89.213
47 52 111.878
47 53 126.576
47 54 67.888
47 55 133.824
47 56 96.034
47 57 122.484
47 58 107.437
47 59 99.182
48 49 113.757
48 50 115.630
48 51 125.775
48 52 110.810
48 53 125.291
48 54 111.013
48 55 85.049
48 56 94.434
48 57 68.290
48 58 130.216
48 59 82.674
49 50 86.974
49 51 59.187
49 52 60.571
49 53 78.594
49 54 70.578
49 55 74.025
49 56 85.912
49 57 92.436
49 58 83.701
49 59 87.467
50 51 54.461
50 52 98.256
50 53 78.895
50 54 36.176
50 55 106.677
50 56 103.168
50 57 104.499
50 58 113.655
50 59 85.981
51 52 67.619
51 53 84.352
51 54 27.655
51 55 113.311
51 56 82.869
51 57 101.177
51 58 79.659
51 59 97.773
52 53 123.741
52 54 70.110
52 55 105.273
52 56 35.947
52 57 78.995
52 58 109.576
52 59 123.135
53 54 89.838
53 55 81.274
53 56 139.726
53 57 108.760
53 58 99.780
53 59 55.164
54 55 109.946
54 56 75.241
54 57 94.927
54 58 92.570
54 59 92.733
55 56 116.530
55 57 79.642
55 58 129.989
55 59 70.712
56 57 76.854
56 58 116.981
56 59 126.437
57 58 127.346
57 59 96.171
58 59 92.067
