120 10 ds 11 17 10 16 11 13 10 15 12 16 13 16 12 17 9 15 11 14 12 15 
0	1	94
0	2	60
0	3	96
0	4	24
0	5	76
0	6	66
0	7	86
0	8	88
0	9	44
0	10	62
0	11	42
0	12	6
0	13	50
0	14	60
0	15	14
0	16	48
0	17	90
0	18	8
0	19	80
0	20	54
0	21	36
0	22	76
0	23	90
0	24	84
0	25	34
0	26	8
0	27	10
0	28	50
0	29	86
0	30	62
0	31	24
0	32	42
0	33	102
0	34	58
0	35	28
0	36	50
0	37	20
0	38	24
0	39	54
0	40	68
0	41	68
0	42	30
0	43	32
0	44	74
0	45	48
0	46	64
0	47	30
0	48	58
0	49	30
0	50	22
0	51	48
0	52	44
0	53	50
0	54	48
0	55	16
0	56	40
0	57	88
0	58	34
0	59	22
0	60	96
0	61	26
0	62	14
0	63	56
0	64	74
0	65	86
0	66	90
0	67	6
0	68	80
0	69	40
0	70	88
0	71	68
0	72	56
0	73	8
0	74	48
0	75	92
0	76	98
0	77	86
0	78	44
0	79	40
0	80	98
0	81	8
0	82	80
0	83	28
0	84	64
0	85	32
0	86	66
0	87	18
0	88	8
0	89	36
0	90	56
0	91	72
0	92	14
0	93	54
0	94	20
0	95	22
0	96	56
0	97	24
0	98	16
0	99	76
0	100	100
0	101	96
0	102	30
0	103	46
0	104	74
0	105	8
0	106	8
0	107	100
0	108	100
0	109	66
0	110	64
0	111	76
0	112	30
0	113	28
0	114	40
0	115	22
0	116	50
0	117	26
0	118	18
0	119	48
1	2	10
1	3	102
1	4	64
1	5	22
1	6	60
1	7	38
1	8	22
1	9	38
1	10	90
1	11	88
1	12	50
1	13	100
1	14	8
1	15	60
1	16	62
1	17	18
1	18	102
1	19	76
1	20	8
1	21	100
1	22	68
1	23	60
1	24	70
1	25	90
1	26	34
1	27	56
1	28	88
1	29	70
1	30	98
1	31	50
1	32	26
1	33	66
1	34	24
1	35	18
1	36	46
1	37	6
1	38	52
1	39	30
1	40	30
1	41	18
1	42	12
1	43	60
1	44	86
1	45	68
1	46	96
1	47	72
1	48	92
1	49	44
1	50	56
1	51	14
1	52	60
1	53	20
1	54	6
1	55	102
1	56	16
1	57	94
1	58	76
1	59	96
1	60	30
1	61	62
1	62	70
1	63	38
1	64	72
1	65	42
1	66	84
1	67	98
1	68	20
1	69	4
1	70	60
1	71	72
1	72	32
1	73	46
1	74	40
1	75	36
1	76	58
1	77	12
1	78	34
1	79	54
1	80	54
1	81	44
1	82	86
1	83	84
1	84	38
1	85	52
1	86	18
1	87	40
1	88	6
1	89	14
1	90	12
1	91	4
1	92	44
1	93	46
1	94	38
1	95	52
1	96	44
1	97	40
1	98	14
1	99	96
1	100	42
1	101	42
1	102	102
1	103	16
1	104	22
1	105	82
1	106	72
1	107	54
1	108	20
1	109	4
1	110	56
1	111	52
1	112	74
1	113	46
1	114	84
1	115	98
1	116	70
1	117	46
1	118	8
1	119	36
2	3	58
2	4	50
2	5	24
2	6	40
2	7	4
2	8	42
2	9	84
2	10	78
2	11	82
2	12	64
2	13	90
2	14	26
2	15	54
2	16	54
2	17	62
2	18	86
2	19	38
2	20	92
2	21	28
2	22	46
2	23	10
2	24	50
2	25	4
2	26	34
2	27	76
2	28	48
2	29	78
2	30	56
2	31	8
2	32	94
2	33	52
2	34	54
2	35	94
2	36	8
2	37	76
2	38	44
2	39	46
2	40	22
2	41	50
2	42	28
2	43	20
2	44	24
2	45	86
2	46	12
2	47	22
2	48	40
2	49	68
2	50	22
2	51	6
2	52	30
2	53	4
2	54	24
2	55	50
2	56	6
2	57	18
2	58	82
2	59	2
2	60	64
2	61	36
2	62	6
2	63	90
2	64	4
2	65	4
2	66	54
2	67	32
2	68	24
2	69	90
2	70	90
2	71	72
2	72	86
2	73	62
2	74	94
2	75	78
2	76	28
2	77	74
2	78	82
2	79	58
2	80	56
2	81	62
2	82	16
2	83	34
2	84	46
2	85	40
2	86	82
2	87	8
2	88	62
2	89	88
2	90	96
2	91	100
2	92	42
2	93	100
2	94	32
2	95	96
2	96	56
2	97	28
2	98	56
2	99	24
2	100	58
2	101	74
2	102	44
2	103	96
2	104	74
2	105	70
2	106	92
2	107	80
2	108	32
2	109	62
2	110	34
2	111	2
2	112	2
2	113	40
2	114	48
2	115	54
2	116	4
2	117	84
2	118	38
2	119	38
3	4	32
3	5	4
3	6	50
3	7	40
3	8	52
3	9	36
3	10	8
3	11	20
3	12	56
3	13	88
3	14	94
3	15	92
3	16	18
3	17	60
3	18	6
3	19	62
3	20	50
3	21	16
3	22	94
3	23	84
3	24	70
3	25	74
3	26	54
3	27	102
3	28	72
3	29	74
3	30	10
3	31	52
3	32	26
3	33	36
3	34	18
3	35	86
3	36	32
3	37	84
3	38	26
3	39	74
3	40	94
3	41	20
3	42	96
3	43	72
3	44	98
3	45	36
3	46	92
3	47	84
3	48	28
3	49	6
3	50	46
3	51	62
3	52	12
3	53	92
3	54	94
3	55	80
3	56	28
3	57	64
3	58	38
3	59	2
3	60	50
3	61	94
3	62	86
3	63	40
3	64	44
3	65	50
3	66	28
3	67	40
3	68	88
3	69	56
3	70	48
3	71	22
3	72	76
3	73	44
3	74	32
3	75	74
3	76	100
3	77	84
3	78	8
3	79	26
3	80	102
3	81	26
3	82	82
3	83	10
3	84	78
3	85	38
3	86	24
3	87	26
3	88	44
3	89	76
3	90	34
3	91	72
3	92	6
3	93	18
3	94	58
3	95	66
3	96	52
3	97	80
3	98	40
3	99	58
3	100	44
3	101	84
3	102	26
3	103	62
3	104	96
3	105	22
3	106	22
3	107	94
3	108	92
3	109	66
3	110	54
3	111	30
3	112	96
3	113	88
3	114	10
3	115	62
3	116	92
3	117	4
3	118	58
3	119	50
4	5	32
4	6	52
4	7	8
4	8	16
4	9	86
4	10	90
4	11	50
4	12	4
4	13	8
4	14	24
4	15	96
4	16	14
4	17	86
4	18	22
4	19	102
4	20	30
4	21	8
4	22	16
4	23	24
4	24	2
4	25	16
4	26	76
4	27	74
4	28	98
4	29	42
4	30	60
4	31	68
4	32	102
4	33	74
4	34	78
4	35	50
4	36	66
4	37	38
4	38	52
4	39	66
4	40	82
4	41	8
4	42	30
4	43	48
4	44	62
4	45	42
4	46	40
4	47	48
4	48	90
4	49	14
4	50	14
4	51	62
4	52	28
4	53	52
4	54	86
4	55	94
4	56	28
4	57	16
4	58	96
4	59	88
4	60	36
4	61	50
4	62	38
4	63	16
4	64	22
4	65	78
4	66	94
4	67	94
4	68	12
4	69	58
4	70	56
4	71	50
4	72	80
4	73	72
4	74	68
4	75	14
4	76	14
4	77	68
4	78	4
4	79	40
4	80	86
4	81	50
4	82	42
4	83	42
4	84	78
4	85	22
4	86	52
4	87	12
4	88	52
4	89	96
4	90	10
4	91	50
4	92	56
4	93	2
4	94	74
4	95	86
4	96	38
4	97	62
4	98	38
4	99	96
4	100	80
4	101	56
4	102	40
4	103	26
4	104	82
4	105	76
4	106	68
4	107	82
4	108	80
4	109	62
4	110	60
4	111	4
4	112	102
4	113	38
4	114	24
4	115	72
4	116	26
4	117	8
4	118	22
4	119	72
5	6	94
5	7	10
5	8	48
5	9	98
5	10	94
5	11	10
5	12	30
5	13	26
5	14	54
5	15	10
5	16	94
5	17	90
5	18	98
5	19	98
5	20	72
5	21	102
5	22	14
5	23	68
5	24	94
5	25	40
5	26	78
5	27	50
5	28	76
5	29	102
5	30	80
5	31	58
5	32	46
5	33	78
5	34	22
5	35	4
5	36	100
5	37	82
5	38	36
5	39	88
5	40	48
5	41	90
5	42	66
5	43	58
5	44	102
5	45	80
5	46	94
5	47	16
5	48	88
5	49	60
5	50	84
5	51	60
5	52	78
5	53	54
5	54	66
5	55	78
5	56	60
5	57	74
5	58	66
5	59	92
5	60	16
5	61	98
5	62	22
5	63	52
5	64	46
5	65	36
5	66	46
5	67	88
5	68	50
5	69	76
5	70	82
5	71	96
5	72	90
5	73	8
5	74	4
5	75	12
5	76	42
5	77	10
5	78	36
5	79	26
5	80	84
5	81	40
5	82	56
5	83	4
5	84	32
5	85	94
5	86	92
5	87	44
5	88	30
5	89	58
5	90	84
5	91	66
5	92	62
5	93	86
5	94	42
5	95	86
5	96	22
5	97	28
5	98	42
5	99	84
5	100	14
5	101	84
5	102	40
5	103	78
5	104	96
5	105	76
5	106	94
5	107	102
5	108	98
5	109	76
5	110	36
5	111	102
5	112	52
5	113	48
5	114	22
5	115	58
5	116	82
5	117	58
5	118	74
5	119	46
6	7	80
6	8	28
6	9	10
6	10	32
6	11	16
6	12	28
6	13	68
6	14	88
6	15	20
6	16	64
6	17	12
6	18	62
6	19	90
6	20	48
6	21	100
6	22	54
6	23	14
6	24	56
6	25	62
6	26	72
6	27	46
6	28	26
6	29	28
6	30	26
6	31	14
6	32	92
6	33	92
6	34	14
6	35	92
6	36	80
6	37	38
6	38	96
6	39	6
6	40	50
6	41	2
6	42	86
6	43	38
6	44	90
6	45	12
6	46	68
6	47	6
6	48	70
6	49	70
6	50	56
6	51	86
6	52	26
6	53	80
6	54	4
6	55	16
6	56	100
6	57	24
6	58	82
6	59	76
6	60	10
6	61	34
6	62	58
6	63	34
6	64	70
6	65	12
6	66	92
6	67	100
6	68	98
6	69	86
6	70	80
6	71	100
6	72	40
6	73	64
6	74	26
6	75	90
6	76	66
6	77	60
6	78	78
6	79	22
6	80	82
6	81	20
6	82	74
6	83	40
6	84	62
6	85	12
6	86	14
6	87	12
6	88	18
6	89	66
6	90	56
6	91	34
6	92	84
6	93	76
6	94	20
6	95	82
6	96	16
6	97	88
6	98	96
6	99	90
6	100	50
6	101	82
6	102	56
6	103	68
6	104	74
6	105	14
6	106	80
6	107	72
6	108	102
6	109	24
6	110	2
6	111	62
6	112	92
6	113	76
6	114	38
6	115	88
6	116	42
6	117	16
6	118	98
6	119	34
7	8	6
7	9	64
7	10	28
7	11	50
7	12	12
7	13	92
7	14	16
7	15	96
7	16	18
7	17	56
7	18	56
7	19	30
7	20	92
7	21	22
7	22	84
7	23	12
7	24	100
7	25	14
7	26	76
7	27	74
7	28	78
7	29	78
7	30	76
7	31	32
7	32	2
7	33	4
7	34	28
7	35	24
7	36	50
7	37	8
7	38	54
7	39	46
7	40	72
7	41	88
7	42	28
7	43	42
7	44	16
7	45	72
7	46	16
7	47	48
7	48	40
7	49	84
7	50	14
7	51	36
7	52	76
7	53	30
7	54	48
7	55	100
7	56	64
7	57	10
7	58	40
7	59	54
7	60	82
7	61	10
7	62	58
7	63	88
7	64	56
7	65	90
7	66	16
7	67	72
7	68	94
7	69	48
7	70	60
7	71	26
7	72	20
7	73	6
7	74	98
7	75	62
7	76	46
7	77	10
7	78	38
7	79	24
7	80	92
7	81	20
7	82	64
7	83	52
7	84	94
7	85	48
7	86	52
7	87	12
7	88	8
7	89	32
7	90	44
7	91	64
7	92	74
7	93	92
7	94	102
7	95	4
7	96	72
7	97	102
7	98	70
7	99	28
7	100	72
7	101	84
7	102	46
7	103	68
7	104	72
7	105	102
7	106	6
7	107	54
7	108	98
7	109	18
7	110	80
7	111	64
7	112	40
7	113	96
7	114	20
7	115	64
7	116	30
7	117	18
7	118	90
7	119	96
8	9	84
8	10	24
8	11	34
8	12	58
8	13	14
8	14	48
8	15	50
8	16	10
8	17	42
8	18	64
8	19	26
8	20	74
8	21	46
8	22	54
8	23	20
8	24	86
8	25	8
8	26	56
8	27	62
8	28	34
8	29	18
8	30	98
8	31	54
8	32	96
8	33	18
8	34	50
8	35	8
8	36	54
8	37	22
8	38	8
8	39	72
8	40	24
8	41	62
8	42	44
8	43	56
8	44	100
8	45	86
8	46	70
8	47	76
8	48	26
8	49	6
8	50	38
8	51	12
8	52	86
8	53	24
8	54	34
8	55	96
8	56	78
8	57	10
8	58	58
8	59	100
8	60	32
8	61	60
8	62	98
8	63	98
8	64	100
8	65	16
8	66	38
8	67	18
8	68	38
8	69	4
8	70	54
8	71	60
8	72	20
8	73	26
8	74	4
8	75	22
8	76	80
8	77	4
8	78	4
8	79	10
8	80	76
8	81	14
8	82	86
8	83	98
8	84	2
8	85	4
8	86	12
8	87	88
8	88	28
8	89	56
8	90	68
8	91	24
8	92	18
8	93	26
8	94	90
8	95	6
8	96	98
8	97	54
8	98	80
8	99	58
8	100	60
8	101	40
8	102	6
8	103	44
8	104	68
8	105	90
8	106	28
8	107	98
8	108	84
8	109	90
8	110	62
8	111	26
8	112	10
8	113	98
8	114	4
8	115	102
8	116	38
8	117	64
8	118	82
8	119	46
9	10	58
9	11	24
9	12	38
9	13	24
9	14	46
9	15	22
9	16	48
9	17	34
9	18	24
9	19	42
9	20	24
9	21	32
9	22	84
9	23	58
9	24	92
9	25	8
9	26	38
9	27	56
9	28	96
9	29	86
9	30	88
9	31	72
9	32	40
9	33	14
9	34	32
9	35	20
9	36	20
9	37	38
9	38	82
9	39	92
9	40	34
9	41	102
9	42	98
9	43	50
9	44	62
9	45	30
9	46	68
9	47	12
9	48	70
9	49	44
9	50	70
9	51	100
9	52	74
9	53	86
9	54	96
9	55	8
9	56	10
9	57	102
9	58	80
9	59	78
9	60	26
9	61	50
9	62	4
9	63	42
9	64	20
9	65	26
9	66	56
9	67	66
9	68	24
9	69	102
9	70	68
9	71	58
9	72	46
9	73	100
9	74	84
9	75	76
9	76	14
9	77	80
9	78	58
9	79	98
9	80	60
9	81	34
9	82	14
9	83	46
9	84	8
9	85	40
9	86	14
9	87	92
9	88	26
9	89	22
9	90	94
9	91	66
9	92	68
9	93	30
9	94	12
9	95	76
9	96	34
9	97	94
9	98	66
9	99	48
9	100	4
9	101	58
9	102	54
9	103	10
9	104	88
9	105	30
9	106	66
9	107	102
9	108	48
9	109	68
9	110	56
9	111	80
9	112	74
9	113	52
9	114	12
9	115	52
9	116	30
9	117	92
9	118	6
9	119	50
10	11	70
10	12	24
10	13	90
10	14	8
10	15	36
10	16	74
10	17	42
10	18	12
10	19	70
10	20	28
10	21	2
10	22	22
10	23	46
10	24	36
10	25	74
10	26	28
10	27	64
10	28	32
10	29	34
10	30	66
10	31	82
10	32	44
10	33	88
10	34	42
10	35	70
10	36	98
10	37	50
10	38	90
10	39	4
10	40	42
10	41	42
10	42	54
10	43	72
10	44	52
10	45	82
10	46	64
10	47	8
10	48	62
10	49	10
10	50	54
10	51	42
10	52	48
10	53	68
10	54	100
10	55	38
10	56	22
10	57	52
10	58	102
10	59	82
10	60	102
10	61	14
10	62	12
10	63	16
10	64	98
10	65	82
10	66	16
10	67	36
10	68	66
10	69	44
10	70	28
10	71	16
10	72	22
10	73	68
10	74	86
10	75	34
10	76	4
10	77	20
10	78	18
10	79	64
10	80	38
10	81	44
10	82	6
10	83	6
10	84	76
10	85	76
10	86	60
10	87	8
10	88	32
10	89	94
10	90	58
10	91	6
10	92	70
10	93	24
10	94	98
10	95	4
10	96	90
10	97	90
10	98	36
10	99	28
10	100	8
10	101	52
10	102	64
10	103	12
10	104	80
10	105	60
10	106	88
10	107	94
10	108	8
10	109	52
10	110	12
10	111	70
10	112	74
10	113	100
10	114	60
10	115	6
10	116	76
10	117	86
10	118	66
10	119	98
11	12	76
11	13	48
11	14	52
11	15	50
11	16	90
11	17	90
11	18	14
11	19	18
11	20	62
11	21	62
11	22	62
11	23	30
11	24	68
11	25	60
11	26	4
11	27	34
11	28	20
11	29	94
11	30	78
11	31	68
11	32	102
11	33	12
11	34	52
11	35	36
11	36	42
11	37	42
11	38	86
11	39	22
11	40	64
11	41	6
11	42	70
11	43	28
11	44	30
11	45	52
11	46	72
11	47	50
11	48	88
11	49	4
11	50	54
11	51	64
11	52	80
11	53	44
11	54	84
11	55	44
11	56	50
11	57	76
11	58	6
11	59	74
11	60	68
11	61	100
11	62	60
11	63	92
11	64	60
11	65	56
11	66	66
11	67	18
11	68	12
11	69	78
11	70	96
11	71	20
11	72	36
11	73	12
11	74	54
11	75	52
11	76	36
11	77	36
11	78	44
11	79	12
11	80	60
11	81	66
11	82	58
11	83	72
11	84	70
11	85	90
11	86	84
11	87	36
11	88	100
11	89	2
11	90	18
11	91	44
11	92	54
11	93	88
11	94	22
11	95	102
11	96	4
11	97	88
11	98	52
11	99	42
11	100	34
11	101	50
11	102	100
11	103	24
11	104	28
11	105	52
11	106	18
11	107	92
11	108	20
11	109	44
11	110	76
11	111	8
11	112	100
11	113	32
11	114	30
11	115	90
11	116	48
11	117	34
11	118	58
11	119	88
12	13	48
12	14	12
12	15	58
12	16	36
12	17	18
12	18	88
12	19	22
12	20	42
12	21	38
12	22	74
12	23	58
12	24	14
12	25	6
12	26	54
12	27	54
12	28	60
12	29	62
12	30	80
12	31	12
12	32	8
12	33	68
12	34	102
12	35	40
12	36	70
12	37	4
12	38	44
12	39	88
12	40	90
12	41	54
12	42	6
12	43	94
12	44	2
12	45	10
12	46	12
12	47	70
12	48	40
12	49	96
12	50	42
12	51	40
12	52	8
12	53	64
12	54	52
12	55	24
12	56	50
12	57	20
12	58	26
12	59	60
12	60	96
12	61	86
12	62	86
12	63	10
12	64	64
12	65	42
12	66	30
12	67	40
12	68	52
12	69	44
12	70	24
12	71	28
12	72	16
12	73	22
12	74	56
12	75	102
12	76	70
12	77	76
12	78	96
12	79	96
12	80	8
12	81	86
12	82	2
12	83	58
12	84	8
12	85	80
12	86	80
12	87	98
12	88	62
12	89	14
12	90	92
12	91	6
12	92	74
12	93	74
12	94	66
12	95	32
12	96	56
12	97	72
12	98	54
12	99	90
12	100	96
12	101	10
12	102	10
12	103	64
12	104	38
12	105	8
12	106	80
12	107	12
12	108	66
12	109	72
12	110	68
12	111	102
12	112	20
12	113	42
12	114	40
12	115	10
12	116	70
12	117	64
12	118	30
12	119	98
13	14	40
13	15	88
13	16	58
13	17	90
13	18	48
13	19	86
13	20	26
13	21	92
13	22	94
13	23	88
13	24	32
13	25	94
13	26	92
13	27	90
13	28	50
13	29	16
13	30	10
13	31	88
13	32	88
13	33	90
13	34	20
13	35	52
13	36	48
13	37	66
13	38	80
13	39	12
13	40	12
13	41	22
13	42	34
13	43	28
13	44	76
13	45	64
13	46	36
13	47	48
13	48	6
13	49	36
13	50	18
13	51	78
13	52	80
13	53	102
13	54	62
13	55	94
13	56	12
13	57	84
13	58	34
13	59	32
13	60	42
13	61	80
13	62	82
13	63	100
13	64	100
13	65	60
13	66	86
13	67	24
13	68	68
13	69	70
13	70	92
13	71	88
13	72	96
13	73	60
13	74	100
13	75	20
13	76	64
13	77	92
13	78	6
13	79	74
13	80	10
13	81	76
13	82	90
13	83	52
13	84	94
13	85	14
13	86	32
13	87	100
13	88	50
13	89	98
13	90	88
13	91	64
13	92	70
13	93	102
13	94	4
13	95	26
13	96	12
13	97	58
13	98	74
13	99	82
13	100	10
13	101	80
13	102	32
13	103	32
13	104	102
13	105	84
13	106	96
13	107	44
13	108	16
13	109	52
13	110	70
13	111	62
13	112	22
13	113	92
13	114	102
13	115	88
13	116	78
13	117	18
13	118	68
13	119	32
14	15	90
14	16	60
14	17	44
14	18	22
14	19	84
14	20	30
14	21	24
14	22	6
14	23	92
14	24	38
14	25	84
14	26	64
14	27	16
14	28	28
14	29	8
14	30	8
14	31	82
14	32	74
14	33	30
14	34	24
14	35	66
14	36	14
14	37	38
14	38	102
14	39	18
14	40	8
14	41	24
14	42	62
14	43	82
14	44	28
14	45	98
14	46	54
14	47	32
14	48	10
14	49	8
14	50	20
14	51	64
14	52	98
14	53	38
14	54	30
14	55	8
14	56	8
14	57	14
14	58	50
14	59	38
14	60	16
14	61	30
14	62	86
14	63	100
14	64	4
14	65	50
14	66	72
14	67	16
14	68	28
14	69	14
14	70	90
14	71	88
14	72	56
14	73	10
14	74	80
14	75	70
14	76	28
14	77	24
14	78	6
14	79	30
14	80	100
14	81	28
14	82	20
14	83	14
14	84	54
14	85	2
14	86	64
14	87	70
14	88	82
14	89	68
14	90	80
14	91	10
14	92	40
14	93	38
14	94	26
14	95	12
14	96	62
14	97	76
14	98	22
14	99	56
14	100	50
14	101	62
14	102	34
14	103	88
14	104	48
14	105	50
14	106	36
14	107	92
14	108	70
14	109	44
14	110	66
14	111	88
14	112	88
14	113	52
14	114	8
14	115	98
14	116	98
14	117	44
14	118	14
14	119	76
15	16	54
15	17	42
15	18	72
15	19	12
15	20	40
15	21	94
15	22	16
15	23	96
15	24	94
15	25	68
15	26	18
15	27	76
15	28	12
15	29	98
15	30	58
15	31	12
15	32	4
15	33	24
15	34	102
15	35	72
15	36	16
15	37	80
15	38	6
15	39	68
15	40	16
15	41	72
15	42	84
15	43	56
15	44	10
15	45	80
15	46	42
15	47	34
15	48	16
15	49	52
15	50	24
15	51	94
15	52	76
15	53	12
15	54	48
15	55	66
15	56	98
15	57	52
15	58	50
15	59	8
15	60	12
15	61	20
15	62	30
15	63	46
15	64	42
15	65	92
15	66	30
15	67	66
15	68	68
15	69	64
15	70	98
15	71	6
15	72	26
15	73	102
15	74	64
15	75	34
15	76	46
15	77	42
15	78	32
15	79	16
15	80	38
15	81	20
15	82	70
15	83	52
15	84	94
15	85	30
15	86	32
15	87	50
15	88	84
15	89	32
15	90	82
15	91	56
15	92	58
15	93	10
15	94	74
15	95	102
15	96	90
15	97	100
15	98	34
15	99	86
15	100	68
15	101	30
15	102	18
15	103	90
15	104	6
15	105	70
15	106	84
15	107	100
15	108	80
15	109	20
15	110	76
15	111	80
15	112	86
15	113	94
15	114	58
15	115	16
15	116	80
15	117	74
15	118	14
15	119	38
16	17	24
16	18	16
16	19	60
16	20	102
16	21	68
16	22	28
16	23	4
16	24	88
16	25	54
16	26	62
16	27	10
16	28	96
16	29	70
16	30	50
16	31	88
16	32	70
16	33	16
16	34	26
16	35	24
16	36	50
16	37	62
16	38	2
16	39	96
16	40	22
16	41	38
16	42	6
16	43	22
16	44	74
16	45	86
16	46	66
16	47	80
16	48	52
16	49	32
16	50	64
16	51	8
16	52	52
16	53	18
16	54	8
16	55	82
16	56	46
16	57	28
16	58	36
16	59	24
16	60	52
16	61	6
16	62	20
16	63	50
16	64	8
16	65	48
16	66	84
16	67	72
16	68	70
16	69	86
16	70	32
16	71	36
16	72	100
16	73	74
16	74	70
16	75	80
16	76	68
16	77	50
16	78	16
16	79	44
16	80	16
16	81	82
16	82	26
16	83	76
16	84	14
16	85	18
16	86	90
16	87	10
16	88	34
16	89	18
16	90	38
16	91	96
16	92	42
16	93	82
16	94	54
16	95	94
16	96	76
16	97	66
16	98	76
16	99	100
16	100	60
16	101	36
16	102	28
16	103	64
16	104	56
16	105	28
16	106	88
16	107	96
16	108	20
16	109	10
16	110	58
16	111	34
16	112	48
16	113	74
16	114	20
16	115	2
16	116	66
16	117	38
16	118	46
16	119	34
17	18	62
17	19	88
17	20	6
17	21	28
17	22	10
17	23	74
17	24	58
17	25	38
17	26	38
17	27	42
17	28	100
17	29	94
17	30	22
17	31	44
17	32	66
17	33	64
17	34	42
17	35	10
17	36	92
17	37	18
17	38	2
17	39	18
17	40	10
17	41	38
17	42	96
17	43	28
17	44	76
17	45	60
17	46	94
17	47	76
17	48	86
17	49	48
17	50	76
17	51	88
17	52	6
17	53	52
17	54	96
17	55	36
17	56	88
17	57	44
17	58	58
17	59	36
17	60	80
17	61	14
17	62	82
17	63	94
17	64	6
17	65	30
17	66	30
17	67	66
17	68	102
17	69	100
17	70	80
17	71	20
17	72	100
17	73	50
17	74	90
17	75	38
17	76	82
17	77	40
17	78	84
17	79	72
17	80	6
17	81	78
17	82	42
17	83	70
17	84	38
17	85	60
17	86	86
17	87	52
17	88	44
17	89	100
17	90	98
17	91	54
17	92	62
17	93	74
17	94	98
17	95	34
17	96	98
17	97	60
17	98	82
17	99	70
17	100	66
17	101	44
17	102	42
17	103	18
17	104	96
17	105	10
17	106	22
17	107	18
17	108	36
17	109	22
17	110	32
17	111	50
17	112	100
17	113	22
17	114	74
17	115	14
17	116	62
17	117	42
17	118	2
17	119	44
18	19	26
18	20	30
18	21	56
18	22	94
18	23	80
18	24	22
18	25	50
18	26	46
18	27	58
18	28	56
18	29	66
18	30	78
18	31	12
18	32	66
18	33	88
18	34	16
18	35	64
18	36	66
18	37	42
18	38	96
18	39	100
18	40	54
18	41	8
18	42	96
18	43	8
18	44	24
18	45	78
18	46	70
18	47	32
18	48	82
18	49	14
18	50	24
18	51	46
18	52	82
18	53	46
18	54	46
18	55	98
18	56	12
18	57	2
18	58	40
18	59	82
18	60	10
18	61	8
18	62	100
18	63	26
18	64	84
18	65	84
18	66	82
18	67	18
18	68	10
18	69	28
18	70	80
18	71	38
18	72	78
18	73	90
18	74	46
18	75	58
18	76	12
18	77	56
18	78	76
18	79	22
18	80	18
18	81	60
18	82	26
18	83	76
18	84	50
18	85	90
18	86	40
18	87	88
18	88	62
18	89	28
18	90	78
18	91	18
18	92	64
18	93	28
18	94	88
18	95	86
18	96	4
18	97	30
18	98	80
18	99	18
18	100	74
18	101	50
18	102	50
18	103	26
18	104	4
18	105	48
18	106	74
18	107	86
18	108	58
18	109	92
18	110	44
18	111	90
18	112	42
18	113	26
18	114	76
18	115	54
18	116	2
18	117	20
18	118	66
18	119	66
19	20	90
19	21	18
19	22	66
19	23	20
19	24	52
19	25	52
19	26	72
19	27	46
19	28	42
19	29	32
19	30	18
19	31	52
19	32	32
19	33	32
19	34	58
19	35	62
19	36	66
19	37	48
19	38	78
19	39	102
19	40	80
19	41	64
19	42	66
19	43	58
19	44	78
19	45	14
19	46	2
19	47	22
19	48	76
19	49	14
19	50	70
19	51	30
19	52	90
19	53	8
19	54	68
19	55	74
19	56	102
19	57	34
19	58	90
19	59	90
19	60	22
19	61	96
19	62	86
19	63	14
19	64	12
19	65	94
19	66	102
19	67	58
19	68	44
19	69	64
19	70	14
19	71	86
19	72	68
19	73	36
19	74	66
19	75	46
19	76	52
19	77	78
19	78	14
19	79	58
19	80	80
19	81	56
19	82	92
19	83	12
19	84	6
19	85	20
19	86	86
19	87	26
19	88	14
19	89	30
19	90	56
19	91	56
19	92	58
19	93	14
19	94	32
19	95	36
19	96	16
19	97	54
19	98	28
19	99	74
19	100	54
19	101	92
19	102	30
19	103	48
19	104	72
19	105	34
19	106	38
19	107	18
19	108	4
19	109	34
19	110	44
19	111	4
19	112	74
19	113	6
19	114	40
19	115	58
19	116	24
19	117	102
19	118	98
19	119	78
20	21	82
20	22	70
20	23	28
20	24	72
20	25	80
20	26	70
20	27	72
20	28	64
20	29	10
20	30	34
20	31	98
20	32	74
20	33	70
20	34	44
20	35	96
20	36	94
20	37	90
20	38	86
20	39	58
20	40	62
20	41	62
20	42	24
20	43	20
20	44	92
20	45	22
20	46	92
20	47	38
20	48	50
20	49	48
20	50	38
20	51	58
20	52	46
20	53	80
20	54	52
20	55	52
20	56	96
20	57	100
20	58	58
20	59	18
20	60	92
20	61	56
20	62	96
20	63	50
20	64	32
20	65	52
20	66	4
20	67	4
20	68	14
20	69	96
20	70	34
20	71	96
20	72	10
20	73	80
20	74	2
20	75	46
20	76	90
20	77	2
20	78	38
20	79	4
20	80	74
20	81	94
20	82	20
20	83	98
20	84	12
20	85	52
20	86	48
20	87	86
20	88	18
20	89	92
20	90	98
20	91	74
20	92	66
20	93	6
20	94	62
20	95	98
20	96	56
20	97	44
20	98	102
20	99	64
20	100	16
20	101	64
20	102	52
20	103	10
20	104	52
20	105	60
20	106	70
20	107	36
20	108	26
20	109	38
20	110	26
20	111	22
20	112	50
20	113	62
20	114	42
20	115	50
20	116	42
20	117	24
20	118	76
20	119	88
21	22	28
21	23	90
21	24	70
21	25	68
21	26	42
21	27	68
21	28	76
21	29	56
21	30	66
21	31	24
21	32	102
21	33	24
21	34	88
21	35	36
21	36	86
21	37	32
21	38	8
21	39	74
21	40	8
21	41	98
21	42	62
21	43	48
21	44	20
21	45	86
21	46	56
21	47	94
21	48	96
21	49	62
21	50	100
21	51	102
21	52	102
21	53	80
21	54	16
21	55	86
21	56	88
21	57	44
21	58	4
21	59	32
21	60	60
21	61	22
21	62	92
21	63	58
21	64	66
21	65	44
21	66	52
21	67	26
21	68	50
21	69	30
21	70	38
21	71	102
21	72	12
21	73	20
21	74	100
21	75	52
21	76	24
21	77	22
21	78	56
21	79	50
21	80	36
21	81	30
21	82	62
21	83	74
21	84	100
21	85	32
21	86	96
21	87	76
21	88	52
21	89	102
21	90	68
21	91	18
21	92	24
21	93	102
21	94	78
21	95	14
21	96	50
21	97	30
21	98	34
21	99	76
21	100	20
21	101	48
21	102	84
21	103	72
21	104	76
21	105	72
21	106	12
21	107	26
21	108	76
21	109	76
21	110	74
21	111	82
21	112	34
21	113	50
21	114	88
21	115	74
21	116	40
21	117	30
21	118	84
21	119	96
22	23	38
22	24	4
22	25	32
22	26	88
22	27	52
22	28	26
22	29	66
22	30	70
22	31	66
22	32	32
22	33	26
22	34	78
22	35	76
22	36	100
22	37	100
22	38	54
22	39	90
22	40	42
22	41	58
22	42	94
22	43	96
22	44	84
22	45	32
22	46	24
22	47	60
22	48	54
22	49	4
22	50	96
22	51	76
22	52	2
22	53	60
22	54	58
22	55	68
22	56	34
22	57	94
22	58	92
22	59	38
22	60	28
22	61	64
22	62	58
22	63	36
22	64	6
22	65	100
22	66	32
22	67	16
22	68	44
22	69	64
22	70	78
22	71	10
22	72	42
22	73	84
22	74	76
22	75	48
22	76	64
22	77	22
22	78	66
22	79	12
22	80	84
22	81	62
22	82	14
22	83	84
22	84	16
22	85	34
22	86	52
22	87	20
22	88	82
22	89	42
22	90	78
22	91	32
22	92	96
22	93	60
22	94	24
22	95	30
22	96	72
22	97	14
22	98	102
22	99	12
22	100	14
22	101	66
22	102	46
22	103	44
22	104	48
22	105	102
22	106	22
22	107	88
22	108	100
22	109	32
22	110	14
22	111	80
22	112	4
22	113	40
22	114	58
22	115	78
22	116	74
22	117	12
22	118	28
22	119	80
23	24	22
23	25	48
23	26	10
23	27	24
23	28	100
23	29	100
23	30	10
23	31	18
23	32	52
23	33	78
23	34	18
23	35	84
23	36	44
23	37	46
23	38	102
23	39	92
23	40	58
23	41	28
23	42	52
23	43	54
23	44	86
23	45	66
23	46	64
23	47	100
23	48	60
23	49	50
23	50	46
23	51	102
23	52	86
23	53	12
23	54	26
23	55	10
23	56	10
23	57	70
23	58	94
23	59	28
23	60	84
23	61	78
23	62	30
23	63	94
23	64	72
23	65	32
23	66	38
23	67	60
23	68	100
23	69	88
23	70	26
23	71	68
23	72	82
23	73	44
23	74	78
23	75	10
23	76	38
23	77	20
23	78	14
23	79	26
23	80	88
23	81	58
23	82	52
23	83	66
23	84	94
23	85	44
23	86	88
23	87	86
23	88	82
23	89	4
23	90	102
23	91	66
23	92	16
23	93	46
23	94	44
23	95	36
23	96	70
23	97	80
23	98	80
23	99	68
23	100	10
23	101	74
23	102	66
23	103	50
23	104	14
23	105	20
23	106	86
23	107	74
23	108	2
23	109	4
23	110	54
23	111	30
23	112	38
23	113	38
23	114	28
23	115	68
23	116	22
23	117	36
23	118	58
23	119	70
24	25	86
24	26	50
24	27	80
24	28	10
24	29	8
24	30	102
24	31	36
24	32	48
24	33	72
24	34	92
24	35	92
24	36	64
24	37	86
24	38	80
24	39	32
24	40	94
24	41	34
24	42	74
24	43	52
24	44	82
24	45	98
24	46	100
24	47	94
24	48	74
24	49	56
24	50	42
24	51	64
24	52	8
24	53	34
24	54	94
24	55	32
24	56	18
24	57	48
24	58	26
24	59	66
24	60	24
24	61	30
24	62	14
24	63	36
24	64	46
24	65	76
24	66	84
24	67	30
24	68	24
24	69	54
24	70	28
24	71	20
24	72	18
24	73	38
24	74	26
24	75	12
24	76	20
24	77	4
24	78	88
24	79	18
24	80	34
24	81	76
24	82	102
24	83	20
24	84	76
24	85	20
24	86	98
24	87	94
24	88	96
24	89	78
24	90	6
24	91	56
24	92	100
24	93	14
24	94	78
24	95	62
24	96	94
24	97	98
24	98	20
24	99	60
24	100	20
24	101	42
24	102	44
24	103	96
24	104	62
24	105	74
24	106	68
24	107	84
24	108	30
24	109	56
24	110	76
24	111	36
24	112	102
24	113	98
24	114	58
24	115	12
24	116	90
24	117	82
24	118	58
24	119	54
25	26	30
25	27	78
25	28	18
25	29	52
25	30	22
25	31	12
25	32	68
25	33	102
25	34	56
25	35	36
25	36	72
25	37	34
25	38	78
25	39	30
25	40	30
25	41	96
25	42	30
25	43	8
25	44	20
25	45	32
25	46	84
25	47	32
25	48	80
25	49	34
25	50	66
25	51	80
25	52	36
25	53	14
25	54	22
25	55	98
25	56	12
25	57	62
25	58	96
25	59	8
25	60	50
25	61	4
25	62	34
25	63	52
25	64	74
25	65	14
25	66	44
25	67	20
25	68	74
25	69	12
25	70	94
25	71	84
25	72	94
25	73	28
25	74	88
25	75	18
25	76	92
25	77	50
25	78	64
25	79	40
25	80	38
25	81	6
25	82	12
25	83	102
25	84	92
25	85	40
25	86	16
25	87	16
25	88	90
25	89	50
25	90	72
25	91	30
25	92	30
25	93	92
25	94	52
25	95	56
25	96	22
25	97	72
25	98	60
25	99	8
25	100	86
25	101	68
25	102	4
25	103	30
25	104	44
25	105	28
25	106	12
25	107	30
25	108	90
25	109	26
25	110	10
25	111	102
25	112	66
25	113	80
25	114	90
25	115	8
25	116	72
25	117	86
25	118	26
25	119	46
26	27	66
26	28	102
26	29	80
26	30	6
26	31	24
26	32	102
26	33	102
26	34	58
26	35	18
26	36	80
26	37	62
26	38	22
26	39	54
26	40	44
26	41	70
26	42	8
26	43	22
26	44	12
26	45	84
26	46	44
26	47	40
26	48	84
26	49	88
26	50	60
26	51	74
26	52	92
26	53	46
26	54	66
26	55	78
26	56	62
26	57	50
26	58	86
26	59	28
26	60	98
26	61	32
26	62	78
26	63	14
26	64	8
26	65	84
26	66	52
26	67	66
26	68	84
26	69	38
26	70	16
26	71	34
26	72	42
26	73	80
26	74	28
26	75	60
26	76	76
26	77	38
26	78	102
26	79	26
26	80	46
26	81	64
26	82	40
26	83	40
26	84	94
26	85	86
26	86	102
26	87	82
26	88	18
26	89	34
26	90	28
26	91	22
26	92	34
26	93	48
26	94	46
26	95	20
26	96	100
26	97	66
26	98	10
26	99	14
26	100	16
26	101	78
26	102	76
26	103	54
26	104	6
26	105	90
26	106	84
26	107	22
26	108	4
26	109	102
26	110	10
26	111	92
26	112	42
26	113	50
26	114	98
26	115	4
26	116	60
26	117	56
26	118	46
26	119	56
27	28	8
27	29	92
27	30	18
27	31	12
27	32	86
27	33	94
27	34	6
27	35	90
27	36	4
27	37	24
27	38	82
27	39	20
27	40	28
27	41	76
27	42	72
27	43	98
27	44	22
27	45	14
27	46	58
27	47	16
27	48	18
27	49	36
27	50	74
27	51	76
27	52	96
27	53	68
27	54	28
27	55	42
27	56	8
27	57	82
27	58	96
27	59	18
27	60	26
27	61	64
27	62	22
27	63	84
27	64	94
27	65	14
27	66	46
27	67	100
27	68	2
27	69	38
27	70	70
27	71	62
27	72	60
27	73	2
27	74	62
27	75	46
27	76	70
27	77	16
27	78	48
27	79	26
27	80	72
27	81	12
27	82	54
27	83	48
27	84	70
27	85	90
27	86	86
27	87	6
27	88	22
27	89	30
27	90	78
27	91	50
27	92	30
27	93	60
27	94	96
27	95	24
27	96	70
27	97	24
27	98	50
27	99	12
27	100	98
27	101	66
27	102	72
27	103	70
27	104	30
27	105	72
27	106	14
27	107	22
27	108	66
27	109	76
27	110	36
27	111	72
27	112	86
27	113	58
27	114	32
27	115	90
27	116	78
27	117	102
27	118	86
27	119	18
28	29	98
28	30	16
28	31	42
28	32	78
28	33	68
28	34	76
28	35	26
28	36	52
28	37	82
28	38	28
28	39	54
28	40	98
28	41	64
28	42	78
28	43	10
28	44	80
28	45	42
28	46	14
28	47	22
28	48	88
28	49	48
28	50	64
28	51	102
28	52	10
28	53	50
28	54	30
28	55	96
28	56	22
28	57	60
28	58	16
28	59	50
28	60	36
28	61	26
28	62	88
28	63	14
28	64	42
28	65	56
28	66	94
28	67	26
28	68	56
28	69	90
28	70	56
28	71	36
28	72	18
28	73	46
28	74	42
28	75	102
28	76	2
28	77	50
28	78	38
28	79	66
28	80	40
28	81	22
28	82	8
28	83	100
28	84	70
28	85	84
28	86	4
28	87	40
28	88	86
28	89	30
28	90	28
28	91	30
28	92	28
28	93	12
28	94	56
28	95	70
28	96	6
28	97	52
28	98	82
28	99	50
28	100	66
28	101	34
28	102	46
28	103	6
28	104	66
28	105	48
28	106	12
28	107	44
28	108	82
28	109	74
28	110	38
28	111	4
28	112	96
28	113	30
28	114	34
28	115	64
28	116	30
28	117	96
28	118	74
28	119	82
29	30	88
29	31	102
29	32	50
29	33	2
29	34	100
29	35	54
29	36	16
29	37	24
29	38	38
29	39	36
29	40	88
29	41	30
29	42	4
29	43	74
29	44	90
29	45	28
29	46	20
29	47	76
29	48	56
29	49	52
29	50	64
29	51	44
29	52	68
29	53	32
29	54	18
29	55	88
29	56	20
29	57	76
29	58	24
29	59	42
29	60	80
29	61	34
29	62	44
29	63	48
29	64	44
29	65	20
29	66	18
29	67	84
29	68	32
29	69	56
29	70	92
29	71	64
29	72	98
29	73	86
29	74	10
29	75	38
29	76	34
29	77	84
29	78	56
29	79	6
29	80	60
29	81	74
29	82	56
29	83	14
29	84	52
29	85	26
29	86	84
29	87	28
29	88	30
29	89	18
29	90	22
29	91	86
29	92	12
29	93	42
29	94	48
29	95	14
29	96	22
29	97	68
29	98	28
29	99	18
29	100	54
29	101	86
29	102	48
29	103	30
29	104	44
29	105	98
29	106	56
29	107	4
29	108	18
29	109	36
29	110	54
29	111	18
29	112	40
29	113	52
29	114	78
29	115	42
29	116	48
29	117	40
29	118	58
29	119	90
30	31	70
30	32	28
30	33	82
30	34	40
30	35	34
30	36	24
30	37	100
30	38	8
30	39	98
30	40	50
30	41	62
30	42	46
30	43	18
30	44	100
30	45	16
30	46	58
30	47	26
30	48	28
30	49	52
30	50	80
30	51	18
30	52	92
30	53	4
30	54	66
30	55	58
30	56	96
30	57	48
30	58	40
30	59	60
30	60	78
30	61	36
30	62	8
30	63	20
30	64	4
30	65	36
30	66	102
30	67	98
30	68	16
30	69	40
30	70	16
30	71	22
30	72	60
30	73	102
30	74	14
30	75	8
30	76	70
30	77	80
30	78	36
30	79	10
30	80	58
30	81	54
30	82	78
30	83	82
30	84	102
30	85	102
30	86	90
30	87	16
30	88	80
30	89	12
30	90	34
30	91	76
30	92	44
30	93	88
30	94	26
30	95	70
30	96	52
30	97	76
30	98	52
30	99	62
30	100	4
30	101	8
30	102	46
30	103	8
30	104	14
30	105	100
30	106	24
30	107	42
30	108	82
30	109	58
30	110	36
30	111	68
30	112	8
30	113	14
30	114	42
30	115	44
30	116	72
30	117	46
30	118	8
30	119	82
31	32	6
31	33	94
31	34	96
31	35	100
31	36	56
31	37	26
31	38	94
31	39	24
31	40	66
31	41	90
31	42	4
31	43	72
31	44	62
31	45	56
31	46	78
31	47	54
31	48	94
31	49	102
31	50	34
31	51	52
31	52	42
31	53	30
31	54	10
31	55	96
31	56	52
31	57	80
31	58	14
31	59	50
31	60	88
31	61	22
31	62	44
31	63	68
31	64	64
31	65	94
31	66	64
31	67	90
31	68	96
31	69	20
31	70	68
31	71	38
31	72	68
31	73	14
31	74	56
31	75	62
31	76	94
31	77	96
31	78	14
31	79	4
31	80	94
31	81	68
31	82	32
31	83	44
31	84	86
31	85	42
31	86	54
31	87	86
31	88	30
31	89	38
31	90	66
31	91	74
31	92	64
31	93	8
31	94	20
31	95	6
31	96	50
31	97	22
31	98	74
31	99	8
31	100	58
31	101	68
31	102	28
31	103	34
31	104	46
31	105	72
31	106	96
31	107	18
31	108	66
31	109	86
31	110	76
31	111	66
31	112	78
31	113	84
31	114	68
31	115	32
31	116	96
31	117	28
31	118	26
31	119	26
32	33	16
32	34	32
32	35	32
32	36	28
32	37	56
32	38	86
32	39	4
32	40	44
32	41	62
32	42	50
32	43	26
32	44	68
32	45	24
32	46	68
32	47	10
32	48	4
32	49	102
32	50	80
32	51	90
32	52	62
32	53	42
32	54	68
32	55	90
32	56	36
32	57	100
32	58	64
32	59	80
32	60	90
32	61	12
32	62	50
32	63	12
32	64	66
32	65	16
32	66	10
32	67	40
32	68	60
32	69	92
32	70	4
32	71	52
32	72	90
32	73	16
32	74	94
32	75	90
32	76	18
32	77	72
32	78	94
32	79	64
32	80	10
32	81	18
32	82	18
32	83	16
32	84	42
32	85	58
32	86	30
32	87	20
32	88	18
32	89	4
32	90	88
32	91	70
32	92	46
32	93	50
32	94	44
32	95	18
32	96	68
32	97	12
32	98	52
32	99	16
32	100	42
32	101	68
32	102	56
32	103	62
32	104	26
32	105	52
32	106	36
32	107	52
32	108	44
32	109	90
32	110	4
32	111	22
32	112	16
32	113	56
32	114	66
32	115	10
32	116	88
32	117	48
32	118	46
32	119	84
33	34	16
33	35	102
33	36	46
33	37	30
33	38	62
33	39	8
33	40	14
33	41	22
33	42	98
33	43	32
33	44	32
33	45	10
33	46	36
33	47	88
33	48	54
33	49	76
33	50	14
33	51	62
33	52	70
33	53	14
33	54	28
33	55	70
33	56	44
33	57	34
33	58	92
33	59	42
33	60	36
33	61	100
33	62	42
33	63	56
33	64	100
33	65	102
33	66	40
33	67	32
33	68	52
33	69	36
33	70	60
33	71	26
33	72	88
33	73	6
33	74	4
33	75	94
33	76	66
33	77	4
33	78	64
33	79	44
33	80	76
33	81	28
33	82	8
33	83	20
33	84	36
33	85	46
33	86	88
33	87	20
33	88	28
33	89	62
33	90	30
33	91	14
33	92	68
33	93	38
33	94	72
33	95	18
33	96	70
33	97	22
33	98	30
33	99	62
33	100	92
33	101	12
33	102	22
33	103	68
33	104	56
33	105	78
33	106	88
33	107	78
33	108	40
33	109	76
33	110	66
33	111	50
33	112	54
33	113	42
33	114	12
33	115	68
33	116	28
33	117	94
33	118	18
33	119	100
34	35	100
34	36	98
34	37	76
34	38	36
34	39	62
34	40	34
34	41	8
34	42	16
34	43	94
34	44	68
34	45	40
34	46	92
34	47	50
34	48	64
34	49	10
34	50	22
34	51	90
34	52	28
34	53	42
34	54	40
34	55	44
34	56	2
34	57	28
34	58	90
34	59	66
34	60	20
34	61	10
34	62	34
34	63	72
34	64	30
34	65	72
34	66	40
34	67	54
34	68	30
34	69	96
34	70	60
34	71	98
34	72	30
34	73	102
34	74	64
34	75	102
34	76	80
34	77	48
34	78	22
34	79	102
34	80	94
34	81	32
34	82	82
34	83	58
34	84	56
34	85	82
34	86	62
34	87	48
34	88	28
34	89	76
34	90	28
34	91	50
34	92	84
34	93	68
34	94	68
34	95	38
34	96	94
34	97	12
34	98	20
34	99	62
34	100	90
34	101	70
34	102	52
34	103	34
34	104	10
34	105	48
34	106	70
34	107	34
34	108	8
34	109	76
34	110	80
34	111	12
34	112	72
34	113	12
34	114	78
34	115	92
34	116	62
34	117	4
34	118	22
34	119	42
35	36	62
35	37	64
35	38	60
35	39	88
35	40	50
35	41	14
35	42	98
35	43	82
35	44	60
35	45	68
35	46	26
35	47	24
35	48	34
35	49	72
35	50	56
35	51	54
35	52	4
35	53	84
35	54	10
35	55	82
35	56	6
35	57	58
35	58	100
35	59	86
35	60	56
35	61	56
35	62	58
35	63	86
35	64	64
35	65	2
35	66	18
35	67	60
35	68	92
35	69	68
35	70	92
35	71	56
35	72	12
35	73	20
35	74	98
35	75	4
35	76	74
35	77	30
35	78	72
35	79	62
35	80	22
35	81	32
35	82	62
35	83	28
35	84	40
35	85	26
35	86	54
35	87	50
35	88	28
35	89	28
35	90	18
35	91	16
35	92	78
35	93	90
35	94	32
35	95	46
35	96	24
35	97	56
35	98	12
35	99	98
35	100	6
35	101	22
35	102	4
35	103	72
35	104	70
35	105	62
35	106	86
35	107	86
35	108	84
35	109	26
35	110	24
35	111	4
35	112	6
35	113	24
35	114	24
35	115	58
35	116	2
35	117	16
35	118	20
35	119	56
36	37	14
36	38	24
36	39	4
36	40	88
36	41	72
36	42	102
36	43	42
36	44	78
36	45	42
36	46	94
36	47	22
36	48	56
36	49	76
36	50	68
36	51	92
36	52	72
36	53	84
36	54	14
36	55	4
36	56	24
36	57	58
36	58	82
36	59	4
36	60	86
36	61	44
36	62	68
36	63	88
36	64	26
36	65	72
36	66	76
36	67	22
36	68	60
36	69	84
36	70	4
36	71	102
36	72	62
36	73	70
36	74	16
36	75	46
36	76	80
36	77	10
36	78	46
36	79	30
36	80	96
36	81	22
36	82	36
36	83	62
36	84	56
36	85	52
36	86	34
36	87	24
36	88	8
36	89	16
36	90	68
36	91	52
36	92	54
36	93	102
36	94	18
36	95	78
36	96	42
36	97	28
36	98	86
36	99	8
36	100	80
36	101	20
36	102	10
36	103	60
36	104	74
36	105	34
36	106	2
36	107	26
36	108	14
36	109	56
36	110	62
36	111	18
36	112	60
36	113	78
36	114	46
36	115	64
36	116	70
36	117	44
36	118	60
36	119	76
37	38	48
37	39	44
37	40	24
37	41	58
37	42	76
37	43	28
37	44	16
37	45	68
37	46	58
37	47	72
37	48	66
37	49	8
37	50	14
37	51	28
37	52	78
37	53	34
37	54	30
37	55	34
37	56	64
37	57	32
37	58	52
37	59	54
37	60	46
37	61	8
37	62	48
37	63	8
37	64	22
37	65	72
37	66	94
37	67	100
37	68	6
37	69	16
37	70	64
37	71	74
37	72	72
37	73	22
37	74	10
37	75	4
37	76	8
37	77	4
37	78	68
37	79	22
37	80	30
37	81	82
37	82	90
37	83	46
37	84	12
37	85	88
37	86	82
37	87	88
37	88	14
37	89	66
37	90	60
37	91	94
37	92	74
37	93	2
37	94	10
37	95	34
37	96	92
37	97	90
37	98	40
37	99	34
37	100	92
37	101	102
37	102	50
37	103	96
37	104	8
37	105	44
37	106	6
37	107	52
37	108	6
37	109	102
37	110	24
37	111	86
37	112	44
37	113	16
37	114	64
37	115	102
37	116	26
37	117	32
37	118	34
37	119	12
38	39	88
38	40	94
38	41	30
38	42	78
38	43	46
38	44	58
38	45	36
38	46	16
38	47	30
38	48	90
38	49	46
38	50	86
38	51	74
38	52	96
38	53	66
38	54	66
38	55	42
38	56	16
38	57	60
38	58	84
38	59	78
38	60	54
38	61	98
38	62	94
38	63	64
38	64	80
38	65	100
38	66	16
38	67	36
38	68	80
38	69	60
38	70	70
38	71	78
38	72	86
38	73	82
38	74	38
38	75	22
38	76	58
38	77	32
38	78	18
38	79	10
38	80	94
38	81	38
38	82	66
38	83	16
38	84	16
38	85	36
38	86	76
38	87	24
38	88	74
38	89	28
38	90	94
38	91	86
38	92	40
38	93	54
38	94	100
38	95	34
38	96	22
38	97	38
38	98	30
38	99	100
38	100	68
38	101	76
38	102	70
38	103	84
38	104	46
38	105	4
38	106	66
38	107	40
38	108	36
38	109	16
38	110	18
38	111	28
38	112	26
38	113	8
38	114	54
38	115	54
38	116	72
38	117	20
38	118	84
38	119	28
39	40	78
39	41	22
39	42	74
39	43	10
39	44	38
39	45	54
39	46	4
39	47	74
39	48	24
39	49	82
39	50	36
39	51	52
39	52	44
39	53	28
39	54	58
39	55	98
39	56	20
39	57	12
39	58	82
39	59	68
39	60	12
39	61	6
39	62	78
39	63	46
39	64	48
39	65	54
39	66	68
39	67	28
39	68	92
39	69	40
39	70	10
39	71	24
39	72	86
39	73	62
39	74	72
39	75	94
39	76	6
39	77	80
39	78	58
39	79	96
39	80	60
39	81	36
39	82	98
39	83	40
39	84	2
39	85	44
39	86	14
39	87	40
39	88	38
39	89	74
39	90	6
39	91	8
39	92	78
39	93	36
39	94	22
39	95	60
39	96	96
39	97	88
39	98	62
39	99	2
39	100	34
39	101	92
39	102	102
39	103	36
39	104	32
39	105	32
39	106	84
39	107	46
39	108	12
39	109	26
39	110	10
39	111	66
39	112	78
39	113	12
39	114	14
39	115	44
39	116	56
39	117	40
39	118	28
39	119	90
40	41	46
40	42	10
40	43	72
40	44	50
40	45	72
40	46	84
40	47	2
40	48	70
40	49	90
40	50	60
40	51	12
40	52	24
40	53	8
40	54	10
40	55	12
40	56	94
40	57	4
40	58	32
40	59	18
40	60	82
40	61	72
40	62	40
40	63	36
40	64	24
40	65	36
40	66	30
40	67	100
40	68	88
40	69	8
40	70	102
40	71	76
40	72	38
40	73	14
40	74	76
40	75	38
40	76	88
40	77	76
40	78	64
40	79	24
40	80	26
40	81	50
40	82	38
40	83	36
40	84	64
40	85	78
40	86	18
40	87	56
40	88	96
40	89	42
40	90	66
40	91	24
40	92	72
40	93	76
40	94	100
40	95	52
40	96	16
40	97	78
40	98	78
40	99	50
40	100	94
40	101	10
40	102	32
40	103	94
40	104	42
40	105	60
40	106	10
40	107	56
40	108	26
40	109	56
40	110	4
40	111	92
40	112	18
40	113	6
40	114	42
40	115	52
40	116	44
40	117	40
40	118	22
40	119	28
41	42	10
41	43	76
41	44	36
41	45	98
41	46	58
41	47	98
41	48	74
41	49	42
41	50	12
41	51	64
41	52	32
41	53	84
41	54	6
41	55	40
41	56	26
41	57	36
41	58	44
41	59	30
41	60	30
41	61	80
41	62	32
41	63	88
41	64	54
41	65	52
41	66	48
41	67	46
41	68	60
41	69	6
41	70	28
41	71	62
41	72	44
41	73	100
41	74	18
41	75	34
41	76	54
41	77	74
41	78	102
41	79	42
41	80	42
41	81	90
41	82	102
41	83	78
41	84	26
41	85	4
41	86	32
41	87	4
41	88	80
41	89	32
41	90	50
41	91	96
41	92	34
41	93	42
41	94	22
41	95	74
41	96	68
41	97	34
41	98	92
41	99	74
41	100	58
41	101	20
41	102	46
41	103	86
41	104	80
41	105	76
41	106	80
41	107	30
41	108	34
41	109	76
41	110	2
41	111	16
41	112	12
41	113	44
41	114	92
41	115	62
41	116	14
41	117	34
41	118	86
41	119	94
42	43	46
42	44	74
42	45	8
42	46	94
42	47	46
42	48	66
42	49	102
42	50	8
42	51	56
42	52	24
42	53	36
42	54	48
42	55	82
42	56	34
42	57	76
42	58	24
42	59	64
42	60	84
42	61	92
42	62	6
42	63	12
42	64	18
42	65	100
42	66	28
42	67	66
42	68	48
42	69	60
42	70	94
42	71	66
42	72	12
42	73	20
42	74	32
42	75	54
42	76	18
42	77	52
42	78	28
42	79	98
42	80	84
42	81	82
42	82	90
42	83	56
42	84	18
42	85	82
42	86	88
42	87	58
42	88	58
42	89	82
42	90	24
42	91	12
42	92	80
42	93	38
42	94	22
42	95	102
42	96	48
42	97	52
42	98	68
42	99	44
42	100	20
42	101	36
42	102	74
42	103	58
42	104	94
42	105	20
42	106	78
42	107	34
42	108	28
42	109	32
42	110	22
42	111	18
42	112	46
42	113	72
42	114	54
42	115	30
42	116	80
42	117	4
42	118	92
42	119	16
43	44	32
43	45	14
43	46	72
43	47	10
43	48	40
43	49	82
43	50	46
43	51	42
43	52	30
43	53	48
43	54	66
43	55	50
43	56	18
43	57	6
43	58	38
43	59	64
43	60	66
43	61	84
43	62	14
43	63	20
43	64	70
43	65	56
43	66	100
43	67	20
43	68	64
43	69	82
43	70	36
43	71	4
43	72	74
43	73	14
43	74	88
43	75	58
43	76	60
43	77	26
43	78	66
43	79	66
43	80	20
43	81	34
43	82	74
43	83	28
43	84	56
43	85	32
43	86	98
43	87	102
43	88	26
43	89	68
43	90	84
43	91	60
43	92	22
43	93	78
43	94	98
43	95	60
43	96	100
43	97	86
43	98	54
43	99	52
43	100	22
43	101	44
43	102	60
43	103	12
43	104	88
43	105	58
43	106	4
43	107	22
43	108	80
43	109	6
43	110	24
43	111	66
43	112	10
43	113	10
43	114	74
43	115	16
43	116	32
43	117	6
43	118	86
43	119	24
44	45	30
44	46	82
44	47	12
44	48	18
44	49	42
44	50	96
44	51	86
44	52	68
44	53	82
44	54	92
44	55	68
44	56	30
44	57	32
44	58	98
44	59	38
44	60	92
44	61	62
44	62	68
44	63	4
44	64	68
44	65	84
44	66	4
44	67	58
44	68	72
44	69	48
44	70	88
44	71	46
44	72	62
44	73	32
44	74	38
44	75	32
44	76	38
44	77	42
44	78	42
44	79	16
44	80	100
44	81	16
44	82	74
44	83	8
44	84	64
44	85	4
44	86	54
44	87	2
44	88	32
44	89	20
44	90	36
44	91	72
44	92	6
44	93	52
44	94	52
44	95	8
44	96	74
44	97	90
44	98	26
44	99	62
44	100	44
44	101	76
44	102	74
44	103	90
44	104	20
44	105	54
44	106	72
44	107	34
44	108	42
44	109	12
44	110	44
44	111	18
44	112	96
44	113	68
44	114	74
44	115	100
44	116	76
44	117	6
44	118	46
44	119	64
45	46	94
45	47	36
45	48	86
45	49	12
45	50	38
45	51	60
45	52	28
45	53	98
45	54	94
45	55	18
45	56	38
45	57	56
45	58	32
45	59	66
45	60	90
45	61	48
45	62	52
45	63	76
45	64	4
45	65	72
45	66	30
45	67	22
45	68	56
45	69	34
45	70	94
45	71	74
45	72	32
45	73	48
45	74	96
45	75	78
45	76	48
45	77	94
45	78	50
45	79	36
45	80	36
45	81	98
45	82	66
45	83	86
45	84	62
45	85	30
45	86	74
45	87	78
45	88	94
45	89	102
45	90	84
45	91	8
45	92	100
45	93	28
45	94	60
45	95	86
45	96	98
45	97	78
45	98	8
45	99	58
45	100	48
45	101	6
45	102	34
45	103	6
45	104	46
45	105	70
45	106	44
45	107	96
45	108	38
45	109	18
45	110	88
45	111	40
45	112	12
45	113	92
45	114	44
45	115	72
45	116	22
45	117	26
45	118	46
45	119	78
46	47	28
46	48	8
46	49	102
46	50	76
46	51	2
46	52	98
46	53	54
46	54	8
46	55	2
46	56	78
46	57	6
46	58	48
46	59	32
46	60	24
46	61	72
46	62	62
46	63	50
46	64	74
46	65	74
46	66	92
46	67	92
46	68	68
46	69	76
46	70	72
46	71	20
46	72	50
46	73	14
46	74	24
46	75	100
46	76	92
46	77	10
46	78	4
46	79	90
46	80	70
46	81	48
46	82	16
46	83	28
46	84	86
46	85	24
46	86	8
46	87	8
46	88	6
46	89	48
46	90	54
46	91	100
46	92	34
46	93	62
46	94	98
46	95	94
46	96	88
46	97	56
46	98	64
46	99	4
46	100	86
46	101	58
46	102	6
46	103	20
46	104	92
46	105	64
46	106	74
46	107	58
46	108	60
46	109	16
46	110	10
46	111	102
46	112	78
46	113	82
46	114	50
46	115	82
46	116	28
46	117	40
46	118	58
46	119	102
47	48	12
47	49	100
47	50	34
47	51	34
47	52	52
47	53	66
47	54	78
47	55	28
47	56	14
47	57	70
47	58	34
47	59	84
47	60	66
47	61	100
47	62	28
47	63	20
47	64	10
47	65	58
47	66	46
47	67	96
47	68	62
47	69	84
47	70	2
47	71	8
47	72	102
47	73	96
47	74	70
47	75	10
47	76	102
47	77	96
47	78	4
47	79	92
47	80	54
47	81	6
47	82	72
47	83	68
47	84	6
47	85	36
47	86	58
47	87	72
47	88	52
47	89	48
47	90	54
47	91	92
47	92	48
47	93	38
47	94	36
47	95	100
47	96	46
47	97	40
47	98	90
47	99	78
47	100	12
47	101	84
47	102	46
47	103	24
47	104	80
47	105	96
47	106	6
47	107	62
47	108	78
47	109	96
47	110	80
47	111	44
47	112	50
47	113	92
47	114	32
47	115	6
47	116	50
47	117	56
47	118	20
47	119	96
48	49	88
48	50	18
48	51	76
48	52	74
48	53	54
48	54	70
48	55	90
48	56	46
48	57	28
48	58	72
48	59	44
48	60	30
48	61	70
48	62	42
48	63	100
48	64	54
48	65	20
48	66	68
48	67	36
48	68	66
48	69	24
48	70	8
48	71	4
48	72	8
48	73	42
48	74	100
48	75	40
48	76	56
48	77	38
48	78	98
48	79	14
48	80	26
48	81	34
48	82	60
48	83	36
48	84	56
48	85	42
48	86	26
48	87	64
48	88	46
48	89	86
48	90	84
48	91	30
48	92	82
48	93	62
48	94	32
48	95	62
48	96	62
48	97	86
48	98	66
48	99	42
48	100	92
48	101	46
48	102	52
48	103	12
48	104	24
48	105	94
48	106	52
48	107	22
48	108	74
48	109	34
48	110	70
48	111	70
48	112	88
48	113	32
48	114	16
48	115	38
48	116	68
48	117	54
48	118	68
48	119	96
49	50	88
49	51	30
49	52	24
49	53	58
49	54	70
49	55	68
49	56	74
49	57	60
49	58	4
49	59	90
49	60	82
49	61	32
49	62	44
49	63	18
49	64	78
49	65	46
49	66	92
49	67	34
49	68	80
49	69	28
49	70	12
49	71	50
49	72	94
49	73	52
49	74	40
49	75	90
49	76	94
49	77	40
49	78	100
49	79	4
49	80	50
49	81	46
49	82	40
49	83	98
49	84	28
49	85	54
49	86	84
49	87	28
49	88	40
49	89	70
49	90	78
49	91	8
49	92	34
49	93	72
49	94	38
49	95	98
49	96	24
49	97	20
49	98	46
49	99	8
49	100	58
49	101	30
49	102	90
49	103	32
49	104	34
49	105	48
49	106	16
49	107	48
49	108	56
49	109	74
49	110	24
49	111	50
49	112	36
49	113	78
49	114	14
49	115	102
49	116	6
49	117	96
49	118	14
49	119	32
50	51	36
50	52	24
50	53	66
50	54	10
50	55	18
50	56	24
50	57	96
50	58	36
50	59	62
50	60	70
50	61	72
50	62	18
50	63	54
50	64	96
50	65	40
50	66	18
50	67	18
50	68	90
50	69	32
50	70	14
50	71	98
50	72	26
50	73	2
50	74	100
50	75	34
50	76	40
50	77	60
50	78	48
50	79	60
50	80	82
50	81	40
50	82	20
50	83	48
50	84	8
50	85	72
50	86	56
50	87	22
50	88	44
50	89	100
50	90	68
50	91	92
50	92	36
50	93	18
50	94	50
50	95	22
50	96	66
50	97	26
50	98	24
50	99	8
50	100	50
50	101	40
50	102	10
50	103	6
50	104	86
50	105	8
50	106	40
50	107	70
50	108	24
50	109	18
50	110	50
50	111	50
50	112	20
50	113	76
50	114	12
50	115	14
50	116	42
50	117	80
50	118	60
50	119	16
51	52	38
51	53	74
51	54	88
51	55	16
51	56	60
51	57	74
51	58	38
51	59	66
51	60	20
51	61	50
51	62	44
51	63	52
51	64	50
51	65	84
51	66	90
51	67	30
51	68	70
51	69	98
51	70	4
51	71	4
51	72	44
51	73	12
51	74	24
51	75	94
51	76	82
51	77	40
51	78	98
51	79	68
51	80	72
51	81	30
51	82	8
51	83	74
51	84	94
51	85	6
51	86	50
51	87	96
51	88	10
51	89	102
51	90	46
51	91	36
51	92	30
51	93	36
51	94	90
51	95	82
51	96	12
51	97	44
51	98	60
51	99	58
51	100	86
51	101	44
51	102	92
51	103	26
51	104	84
51	105	12
51	106	70
51	107	38
51	108	82
51	109	22
51	110	40
51	111	72
51	112	52
51	113	30
51	114	30
51	115	66
51	116	20
51	117	70
51	118	90
51	119	38
52	53	34
52	54	14
52	55	44
52	56	76
52	57	78
52	58	46
52	59	98
52	60	86
52	61	90
52	62	92
52	63	6
52	64	46
52	65	58
52	66	84
52	67	86
52	68	80
52	69	28
52	70	58
52	71	86
52	72	10
52	73	96
52	74	92
52	75	56
52	76	36
52	77	54
52	78	50
52	79	40
52	80	58
52	81	10
52	82	68
52	83	90
52	84	38
52	85	76
52	86	12
52	87	52
52	88	70
52	89	32
52	90	98
52	91	58
52	92	102
52	93	60
52	94	94
52	95	30
52	96	86
52	97	4
52	98	74
52	99	4
52	100	38
52	101	26
52	102	44
52	103	48
52	104	34
52	105	20
52	106	64
52	107	66
52	108	70
52	109	66
52	110	36
52	111	94
52	112	60
52	113	80
52	114	58
52	115	14
52	116	72
52	117	22
52	118	74
52	119	28
53	54	52
53	55	78
53	56	74
53	57	32
53	58	76
53	59	46
53	60	4
53	61	86
53	62	76
53	63	44
53	64	58
53	65	40
53	66	92
53	67	86
53	68	96
53	69	44
53	70	90
53	71	12
53	72	92
53	73	16
53	74	32
53	75	4
53	76	68
53	77	94
53	78	102
53	79	72
53	80	66
53	81	14
53	82	8
53	83	86
53	84	88
53	85	38
53	86	64
53	87	80
53	88	54
53	89	8
53	90	18
53	91	38
53	92	36
53	93	90
53	94	16
53	95	34
53	96	98
53	97	30
53	98	68
53	99	24
53	100	46
53	101	88
53	102	14
53	103	58
53	104	46
53	105	88
53	106	58
53	107	72
53	108	8
53	109	52
53	110	98
53	111	38
53	112	4
53	113	98
53	114	66
53	115	6
53	116	60
53	117	94
53	118	72
53	119	62
54	55	82
54	56	44
54	57	52
54	58	48
54	59	66
54	60	80
54	61	74
54	62	98
54	63	48
54	64	22
54	65	94
54	66	48
54	67	70
54	68	96
54	69	100
54	70	6
54	71	94
54	72	94
54	73	52
54	74	74
54	75	8
54	76	14
54	77	74
54	78	28
54	79	52
54	80	14
54	81	90
54	82	56
54	83	10
54	84	70
54	85	60
54	86	86
54	87	40
54	88	100
54	89	26
54	90	28
54	91	96
54	92	92
54	93	48
54	94	42
54	95	94
54	96	102
54	97	72
54	98	28
54	99	76
54	100	32
54	101	10
54	102	76
54	103	94
54	104	68
54	105	64
54	106	60
54	107	20
54	108	14
54	109	50
54	110	64
54	111	14
54	112	100
54	113	36
54	114	88
54	115	92
54	116	40
54	117	18
54	118	20
54	119	50
55	56	74
55	57	58
55	58	22
55	59	68
55	60	94
55	61	68
55	62	14
55	63	16
55	64	56
55	65	64
55	66	64
55	67	4
55	68	64
55	69	32
55	70	92
55	71	2
55	72	58
55	73	12
55	74	24
55	75	60
55	76	100
55	77	32
55	78	20
55	79	18
55	80	60
55	81	26
55	82	48
55	83	24
55	84	4
55	85	96
55	86	68
55	87	46
55	88	30
55	89	64
55	90	76
55	91	102
55	92	22
55	93	82
55	94	42
55	95	24
55	96	44
55	97	74
55	98	78
55	99	70
55	100	28
55	101	60
55	102	56
55	103	80
55	104	12
55	105	4
55	106	48
55	107	50
55	108	10
55	109	64
55	110	64
55	111	48
55	112	26
55	113	96
55	114	84
55	115	46
55	116	82
55	117	42
55	118	82
55	119	80
56	57	72
56	58	36
56	59	50
56	60	36
56	61	18
56	62	32
56	63	52
56	64	46
56	65	26
56	66	88
56	67	46
56	68	24
56	69	4
56	70	24
56	71	18
56	72	14
56	73	30
56	74	72
56	75	30
56	76	66
56	77	32
56	78	94
56	79	52
56	80	52
56	81	88
56	82	40
56	83	38
56	84	68
56	85	22
56	86	92
56	87	76
56	88	24
56	89	74
56	90	64
56	91	10
56	92	30
56	93	36
56	94	72
56	95	28
56	96	84
56	97	60
56	98	6
56	99	40
56	100	76
56	101	40
56	102	34
56	103	80
56	104	20
56	105	70
56	106	94
56	107	28
56	108	78
56	109	38
56	110	92
56	111	36
56	112	82
56	113	46
56	114	38
56	115	96
56	116	18
56	117	90
56	118	8
56	119	34
57	58	94
57	59	102
57	60	58
57	61	54
57	62	6
57	63	72
57	64	88
57	65	78
57	66	38
57	67	40
57	68	96
57	69	78
57	70	46
57	71	66
57	72	42
57	73	6
57	74	42
57	75	64
57	76	14
57	77	72
57	78	58
57	79	66
57	80	28
57	81	18
57	82	50
57	83	12
57	84	62
57	85	78
57	86	76
57	87	84
57	88	32
57	89	72
57	90	32
57	91	26
57	92	76
57	93	28
57	94	76
57	95	102
57	96	42
57	97	84
57	98	54
57	99	6
57	100	76
57	101	54
57	102	20
57	103	28
57	104	70
57	105	54
57	106	66
57	107	94
57	108	30
57	109	94
57	110	32
57	111	64
57	112	86
57	113	78
57	114	10
57	115	90
57	116	30
57	117	60
57	118	90
57	119	50
58	59	38
58	60	8
58	61	14
58	62	76
58	63	94
58	64	2
58	65	92
58	66	62
58	67	84
58	68	92
58	69	72
58	70	90
58	71	84
58	72	46
58	73	82
58	74	22
58	75	44
58	76	88
58	77	88
58	78	46
58	79	94
58	80	78
58	81	66
58	82	84
58	83	82
58	84	60
58	85	94
58	86	30
58	87	54
58	88	82
58	89	76
58	90	96
58	91	92
58	92	72
58	93	64
58	94	34
58	95	30
58	96	74
58	97	22
58	98	68
58	99	8
58	100	38
58	101	28
58	102	48
58	103	50
58	104	44
58	105	88
58	106	46
58	107	44
58	108	18
58	109	38
58	110	64
58	111	34
58	112	44
58	113	68
58	114	58
58	115	80
58	116	22
58	117	94
58	118	54
58	119	88
59	60	84
59	61	46
59	62	100
59	63	6
59	64	82
59	65	54
59	66	4
59	67	14
59	68	60
59	69	78
59	70	32
59	71	54
59	72	36
59	73	14
59	74	40
59	75	4
59	76	58
59	77	100
59	78	68
59	79	86
59	80	102
59	81	64
59	82	96
59	83	100
59	84	42
59	85	24
59	86	60
59	87	52
59	88	82
59	89	82
59	90	30
59	91	54
59	92	36
59	93	52
59	94	94
59	95	46
59	96	24
59	97	102
59	98	74
59	99	84
59	100	16
59	101	18
59	102	32
59	103	54
59	104	90
59	105	26
59	106	80
59	107	72
59	108	14
59	109	80
59	110	4
59	111	98
59	112	92
59	113	10
59	114	60
59	115	70
59	116	44
59	117	80
59	118	74
59	119	98
60	61	94
60	62	72
60	63	22
60	64	38
60	65	88
60	66	16
60	67	62
60	68	92
60	69	34
60	70	60
60	71	64
60	72	22
60	73	60
60	74	102
60	75	6
60	76	16
60	77	56
60	78	10
60	79	4
60	80	102
60	81	92
60	82	32
60	83	70
60	84	98
60	85	38
60	86	54
60	87	96
60	88	50
60	89	54
60	90	80
60	91	76
60	92	34
60	93	22
60	94	14
60	95	38
60	96	62
60	97	42
60	98	4
60	99	30
60	100	70
60	101	16
60	102	96
60	103	74
60	104	92
60	105	68
60	106	102
60	107	100
60	108	66
60	109	90
60	110	26
60	111	86
60	112	34
60	113	54
60	114	68
60	115	52
60	116	86
60	117	2
60	118	64
60	119	28
61	62	10
61	63	86
61	64	82
61	65	68
61	66	56
61	67	70
61	68	64
61	69	36
61	70	44
61	71	66
61	72	46
61	73	60
61	74	78
61	75	12
61	76	102
61	77	54
61	78	40
61	79	40
61	80	36
61	81	96
61	82	10
61	83	90
61	84	70
61	85	54
61	86	86
61	87	26
61	88	70
61	89	96
61	90	18
61	91	94
61	92	64
61	93	62
61	94	8
61	95	16
61	96	70
61	97	62
61	98	36
61	99	50
61	100	18
61	101	66
61	102	96
61	103	32
61	104	36
61	105	24
61	106	4
61	107	6
61	108	78
61	109	82
61	110	38
61	111	66
61	112	32
61	113	56
61	114	98
61	115	64
61	116	68
61	117	94
61	118	68
61	119	72
62	63	10
62	64	84
62	65	52
62	66	46
62	67	40
62	68	86
62	69	8
62	70	40
62	71	8
62	72	96
62	73	14
62	74	76
62	75	34
62	76	82
62	77	32
62	78	58
62	79	58
62	80	14
62	81	98
62	82	70
62	83	94
62	84	74
62	85	46
62	86	44
62	87	50
62	88	50
62	89	42
62	90	62
62	91	32
62	92	38
62	93	86
62	94	22
62	95	96
62	96	96
62	97	70
62	98	64
62	99	50
62	100	90
62	101	54
62	102	40
62	103	12
62	104	24
62	105	8
62	106	52
62	107	76
62	108	100
62	109	86
62	110	64
62	111	70
62	112	8
62	113	72
62	114	26
62	115	88
62	116	24
62	117	102
62	118	12
62	119	30
63	64	12
63	65	78
63	66	24
63	67	36
63	68	42
63	69	42
63	70	18
63	71	50
63	72	12
63	73	34
63	74	96
63	75	22
63	76	24
63	77	8
63	78	16
63	79	46
63	80	14
63	81	2
63	82	64
63	83	2
63	84	74
63	85	88
63	86	12
63	87	30
63	88	32
63	89	66
63	90	78
63	91	68
63	92	10
63	93	82
63	94	64
63	95	36
63	96	84
63	97	82
63	98	40
63	99	46
63	100	42
63	101	46
63	102	90
63	103	58
63	104	86
63	105	20
63	106	12
63	107	50
63	108	88
63	109	54
63	110	8
63	111	12
63	112	46
63	113	58
63	114	20
63	115	64
63	116	6
63	117	88
63	118	36
63	119	50
64	65	6
64	66	24
64	67	16
64	68	56
64	69	102
64	70	16
64	71	8
64	72	18
64	73	4
64	74	32
64	75	18
64	76	80
64	77	16
64	78	74
64	79	82
64	80	52
64	81	18
64	82	82
64	83	80
64	84	40
64	85	68
64	86	36
64	87	76
64	88	18
64	89	98
64	90	84
64	91	72
64	92	102
64	93	22
64	94	96
64	95	80
64	96	88
64	97	94
64	98	76
64	99	74
64	100	50
64	101	62
64	102	44
64	103	22
64	104	62
64	105	80
64	106	86
64	107	22
64	108	90
64	109	66
64	110	24
64	111	88
64	112	54
64	113	54
64	114	40
64	115	80
64	116	22
64	117	92
64	118	92
64	119	22
65	66	58
65	67	64
65	68	78
65	69	84
65	70	78
65	71	46
65	72	64
65	73	44
65	74	24
65	75	42
65	76	10
65	77	50
65	78	98
65	79	24
65	80	72
65	81	102
65	82	12
65	83	76
65	84	46
65	85	28
65	86	70
65	87	74
65	88	62
65	89	78
65	90	16
65	91	78
65	92	18
65	93	46
65	94	24
65	95	100
65	96	86
65	97	92
65	98	62
65	99	18
65	100	98
65	101	70
65	102	64
65	103	102
65	104	6
65	105	92
65	106	20
65	107	16
65	108	26
65	109	72
65	110	36
65	111	64
65	112	38
65	113	70
65	114	84
65	115	30
65	116	38
65	117	72
65	118	90
65	119	60
66	67	60
66	68	76
66	69	24
66	70	26
66	71	76
66	72	76
66	73	66
66	74	54
66	75	6
66	76	78
66	77	48
66	78	46
66	79	80
66	80	38
66	81	6
66	82	48
66	83	40
66	84	88
66	85	26
66	86	48
66	87	66
66	88	84
66	89	38
66	90	26
66	91	22
66	92	8
66	93	88
66	94	28
66	95	58
66	96	30
66	97	82
66	98	18
66	99	56
66	100	72
66	101	94
66	102	64
66	103	34
66	104	82
66	105	40
66	106	94
66	107	38
66	108	66
66	109	60
66	110	46
66	111	10
66	112	6
66	113	96
66	114	28
66	115	38
66	116	32
66	117	22
66	118	30
66	119	92
67	68	18
67	69	36
67	70	78
67	71	94
67	72	20
67	73	72
67	74	24
67	75	4
67	76	86
67	77	88
67	78	18
67	79	80
67	80	64
67	81	48
67	82	74
67	83	72
67	84	66
67	85	40
67	86	16
67	87	44
67	88	24
67	89	4
67	90	50
67	91	84
67	92	44
67	93	12
67	94	74
67	95	36
67	96	54
67	97	92
67	98	56
67	99	12
67	100	66
67	101	18
67	102	58
67	103	58
67	104	84
67	105	12
67	106	96
67	107	14
67	108	100
67	109	64
67	110	22
67	111	16
67	112	90
67	113	90
67	114	88
67	115	8
67	116	34
67	117	54
67	118	98
67	119	32
68	69	48
68	70	90
68	71	52
68	72	40
68	73	78
68	74	24
68	75	26
68	76	22
68	77	48
68	78	6
68	79	94
68	80	96
68	81	48
68	82	90
68	83	30
68	84	56
68	85	90
68	86	48
68	87	74
68	88	12
68	89	60
68	90	22
68	91	98
68	92	30
68	93	84
68	94	58
68	95	14
68	96	78
68	97	10
68	98	4
68	99	72
68	100	22
68	101	8
68	102	14
68	103	62
68	104	94
68	105	96
68	106	60
68	107	22
68	108	12
68	109	90
68	110	2
68	111	46
68	112	22
68	113	10
68	114	84
68	115	34
68	116	72
68	117	54
68	118	38
68	119	74
69	70	72
69	71	80
69	72	98
69	73	12
69	74	10
69	75	6
69	76	60
69	77	16
69	78	14
69	79	46
69	80	4
69	81	76
69	82	18
69	83	4
69	84	72
69	85	22
69	86	16
69	87	50
69	88	44
69	89	14
69	90	94
69	91	94
69	92	46
69	93	82
69	94	54
69	95	34
69	96	52
69	97	6
69	98	54
69	99	56
69	100	92
69	101	78
69	102	20
69	103	22
69	104	44
69	105	102
69	106	72
69	107	50
69	108	46
69	109	100
69	110	18
69	111	42
69	112	14
69	113	14
69	114	18
69	115	30
69	116	100
69	117	98
69	118	100
69	119	72
70	71	6
70	72	66
70	73	10
70	74	42
70	75	70
70	76	6
70	77	60
70	78	42
70	79	62
70	80	24
70	81	84
70	82	36
70	83	68
70	84	6
70	85	78
70	86	92
70	87	66
70	88	28
70	89	76
70	90	92
70	91	100
70	92	60
70	93	16
70	94	22
70	95	42
70	96	48
70	97	26
70	98	38
70	99	60
70	100	74
70	101	102
70	102	46
70	103	44
70	104	82
70	105	10
70	106	82
70	107	16
70	108	88
70	109	4
70	110	22
70	111	16
70	112	88
70	113	54
70	114	10
70	115	24
70	116	74
70	117	90
70	118	56
70	119	38
71	72	10
71	73	98
71	74	86
71	75	74
71	76	14
71	77	68
71	78	88
71	79	54
71	80	72
71	81	62
71	82	48
71	83	62
71	84	90
71	85	82
71	86	54
71	87	86
71	88	76
71	89	22
71	90	56
71	91	20
71	92	44
71	93	40
71	94	24
71	95	100
71	96	46
71	97	90
71	98	26
71	99	46
71	100	74
71	101	54
71	102	32
71	103	74
71	104	18
71	105	96
71	106	40
71	107	56
71	108	82
71	109	6
71	110	22
71	111	38
71	112	86
71	113	98
71	114	60
71	115	38
71	116	54
71	117	28
71	118	96
71	119	16
72	73	34
72	74	100
72	75	68
72	76	84
72	77	22
72	78	64
72	79	28
72	80	64
72	81	28
72	82	28
72	83	34
72	84	72
72	85	82
72	86	102
72	87	20
72	88	94
72	89	78
72	90	44
72	91	66
72	92	42
72	93	10
72	94	62
72	95	88
72	96	46
72	97	60
72	98	64
72	99	82
72	100	80
72	101	6
72	102	54
72	103	94
72	104	12
72	105	36
72	106	74
72	107	90
72	108	62
72	109	6
72	110	26
72	111	32
72	112	68
72	113	38
72	114	28
72	115	58
72	116	78
72	117	20
72	118	50
72	119	38
73	74	84
73	75	28
73	76	68
73	77	68
73	78	92
73	79	66
73	80	76
73	81	66
73	82	96
73	83	86
73	84	32
73	85	50
73	86	74
73	87	70
73	88	28
73	89	54
73	90	66
73	91	86
73	92	96
73	93	32
73	94	88
73	95	10
73	96	84
73	97	60
73	98	4
73	99	24
73	100	36
73	101	4
73	102	64
73	103	68
73	104	72
73	105	56
73	106	76
73	107	92
73	108	90
73	109	56
73	110	6
73	111	102
73	112	10
73	113	6
73	114	58
73	115	58
73	116	94
73	117	30
73	118	40
73	119	64
74	75	14
74	76	16
74	77	10
74	78	32
74	79	50
74	80	92
74	81	24
74	82	78
74	83	20
74	84	14
74	85	12
74	86	4
74	87	56
74	88	50
74	89	46
74	90	98
74	91	26
74	92	42
74	93	52
74	94	44
74	95	12
74	96	56
74	97	24
74	98	74
74	99	34
74	100	50
74	101	68
74	102	98
74	103	82
74	104	40
74	105	22
74	106	16
74	107	102
74	108	10
74	109	56
74	110	14
74	111	32
74	112	86
74	113	94
74	114	64
74	115	46
74	116	62
74	117	92
74	118	62
74	119	42
75	76	12
75	77	4
75	78	78
75	79	60
75	80	46
75	81	50
75	82	36
75	83	12
75	84	44
75	85	54
75	86	16
75	87	44
75	88	74
75	89	74
75	90	94
75	91	100
75	92	38
75	93	72
75	94	82
75	95	16
75	96	68
75	97	46
75	98	66
75	99	30
75	100	42
75	101	74
75	102	78
75	103	50
75	104	64
75	105	98
75	106	2
75	107	60
75	108	52
75	109	70
75	110	80
75	111	16
75	112	16
75	113	102
75	114	50
75	115	10
75	116	2
75	117	10
75	118	96
75	119	36
76	77	80
76	78	100
76	79	10
76	80	42
76	81	70
76	82	54
76	83	12
76	84	52
76	85	32
76	86	44
76	87	14
76	88	34
76	89	8
76	90	90
76	91	92
76	92	36
76	93	20
76	94	58
76	95	28
76	96	4
76	97	58
76	98	2
76	99	18
76	100	28
76	101	18
76	102	34
76	103	12
76	104	16
76	105	94
76	106	22
76	107	86
76	108	102
76	109	72
76	110	48
76	111	30
76	112	98
76	113	8
76	114	42
76	115	56
76	116	96
76	117	72
76	118	102
76	119	34
77	78	86
77	79	42
77	80	64
77	81	72
77	82	92
77	83	84
77	84	88
77	85	42
77	86	48
77	87	102
77	88	74
77	89	46
77	90	52
77	91	74
77	92	92
77	93	76
77	94	40
77	95	18
77	96	20
77	97	26
77	98	80
77	99	48
77	100	34
77	101	88
77	102	20
77	103	46
77	104	72
77	105	40
77	106	14
77	107	8
77	108	14
77	109	60
77	110	86
77	111	60
77	112	8
77	113	68
77	114	64
77	115	90
77	116	24
77	117	102
77	118	52
77	119	54
78	79	86
78	80	36
78	81	4
78	82	84
78	83	2
78	84	22
78	85	96
78	86	92
78	87	86
78	88	2
78	89	96
78	90	22
78	91	90
78	92	98
78	93	4
78	94	38
78	95	60
78	96	24
78	97	58
78	98	26
78	99	14
78	100	68
78	101	10
78	102	70
78	103	8
78	104	98
78	105	52
78	106	12
78	107	4
78	108	48
78	109	46
78	110	44
78	111	76
78	112	18
78	113	24
78	114	34
78	115	98
78	116	100
78	117	26
78	118	86
78	119	10
79	80	36
79	81	90
79	82	32
79	83	42
79	84	22
79	85	56
79	86	48
79	87	60
79	88	76
79	89	60
79	90	88
79	91	90
79	92	72
79	93	18
79	94	16
79	95	26
79	96	20
79	97	14
79	98	22
79	99	28
79	100	26
79	101	88
79	102	96
79	103	72
79	104	8
79	105	58
79	106	12
79	107	62
79	108	56
79	109	52
79	110	20
79	111	38
79	112	34
79	113	76
79	114	100
79	115	68
79	116	28
79	117	80
79	118	78
79	119	64
80	81	54
80	82	28
80	83	8
80	84	18
80	85	78
80	86	30
80	87	90
80	88	52
80	89	16
80	90	88
80	91	84
80	92	84
80	93	50
80	94	6
80	95	90
80	96	88
80	97	26
80	98	14
80	99	74
80	100	90
80	101	22
80	102	88
80	103	42
80	104	62
80	105	54
80	106	50
80	107	52
80	108	34
80	109	2
80	110	32
80	111	76
80	112	14
80	113	78
80	114	20
80	115	98
80	116	80
80	117	82
80	118	46
80	119	18
81	82	56
81	83	76
81	84	52
81	85	38
81	86	2
81	87	48
81	88	84
81	89	94
81	90	82
81	91	92
81	92	2
81	93	72
81	94	28
81	95	42
81	96	34
81	97	52
81	98	68
81	99	90
81	100	18
81	101	38
81	102	20
81	103	84
81	104	44
81	105	102
81	106	78
81	107	38
81	108	80
81	109	56
81	110	88
81	111	28
81	112	80
81	113	60
81	114	10
81	115	24
81	116	28
81	117	52
81	118	58
81	119	62
82	83	22
82	84	84
82	85	52
82	86	66
82	87	74
82	88	6
82	89	50
82	90	50
82	91	46
82	92	58
82	93	20
82	94	98
82	95	22
82	96	80
82	97	22
82	98	30
82	99	80
82	100	64
82	101	76
82	102	60
82	103	74
82	104	8
82	105	12
82	106	62
82	107	14
82	108	92
82	109	2
82	110	6
82	111	56
82	112	4
82	113	88
82	114	62
82	115	28
82	116	46
82	117	18
82	118	18
82	119	6
83	84	50
83	85	30
83	86	84
83	87	8
83	88	76
83	89	94
83	90	88
83	91	46
83	92	8
83	93	28
83	94	30
83	95	36
83	96	36
83	97	6
83	98	82
83	99	36
83	100	58
83	101	64
83	102	52
83	103	4
83	104	90
83	105	40
83	106	26
83	107	88
83	108	40
83	109	28
83	110	48
83	111	18
83	112	30
83	113	54
83	114	10
83	115	76
83	116	84
83	117	18
83	118	16
83	119	52
84	85	42
84	86	48
84	87	100
84	88	56
84	89	94
84	90	36
84	91	30
84	92	12
84	93	48
84	94	52
84	95	4
84	96	78
84	97	92
84	98	78
84	99	10
84	100	56
84	101	22
84	102	70
84	103	88
84	104	72
84	105	60
84	106	34
84	107	48
84	108	8
84	109	100
84	110	64
84	111	20
84	112	32
84	113	30
84	114	102
84	115	76
84	116	18
84	117	38
84	118	14
84	119	78
85	86	52
85	87	58
85	88	14
85	89	16
85	90	50
85	91	74
85	92	16
85	93	28
85	94	94
85	95	82
85	96	54
85	97	76
85	98	76
85	99	20
85	100	20
85	101	20
85	102	70
85	103	22
85	104	56
85	105	94
85	106	80
85	107	58
85	108	82
85	109	86
85	110	76
85	111	28
85	112	30
85	113	18
85	114	48
85	115	90
85	116	100
85	117	58
85	118	48
85	119	52
86	87	6
86	88	52
86	89	6
86	90	72
86	91	52
86	92	10
86	93	82
86	94	8
86	95	18
86	96	82
86	97	44
86	98	88
86	99	94
86	100	30
86	101	100
86	102	32
86	103	28
86	104	58
86	105	78
86	106	34
86	107	44
86	108	52
86	109	32
86	110	8
86	111	58
86	112	8
86	113	70
86	114	84
86	115	12
86	116	18
86	117	42
86	118	78
86	119	44
87	88	30
87	89	4
87	90	18
87	91	76
87	92	90
87	93	56
87	94	78
87	95	100
87	96	30
87	97	22
87	98	84
87	99	78
87	100	62
87	101	86
87	102	16
87	103	66
87	104	20
87	105	88
87	106	96
87	107	50
87	108	94
87	109	80
87	110	50
87	111	18
87	112	52
87	113	6
87	114	10
87	115	8
87	116	20
87	117	12
87	118	12
87	119	32
88	89	72
88	90	52
88	91	64
88	92	102
88	93	64
88	94	70
88	95	54
88	96	2
88	97	32
88	98	70
88	99	76
88	100	12
88	101	20
88	102	30
88	103	96
88	104	74
88	105	34
88	106	84
88	107	36
88	108	6
88	109	102
88	110	8
88	111	92
88	112	50
88	113	98
88	114	6
88	115	84
88	116	100
88	117	44
88	118	18
88	119	38
89	90	22
89	91	98
89	92	64
89	93	42
89	94	18
89	95	52
89	96	20
89	97	32
89	98	66
89	99	14
89	100	52
89	101	26
89	102	80
89	103	28
89	104	22
89	105	16
89	106	8
89	107	66
89	108	84
89	109	80
89	110	44
89	111	46
89	112	46
89	113	94
89	114	84
89	115	100
89	116	72
89	117	30
89	118	14
89	119	62
90	91	86
90	92	20
90	93	76
90	94	56
90	95	88
90	96	82
90	97	28
90	98	68
90	99	58
90	100	80
90	101	6
90	102	10
90	103	16
90	104	42
90	105	70
90	106	66
90	107	78
90	108	34
90	109	44
90	110	54
90	111	48
90	112	76
90	113	34
90	114	52
90	115	22
90	116	78
90	117	20
90	118	100
90	119	42
91	92	98
91	93	10
91	94	4
91	95	26
91	96	46
91	97	22
91	98	62
91	99	98
91	100	56
91	101	6
91	102	68
91	103	92
91	104	54
91	105	58
91	106	24
91	107	36
91	108	8
91	109	78
91	110	40
91	111	4
91	112	102
91	113	48
91	114	88
91	115	74
91	116	54
91	117	30
91	118	4
91	119	90
92	93	42
92	94	70
92	95	84
92	96	62
92	97	100
92	98	8
92	99	76
92	100	20
92	101	4
92	102	16
92	103	38
92	104	100
92	105	30
92	106	88
92	107	92
92	108	26
92	109	74
92	110	58
92	111	18
92	112	50
92	113	42
92	114	10
92	115	22
92	116	6
92	117	36
92	118	42
92	119	56
93	94	20
93	95	20
93	96	80
93	97	88
93	98	76
93	99	18
93	100	68
93	101	94
93	102	24
93	103	44
93	104	40
93	105	84
93	106	58
93	107	14
93	108	72
93	109	16
93	110	40
93	111	12
93	112	74
93	113	36
93	114	12
93	115	66
93	116	58
93	117	102
93	118	84
93	119	60
94	95	22
94	96	100
94	97	14
94	98	88
94	99	50
94	100	62
94	101	72
94	102	50
94	103	44
94	104	18
94	105	88
94	106	6
94	107	72
94	108	36
94	109	86
94	110	76
94	111	34
94	112	94
94	113	64
94	114	54
94	115	68
94	116	56
94	117	74
94	118	74
94	119	36
95	96	90
95	97	90
95	98	56
95	99	68
95	100	54
95	101	76
95	102	4
95	103	98
95	104	60
95	105	76
95	106	58
95	107	60
95	108	76
95	109	8
95	110	72
95	111	60
95	112	28
95	113	26
95	114	54
95	115	32
95	116	80
95	117	86
95	118	48
95	119	82
96	97	2
96	98	20
96	99	12
96	100	16
96	101	82
96	102	78
96	103	32
96	104	36
96	105	74
96	106	4
96	107	52
96	108	62
96	109	76
96	110	36
96	111	18
96	112	18
96	113	66
96	114	64
96	115	18
96	116	40
96	117	4
96	118	102
96	119	52
97	98	24
97	99	96
97	100	32
97	101	20
97	102	90
97	103	100
97	104	22
97	105	54
97	106	18
97	107	86
97	108	2
97	109	94
97	110	72
97	111	64
97	112	8
97	113	102
97	114	8
97	115	64
97	116	88
97	117	80
97	118	34
97	119	28
98	99	46
98	100	12
98	101	56
98	102	32
98	103	16
98	104	90
98	105	72
98	106	52
98	107	4
98	108	22
98	109	62
98	110	18
98	111	28
98	112	82
98	113	66
98	114	54
98	115	14
98	116	94
98	117	78
98	118	40
98	119	46
99	100	98
99	101	94
99	102	12
99	103	20
99	104	16
99	105	60
99	106	26
99	107	8
99	108	100
99	109	28
99	110	70
99	111	38
99	112	38
99	113	20
99	114	46
99	115	6
99	116	100
99	117	56
99	118	12
99	119	44
100	101	52
100	102	44
100	103	54
100	104	90
100	105	82
100	106	96
100	107	20
100	108	30
100	109	28
100	110	60
100	111	72
100	112	66
100	113	52
100	114	36
100	115	16
100	116	52
100	117	64
100	118	4
100	119	72
101	102	102
101	103	6
101	104	90
101	105	8
101	106	68
101	107	62
101	108	10
101	109	28
101	110	90
101	111	42
101	112	100
101	113	8
101	114	70
101	115	8
101	116	72
101	117	28
101	118	32
101	119	8
102	103	70
102	104	4
102	105	62
102	106	26
102	107	42
102	108	48
102	109	60
102	110	80
102	111	94
102	112	96
102	113	102
102	114	86
102	115	40
102	116	82
102	117	44
102	118	60
102	119	38
103	104	92
103	105	66
103	106	12
103	107	42
103	108	46
103	109	92
103	110	70
103	111	80
103	112	6
103	113	98
103	114	24
103	115	34
103	116	68
103	117	38
103	118	54
103	119	32
104	105	94
104	106	76
104	107	72
104	108	74
104	109	40
104	110	48
104	111	80
104	112	84
104	113	36
104	114	40
104	115	90
104	116	42
104	117	92
104	118	90
104	119	54
105	106	72
105	107	56
105	108	64
105	109	26
105	110	6
105	111	94
105	112	90
105	113	96
105	114	58
105	115	84
105	116	86
105	117	90
105	118	60
105	119	42
106	107	36
106	108	74
106	109	50
106	110	18
106	111	66
106	112	82
106	113	102
106	114	86
106	115	56
106	116	4
106	117	66
106	118	10
106	119	6
107	108	96
107	109	102
107	110	86
107	111	94
107	112	36
107	113	88
107	114	82
107	115	56
107	116	100
107	117	2
107	118	20
107	119	56
108	109	60
108	110	34
108	111	22
108	112	42
108	113	46
108	114	30
108	115	10
108	116	46
108	117	2
108	118	36
108	119	2
109	110	56
109	111	90
109	112	94
109	113	36
109	114	28
109	115	2
109	116	26
109	117	60
109	118	32
109	119	66
110	111	44
110	112	64
110	113	70
110	114	34
110	115	8
110	116	70
110	117	90
110	118	68
110	119	2
111	112	32
111	113	10
111	114	96
111	115	8
111	116	96
111	117	18
111	118	78
111	119	8
112	113	10
112	114	6
112	115	48
112	116	42
112	117	22
112	118	70
112	119	80
113	114	92
113	115	88
113	116	24
113	117	36
113	118	36
113	119	102
114	115	22
114	116	70
114	117	20
114	118	64
114	119	26
115	116	68
115	117	64
115	118	92
115	119	20
116	117	96
116	118	18
116	119	74
117	118	62
117	119	80
118	119	46