120 10 ds 10 13 11 14 8 16 10 15 11 14 12 16 11 15 12 15 8 13 12 16 
0 1 62
0 2 12
0 3 91
0 4 38
0 5 27
0 6 35
0 7 67
0 8 26
0 9 81
0 10 46
0 11 72
0 12 8
0 13 78
0 14 1
0 15 36
0 16 11
0 17 90
0 18 32
0 19 27
0 20 67
0 21 16
0 22 12
0 23 31
0 24 11
0 25 54
0 26 56
0 27 7
0 28 78
0 29 39
0 30 91
0 31 70
0 32 54
0 33 41
0 34 83
0 35 70
0 36 54
0 37 50
0 38 32
0 39 96
0 40 55
0 41 27
0 42 80
0 43 93
0 44 76
0 45 89
0 46 22
0 47 3
0 48 35
0 49 63
0 50 88
0 51 8
0 52 38
0 53 27
0 54 77
0 55 3
0 56 36
0 57 32
0 58 73
0 59 16
0 60 95
0 61 51
0 62 76
0 63 19
0 64 34
0 65 97
0 66 47
0 67 79
0 68 90
0 69 3
0 70 57
0 71 13
0 72 12
0 73 80
0 74 21
0 75 94
0 76 46
0 77 0
0 78 57
0 79 81
0 80 88
0 81 98
0 82 55
0 83 67
0 84 18
0 85 79
0 86 81
0 87 39
0 88 6
0 89 72
0 90 23
0 91 13
0 92 20
0 93 0
0 94 70
0 95 5
0 96 19
0 97 25
0 98 26
0 99 74
0 100 13
0 101 24
0 102 28
0 103 95
0 104 82
0 105 28
0 106 28
0 107 56
0 108 72
0 109 40
0 110 8
0 111 30
0 112 2
0 113 44
0 114 93
0 115 63
0 116 65
0 117 87
0 118 6
0 119 45
1 2 27
1 3 84
1 4 5
1 5 84
1 6 23
1 7 41
1 8 42
1 9 87
1 10 12
1 11 27
1 12 49
1 13 44
1 14 90
1 15 99
1 16 66
1 17 10
1 18 3
1 19 55
1 20 61
1 21 99
1 22 91
1 23 49
1 24 23
1 25 8
1 26 63
1 27 51
1 28 36
1 29 24
1 30 66
1 31 32
1 32 67
1 33 40
1 34 73
1 35 84
1 36 66
1 37 80
1 38 52
1 39 27
1 40 25
1 41 76
1 42 64
1 43 64
1 44 46
1 45 8
1 46 51
1 47 92
1 48 3
1 49 88
1 50 60
1 51 43
1 52 7
1 53 62
1 54 33
1 55 51
1 56 87
1 57 66
1 58 6
1 59 18
1 60 54
1 61 0
1 62 59
1 63 62
1 64 43
1 65 64
1 66 44
1 67 86
1 68 46
1 69 21
1 70 61
1 71 7
1 72 80
1 73 29
1 74 65
1 75 10
1 76 95
1 77 85
1 78 41
1 79 50
1 80 21
1 81 68
1 82 22
1 83 44
1 84 17
1 85 55
1 86 58
1 87 82
1 88 75
1 89 19
1 90 44
1 91 64
1 92 57
1 93 36
1 94 81
1 95 27
1 96 22
1 97 27
1 98 5
1 99 20
1 100 31
1 101 52
1 102 60
1 103 92
1 104 87
1 105 34
1 106 35
1 107 89
1 108 27
1 109 71
1 110 91
1 111 30
1 112 10
1 113 74
1 114 69
1 115 14
1 116 93
1 117 81
1 118 47
1 119 44
2 3 66
2 4 88
2 5 35
2 6 99
2 7 17
2 8 59
2 9 33
2 10 1
2 11 9
2 12 18
2 13 41
2 14 75
2 15 94
2 16 27
2 17 41
2 18 20
2 19 46
2 20 50
2 21 66
2 22 91
2 23 87
2 24 62
2 25 14
2 26 78
2 27 68
2 28 17
2 29 4
2 30 83
2 31 3
2 32 59
2 33 89
2 34 37
2 35 44
2 36 32
2 37 37
2 38 82
2 39 11
2 40 48
2 41 48
2 42 5
2 43 44
2 44 6
2 45 80
2 46 30
2 47 19
2 48 32
2 49 95
2 50 56
2 51 9
2 52 19
2 53 85
2 54 22
2 55 16
2 56 41
2 57 16
2 58 91
2 59 91
2 60 70
2 61 25
2 62 91
2 63 76
2 64 17
2 65 33
2 66 73
2 67 25
2 68 97
2 69 45
2 70 93
2 71 28
2 72 54
2 73 90
2 74 16
2 75 82
2 76 79
2 77 6
2 78 49
2 79 76
2 80 86
2 81 41
2 82 83
2 83 8
2 84 53
2 85 85
2 86 0
2 87 28
2 88 46
2 89 86
2 90 65
2 91 19
2 92 83
2 93 72
2 94 86
2 95 45
2 96 56
2 97 53
2 98 36
2 99 16
2 100 11
2 101 73
2 102 75
2 103 86
2 104 34
2 105 4
2 106 43
2 107 25
2 108 71
2 109 52
2 110 95
2 111 29
2 112 13
2 113 54
2 114 17
2 115 87
2 116 64
2 117 5
2 118 71
2 119 40
3 4 80
3 5 57
3 6 70
3 7 1
3 8 34
3 9 4
3 10 70
3 11 21
3 12 50
3 13 24
3 14 96
3 15 24
3 16 4
3 17 25
3 18 67
3 19 61
3 20 68
3 21 30
3 22 89
3 23 16
3 24 30
3 25 15
3 26 72
3 27 70
3 28 84
3 29 88
3 30 95
3 31 100
3 32 4
3 33 77
3 34 15
3 35 24
3 36 49
3 37 39
3 38 93
3 39 23
3 40 30
3 41 98
3 42 52
3 43 10
3 44 45
3 45 7
3 46 92
3 47 30
3 48 44
3 49 14
3 50 0
3 51 70
3 52 85
3 53 58
3 54 84
3 55 4
3 56 41
3 57 87
3 58 95
3 59 44
3 60 63
3 61 72
3 62 77
3 63 44
3 64 17
3 65 44
3 66 10
3 67 53
3 68 95
3 69 68
3 70 48
3 71 67
3 72 56
3 73 54
3 74 69
3 75 84
3 76 71
3 77 41
3 78 10
3 79 14
3 80 43
3 81 58
3 82 62
3 83 32
3 84 86
3 85 56
3 86 32
3 87 15
3 88 45
3 89 93
3 90 76
3 91 68
3 92 40
3 93 16
3 94 91
3 95 95
3 96 60
3 97 64
3 98 75
3 99 1
3 100 44
3 101 27
3 102 1
3 103 66
3 104 90
3 105 72
3 106 32
3 107 6
3 108 8
3 109 50
3 110 34
3 111 86
3 112 45
3 113 97
3 114 80
3 115 48
3 116 68
3 117 69
3 118 2
3 119 31
4 5 96
4 6 71
4 7 46
4 8 89
4 9 38
4 10 96
4 11 91
4 12 32
4 13 71
4 14 83
4 15 71
4 16 72
4 17 22
4 18 67
4 19 9
4 20 87
4 21 98
4 22 100
4 23 19
4 24 80
4 25 42
4 26 56
4 27 76
4 28 26
4 29 62
4 30 98
4 31 74
4 32 20
4 33 70
4 34 61
4 35 20
4 36 70
4 37 38
4 38 44
4 39 58
4 40 14
4 41 35
4 42 66
4 43 93
4 44 82
4 45 48
4 46 8
4 47 57
4 48 0
4 49 85
4 50 14
4 51 83
4 52 19
4 53 90
4 54 13
4 55 20
4 56 70
4 57 35
4 58 1
4 59 60
4 60 61
4 61 58
4 62 59
4 63 5
4 64 29
4 65 34
4 66 56
4 67 54
4 68 100
4 69 58
4 70 52
4 71 88
4 72 63
4 73 22
4 74 15
4 75 62
4 76 39
4 77 33
4 78 3
4 79 36
4 80 39
4 81 41
4 82 59
4 83 28
4 84 39
4 85 64
4 86 8
4 87 24
4 88 58
4 89 18
4 90 18
4 91 58
4 92 64
4 93 59
4 94 87
4 95 18
4 96 91
4 97 14
4 98 22
4 99 61
4 100 36
4 101 85
4 102 78
4 103 93
4 104 49
4 105 18
4 106 85
4 107 55
4 108 51
4 109 9
4 110 76
4 111 77
4 112 41
4 113 42
4 114 89
4 115 19
4 116 98
4 117 61
4 118 50
4 119 35
5 6 39
5 7 37
5 8 1
5 9 53
5 10 6
5 11 40
5 12 28
5 13 8
5 14 21
5 15 35
5 16 27
5 17 53
5 18 97
5 19 74
5 20 39
5 21 94
5 22 89
5 23 54
5 24 56
5 25 49
5 26 34
5 27 68
5 28 89
5 29 75
5 30 47
5 31 43
5 32 99
5 33 75
5 34 75
5 35 28
5 36 8
5 37 61
5 38 47
5 39 85
5 40 100
5 41 10
5 42 49
5 43 100
5 44 81
5 45 95
5 46 96
5 47 30
5 48 2
5 49 73
5 50 3
5 51 98
5 52 44
5 53 80
5 54 71
5 55 31
5 56 6
5 57 37
5 58 21
5 59 63
5 60 27
5 61 13
5 62 61
5 63 75
5 64 28
5 65 61
5 66 92
5 67 86
5 68 50
5 69 26
5 70 24
5 71 53
5 72 74
5 73 8
5 74 40
5 75 13
5 76 64
5 77 79
5 78 7
5 79 36
5 80 37
5 81 39
5 82 84
5 83 88
5 84 63
5 85 80
5 86 88
5 87 79
5 88 100
5 89 62
5 90 27
5 91 91
5 92 28
5 93 97
5 94 78
5 95 25
5 96 94
5 97 49
5 98 96
5 99 90
5 100 8
5 101 60
5 102 47
5 103 67
5 104 5
5 105 66
5 106 92
5 107 19
5 108 48
5 109 4
5 110 24
5 111 23
5 112 90
5 113 82
5 114 82
5 115 59
5 116 12
5 117 76
5 118 24
5 119 56
6 7 80
6 8 65
6 9 46
6 10 99
6 11 63
6 12 91
6 13 6
6 14 52
6 15 56
6 16 82
6 17 64
6 18 53
6 19 51
6 20 44
6 21 73
6 22 13
6 23 45
6 24 3
6 25 97
6 26 1
6 27 0
6 28 47
6 29 10
6 30 57
6 31 97
6 32 38
6 33 0
6 34 70
6 35 87
6 36 99
6 37 80
6 38 67
6 39 59
6 40 58
6 41 62
6 42 20
6 43 80
6 44 95
6 45 79
6 46 12
6 47 13
6 48 38
6 49 40
6 50 14
6 51 29
6 52 97
6 53 66
6 54 16
6 55 36
6 56 65
6 57 20
6 58 37
6 59 13
6 60 95
6 61 80
6 62 94
6 63 89
6 64 10
6 65 20
6 66 46
6 67 95
6 68 87
6 69 12
6 70 25
6 71 20
6 72 90
6 73 48
6 74 27
6 75 35
6 76 91
6 77 14
6 78 98
6 79 62
6 80 2
6 81 6
6 82 98
6 83 10
6 84 94
6 85 20
6 86 100
6 87 87
6 88 45
6 89 71
6 90 93
6 91 76
6 92 60
6 93 14
6 94 36
6 95 49
6 96 49
6 97 57
6 98 68
6 99 83
6 100 65
6 101 12
6 102 82
6 103 75
6 104 93
6 105 34
6 106 24
6 107 88
6 108 20
6 109 53
6 110 67
6 111 16
6 112 67
6 113 78
6 114 68
6 115 5
6 116 10
6 117 52
6 118 70
6 119 45
7 8 2
7 9 70
7 10 36
7 11 70
7 12 92
7 13 14
7 14 96
7 15 7
7 16 28
7 17 14
7 18 50
7 19 99
7 20 22
7 21 39
7 22 87
7 23 27
7 24 98
7 25 84
7 26 51
7 27 7
7 28 82
7 29 56
7 30 69
7 31 2
7 32 72
7 33 92
7 34 29
7 35 78
7 36 84
7 37 99
7 38 88
7 39 56
7 40 84
7 41 82
7 42 32
7 43 79
7 44 9
7 45 14
7 46 82
7 47 36
7 48 52
7 49 57
7 50 58
7 51 66
7 52 36
7 53 77
7 54 4
7 55 44
7 56 94
7 57 24
7 58 59
7 59 90
7 60 10
7 61 53
7 62 92
7 63 37
7 64 41
7 65 72
7 66 52
7 67 6
7 68 17
7 69 50
7 70 20
7 71 22
7 72 0
7 73 95
7 74 58
7 75 11
7 76 34
7 77 24
7 78 55
7 79 31
7 80 17
7 81 38
7 82 16
7 83 41
7 84 36
7 85 67
7 86 99
7 87 18
7 88 84
7 89 26
7 90 67
7 91 79
7 92 49
7 93 99
7 94 22
7 95 10
7 96 100
7 97 71
7 98 22
7 99 70
7 100 5
7 101 45
7 102 90
7 103 17
7 104 48
7 105 69
7 106 66
7 107 73
7 108 22
7 109 17
7 110 88
7 111 48
7 112 43
7 113 77
7 114 15
7 115 80
7 116 46
7 117 48
7 118 64
7 119 6
8 9 96
8 10 34
8 11 26
8 12 26
8 13 41
8 14 90
8 15 91
8 16 65
8 17 77
8 18 29
8 19 46
8 20 83
8 21 79
8 22 51
8 23 58
8 24 65
8 25 76
8 26 37
8 27 73
8 28 59
8 29 85
8 30 98
8 31 46
8 32 95
8 33 80
8 34 68
8 35 46
8 36 84
8 37 27
8 38 42
8 39 8
8 40 30
8 41 81
8 42 12
8 43 58
8 44 33
8 45 73
8 46 71
8 47 35
8 48 42
8 49 91
8 50 10
8 51 69
8 52 23
8 53 58
8 54 58
8 55 18
8 56 35
8 57 5
8 58 5
8 59 51
8 60 23
8 61 44
8 62 15
8 63 41
8 64 44
8 65 64
8 66 31
8 67 40
8 68 87
8 69 6
8 70 22
8 71 6
8 72 15
8 73 34
8 74 43
8 75 33
8 76 93
8 77 43
8 78 68
8 79 94
8 80 49
8 81 26
8 82 46
8 83 61
8 84 4
8 85 33
8 86 32
8 87 58
8 88 12
8 89 96
8 90 29
8 91 53
8 92 40
8 93 81
8 94 31
8 95 90
8 96 38
8 97 50
8 98 31
8 99 89
8 100 62
8 101 35
8 102 77
8 103 66
8 104 67
8 105 12
8 106 75
8 107 72
8 108 45
8 109 9
8 110 4
8 111 89
8 112 69
8 113 91
8 114 42
8 115 81
8 116 49
8 117 13
8 118 19
8 119 80
9 10 46
9 11 85
9 12 7
9 13 45
9 14 33
9 15 79
9 16 100
9 17 49
9 18 84
9 19 16
9 20 38
9 21 82
9 22 100
9 23 97
9 24 75
9 25 74
9 26 75
9 27 95
9 28 55
9 29 99
9 30 0
9 31 2
9 32 51
9 33 27
9 34 57
9 35 28
9 36 74
9 37 68
9 38 27
9 39 79
9 40 93
9 41 73
9 42 68
9 43 25
9 44 8
9 45 96
9 46 71
9 47 65
9 48 59
9 49 83
9 50 61
9 51 85
9 52 86
9 53 56
9 54 70
9 55 22
9 56 82
9 57 85
9 58 20
9 59 78
9 60 40
9 61 99
9 62 45
9 63 17
9 64 51
9 65 74
9 66 80
9 67 42
9 68 84
9 69 89
9 70 8
9 71 94
9 72 5
9 73 46
9 74 64
9 75 51
9 76 39
9 77 73
9 78 95
9 79 82
9 80 45
9 81 95
9 82 67
9 83 77
9 84 8
9 85 54
9 86 90
9 87 74
9 88 45
9 89 60
9 90 62
9 91 88
9 92 70
9 93 59
9 94 12
9 95 63
9 96 17
9 97 23
9 98 34
9 99 17
9 100 10
9 101 65
9 102 42
9 103 55
9 104 5
9 105 34
9 106 79
9 107 4
9 108 100
9 109 75
9 110 15
9 111 81
9 112 16
9 113 16
9 114 67
9 115 28
9 116 79
9 117 70
9 118 41
9 119 50
10 11 68
10 12 73
10 13 70
10 14 84
10 15 9
10 16 4
10 17 39
10 18 25
10 19 41
10 20 93
10 21 84
10 22 79
10 23 6
10 24 35
10 25 13
10 26 79
10 27 90
10 28 71
10 29 74
10 30 7
10 31 64
10 32 96
10 33 70
10 34 22
10 35 20
10 36 83
10 37 17
10 38 95
10 39 51
10 40 1
10 41 36
10 42 47
10 43 44
10 44 37
10 45 49
10 46 18
10 47 21
10 48 98
10 49 50
10 50 36
10 51 33
10 52 78
10 53 9
10 54 19
10 55 58
10 56 59
10 57 30
10 58 78
10 59 33
10 60 98
10 61 48
10 62 10
10 63 53
10 64 87
10 65 82
10 66 27
10 67 25
10 68 46
10 69 61
10 70 16
10 71 8
10 72 57
10 73 84
10 74 15
10 75 97
10 76 43
10 77 81
10 78 14
10 79 76
10 80 21
10 81 29
10 82 73
10 83 46
10 84 50
10 85 34
10 86 61
10 87 99
10 88 19
10 89 20
10 90 10
10 91 5
10 92 48
10 93 18
10 94 94
10 95 34
10 96 93
10 97 92
10 98 65
10 99 46
10 100 82
10 101 96
10 102 52
10 103 83
10 104 65
10 105 47
10 106 6
10 107 25
10 108 32
10 109 43
10 110 10
10 111 94
10 112 65
10 113 53
10 114 95
10 115 28
10 116 3
10 117 37
10 118 49
10 119 92
11 12 77
11 13 95
11 14 100
11 15 73
11 16 28
11 17 62
11 18 83
11 19 6
11 20 82
11 21 73
11 22 100
11 23 2
11 24 68
11 25 81
11 26 61
11 27 7
11 28 78
11 29 5
11 30 42
11 31 100
11 32 26
11 33 92
11 34 48
11 35 20
11 36 94
11 37 14
11 38 93
11 39 28
11 40 63
11 41 8
11 42 25
11 43 59
11 44 74
11 45 46
11 46 10
11 47 27
11 48 71
11 49 77
11 50 38
11 51 95
11 52 19
11 53 66
11 54 70
11 55 51
11 56 53
11 57 78
11 58 20
11 59 17
11 60 71
11 61 31
11 62 47
11 63 4
11 64 62
11 65 17
11 66 93
11 67 4
11 68 21
11 69 99
11 70 31
11 71 24
11 72 11
11 73 23
11 74 88
11 75 65
11 76 4
11 77 27
11 78 33
11 79 86
11 80 58
11 81 48
11 82 38
11 83 8
11 84 61
11 85 24
11 86 25
11 87 31
11 88 36
11 89 44
11 90 100
11 91 45
11 92 77
11 93 75
11 94 0
11 95 12
11 96 70
11 97 62
11 98 4
11 99 77
11 100 25
11 101 91
11 102 73
11 103 12
11 104 9
11 105 89
11 106 33
11 107 38
11 108 94
11 109 14
11 110 100
11 111 91
11 112 78
11 113 96
11 114 98
11 115 55
11 116 33
11 117 18
11 118 64
11 119 26
12 13 34
12 14 46
12 15 31
12 16 58
12 17 42
12 18 100
12 19 50
12 20 52
12 21 34
12 22 43
12 23 71
12 24 51
12 25 44
12 26 75
12 27 61
12 28 51
12 29 9
12 30 47
12 31 93
12 32 72
12 33 78
12 34 64
12 35 27
12 36 19
12 37 93
12 38 58
12 39 43
12 40 25
12 41 92
12 42 9
12 43 60
12 44 83
12 45 54
12 46 29
12 47 1
12 48 35
12 49 22
12 50 91
12 51 47
12 52 72
12 53 96
12 54 77
12 55 86
12 56 83
12 57 7
12 58 10
12 59 87
12 60 23
12 61 20
12 62 20
12 63 73
12 64 48
12 65 60
12 66 17
12 67 39
12 68 53
12 69 28
12 70 58
12 71 98
12 72 80
12 73 38
12 74 14
12 75 62
12 76 93
12 77 26
12 78 82
12 79 14
12 80 41
12 81 35
12 82 50
12 83 50
12 84 28
12 85 65
12 86 34
12 87 31
12 88 32
12 89 53
12 90 90
12 91 10
12 92 33
12 93 0
12 94 73
12 95 32
12 96 60
12 97 2
12 98 64
12 99 37
12 100 57
12 101 51
12 102 74
12 103 49
12 104 21
12 105 84
12 106 57
12 107 74
12 108 9
12 109 12
12 110 76
12 111 32
12 112 85
12 113 10
12 114 24
12 115 31
12 116 72
12 117 15
12 118 73
12 119 70
13 14 91
13 15 11
13 16 59
13 17 4
13 18 9
13 19 7
13 20 79
13 21 57
13 22 58
13 23 57
13 24 16
13 25 27
13 26 59
13 27 98
13 28 62
13 29 63
13 30 36
13 31 61
13 32 57
13 33 14
13 34 31
13 35 64
13 36 79
13 37 93
13 38 70
13 39 7
13 40 92
13 41 70
13 42 89
13 43 57
13 44 59
13 45 67
13 46 12
13 47 68
13 48 91
13 49 22
13 50 53
13 51 34
13 52 20
13 53 41
13 54 7
13 55 34
13 56 49
13 57 88
13 58 29
13 59 88
13 60 6
13 61 13
13 62 13
13 63 94
13 64 44
13 65 91
13 66 80
13 67 60
13 68 42
13 69 7
13 70 52
13 71 89
13 72 46
13 73 81
13 74 43
13 75 43
13 76 0
13 77 33
13 78 37
13 79 5
13 80 95
13 81 75
13 82 56
13 83 44
13 84 44
13 85 38
13 86 18
13 87 44
13 88 86
13 89 60
13 90 30
13 91 100
13 92 36
13 93 62
13 94 4
13 95 44
13 96 20
13 97 12
13 98 44
13 99 5
13 100 17
13 101 63
13 102 45
13 103 100
13 104 10
13 105 77
13 106 7
13 107 40
13 108 7
13 109 93
13 110 31
13 111 83
13 112 25
13 113 38
13 114 53
13 115 19
13 116 58
13 117 39
13 118 96
13 119 77
14 15 2
14 16 56
14 17 6
14 18 16
14 19 20
14 20 47
14 21 30
14 22 83
14 23 32
14 24 28
14 25 55
14 26 95
14 27 93
14 28 77
14 29 80
14 30 38
14 31 78
14 32 59
14 33 25
14 34 90
14 35 96
14 36 32
14 37 71
14 38 62
14 39 17
14 40 16
14 41 97
14 42 40
14 43 47
14 44 97
14 45 70
14 46 87
14 47 94
14 48 78
14 49 37
14 50 72
14 51 7
14 52 92
14 53 15
14 54 71
14 55 1
14 56 57
14 57 64
14 58 34
14 59 90
14 60 11
14 61 87
14 62 55
14 63 43
14 64 59
14 65 30
14 66 31
14 67 17
14 68 21
14 69 16
14 70 4
14 71 43
14 72 83
14 73 17
14 74 23
14 75 96
14 76 38
14 77 99
14 78 81
14 79 85
14 80 89
14 81 60
14 82 47
14 83 44
14 84 25
14 85 57
14 86 33
14 87 33
14 88 90
14 89 43
14 90 13
14 91 41
14 92 27
14 93 32
14 94 52
14 95 40
14 96 7
14 97 30
14 98 92
14 99 59
14 100 38
14 101 34
14 102 89
14 103 90
14 104 51
14 105 80
14 106 40
14 107 35
14 108 67
14 109 90
14 110 15
14 111 68
14 112 73
14 113 69
14 114 11
14 115 29
14 116 13
14 117 2
14 118 78
14 119 35
15 16 44
15 17 96
15 18 92
15 19 97
15 20 45
15 21 43
15 22 49
15 23 94
15 24 0
15 25 82
15 26 24
15 27 54
15 28 68
15 29 40
15 30 50
15 31 70
15 32 61
15 33 55
15 34 5
15 35 57
15 36 40
15 37 66
15 38 60
15 39 22
15 40 35
15 41 74
15 42 28
15 43 18
15 44 83
15 45 73
15 46 64
15 47 70
15 48 52
15 49 87
15 50 25
15 51 18
15 52 84
15 53 85
15 54 69
15 55 84
15 56 44
15 57 97
15 58 60
15 59 78
15 60 73
15 61 83
15 62 23
15 63 82
15 64 18
15 65 92
15 66 80
15 67 26
15 68 42
15 69 14
15 70 38
15 71 23
15 72 92
15 73 33
15 74 73
15 75 67
15 76 10
15 77 91
15 78 62
15 79 64
15 80 81
15 81 82
15 82 93
15 83 24
15 84 52
15 85 96
15 86 29
15 87 53
15 88 9
15 89 1
15 90 33
15 91 27
15 92 3
15 93 87
15 94 65
15 95 67
15 96 64
15 97 68
15 98 34
15 99 53
15 100 99
15 101 5
15 102 2
15 103 73
15 104 8
15 105 57
15 106 38
15 107 21
15 108 74
15 109 15
15 110 26
15 111 60
15 112 73
15 113 7
15 114 83
15 115 32
15 116 29
15 117 7
15 118 28
15 119 59
16 17 57
16 18 71
16 19 88
16 20 20
16 21 20
16 22 77
16 23 12
16 24 17
16 25 83
16 26 41
16 27 37
16 28 66
16 29 90
16 30 2
16 31 51
16 32 79
16 33 88
16 34 7
16 35 61
16 36 9
16 37 42
16 38 33
16 39 46
16 40 30
16 41 61
16 42 22
16 43 50
16 44 15
16 45 86
16 46 88
16 47 94
16 48 40
16 49 76
16 50 69
16 51 30
16 52 83
16 53 43
16 54 56
16 55 66
16 56 84
16 57 79
16 58 49
16 59 99
16 60 11
16 61 33
16 62 78
16 63 76
16 64 59
16 65 8
16 66 73
16 67 1
16 68 27
16 69 18
16 70 100
16 71 65
16 72 56
16 73 98
16 74 74
16 75 40
16 76 53
16 77 18
16 78 5
16 79 93
16 80 27
16 81 25
16 82 76
16 83 52
16 84 47
16 85 53
16 86 53
16 87 23
16 88 65
16 89 33
16 90 0
16 91 38
16 92 93
16 93 32
16 94 43
16 95 97
16 96 31
16 97 42
16 98 44
16 99 8
16 100 6
16 101 91
16 102 52
16 103 29
16 104 39
16 105 60
16 106 94
16 107 67
16 108 36
16 109 49
16 110 11
16 111 43
16 112 66
16 113 87
16 114 19
16 115 77
16 116 36
16 117 88
16 118 11
16 119 85
17 18 99
17 19 14
17 20 66
17 21 43
17 22 28
17 23 69
17 24 94
17 25 16
17 26 56
17 27 98
17 28 61
17 29 35
17 30 57
17 31 42
17 32 34
17 33 5
17 34 81
17 35 12
17 36 92
17 37 75
17 38 91
17 39 88
17 40 50
17 41 19
17 42 81
17 43 92
17 44 13
17 45 3
17 46 45
17 47 58
17 48 68
17 49 6
17 50 32
17 51 45
17 52 73
17 53 88
17 54 81
17 55 16
17 56 30
17 57 63
17 58 63
17 59 68
17 60 84
17 61 16
17 62 24
17 63 28
17 64 59
17 65 5
17 66 96
17 67 27
17 68 81
17 69 13
17 70 98
17 71 85
17 72 50
17 73 19
17 74 93
17 75 58
17 76 21
17 77 43
17 78 51
17 79 88
17 80 8
17 81 56
17 82 94
17 83 23
17 84 11
17 85 33
17 86 82
17 87 74
17 88 30
17 89 89
17 90 4
17 91 39
17 92 21
17 93 51
17 94 15
17 95 79
17 96 53
17 97 31
17 98 84
17 99 74
17 100 97
17 101 27
17 102 60
17 103 47
17 104 7
17 105 63
17 106 38
17 107 31
17 108 81
17 109 50
17 110 98
17 111 7
17 112 48
17 113 54
17 114 12
17 115 28
17 116 13
17 117 31
17 118 90
17 119 79
18 19 27
18 20 91
18 21 60
18 22 43
18 23 7
18 24 21
18 25 40
18 26 10
18 27 72
18 28 2
18 29 14
18 30 32
18 31 51
18 32 33
18 33 2
18 34 78
18 35 87
18 36 61
18 37 79
18 38 5
18 39 47
18 40 52
18 41 16
18 42 8
18 43 85
18 44 43
18 45 41
18 46 15
18 47 2
18 48 38
18 49 70
18 50 81
18 51 8
18 52 54
18 53 52
18 54 92
18 55 24
18 56 14
18 57 60
18 58 56
18 59 20
18 60 45
18 61 26
18 62 42
18 63 89
18 64 70
18 65 46
18 66 43
18 67 83
18 68 67
18 69 10
18 70 81
18 71 18
18 72 100
18 73 70
18 74 12
18 75 54
18 76 18
18 77 91
18 78 34
18 79 52
18 80 99
18 81 51
18 82 93
18 83 89
18 84 83
18 85 35
18 86 35
18 87 95
18 88 13
18 89 46
18 90 0
18 91 25
18 92 10
18 93 46
18 94 73
18 95 69
18 96 8
18 97 53
18 98 36
18 99 27
18 100 36
18 101 94
18 102 31
18 103 26
18 104 88
18 105 48
18 106 42
18 107 8
18 108 47
18 109 64
18 110 28
18 111 48
18 112 9
18 113 34
18 114 36
18 115 28
18 116 17
18 117 47
18 118 27
18 119 37
19 20 96
19 21 18
19 22 46
19 23 43
19 24 36
19 25 20
19 26 24
19 27 77
19 28 66
19 29 84
19 30 98
19 31 29
19 32 12
19 33 55
19 34 86
19 35 84
19 36 93
19 37 85
19 38 68
19 39 12
19 40 16
19 41 43
19 42 60
19 43 63
19 44 48
19 45 9
19 46 90
19 47 72
19 48 73
19 49 70
19 50 84
19 51 66
19 52 90
19 53 21
19 54 42
19 55 73
19 56 71
19 57 33
19 58 70
19 59 81
19 60 12
19 61 81
19 62 35
19 63 92
19 64 78
19 65 8
19 66 3
19 67 100
19 68 86
19 69 48
19 70 55
19 71 87
19 72 43
19 73 38
19 74 22
19 75 64
19 76 87
19 77 22
19 78 77
19 79 24
19 80 44
19 81 60
19 82 81
19 83 85
19 84 17
19 85 12
19 86 41
19 87 23
19 88 98
19 89 34
19 90 33
19 91 65
19 92 86
19 93 4
19 94 24
19 95 20
19 96 64
19 97 15
19 98 11
19 99 12
19 100 26
19 101 32
19 102 92
19 103 34
19 104 33
19 105 90
19 106 2
19 107 33
19 108 65
19 109 89
19 110 55
19 111 47
19 112 77
19 113 81
19 114 10
19 115 87
19 116 90
19 117 94
19 118 64
19 119 40
20 21 95
20 22 56
20 23 62
20 24 20
20 25 25
20 26 32
20 27 87
20 28 56
20 29 97
20 30 26
20 31 28
20 32 63
20 33 60
20 34 85
20 35 14
20 36 25
20 37 46
20 38 33
20 39 71
20 40 22
20 41 88
20 42 58
20 43 98
20 44 58
20 45 19
20 46 36
20 47 15
20 48 29
20 49 19
20 50 55
20 51 14
20 52 59
20 53 63
20 54 11
20 55 2
20 56 74
20 57 87
20 58 36
20 59 49
20 60 96
20 61 67
20 62 30
20 63 12
20 64 42
20 65 73
20 66 99
20 67 19
20 68 55
20 69 8
20 70 48
20 71 47
20 72 54
20 73 15
20 74 50
20 75 27
20 76 90
20 77 43
20 78 47
20 79 45
20 80 97
20 81 27
20 82 92
20 83 76
20 84 82
20 85 26
20 86 2
20 87 85
20 88 74
20 89 5
20 90 91
20 91 67
20 92 58
20 93 37
20 94 61
20 95 13
20 96 97
20 97 10
20 98 75
20 99 24
20 100 60
20 101 27
20 102 72
20 103 3
20 104 21
20 105 35
20 106 16
20 107 4
20 108 18
20 109 26
20 110 27
20 111 87
20 112 81
20 113 55
20 114 25
20 115 83
20 116 43
20 117 85
20 118 24
20 119 68
21 22 85
21 23 9
21 24 31
21 25 40
21 26 87
21 27 6
21 28 27
21 29 25
21 30 91
21 31 54
21 32 19
21 33 30
21 34 77
21 35 56
21 36 67
21 37 4
21 38 71
21 39 34
21 40 39
21 41 55
21 42 8
21 43 60
21 44 27
21 45 56
21 46 57
21 47 82
21 48 87
21 49 86
21 50 15
21 51 18
21 52 66
21 53 77
21 54 68
21 55 84
21 56 8
21 57 64
21 58 57
21 59 73
21 60 47
21 61 59
21 62 99
21 63 28
21 64 43
21 65 66
21 66 30
21 67 60
21 68 49
21 69 13
21 70 14
21 71 92
21 72 52
21 73 1
21 74 33
21 75 75
21 76 25
21 77 63
21 78 61
21 79 8
21 80 84
21 81 50
21 82 16
21 83 85
21 84 15
21 85 37
21 86 75
21 87 41
21 88 52
21 89 88
21 90 21
21 91 95
21 92 72
21 93 16
21 94 60
21 95 5
21 96 27
21 97 22
21 98 90
21 99 2
21 100 97
21 101 46
21 102 26
21 103 61
21 104 32
21 105 34
21 106 52
21 107 19
21 108 37
21 109 64
21 110 37
21 111 78
21 112 67
21 113 80
21 114 31
21 115 80
21 116 29
21 117 78
21 118 86
21 119 90
22 23 40
22 24 92
22 25 24
22 26 80
22 27 3
22 28 71
22 29 94
22 30 61
22 31 23
22 32 14
22 33 91
22 34 59
22 35 5
22 36 51
22 37 31
22 38 40
22 39 85
22 40 0
22 41 19
22 42 70
22 43 85
22 44 35
22 45 25
22 46 37
22 47 92
22 48 16
22 49 12
22 50 78
22 51 97
22 52 14
22 53 41
22 54 31
22 55 9
22 56 5
22 57 90
22 58 7
22 59 84
22 60 62
22 61 4
22 62 38
22 63 90
22 64 89
22 65 61
22 66 22
22 67 74
22 68 99
22 69 54
22 70 74
22 71 63
22 72 86
22 73 54
22 74 45
22 75 82
22 76 83
22 77 42
22 78 59
22 79 63
22 80 57
22 81 79
22 82 25
22 83 80
22 84 51
22 85 72
22 86 62
22 87 66
22 88 25
22 89 15
22 90 44
22 91 60
22 92 29
22 93 85
22 94 62
22 95 33
22 96 69
22 97 41
22 98 39
22 99 71
22 100 78
22 101 87
22 102 3
22 103 80
22 104 13
22 105 41
22 106 95
22 107 35
22 108 21
22 109 79
22 110 45
22 111 18
22 112 45
22 113 100
22 114 80
22 115 8
22 116 53
22 117 92
22 118 0
22 119 39
23 24 66
23 25 33
23 26 23
23 27 2
23 28 16
23 29 47
23 30 22
23 31 40
23 32 75
23 33 45
23 34 62
23 35 39
23 36 23
23 37 80
23 38 14
23 39 54
23 40 16
23 41 27
23 42 99
23 43 14
23 44 16
23 45 15
23 46 19
23 47 98
23 48 90
23 49 83
23 50 80
23 51 84
23 52 35
23 53 63
23 54 53
23 55 72
23 56 93
23 57 47
23 58 25
23 59 34
23 60 90
23 61 79
23 62 8
23 63 57
23 64 13
23 65 16
23 66 73
23 67 48
23 68 16
23 69 92
23 70 1
23 71 18
23 72 18
23 73 50
23 74 21
23 75 54
23 76 28
23 77 89
23 78 72
23 79 72
23 80 50
23 81 5
23 82 44
23 83 72
23 84 100
23 85 15
23 86 76
23 87 20
23 88 91
23 89 66
23 90 13
23 91 24
23 92 33
23 93 96
23 94 91
23 95 95
23 96 41
23 97 88
23 98 21
23 99 43
23 100 60
23 101 28
23 102 34
23 103 26
23 104 38
23 105 88
23 106 94
23 107 61
23 108 21
23 109 85
23 110 90
23 111 34
23 112 12
23 113 20
23 114 13
23 115 41
23 116 45
23 117 78
23 118 97
23 119 21
24 25 26
24 26 21
24 27 8
24 28 14
24 29 4
24 30 85
24 31 68
24 32 42
24 33 33
24 34 2
24 35 99
24 36 8
24 37 50
24 38 41
24 39 31
24 40 90
24 41 73
24 42 18
24 43 46
24 44 97
24 45 74
24 46 41
24 47 45
24 48 53
24 49 11
24 50 75
24 51 52
24 52 23
24 53 30
24 54 91
24 55 49
24 56 34
24 57 27
24 58 8
24 59 90
24 60 8
24 61 22
24 62 14
24 63 76
24 64 39
24 65 0
24 66 14
24 67 62
24 68 8
24 69 95
24 70 39
24 71 72
24 72 45
24 73 46
24 74 64
24 75 95
24 76 87
24 77 52
24 78 78
24 79 92
24 80 11
24 81 30
24 82 92
24 83 24
24 84 46
24 85 76
24 86 0
24 87 58
24 88 54
24 89 73
24 90 80
24 91 22
24 92 16
24 93 69
24 94 63
24 95 28
24 96 94
24 97 25
24 98 74
24 99 92
24 100 61
24 101 56
24 102 74
24 103 28
24 104 51
24 105 20
24 106 36
24 107 86
24 108 15
24 109 92
24 110 39
24 111 62
24 112 11
24 113 53
24 114 82
24 115 66
24 116 92
24 117 14
24 118 40
24 119 65
25 26 35
25 27 57
25 28 60
25 29 52
25 30 67
25 31 58
25 32 53
25 33 2
25 34 61
25 35 98
25 36 92
25 37 39
25 38 92
25 39 83
25 40 95
25 41 84
25 42 85
25 43 23
25 44 78
25 45 99
25 46 71
25 47 34
25 48 92
25 49 4
25 50 3
25 51 24
25 52 4
25 53 25
25 54 31
25 55 55
25 56 83
25 57 85
25 58 42
25 59 32
25 60 50
25 61 1
25 62 80
25 63 60
25 64 0
25 65 18
25 66 92
25 67 30
25 68 62
25 69 96
25 70 25
25 71 24
25 72 82
25 73 41
25 74 66
25 75 25
25 76 62
25 77 28
25 78 13
25 79 8
25 80 44
25 81 18
25 82 77
25 83 69
25 84 33
25 85 40
25 86 47
25 87 59
25 88 19
25 89 25
25 90 89
25 91 94
25 92 52
25 93 51
25 94 64
25 95 11
25 96 71
25 97 35
25 98 82
25 99 2
25 100 62
25 101 29
25 102 91
25 103 35
25 104 81
25 105 99
25 106 84
25 107 4
25 108 99
25 109 28
25 110 98
25 111 69
25 112 16
25 113 66
25 114 74
25 115 44
25 116 99
25 117 12
25 118 69
25 119 92
26 27 77
26 28 76
26 29 1
26 30 12
26 31 48
26 32 62
26 33 15
26 34 66
26 35 47
26 36 90
26 37 62
26 38 94
26 39 41
26 40 39
26 41 24
26 42 71
26 43 15
26 44 37
26 45 13
26 46 98
26 47 27
26 48 77
26 49 43
26 50 4
26 51 58
26 52 8
26 53 32
26 54 18
26 55 67
26 56 87
26 57 24
26 58 93
26 59 26
26 60 59
26 61 64
26 62 38
26 63 35
26 64 51
26 65 7
26 66 45
26 67 11
26 68 20
26 69 12
26 70 99
26 71 54
26 72 42
26 73 92
26 74 25
26 75 70
26 76 72
26 77 1
26 78 64
26 79 40
26 80 29
26 81 70
26 82 18
26 83 62
26 84 96
26 85 87
26 86 93
26 87 80
26 88 29
26 89 40
26 90 85
26 91 60
26 92 46
26 93 66
26 94 18
26 95 8
26 96 43
26 97 79
26 98 44
26 99 36
26 100 86
26 101 53
26 102 47
26 103 15
26 104 49
26 105 4
26 106 41
26 107 11
26 108 24
26 109 14
26 110 42
26 111 44
26 112 22
26 113 39
26 114 63
26 115 50
26 116 39
26 117 98
26 118 38
26 119 71
27 28 4
27 29 27
27 30 33
27 31 68
27 32 47
27 33 20
27 34 59
27 35 46
27 36 73
27 37 9
27 38 99
27 39 15
27 40 19
27 41 31
27 42 28
27 43 38
27 44 32
27 45 62
27 46 20
27 47 26
27 48 89
27 49 51
27 50 88
27 51 70
27 52 41
27 53 27
27 54 57
27 55 62
27 56 75
27 57 6
27 58 76
27 59 62
27 60 25
27 61 14
27 62 18
27 63 44
27 64 16
27 65 54
27 66 94
27 67 33
27 68 29
27 69 70
27 70 69
27 71 10
27 72 1
27 73 85
27 74 88
27 75 19
27 76 56
27 77 45
27 78 8
27 79 49
27 80 49
27 81 52
27 82 31
27 83 62
27 84 33
27 85 8
27 86 52
27 87 47
27 88 75
27 89 83
27 90 50
27 91 31
27 92 63
27 93 65
27 94 48
27 95 23
27 96 77
27 97 46
27 98 0
27 99 84
27 100 82
27 101 57
27 102 62
27 103 42
27 104 35
27 105 58
27 106 34
27 107 47
27 108 62
27 109 75
27 110 12
27 111 11
27 112 64
27 113 39
27 114 52
27 115 82
27 116 50
27 117 38
27 118 47
27 119 84
28 29 52
28 30 31
28 31 0
28 32 55
28 33 67
28 34 4
28 35 21
28 36 21
28 37 24
28 38 88
28 39 91
28 40 77
28 41 18
28 42 58
28 43 98
28 44 91
28 45 75
28 46 5
28 47 45
28 48 20
28 49 52
28 50 24
28 51 94
28 52 25
28 53 60
28 54 18
28 55 9
28 56 87
28 57 43
28 58 75
28 59 93
28 60 84
28 61 41
28 62 59
28 63 62
28 64 34
28 65 76
28 66 76
28 67 71
28 68 29
28 69 13
28 70 67
28 71 79
28 72 23
28 73 7
28 74 53
28 75 45
28 76 67
28 77 27
28 78 12
28 79 20
28 80 21
28 81 94
28 82 91
28 83 64
28 84 38
28 85 34
28 86 86
28 87 83
28 88 95
28 89 75
28 90 0
28 91 1
28 92 50
28 93 44
28 94 39
28 95 70
28 96 81
28 97 43
28 98 62
28 99 80
28 100 22
28 101 30
28 102 8
28 103 26
28 104 10
28 105 85
28 106 29
28 107 7
28 108 79
28 109 99
28 110 99
28 111 69
28 112 7
28 113 17
28 114 20
28 115 11
28 116 64
28 117 94
28 118 51
28 119 12
29 30 22
29 31 30
29 32 52
29 33 22
29 34 45
29 35 84
29 36 92
29 37 21
29 38 30
29 39 42
29 40 8
29 41 50
29 42 53
29 43 71
29 44 33
29 45 2
29 46 41
29 47 81
29 48 43
29 49 6
29 50 86
29 51 88
29 52 8
29 53 39
29 54 77
29 55 74
29 56 31
29 57 15
29 58 54
29 59 71
29 60 76
29 61 75
29 62 41
29 63 3
29 64 19
29 65 79
29 66 96
29 67 21
29 68 2
29 69 5
29 70 49
29 71 33
29 72 45
29 73 9
29 74 12
29 75 83
29 76 13
29 77 41
29 78 22
29 79 67
29 80 27
29 81 49
29 82 86
29 83 56
29 84 51
29 85 18
29 86 71
29 87 23
29 88 90
29 89 7
29 90 39
29 91 50
29 92 59
29 93 23
29 94 75
29 95 17
29 96 42
29 97 47
29 98 61
29 99 19
29 100 62
29 101 99
29 102 59
29 103 68
29 104 36
29 105 78
29 106 97
29 107 37
29 108 40
29 109 59
29 110 49
29 111 9
29 112 70
29 113 0
29 114 26
29 115 41
29 116 29
29 117 42
29 118 33
29 119 72
30 31 9
30 32 92
30 33 83
30 34 57
30 35 0
30 36 38
30 37 82
30 38 92
30 39 20
30 40 95
30 41 78
30 42 60
30 43 94
30 44 89
30 45 62
30 46 24
30 47 38
30 48 58
30 49 32
30 50 3
30 51 92
30 52 35
30 53 100
30 54 46
30 55 86
30 56 93
30 57 80
30 58 50
30 59 10
30 60 3
30 61 12
30 62 13
30 63 81
30 64 20
30 65 67
30 66 35
30 67 15
30 68 4
30 69 9
30 70 34
30 71 19
30 72 20
30 73 67
30 74 50
30 75 53
30 76 29
30 77 21
30 78 51
30 79 16
30 80 27
30 81 61
30 82 23
30 83 42
30 84 48
30 85 97
30 86 60
30 87 83
30 88 88
30 89 9
30 90 67
30 91 99
30 92 13
30 93 30
30 94 16
30 95 51
30 96 53
30 97 60
30 98 17
30 99 91
30 100 68
30 101 6
30 102 56
30 103 84
30 104 31
30 105 79
30 106 45
30 107 40
30 108 65
30 109 100
30 110 30
30 111 65
30 112 57
30 113 75
30 114 73
30 115 10
30 116 42
30 117 10
30 118 55
30 119 22
31 32 33
31 33 97
31 34 27
31 35 72
31 36 85
31 37 43
31 38 55
31 39 36
31 40 6
31 41 49
31 42 15
31 43 98
31 44 9
31 45 69
31 46 3
31 47 17
31 48 79
31 49 82
31 50 60
31 51 51
31 52 43
31 53 57
31 54 28
31 55 56
31 56 26
31 57 24
31 58 76
31 59 80
31 60 50
31 61 29
31 62 87
31 63 44
31 64 72
31 65 2
31 66 88
31 67 50
31 68 3
31 69 11
31 70 46
31 71 48
31 72 18
31 73 55
31 74 42
31 75 6
31 76 8
31 77 40
31 78 85
31 79 70
31 80 4
31 81 2
31 82 35
31 83 45
31 84 5
31 85 42
31 86 26
31 87 26
31 88 4
31 89 50
31 90 96
31 91 93
31 92 18
31 93 5
31 94 2
31 95 49
31 96 89
31 97 42
31 98 20
31 99 82
31 100 64
31 101 35
31 102 32
31 103 20
31 104 47
31 105 10
31 106 77
31 107 27
31 108 96
31 109 86
31 110 49
31 111 28
31 112 40
31 113 20
31 114 48
31 115 81
31 116 23
31 117 38
31 118 73
31 119 56
32 33 47
32 34 91
32 35 43
32 36 81
32 37 47
32 38 2
32 39 95
32 40 19
32 41 26
32 42 36
32 43 72
32 44 75
32 45 15
32 46 19
32 47 36
32 48 23
32 49 37
32 50 22
32 51 72
32 52 20
32 53 41
32 54 56
32 55 83
32 56 38
32 57 87
32 58 89
32 59 55
32 60 70
32 61 58
32 62 7
32 63 48
32 64 25
32 65 41
32 66 5
32 67 34
32 68 64
32 69 33
32 70 15
32 71 66
32 72 17
32 73 88
32 74 80
32 75 52
32 76 46
32 77 6
32 78 9
32 79 59
32 80 36
32 81 59
32 82 96
32 83 99
32 84 65
32 85 49
32 86 81
32 87 3
32 88 3
32 89 51
32 90 57
32 91 42
32 92 98
32 93 88
32 94 89
32 95 89
32 96 56
32 97 97
32 98 88
32 99 66
32 100 71
32 101 36
32 102 25
32 103 50
32 104 33
32 105 6
32 106 41
32 107 73
32 108 35
32 109 84
32 110 27
32 111 29
32 112 5
32 113 55
32 114 9
32 115 1
32 116 95
32 117 24
32 118 95
32 119 32
33 34 86
33 35 88
33 36 100
33 37 5
33 38 66
33 39 95
33 40 22
33 41 15
33 42 97
33 43 10
33 44 9
33 45 65
33 46 8
33 47 40
33 48 100
33 49 0
33 50 80
33 51 54
33 52 21
33 53 0
33 54 82
33 55 46
33 56 5
33 57 44
33 58 5
33 59 52
33 60 56
33 61 24
33 62 97
33 63 24
33 64 23
33 65 98
33 66 7
33 67 3
33 68 80
33 69 44
33 70 64
33 71 27
33 72 68
33 73 29
33 74 67
33 75 53
33 76 65
33 77 99
33 78 58
33 79 71
33 80 89
33 81 100
33 82 85
33 83 66
33 84 77
33 85 49
33 86 75
33 87 50
33 88 91
33 89 40
33 90 9
33 91 77
33 92 24
33 93 81
33 94 76
33 95 70
33 96 1
33 97 17
33 98 56
33 99 99
33 100 46
33 101 41
33 102 34
33 103 79
33 104 47
33 105 78
33 106 44
33 107 54
33 108 20
33 109 23
33 110 63
33 111 15
33 112 65
33 113 46
33 114 18
33 115 70
33 116 31
33 117 86
33 118 72
33 119 86
34 35 13
34 36 57
34 37 100
34 38 85
34 39 25
34 40 92
34 41 47
34 42 38
34 43 85
34 44 82
34 45 31
34 46 38
34 47 7
34 48 67
34 49 61
34 50 42
34 51 7
34 52 10
34 53 65
34 54 80
34 55 44
34 56 52
34 57 30
34 58 23
34 59 96
34 60 93
34 61 43
34 62 56
34 63 20
34 64 15
34 65 45
34 66 22
34 67 24
34 68 16
34 69 89
34 70 80
34 71 22
34 72 39
34 73 59
34 74 37
34 75 59
34 76 75
34 77 23
34 78 92
34 79 26
34 80 65
34 81 84
34 82 92
34 83 90
34 84 20
34 85 83
34 86 85
34 87 23
34 88 41
34 89 64
34 90 51
34 91 95
34 92 90
34 93 59
34 94 17
34 95 28
34 96 79
34 97 73
34 98 94
34 99 99
34 100 46
34 101 40
34 102 13
34 103 31
34 104 84
34 105 16
34 106 38
34 107 12
34 108 70
34 109 33
34 110 37
34 111 68
34 112 60
34 113 49
34 114 62
34 115 37
34 116 3
34 117 69
34 118 72
34 119 60
35 36 89
35 37 14
35 38 44
35 39 72
35 40 16
35 41 14
35 42 48
35 43 84
35 44 53
35 45 57
35 46 97
35 47 39
35 48 45
35 49 76
35 50 55
35 51 31
35 52 32
35 53 31
35 54 19
35 55 72
35 56 31
35 57 18
35 58 38
35 59 36
35 60 84
35 61 3
35 62 23
35 63 83
35 64 29
35 65 67
35 66 71
35 67 81
35 68 81
35 69 52
35 70 72
35 71 52
35 72 86
35 73 42
35 74 58
35 75 83
35 76 78
35 77 83
35 78 84
35 79 15
35 80 86
35 81 44
35 82 25
35 83 16
35 84 73
35 85 40
35 86 41
35 87 33
35 88 78
35 89 31
35 90 77
35 91 90
35 92 26
35 93 30
35 94 28
35 95 76
35 96 70
35 97 57
35 98 91
35 99 98
35 100 22
35 101 97
35 102 35
35 103 42
35 104 73
35 105 26
35 106 90
35 107 13
35 108 42
35 109 1
35 110 40
35 111 2
35 112 3
35 113 77
35 114 45
35 115 84
35 116 52
35 117 16
35 118 22
35 119 19
36 37 69
36 38 65
36 39 32
36 40 85
36 41 61
36 42 1
36 43 45
36 44 51
36 45 11
36 46 11
36 47 91
36 48 49
36 49 52
36 50 69
36 51 14
36 52 60
36 53 5
36 54 27
36 55 18
36 56 27
36 57 100
36 58 32
36 59 59
36 60 15
36 61 81
36 62 5
36 63 40
36 64 63
36 65 27
36 66 81
36 67 84
36 68 9
36 69 78
36 70 31
36 71 77
36 72 64
36 73 38
36 74 61
36 75 70
36 76 45
36 77 45
36 78 94
36 79 90
36 80 89
36 81 33
36 82 65
36 83 0
36 84 100
36 85 93
36 86 41
36 87 46
36 88 55
36 89 50
36 90 47
36 91 61
36 92 54
36 93 20
36 94 65
36 95 99
36 96 56
36 97 91
36 98 8
36 99 68
36 100 88
36 101 17
36 102 17
36 103 93
36 104 32
36 105 17
36 106 32
36 107 50
36 108 40
36 109 46
36 110 4
36 111 95
36 112 88
36 113 99
36 114 84
36 115 95
36 116 15
36 117 72
36 118 46
36 119 93
37 38 68
37 39 37
37 40 71
37 41 47
37 42 40
37 43 90
37 44 97
37 45 90
37 46 6
37 47 2
37 48 68
37 49 15
37 50 29
37 51 92
37 52 0
37 53 66
37 54 90
37 55 32
37 56 90
37 57 100
37 58 4
37 59 75
37 60 22
37 61 3
37 62 93
37 63 41
37 64 45
37 65 32
37 66 58
37 67 31
37 68 22
37 69 68
37 70 78
37 71 55
37 72 40
37 73 2
37 74 91
37 75 69
37 76 61
37 77 22
37 78 92
37 79 63
37 80 58
37 81 91
37 82 41
37 83 99
37 84 18
37 85 66
37 86 12
37 87 31
37 88 14
37 89 12
37 90 91
37 91 86
37 92 44
37 93 87
37 94 18
37 95 60
37 96 34
37 97 99
37 98 29
37 99 90
37 100 87
37 101 78
37 102 89
37 103 2
37 104 72
37 105 57
37 106 88
37 107 17
37 108 27
37 109 41
37 110 37
37 111 62
37 112 39
37 113 62
37 114 11
37 115 29
37 116 47
37 117 78
37 118 18
37 119 77
38 39 59
38 40 74
38 41 84
38 42 94
38 43 21
38 44 56
38 45 6
38 46 44
38 47 26
38 48 7
38 49 1
38 50 33
38 51 1
38 52 15
38 53 87
38 54 80
38 55 59
38 56 35
38 57 94
38 58 12
38 59 70
38 60 57
38 61 17
38 62 26
38 63 97
38 64 95
38 65 5
38 66 5
38 67 86
38 68 46
38 69 26
38 70 63
38 71 46
38 72 5
38 73 23
38 74 56
38 75 70
38 76 29
38 77 82
38 78 82
38 79 40
38 80 73
38 81 81
38 82 33
38 83 0
38 84 20
38 85 8
38 86 99
38 87 72
38 88 99
38 89 17
38 90 93
38 91 66
38 92 91
38 93 60
38 94 56
38 95 34
38 96 38
38 97 76
38 98 29
38 99 43
38 100 41
38 101 18
38 102 52
38 103 93
38 104 36
38 105 68
38 106 42
38 107 3
38 108 63
38 109 71
38 110 76
38 111 79
38 112 70
38 113 97
38 114 74
38 115 59
38 116 47
38 117 24
38 118 65
38 119 26
39 40 3
39 41 29
39 42 86
39 43 15
39 44 8
39 45 86
39 46 83
39 47 35
39 48 23
39 49 17
39 50 62
39 51 89
39 52 97
39 53 79
39 54 100
39 55 67
39 56 81
39 57 68
39 58 12
39 59 80
39 60 74
39 61 57
39 62 24
39 63 61
39 64 30
39 65 12
39 66 28
39 67 36
39 68 8
39 69 62
39 70 83
39 71 57
39 72 24
39 73 63
39 74 3
39 75 82
39 76 34
39 77 22
39 78 91
39 79 48
39 80 22
39 81 1
39 82 15
39 83 17
39 84 86
39 85 95
39 86 62
39 87 85
39 88 32
39 89 47
39 90 25
39 91 91
39 92 94
39 93 61
39 94 57
39 95 67
39 96 27
39 97 23
39 98 80
39 99 72
39 100 60
39 101 74
39 102 23
39 103 82
39 104 59
39 105 98
39 106 21
39 107 62
39 108 73
39 109 71
39 110 17
39 111 40
39 112 42
39 113 97
39 114 81
39 115 77
39 116 86
39 117 90
39 118 63
39 119 27
40 41 5
40 42 91
40 43 51
40 44 45
40 45 86
40 46 97
40 47 85
40 48 54
40 49 19
40 50 72
40 51 56
40 52 93
40 53 64
40 54 49
40 55 87
40 56 18
40 57 28
40 58 61
40 59 59
40 60 45
40 61 87
40 62 21
40 63 23
40 64 45
40 65 60
40 66 17
40 67 54
40 68 35
40 69 85
40 70 41
40 71 4
40 72 61
40 73 99
40 74 83
40 75 17
40 76 31
40 77 21
40 78 40
40 79 70
40 80 12
40 81 24
40 82 95
40 83 18
40 84 53
40 85 23
40 86 7
40 87 58
40 88 79
40 89 28
40 90 45
40 91 9
40 92 63
40 93 93
40 94 34
40 95 13
40 96 83
40 97 56
40 98 43
40 99 48
40 100 48
40 101 88
40 102 15
40 103 75
40 104 1
40 105 23
40 106 75
40 107 19
40 108 85
40 109 59
40 110 23
40 111 0
40 112 23
40 113 53
40 114 80
40 115 47
40 116 41
40 117 20
40 118 29
40 119 94
41 42 25
41 43 8
41 44 43
41 45 43
41 46 95
41 47 23
41 48 41
41 49 14
41 50 61
41 51 16
41 52 33
41 53 27
41 54 37
41 55 46
41 56 50
41 57 30
41 58 54
41 59 98
41 60 40
41 61 0
41 62 24
41 63 4
41 64 33
41 65 96
41 66 94
41 67 64
41 68 81
41 69 30
41 70 41
41 71 8
41 72 71
41 73 68
41 74 36
41 75 35
41 76 33
41 77 83
41 78 0
41 79 57
41 80 100
41 81 79
41 82 26
41 83 38
41 84 26
41 85 61
41 86 60
41 87 73
41 88 71
41 89 10
41 90 35
41 91 5
41 92 32
41 93 72
41 94 88
41 95 89
41 96 25
41 97 77
41 98 91
41 99 24
41 100 26
41 101 5
41 102 60
41 103 66
41 104 17
41 105 47
41 106 93
41 107 49
41 108 49
41 109 62
41 110 81
41 111 23
41 112 15
41 113 8
41 114 29
41 115 65
41 116 20
41 117 71
41 118 100
41 119 100
42 43 72
42 44 95
42 45 25
42 46 21
42 47 46
42 48 56
42 49 59
42 50 17
42 51 99
42 52 37
42 53 59
42 54 17
42 55 76
42 56 43
42 57 88
42 58 3
42 59 19
42 60 55
42 61 20
42 62 41
42 63 65
42 64 89
42 65 16
42 66 75
42 67 69
42 68 77
42 69 0
42 70 70
42 71 99
42 72 25
42 73 7
42 74 59
42 75 41
42 76 17
42 77 14
42 78 97
42 79 2
42 80 71
42 81 39
42 82 70
42 83 64
42 84 44
42 85 27
42 86 53
42 87 96
42 88 52
42 89 72
42 90 65
42 91 34
42 92 8
42 93 75
42 94 61
42 95 1
42 96 47
42 97 83
42 98 98
42 99 86
42 100 32
42 101 42
42 102 92
42 103 31
42 104 34
42 105 63
42 106 10
42 107 44
42 108 36
42 109 75
42 110 75
42 111 28
42 112 15
42 113 44
42 114 46
42 115 87
42 116 72
42 117 5
42 118 33
42 119 68
43 44 83
43 45 73
43 46 23
43 47 50
43 48 6
43 49 86
43 50 94
43 51 40
43 52 21
43 53 69
43 54 30
43 55 48
43 56 65
43 57 0
43 58 51
43 59 99
43 60 82
43 61 93
43 62 86
43 63 17
43 64 85
43 65 92
43 66 15
43 67 82
43 68 55
43 69 99
43 70 87
43 71 50
43 72 71
43 73 73
43 74 17
43 75 71
43 76 100
43 77 98
43 78 60
43 79 50
43 80 15
43 81 48
43 82 20
43 83 69
43 84 13
43 85 41
43 86 8
43 87 7
43 88 60
43 89 55
43 90 96
43 91 51
43 92 0
43 93 38
43 94 14
43 95 34
43 96 10
43 97 55
43 98 1
43 99 91
43 100 72
43 101 71
43 102 43
43 103 94
43 104 61
43 105 82
43 106 2
43 107 97
43 108 38
43 109 6
43 110 79
43 111 54
43 112 52
43 113 100
43 114 78
43 115 28
43 116 49
43 117 79
43 118 32
43 119 10
44 45 48
44 46 79
44 47 19
44 48 21
44 49 51
44 50 82
44 51 6
44 52 93
44 53 74
44 54 75
44 55 88
44 56 65
44 57 88
44 58 0
44 59 27
44 60 75
44 61 1
44 62 57
44 63 15
44 64 76
44 65 45
44 66 6
44 67 38
44 68 81
44 69 58
44 70 85
44 71 57
44 72 90
44 73 50
44 74 86
44 75 48
44 76 59
44 77 0
44 78 94
44 79 80
44 80 78
44 81 0
44 82 18
44 83 45
44 84 54
44 85 18
44 86 31
44 87 9
44 88 10
44 89 47
44 90 96
44 91 69
44 92 70
44 93 84
44 94 12
44 95 79
44 96 1
44 97 57
44 98 18
44 99 38
44 100 0
44 101 2
44 102 33
44 103 47
44 104 40
44 105 61
44 106 40
44 107 93
44 108 79
44 109 31
44 110 92
44 111 14
44 112 100
44 113 12
44 114 25
44 115 93
44 116 44
44 117 79
44 118 69
44 119 59
45 46 96
45 47 48
45 48 24
45 49 57
45 50 99
45 51 91
45 52 64
45 53 86
45 54 66
45 55 63
45 56 24
45 57 81
45 58 55
45 59 15
45 60 59
45 61 75
45 62 23
45 63 33
45 64 55
45 65 48
45 66 65
45 67 5
45 68 50
45 69 36
45 70 86
45 71 6
45 72 38
45 73 24
45 74 21
45 75 24
45 76 40
45 77 88
45 78 21
45 79 19
45 80 13
45 81 26
45 82 89
45 83 62
45 84 52
45 85 94
45 86 61
45 87 89
45 88 21
45 89 72
45 90 69
45 91 82
45 92 9
45 93 65
45 94 92
45 95 77
45 96 47
45 97 60
45 98 63
45 99 22
45 100 46
45 101 17
45 102 90
45 103 60
45 104 64
45 105 1
45 106 84
45 107 70
45 108 47
45 109 12
45 110 98
45 111 92
45 112 40
45 113 50
45 114 66
45 115 17
45 116 68
45 117 48
45 118 87
45 119 79
46 47 31
46 48 88
46 49 90
46 50 23
46 51 100
46 52 92
46 53 86
46 54 26
46 55 6
46 56 70
46 57 23
46 58 74
46 59 1
46 60 87
46 61 55
46 62 37
46 63 97
46 64 69
46 65 48
46 66 65
46 67 5
46 68 46
46 69 33
46 70 7
46 71 26
46 72 58
46 73 9
46 74 14
46 75 57
46 76 97
46 77 30
46 78 37
46 79 46
46 80 68
46 81 53
46 82 21
46 83 1
46 84 80
46 85 84
46 86 45
46 87 18
46 88 6
46 89 33
46 90 37
46 91 26
46 92 56
46 93 8
46 94 37
46 95 1
46 96 28
46 97 89
46 98 3
46 99 43
46 100 33
46 101 64
46 102 94
46 103 96
46 104 47
46 105 43
46 106 38
46 107 54
46 108 38
46 109 50
46 110 10
46 111 55
46 112 36
46 113 41
46 114 89
46 115 77
46 116 7
46 117 50
46 118 10
46 119 49
47 48 94
47 49 83
47 50 48
47 51 57
47 52 81
47 53 55
47 54 1
47 55 39
47 56 67
47 57 26
47 58 89
47 59 10
47 60 44
47 61 96
47 62 79
47 63 34
47 64 29
47 65 56
47 66 28
47 67 62
47 68 19
47 69 28
47 70 86
47 71 17
47 72 0
47 73 43
47 74 44
47 75 4
47 76 85
47 77 85
47 78 0
47 79 47
47 80 49
47 81 7
47 82 81
47 83 25
47 84 99
47 85 64
47 86 75
47 87 93
47 88 65
47 89 35
47 90 50
47 91 38
47 92 4
47 93 79
47 94 92
47 95 15
47 96 0
47 97 19
47 98 92
47 99 67
47 100 71
47 101 35
47 102 99
47 103 14
47 104 91
47 105 65
47 106 41
47 107 15
47 108 99
47 109 36
47 110 3
47 111 10
47 112 34
47 113 74
47 114 99
47 115 95
47 116 89
47 117 55
47 118 15
47 119 28
48 49 30
48 50 69
48 51 12
48 52 98
48 53 52
48 54 35
48 55 88
48 56 87
48 57 41
48 58 36
48 59 99
48 60 64
48 61 29
48 62 20
48 63 27
48 64 46
48 65 50
48 66 77
48 67 34
48 68 19
48 69 7
48 70 27
48 71 49
48 72 71
48 73 59
48 74 0
48 75 8
48 76 88
48 77 46
48 78 78
48 79 71
48 80 63
48 81 30
48 82 45
48 83 52
48 84 42
48 85 96
48 86 55
48 87 13
48 88 98
48 89 49
48 90 60
48 91 59
48 92 15
48 93 89
48 94 54
48 95 92
48 96 1
48 97 15
48 98 80
48 99 97
48 100 85
48 101 31
48 102 94
48 103 40
48 104 48
48 105 43
48 106 15
48 107 68
48 108 53
48 109 16
48 110 25
48 111 0
48 112 39
48 113 94
48 114 38
48 115 73
48 116 25
48 117 99
48 118 3
48 119 67
49 50 87
49 51 30
49 52 36
49 53 16
49 54 50
49 55 81
49 56 27
49 57 79
49 58 84
49 59 94
49 60 75
49 61 42
49 62 63
49 63 25
49 64 43
49 65 5
49 66 74
49 67 92
49 68 34
49 69 54
49 70 88
49 71 4
49 72 0
49 73 55
49 74 89
49 75 13
49 76 2
49 77 37
49 78 91
49 79 3
49 80 37
49 81 100
49 82 37
49 83 18
49 84 54
49 85 21
49 86 37
49 87 76
49 88 70
49 89 29
49 90 6
49 91 26
49 92 50
49 93 97
49 94 1
49 95 44
49 96 3
49 97 78
49 98 99
49 99 36
49 100 25
49 101 78
49 102 60
49 103 15
49 104 27
49 105 48
49 106 52
49 107 47
49 108 72
49 109 42
49 110 80
49 111 43
49 112 94
49 113 10
49 114 98
49 115 97
49 116 84
49 117 55
49 118 32
49 119 85
50 51 24
50 52 60
50 53 0
50 54 46
50 55 39
50 56 9
50 57 11
50 58 66
50 59 77
50 60 30
50 61 69
50 62 81
50 63 36
50 64 72
50 65 30
50 66 28
50 67 45
50 68 9
50 69 55
50 70 84
50 71 21
50 72 60
50 73 75
50 74 93
50 75 93
50 76 52
50 77 36
50 78 40
50 79 23
50 80 72
50 81 89
50 82 87
50 83 42
50 84 10
50 85 79
50 86 28
50 87 29
50 88 85
50 89 42
50 90 72
50 91 18
50 92 17
50 93 11
50 94 18
50 95 38
50 96 52
50 97 1
50 98 81
50 99 5
50 100 36
50 101 27
50 102 13
50 103 67
50 104 23
50 105 22
50 106 76
50 107 43
50 108 55
50 109 29
50 110 92
50 111 34
50 112 14
50 113 20
50 114 9
50 115 32
50 116 57
50 117 56
50 118 95
50 119 76
51 52 13
51 53 27
51 54 8
51 55 97
51 56 85
51 57 90
51 58 54
51 59 32
51 60 88
51 61 70
51 62 11
51 63 60
51 64 53
51 65 92
51 66 93
51 67 37
51 68 66
51 69 64
51 70 49
51 71 62
51 72 39
51 73 77
51 74 1
51 75 84
51 76 57
51 77 91
51 78 82
51 79 65
51 80 57
51 81 76
51 82 81
51 83 95
51 84 60
51 85 54
51 86 83
51 87 9
51 88 65
51 89 8
51 90 60
51 91 41
51 92 75
51 93 33
51 94 11
51 95 88
51 96 74
51 97 85
51 98 77
51 99 47
51 100 50
51 101 13
51 102 5
51 103 65
51 104 77
51 105 91
51 106 93
51 107 79
51 108 51
51 109 48
51 110 67
51 111 32
51 112 86
51 113 91
51 114 23
51 115 70
51 116 84
51 117 82
51 118 36
51 119 68
52 53 12
52 54 54
52 55 76
52 56 96
52 57 86
52 58 35
52 59 76
52 60 42
52 61 78
52 62 54
52 63 26
52 64 33
52 65 80
52 66 9
52 67 11
52 68 35
52 69 29
52 70 79
52 71 88
52 72 36
52 73 2
52 74 0
52 75 37
52 76 26
52 77 71
52 78 3
52 79 82
52 80 35
52 81 47
52 82 85
52 83 87
52 84 88
52 85 76
52 86 72
52 87 4
52 88 72
52 89 96
52 90 71
52 91 91
52 92 96
52 93 73
52 94 25
52 95 99
52 96 4
52 97 34
52 98 8
52 99 45
52 100 1
52 101 53
52 102 64
52 103 38
52 104 48
52 105 10
52 106 25
52 107 60
52 108 9
52 109 67
52 110 14
52 111 35
52 112 65
52 113 61
52 114 33
52 115 14
52 116 8
52 117 85
52 118 33
52 119 84
53 54 55
53 55 44
53 56 61
53 57 18
53 58 90
53 59 52
53 60 32
53 61 58
53 62 13
53 63 20
53 64 90
53 65 2
53 66 18
53 67 39
53 68 63
53 69 76
53 70 14
53 71 74
53 72 15
53 73 26
53 74 99
53 75 44
53 76 82
53 77 56
53 78 10
53 79 19
53 80 79
53 81 16
53 82 10
53 83 84
53 84 53
53 85 61
53 86 100
53 87 7
53 88 14
53 89 61
53 90 65
53 91 5
53 92 26
53 93 32
53 94 81
53 95 44
53 96 70
53 97 52
53 98 34
53 99 81
53 100 6
53 101 26
53 102 39
53 103 2
53 104 78
53 105 59
53 106 14
53 107 82
53 108 56
53 109 24
53 110 85
53 111 27
53 112 68
53 113 67
53 114 78
53 115 30
53 116 41
53 117 73
53 118 29
53 119 73
54 55 97
54 56 13
54 57 39
54 58 43
54 59 50
54 60 21
54 61 73
54 62 40
54 63 96
54 64 75
54 65 56
54 66 89
54 67 88
54 68 60
54 69 24
54 70 84
54 71 53
54 72 90
54 73 44
54 74 63
54 75 2
54 76 51
54 77 87
54 78 60
54 79 63
54 80 92
54 81 9
54 82 9
54 83 5
54 84 93
54 85 46
54 86 100
54 87 57
54 88 27
54 89 65
54 90 92
54 91 52
54 92 24
54 93 23
54 94 76
54 95 76
54 96 55
54 97 96
54 98 55
54 99 6
54 100 61
54 101 31
54 102 89
54 103 55
54 104 28
54 105 27
54 106 25
54 107 58
54 108 11
54 109 64
54 110 86
54 111 61
54 112 69
54 113 87
54 114 59
54 115 49
54 116 19
54 117 14
54 118 33
54 119 24
55 56 74
55 57 30
55 58 94
55 59 64
55 60 9
55 61 93
55 62 58
55 63 92
55 64 3
55 65 88
55 66 37
55 67 25
55 68 0
55 69 74
55 70 37
55 71 5
55 72 24
55 73 27
55 74 42
55 75 43
55 76 78
55 77 39
55 78 39
55 79 83
55 80 48
55 81 51
55 82 68
55 83 53
55 84 66
55 85 15
55 86 16
55 87 92
55 88 76
55 89 78
55 90 44
55 91 94
55 92 12
55 93 54
55 94 9
55 95 51
55 96 83
55 97 90
55 98 31
55 99 70
55 100 68
55 101 34
55 102 5
55 103 84
55 104 54
55 105 33
55 106 40
55 107 10
55 108 6
55 109 53
55 110 39
55 111 63
55 112 1
55 113 68
55 114 48
55 115 58
55 116 88
55 117 7
55 118 89
55 119 77
56 57 75
56 58 94
56 59 34
56 60 74
56 61 0
56 62 94
56 63 46
56 64 87
56 65 99
56 66 84
56 67 81
56 68 56
56 69 98
56 70 62
56 71 87
56 72 40
56 73 71
56 74 35
56 75 8
56 76 11
56 77 90
56 78 80
56 79 50
56 80 8
56 81 85
56 82 12
56 83 89
56 84 100
56 85 84
56 86 62
56 87 68
56 88 69
56 89 97
56 90 27
56 91 69
56 92 30
56 93 76
56 94 36
56 95 30
56 96 58
56 97 12
56 98 88
56 99 91
56 100 57
56 101 94
56 102 52
56 103 64
56 104 90
56 105 83
56 106 1
56 107 0
56 108 36
56 109 56
56 110 61
56 111 54
56 112 52
56 113 69
56 114 32
56 115 80
56 116 97
56 117 97
56 118 74
56 119 10
57 58 14
57 59 29
57 60 66
57 61 15
57 62 37
57 63 38
57 64 14
57 65 14
57 66 6
57 67 96
57 68 83
57 69 6
57 70 91
57 71 51
57 72 99
57 73 99
57 74 36
57 75 56
57 76 35
57 77 13
57 78 74
57 79 70
57 80 40
57 81 4
57 82 56
57 83 9
57 84 29
57 85 49
57 86 45
57 87 86
57 88 40
57 89 31
57 90 57
57 91 88
57 92 80
57 93 63
57 94 23
57 95 16
57 96 33
57 97 39
57 98 9
57 99 7
57 100 36
57 101 25
57 102 89
57 103 67
57 104 13
57 105 0
57 106 76
57 107 73
57 108 18
57 109 48
57 110 70
57 111 20
57 112 86
57 113 85
57 114 99
57 115 32
57 116 62
57 117 42
57 118 13
57 119 77
58 59 52
58 60 46
58 61 21
58 62 28
58 63 59
58 64 57
58 65 35
58 66 72
58 67 12
58 68 81
58 69 89
58 70 12
58 71 49
58 72 10
58 73 14
58 74 22
58 75 70
58 76 54
58 77 70
58 78 29
58 79 19
58 80 43
58 81 14
58 82 100
58 83 81
58 84 21
58 85 9
58 86 4
58 87 90
58 88 72
58 89 54
58 90 33
58 91 19
58 92 46
58 93 48
58 94 21
58 95 87
58 96 63
58 97 21
58 98 25
58 99 90
58 100 87
58 101 47
58 102 51
58 103 29
58 104 7
58 105 33
58 106 52
58 107 21
58 108 48
58 109 20
58 110 82
58 111 76
58 112 99
58 113 91
58 114 77
58 115 1
58 116 27
58 117 66
58 118 41
58 119 80
59 60 88
59 61 18
59 62 21
59 63 77
59 64 43
59 65 67
59 66 0
59 67 97
59 68 7
59 69 66
59 70 94
59 71 95
59 72 35
59 73 67
59 74 52
59 75 90
59 76 30
59 77 26
59 78 15
59 79 40
59 80 98
59 81 27
59 82 24
59 83 41
59 84 7
59 85 85
59 86 26
59 87 92
59 88 6
59 89 60
59 90 86
59 91 89
59 92 8
59 93 81
59 94 89
59 95 20
59 96 0
59 97 98
59 98 38
59 99 37
59 100 24
59 101 43
59 102 49
59 103 2
59 104 2
59 105 34
59 106 69
59 107 40
59 108 2
59 109 93
59 110 91
59 111 32
59 112 75
59 113 73
59 114 94
59 115 86
59 116 66
59 117 91
59 118 12
59 119 70
60 61 90
60 62 98
60 63 23
60 64 26
60 65 81
60 66 32
60 67 31
60 68 28
60 69 93
60 70 50
60 71 0
60 72 63
60 73 40
60 74 63
60 75 23
60 76 2
60 77 100
60 78 51
60 79 51
60 80 30
60 81 84
60 82 99
60 83 44
60 84 8
60 85 62
60 86 83
60 87 38
60 88 77
60 89 1
60 90 44
60 91 44
60 92 19
60 93 91
60 94 6
60 95 86
60 96 14
60 97 24
60 98 56
60 99 54
60 100 10
60 101 11
60 102 87
60 103 61
60 104 85
60 105 59
60 106 30
60 107 3
60 108 59
60 109 78
60 110 16
60 111 45
60 112 37
60 113 85
60 114 9
60 115 8
60 116 56
60 117 77
60 118 1
60 119 68
61 62 60
61 63 44
61 64 88
61 65 38
61 66 17
61 67 63
61 68 30
61 69 98
61 70 13
61 71 8
61 72 75
61 73 77
61 74 9
61 75 43
61 76 14
61 77 89
61 78 87
61 79 26
61 80 67
61 81 64
61 82 55
61 83 4
61 84 25
61 85 61
61 86 49
61 87 53
61 88 70
61 89 7
61 90 85
61 91 59
61 92 23
61 93 14
61 94 81
61 95 81
61 96 91
61 97 52
61 98 83
61 99 53
61 100 81
61 101 99
61 102 51
61 103 92
61 104 66
61 105 68
61 106 94
61 107 24
61 108 9
61 109 3
61 110 77
61 111 25
61 112 9
61 113 60
61 114 87
61 115 10
61 116 35
61 117 66
61 118 4
61 119 96
62 63 1
62 64 1
62 65 18
62 66 26
62 67 77
62 68 40
62 69 39
62 70 18
62 71 7
62 72 35
62 73 59
62 74 43
62 75 66
62 76 75
62 77 14
62 78 77
62 79 61
62 80 27
62 81 8
62 82 97
62 83 40
62 84 67
62 85 17
62 86 53
62 87 69
62 88 34
62 89 86
62 90 100
62 91 49
62 92 82
62 93 32
62 94 65
62 95 51
62 96 68
62 97 4
62 98 25
62 99 7
62 100 43
62 101 59
62 102 66
62 103 55
62 104 82
62 105 49
62 106 19
62 107 70
62 108 82
62 109 80
62 110 65
62 111 14
62 112 60
62 113 84
62 114 45
62 115 17
62 116 71
62 117 41
62 118 54
62 119 4
63 64 7
63 65 44
63 66 75
63 67 36
63 68 77
63 69 5
63 70 16
63 71 20
63 72 99
63 73 41
63 74 83
63 75 35
63 76 24
63 77 83
63 78 62
63 79 21
63 80 25
63 81 90
63 82 47
63 83 98
63 84 26
63 85 40
63 86 36
63 87 13
63 88 99
63 89 28
63 90 100
63 91 9
63 92 73
63 93 79
63 94 42
63 95 61
63 96 45
63 97 76
63 98 49
63 99 71
63 100 89
63 101 30
63 102 65
63 103 3
63 104 8
63 105 16
63 106 60
63 107 47
63 108 84
63 109 81
63 110 9
63 111 44
63 112 72
63 113 38
63 114 62
63 115 84
63 116 8
63 117 34
63 118 89
63 119 27
64 65 25
64 66 49
64 67 56
64 68 91
64 69 17
64 70 59
64 71 83
64 72 8
64 73 20
64 74 52
64 75 13
64 76 33
64 77 13
64 78 18
64 79 40
64 80 64
64 81 28
64 82 27
64 83 95
64 84 72
64 85 1
64 86 22
64 87 100
64 88 3
64 89 22
64 90 0
64 91 59
64 92 72
64 93 4
64 94 8
64 95 66
64 96 69
64 97 98
64 98 99
64 99 24
64 100 49
64 101 5
64 102 0
64 103 21
64 104 58
64 105 13
64 106 65
64 107 20
64 108 75
64 109 23
64 110 95
64 111 82
64 112 28
64 113 33
64 114 15
64 115 91
64 116 11
64 117 58
64 118 32
64 119 45
65 66 90
65 67 13
65 68 44
65 69 47
65 70 28
65 71 25
65 72 48
65 73 85
65 74 95
65 75 72
65 76 2
65 77 29
65 78 31
65 79 61
65 80 69
65 81 71
65 82 10
65 83 40
65 84 66
65 85 56
65 86 66
65 87 49
65 88 19
65 89 28
65 90 94
65 91 63
65 92 55
65 93 23
65 94 28
65 95 33
65 96 99
65 97 91
65 98 89
65 99 58
65 100 11
65 101 25
65 102 60
65 103 17
65 104 73
65 105 79
65 106 77
65 107 16
65 108 87
65 109 43
65 110 77
65 111 65
65 112 62
65 113 90
65 114 75
65 115 51
65 116 69
65 117 67
65 118 16
65 119 32
66 67 47
66 68 81
66 69 92
66 70 3
66 71 14
66 72 93
66 73 23
66 74 85
66 75 41
66 76 73
66 77 39
66 78 4
66 79 89
66 80 58
66 81 97
66 82 26
66 83 98
66 84 84
66 85 87
66 86 39
66 87 58
66 88 64
66 89 55
66 90 27
66 91 26
66 92 48
66 93 58
66 94 26
66 95 62
66 96 32
66 97 46
66 98 32
66 99 99
66 100 29
66 101 57
66 102 6
66 103 42
66 104 96
66 105 67
66 106 99
66 107 96
66 108 33
66 109 11
66 110 56
66 111 72
66 112 47
66 113 4
66 114 10
66 115 2
66 116 92
66 117 19
66 118 68
66 119 66
67 68 96
67 69 99
67 70 94
67 71 99
67 72 42
67 73 58
67 74 73
67 75 48
67 76 0
67 77 51
67 78 8
67 79 72
67 80 81
67 81 100
67 82 58
67 83 57
67 84 72
67 85 53
67 86 55
67 87 55
67 88 94
67 89 51
67 90 51
67 91 94
67 92 54
67 93 16
67 94 52
67 95 27
67 96 92
67 97 89
67 98 27
67 99 75
67 100 11
67 101 31
67 102 50
67 103 53
67 104 75
67 105 30
67 106 20
67 107 91
67 108 3
67 109 67
67 110 55
67 111 30
67 112 24
67 113 91
67 114 52
67 115 31
67 116 46
67 117 75
67 118 30
67 119 32
68 69 69
68 70 51
68 71 31
68 72 45
68 73 67
68 74 75
68 75 52
68 76 70
68 77 11
68 78 66
68 79 25
68 80 68
68 81 79
68 82 32
68 83 3
68 84 30
68 85 49
68 86 14
68 87 89
68 88 99
68 89 25
68 90 86
68 91 80
68 92 32
68 93 92
68 94 8
68 95 60
68 96 45
68 97 68
68 98 26
68 99 55
68 100 9
68 101 38
68 102 45
68 103 35
68 104 20
68 105 11
68 106 31
68 107 15
68 108 15
68 109 39
68 110 26
68 111 38
68 112 64
68 113 100
68 114 57
68 115 91
68 116 13
68 117 20
68 118 13
68 119 44
69 70 43
69 71 94
69 72 36
69 73 39
69 74 69
69 75 92
69 76 27
69 77 21
69 78 65
69 79 52
69 80 55
69 81 67
69 82 11
69 83 43
69 84 16
69 85 50
69 86 62
69 87 39
69 88 26
69 89 96
69 90 9
69 91 22
69 92 72
69 93 38
69 94 72
69 95 93
69 96 61
69 97 28
69 98 85
69 99 100
69 100 94
69 101 2
69 102 10
69 103 89
69 104 23
69 105 36
69 106 45
69 107 43
69 108 85
69 109 75
69 110 29
69 111 16
69 112 37
69 113 20
69 114 59
69 115 25
69 116 40
69 117 29
69 118 27
69 119 64
70 71 95
70 72 22
70 73 14
70 74 65
70 75 20
70 76 50
70 77 14
70 78 73
70 79 84
70 80 26
70 81 21
70 82 58
70 83 33
70 84 87
70 85 26
70 86 38
70 87 29
70 88 90
70 89 37
70 90 4
70 91 76
70 92 3
70 93 56
70 94 57
70 95 12
70 96 100
70 97 93
70 98 84
70 99 77
70 100 51
70 101 53
70 102 35
70 103 13
70 104 57
70 105 52
70 106 89
70 107 48
70 108 61
70 109 6
70 110 85
70 111 69
70 112 7
70 113 14
70 114 30
70 115 67
70 116 92
70 117 77
70 118 33
70 119 0
71 72 33
71 73 85
71 74 45
71 75 88
71 76 97
71 77 25
71 78 76
71 79 5
71 80 77
71 81 96
71 82 38
71 83 51
71 84 55
71 85 15
71 86 98
71 87 70
71 88 7
71 89 61
71 90 12
71 91 96
71 92 45
71 93 50
71 94 98
71 95 6
71 96 24
71 97 93
71 98 100
71 99 38
71 100 47
71 101 77
71 102 28
71 103 73
71 104 1
71 105 71
71 106 78
71 107 55
71 108 48
71 109 14
71 110 59
71 111 99
71 112 49
71 113 94
71 114 81
71 115 29
71 116 85
71 117 47
71 118 94
71 119 91
72 73 88
72 74 74
72 75 93
72 76 17
72 77 49
72 78 25
72 79 82
72 80 47
72 81 17
72 82 64
72 83 82
72 84 57
72 85 80
72 86 61
72 87 33
72 88 79
72 89 66
72 90 34
72 91 98
72 92 25
72 93 8
72 94 14
72 95 35
72 96 36
72 97 80
72 98 27
72 99 30
72 100 86
72 101 8
72 102 13
72 103 73
72 104 39
72 105 44
72 106 7
72 107 31
72 108 14
72 109 29
72 110 37
72 111 91
72 112 7
72 113 71
72 114 67
72 115 47
72 116 85
72 117 7
72 118 18
72 119 82
73 74 19
73 75 19
73 76 27
73 77 47
73 78 84
73 79 49
73 80 62
73 81 83
73 82 8
73 83 26
73 84 82
73 85 50
73 86 77
73 87 14
73 88 60
73 89 48
73 90 47
73 91 69
73 92 42
73 93 93
73 94 94
73 95 73
73 96 54
73 97 46
73 98 46
73 99 37
73 100 4
73 101 85
73 102 34
73 103 38
73 104 28
73 105 64
73 106 65
73 107 31
73 108 12
73 109 97
73 110 15
73 111 96
73 112 49
73 113 22
73 114 33
73 115 1
73 116 13
73 117 22
73 118 24
73 119 4
74 75 71
74 76 67
74 77 86
74 78 29
74 79 45
74 80 30
74 81 77
74 82 48
74 83 62
74 84 38
74 85 61
74 86 33
74 87 17
74 88 34
74 89 37
74 90 25
74 91 29
74 92 1
74 93 45
74 94 33
74 95 43
74 96 71
74 97 97
74 98 91
74 99 84
74 100 17
74 101 14
74 102 55
74 103 87
74 104 96
74 105 18
74 106 80
74 107 7
74 108 91
74 109 61
74 110 67
74 111 17
74 112 64
74 113 20
74 114 96
74 115 17
74 116 90
74 117 61
74 118 2
74 119 18
75 76 95
75 77 3
75 78 40
75 79 63
75 80 52
75 81 60
75 82 75
75 83 74
75 84 35
75 85 88
75 86 50
75 87 35
75 88 1
75 89 38
75 90 21
75 91 100
75 92 23
75 93 58
75 94 19
75 95 54
75 96 83
75 97 24
75 98 37
75 99 53
75 100 53
75 101 32
75 102 22
75 103 87
75 104 6
75 105 93
75 106 43
75 107 85
75 108 97
75 109 4
75 110 88
75 111 11
75 112 26
75 113 37
75 114 94
75 115 24
75 116 56
75 117 90
75 118 83
75 119 21
76 77 74
76 78 78
76 79 22
76 80 43
76 81 27
76 82 38
76 83 45
76 84 78
76 85 80
76 86 74
76 87 50
76 88 14
76 89 19
76 90 73
76 91 69
76 92 6
76 93 19
76 94 39
76 95 82
76 96 85
76 97 93
76 98 7
76 99 81
76 100 14
76 101 28
76 102 21
76 103 8
76 104 13
76 105 21
76 106 36
76 107 73
76 108 16
76 109 92
76 110 96
76 111 68
76 112 96
76 113 7
76 114 56
76 115 81
76 116 97
76 117 74
76 118 62
76 119 61
77 78 67
77 79 15
77 80 94
77 81 43
77 82 6
77 83 47
77 84 5
77 85 1
77 86 69
77 87 68
77 88 26
77 89 24
77 90 79
77 91 12
77 92 15
77 93 49
77 94 29
77 95 41
77 96 49
77 97 90
77 98 73
77 99 0
77 100 29
77 101 48
77 102 92
77 103 97
77 104 49
77 105 7
77 106 95
77 107 30
77 108 1
77 109 88
77 110 52
77 111 64
77 112 80
77 113 29
77 114 82
77 115 28
77 116 81
77 117 17
77 118 83
77 119 77
78 79 32
78 80 51
78 81 66
78 82 31
78 83 61
78 84 77
78 85 58
78 86 29
78 87 65
78 88 61
78 89 83
78 90 18
78 91 72
78 92 20
78 93 60
78 94 57
78 95 60
78 96 67
78 97 77
78 98 68
78 99 12
78 100 48
78 101 19
78 102 38
78 103 40
78 104 96
78 105 96
78 106 91
78 107 87
78 108 13
78 109 85
78 110 97
78 111 16
78 112 42
78 113 42
78 114 97
78 115 99
78 116 81
78 117 68
78 118 77
78 119 14
79 80 78
79 81 41
79 82 99
79 83 2
79 84 52
79 85 68
79 86 3
79 87 31
79 88 1
79 89 71
79 90 95
79 91 95
79 92 52
79 93 69
79 94 26
79 95 34
79 96 14
79 97 31
79 98 28
79 99 29
79 100 52
79 101 54
79 102 7
79 103 33
79 104 30
79 105 64
79 106 71
79 107 33
79 108 19
79 109 83
79 110 35
79 111 58
79 112 89
79 113 98
79 114 14
79 115 42
79 116 34
79 117 68
79 118 90
79 119 94
80 81 8
80 82 12
80 83 45
80 84 43
80 85 91
80 86 53
80 87 62
80 88 42
80 89 39
80 90 43
80 91 64
80 92 46
80 93 13
80 94 100
80 95 58
80 96 72
80 97 54
80 98 78
80 99 28
80 100 9
80 101 22
80 102 64
80 103 91
80 104 24
80 105 64
80 106 46
80 107 16
80 108 96
80 109 7
80 110 52
80 111 21
80 112 55
80 113 26
80 114 25
80 115 39
80 116 26
80 117 37
80 118 88
80 119 38
81 82 73
81 83 70
81 84 87
81 85 61
81 86 52
81 87 81
81 88 93
81 89 85
81 90 15
81 91 21
81 92 36
81 93 55
81 94 6
81 95 21
81 96 54
81 97 15
81 98 78
81 99 49
81 100 18
81 101 51
81 102 23
81 103 96
81 104 75
81 105 78
81 106 41
81 107 7
81 108 96
81 109 40
81 110 37
81 111 46
81 112 79
81 113 28
81 114 49
81 115 5
81 116 16
81 117 39
81 118 80
81 119 81
82 83 39
82 84 24
82 85 5
82 86 1
82 87 0
82 88 85
82 89 26
82 90 47
82 91 16
82 92 81
82 93 27
82 94 84
82 95 60
82 96 14
82 97 55
82 98 89
82 99 45
82 100 44
82 101 42
82 102 57
82 103 49
82 104 76
82 105 40
82 106 38
82 107 78
82 108 45
82 109 1
82 110 49
82 111 64
82 112 38
82 113 87
82 114 69
82 115 96
82 116 76
82 117 49
82 118 56
82 119 2
83 84 0
83 85 7
83 86 27
83 87 63
83 88 71
83 89 86
83 90 18
83 91 86
83 92 97
83 93 8
83 94 29
83 95 65
83 96 97
83 97 45
83 98 51
83 99 38
83 100 43
83 101 58
83 102 76
83 103 7
83 104 51
83 105 98
83 106 68
83 107 15
83 108 70
83 109 56
83 110 13
83 111 44
83 112 57
83 113 61
83 114 28
83 115 80
83 116 49
83 117 68
83 118 74
83 119 40
84 85 35
84 86 83
84 87 51
84 88 30
84 89 43
84 90 16
84 91 13
84 92 63
84 93 31
84 94 3
84 95 94
84 96 42
84 97 24
84 98 54
84 99 92
84 100 44
84 101 69
84 102 89
84 103 75
84 104 32
84 105 40
84 106 1
84 107 50
84 108 96
84 109 74
84 110 1
84 111 76
84 112 12
84 113 8
84 114 74
84 115 10
84 116 81
84 117 39
84 118 52
84 119 77
85 86 91
85 87 25
85 88 89
85 89 68
85 90 38
85 91 32
85 92 95
85 93 53
85 94 13
85 95 47
85 96 27
85 97 81
85 98 19
85 99 42
85 100 50
85 101 28
85 102 48
85 103 13
85 104 27
85 105 98
85 106 24
85 107 60
85 108 100
85 109 23
85 110 61
85 111 13
85 112 66
85 113 60
85 114 37
85 115 10
85 116 14
85 117 44
85 118 6
85 119 61
86 87 13
86 88 36
86 89 69
86 90 5
86 91 12
86 92 97
86 93 29
86 94 24
86 95 91
86 96 72
86 97 100
86 98 68
86 99 79
86 100 54
86 101 1
86 102 77
86 103 93
86 104 91
86 105 98
86 106 48
86 107 61
86 108 95
86 109 41
86 110 27
86 111 81
86 112 30
86 113 83
86 114 100
86 115 28
86 116 60
86 117 71
86 118 57
86 119 33
87 88 79
87 89 37
87 90 3
87 91 47
87 92 48
87 93 60
87 94 34
87 95 38
87 96 96
87 97 20
87 98 2
87 99 51
87 100 58
87 101 42
87 102 57
87 103 35
87 104 95
87 105 32
87 106 25
87 107 33
87 108 6
87 109 2
87 110 5
87 111 65
87 112 65
87 113 63
87 114 26
87 115 34
87 116 14
87 117 40
87 118 26
87 119 61
88 89 9
88 90 48
88 91 48
88 92 67
88 93 39
88 94 9
88 95 48
88 96 29
88 97 42
88 98 1
88 99 86
88 100 31
88 101 85
88 102 78
88 103 66
88 104 28
88 105 45
88 106 27
88 107 81
88 108 90
88 109 25
88 110 73
88 111 76
88 112 47
88 113 58
88 114 50
88 115 73
88 116 11
88 117 32
88 118 5
88 119 57
89 90 63
89 91 15
89 92 86
89 93 90
89 94 27
89 95 14
89 96 39
89 97 72
89 98 21
89 99 37
89 100 53
89 101 97
89 102 16
89 103 7
89 104 65
89 105 28
89 106 69
89 107 97
89 108 0
89 109 0
89 110 61
89 111 95
89 112 76
89 113 72
89 114 8
89 115 98
89 116 77
89 117 32
89 118 81
89 119 93
90 91 30
90 92 63
90 93 51
90 94 90
90 95 86
90 96 50
90 97 40
90 98 66
90 99 28
90 100 28
90 101 58
90 102 41
90 103 16
90 104 94
90 105 88
90 106 95
90 107 99
90 108 76
90 109 26
90 110 32
90 111 20
90 112 66
90 113 68
90 114 94
90 115 46
90 116 57
90 117 73
90 118 16
90 119 7
91 92 7
91 93 63
91 94 80
91 95 24
91 96 20
91 97 48
91 98 96
91 99 33
91 100 9
91 101 2
91 102 56
91 103 20
91 104 85
91 105 4
91 106 80
91 107 9
91 108 91
91 109 7
91 110 2
91 111 50
91 112 61
91 113 58
91 114 25
91 115 34
91 116 85
91 117 20
91 118 67
91 119 21
92 93 92
92 94 61
92 95 55
92 96 57
92 97 58
92 98 84
92 99 15
92 100 8
92 101 44
92 102 54
92 103 55
92 104 2
92 105 15
92 106 62
92 107 100
92 108 39
92 109 57
92 110 39
92 111 82
92 112 70
92 113 19
92 114 57
92 115 26
92 116 3
92 117 91
92 118 54
92 119 42
93 94 56
93 95 70
93 96 60
93 97 79
93 98 60
93 99 100
93 100 68
93 101 50
93 102 47
93 103 64
93 104 22
93 105 5
93 106 51
93 107 22
93 108 60
93 109 68
93 110 73
93 111 56
93 112 32
93 113 39
93 114 90
93 115 32
93 116 60
93 117 59
93 118 27
93 119 16
94 95 39
94 96 62
94 97 41
94 98 26
94 99 12
94 100 10
94 101 92
94 102 80
94 103 34
94 104 77
94 105 68
94 106 9
94 107 74
94 108 21
94 109 73
94 110 51
94 111 58
94 112 38
94 113 63
94 114 30
94 115 91
94 116 91
94 117 74
94 118 66
94 119 51
95 96 76
95 97 27
95 98 27
95 99 9
95 100 53
95 101 22
95 102 76
95 103 2
95 104 95
95 105 25
95 106 66
95 107 49
95 108 28
95 109 86
95 110 40
95 111 41
95 112 48
95 113 28
95 114 90
95 115 37
95 116 54
95 117 12
95 118 84
95 119 78
96 97 45
96 98 65
96 99 88
96 100 26
96 101 5
96 102 41
96 103 95
96 104 87
96 105 92
96 106 51
96 107 29
96 108 51
96 109 27
96 110 76
96 111 57
96 112 64
96 113 44
96 114 97
96 115 20
96 116 30
96 117 70
96 118 69
96 119 66
97 98 16
97 99 11
97 100 99
97 101 65
97 102 58
97 103 24
97 104 11
97 105 21
97 106 54
97 107 90
97 108 12
97 109 75
97 110 93
97 111 53
97 112 12
97 113 1
97 114 15
97 115 68
97 116 56
97 117 47
97 118 0
97 119 0
98 99 6
98 100 45
98 101 42
98 102 90
98 103 4
98 104 81
98 105 76
98 106 63
98 107 29
98 108 87
98 109 83
98 110 80
98 111 7
98 112 57
98 113 93
98 114 97
98 115 41
98 116 20
98 117 94
98 118 99
98 119 59
99 100 21
99 101 62
99 102 93
99 103 17
99 104 87
99 105 55
99 106 90
99 107 84
99 108 78
99 109 66
99 110 8
99 111 75
99 112 56
99 113 100
99 114 21
99 115 17
99 116 40
99 117 90
99 118 100
99 119 93
100 101 10
100 102 5
100 103 78
100 104 94
100 105 41
100 106 68
100 107 87
100 108 2
100 109 58
100 110 69
100 111 98
100 112 78
100 113 16
100 114 54
100 115 84
100 116 48
100 117 80
100 118 34
100 119 8
101 102 0
101 103 73
101 104 18
101 105 85
101 106 91
101 107 79
101 108 87
101 109 45
101 110 0
101 111 9
101 112 92
101 113 51
101 114 14
101 115 70
101 116 92
101 117 78
101 118 37
101 119 25
102 103 52
102 104 55
102 105 99
102 106 31
102 107 2
102 108 37
102 109 20
102 110 99
102 111 74
102 112 68
102 113 70
102 114 65
102 115 78
102 116 4
102 117 64
102 118 67
102 119 72
103 104 70
103 105 33
103 106 94
103 107 2
103 108 39
103 109 69
103 110 86
103 111 73
103 112 81
103 113 19
103 114 56
103 115 81
103 116 81
103 117 43
103 118 11
103 119 53
104 105 29
104 106 26
104 107 20
104 108 37
104 109 89
104 110 37
104 111 28
104 112 3
104 113 8
104 114 90
104 115 61
104 116 70
104 117 96
104 118 54
104 119 31
105 106 83
105 107 6
105 108 60
105 109 71
105 110 23
105 111 32
105 112 20
105 113 19
105 114 21
105 115 65
105 116 87
105 117 36
105 118 50
105 119 49
106 107 42
106 108 17
106 109 74
106 110 60
106 111 33
106 112 88
106 113 46
106 114 90
106 115 0
106 116 43
106 117 10
106 118 56
106 119 10
107 108 40
107 109 0
107 110 11
107 111 69
107 112 57
107 113 3
107 114 91
107 115 18
107 116 9
107 117 38
107 118 72
107 119 94
108 109 58
108 110 8
108 111 75
108 112 83
108 113 41
108 114 48
108 115 93
108 116 5
108 117 40
108 118 32
108 119 7
109 110 91
109 111 79
109 112 67
109 113 4
109 114 18
109 115 94
109 116 82
109 117 42
109 118 81
109 119 73
110 111 43
110 112 27
110 113 6
110 114 70
110 115 87
110 116 12
110 117 96
110 118 49
110 119 66
111 112 8
111 113 83
111 114 65
111 115 42
111 116 73
111 117 5
111 118 22
111 119 70
112 113 99
112 114 95
112 115 88
112 116 69
112 117 22
112 118 33
112 119 19
113 114 15
113 115 24
113 116 19
113 117 100
113 118 14
113 119 34
114 115 91
114 116 66
114 117 29
114 118 50
114 119 81
115 116 96
115 117 4
115 118 90
115 119 69
116 117 94
116 118 72
116 119 36
117 118 12
117 119 77
118 119 78
