30 5 ss 6 6 6 6 6 6 6 6 6 6 
0 1 31
0 2 19
0 3 48
0 4 62
0 5 95
0 6 54
0 7 63
0 8 62
0 9 69
0 10 70
0 11 90
0 12 59
0 13 63
0 14 6
0 15 26
0 16 32
0 17 56
0 18 61
0 19 54
0 20 76
0 21 5
0 22 18
0 23 48
0 24 52
0 25 74
0 26 45
0 27 62
0 28 40
0 29 66
1 2 65
1 3 86
1 4 57
1 5 1
1 6 83
1 7 82
1 8 98
1 9 2
1 10 41
1 11 36
1 12 59
1 13 13
1 14 32
1 15 75
1 16 14
1 17 73
1 18 97
1 19 71
1 20 12
1 21 22
1 22 39
1 23 63
1 24 26
1 25 4
1 26 73
1 27 55
1 28 42
1 29 93
2 3 25
2 4 11
2 5 5
2 6 25
2 7 62
2 8 4
2 9 39
2 10 36
2 11 67
2 12 33
2 13 78
2 14 95
2 15 69
2 16 11
2 17 66
2 18 77
2 19 0
2 20 71
2 21 1
2 22 64
2 23 18
2 24 22
2 25 5
2 26 46
2 27 48
2 28 16
2 29 31
3 4 38
3 5 69
3 6 11
3 7 89
3 8 17
3 9 54
3 10 81
3 11 88
3 12 11
3 13 63
3 14 40
3 15 70
3 16 57
3 17 83
3 18 35
3 19 4
3 20 26
3 21 79
3 22 45
3 23 75
3 24 14
3 25 39
3 26 24
3 27 90
3 28 4
3 29 0
4 5 80
4 6 43
4 7 49
4 8 100
4 9 75
4 10 36
4 11 36
4 12 76
4 13 17
4 14 47
4 15 54
4 16 68
4 17 52
4 18 38
4 19 47
4 20 58
4 21 50
4 22 41
4 23 77
4 24 78
4 25 86
4 26 86
4 27 34
4 28 59
4 29 99
5 6 85
5 7 70
5 8 31
5 9 11
5 10 11
5 11 98
5 12 59
5 13 11
5 14 52
5 15 48
5 16 79
5 17 50
5 18 16
5 19 45
5 20 68
5 21 38
5 22 33
5 23 33
5 24 95
5 25 64
5 26 48
5 27 88
5 28 71
5 29 91
6 7 90
6 8 55
6 9 20
6 10 33
6 11 65
6 12 94
6 13 53
6 14 21
6 15 66
6 16 86
6 17 73
6 18 52
6 19 44
6 20 12
6 21 83
6 22 68
6 23 56
6 24 73
6 25 16
6 26 55
6 27 47
6 28 2
6 29 39
7 8 30
7 9 54
7 10 33
7 11 95
7 12 11
7 13 62
7 14 13
7 15 84
7 16 89
7 17 82
7 18 48
7 19 79
7 20 66
7 21 94
7 22 70
7 23 69
7 24 86
7 25 53
7 26 31
7 27 25
7 28 74
7 29 91
8 9 72
8 10 3
8 11 91
8 12 98
8 13 98
8 14 92
8 15 52
8 16 19
8 17 9
8 18 92
8 19 66
8 20 71
8 21 56
8 22 13
8 23 2
8 24 8
8 25 44
8 26 80
8 27 5
8 28 60
8 29 8
9 10 64
9 11 49
9 12 61
9 13 75
9 14 19
9 15 97
9 16 17
9 17 94
9 18 29
9 19 69
9 20 90
9 21 44
9 22 30
9 23 12
9 24 3
9 25 25
9 26 90
9 27 45
9 28 99
9 29 85
10 11 59
10 12 1
10 13 78
10 14 5
10 15 62
10 16 76
10 17 30
10 18 68
10 19 3
10 20 50
10 21 100
10 22 32
10 23 35
10 24 26
10 25 32
10 26 42
10 27 85
10 28 89
10 29 47
11 12 16
11 13 43
11 14 98
11 15 86
11 16 24
11 17 73
11 18 24
11 19 65
11 20 91
11 21 44
11 22 63
11 23 60
11 24 49
11 25 2
11 26 27
11 27 20
11 28 70
11 29 1
12 13 23
12 14 16
12 15 69
12 16 0
12 17 79
12 18 90
12 19 68
12 20 10
12 21 18
12 22 20
12 23 95
12 24 47
12 25 2
12 26 87
12 27 64
12 28 78
12 29 28
13 14 69
13 15 12
13 16 22
13 17 91
13 18 47
13 19 86
13 20 46
13 21 77
13 22 62
13 23 71
13 24 47
13 25 3
13 26 17
13 27 88
13 28 64
13 29 35
14 15 49
14 16 58
14 17 80
14 18 47
14 19 66
14 20 53
14 21 31
14 22 65
14 23 52
14 24 80
14 25 74
14 26 78
14 27 46
14 28 75
14 29 22
15 16 8
15 17 3
15 18 17
15 19 90
15 20 45
15 21 74
15 22 62
15 23 95
15 24 95
15 25 69
15 26 88
15 27 82
15 28 97
15 29 54
16 17 91
16 18 75
16 19 5
16 20 9
16 21 40
16 22 83
16 23 46
16 24 64
16 25 52
16 26 66
16 27 45
16 28 10
16 29 28
17 18 48
17 19 56
17 20 12
17 21 37
17 22 32
17 23 86
17 24 64
17 25 27
17 26 75
17 27 60
17 28 83
17 29 85
18 19 18
18 20 74
18 21 9
18 22 5
18 23 2
18 24 62
18 25 27
18 26 32
18 27 40
18 28 46
18 29 68
19 20 21
19 21 47
19 22 27
19 23 23
19 24 98
19 25 76
19 26 5
19 27 38
19 28 34
19 29 42
20 21 40
20 22 14
20 23 88
20 24 45
20 25 52
20 26 19
20 27 7
20 28 18
20 29 23
21 22 1
21 23 86
21 24 75
21 25 17
21 26 84
21 27 39
21 28 58
21 29 21
22 23 85
22 24 58
22 25 77
22 26 47
22 27 39
22 28 84
22 29 14
23 24 15
23 25 85
23 26 52
23 27 45
23 28 92
23 29 81
24 25 39
24 26 2
24 27 62
24 28 69
24 29 30
25 26 87
25 27 6
25 28 35
25 29 20
26 27 51
26 28 37
26 29 64
27 28 79
27 29 46
28 29 54
