120 10 ss 12 12 12 12 12 12 12 12 12 12 12 12 12 12 12 12 12 12 12 12 
0 1 71
0 2 29
0 3 44
0 4 48
0 5 59
0 6 37
0 7 79
0 8 23
0 9 43
0 10 31
0 11 42
0 12 21
0 13 1
0 14 31
0 15 57
0 16 51
0 17 10
0 18 84
0 19 44
0 20 40
0 21 65
0 22 8
0 23 60
0 24 56
0 25 44
0 26 36
0 27 22
0 28 42
0 29 83
0 30 76
0 31 30
0 32 12
0 33 95
0 34 47
0 35 30
0 36 82
0 37 76
0 38 78
0 39 33
0 40 4
0 41 3
0 42 96
0 43 84
0 44 57
0 45 22
0 46 62
0 47 66
0 48 48
0 49 24
0 50 48
0 51 83
0 52 39
0 53 36
0 54 60
0 55 62
0 56 63
0 57 42
0 58 45
0 59 48
0 60 1
0 61 90
0 62 78
0 63 50
0 64 57
0 65 28
0 66 53
0 67 10
0 68 45
0 69 84
0 70 48
0 71 62
0 72 32
0 73 39
0 74 38
0 75 91
0 76 100
0 77 51
0 78 100
0 79 29
0 80 27
0 81 2
0 82 24
0 83 40
0 84 26
0 85 73
0 86 98
0 87 48
0 88 29
0 89 94
0 90 85
0 91 3
0 92 58
0 93 54
0 94 83
0 95 54
0 96 28
0 97 39
0 98 27
0 99 56
0 100 88
0 101 63
0 102 79
0 103 79
0 104 63
0 105 42
0 106 88
0 107 81
0 108 23
0 109 55
0 110 17
0 111 93
0 112 81
0 113 58
0 114 14
0 115 58
0 116 49
0 117 26
0 118 34
0 119 74
1 2 54
1 3 38
1 4 3
1 5 45
1 6 49
1 7 60
1 8 20
1 9 26
1 10 12
1 11 78
1 12 77
1 13 100
1 14 63
1 15 9
1 16 95
1 17 94
1 18 31
1 19 54
1 20 42
1 21 36
1 22 89
1 23 86
1 24 89
1 25 45
1 26 7
1 27 35
1 28 45
1 29 74
1 30 21
1 31 41
1 32 23
1 33 77
1 34 36
1 35 36
1 36 100
1 37 84
1 38 45
1 39 10
1 40 54
1 41 64
1 42 45
1 43 73
1 44 85
1 45 25
1 46 63
1 47 46
1 48 12
1 49 48
1 50 21
1 51 38
1 52 24
1 53 47
1 54 45
1 55 30
1 56 11
1 57 37
1 58 34
1 59 93
1 60 97
1 61 12
1 62 4
1 63 15
1 64 75
1 65 58
1 66 93
1 67 79
1 68 32
1 69 8
1 70 93
1 71 10
1 72 63
1 73 79
1 74 98
1 75 82
1 76 59
1 77 22
1 78 26
1 79 18
1 80 96
1 81 4
1 82 82
1 83 71
1 84 90
1 85 6
1 86 80
1 87 24
1 88 31
1 89 17
1 90 82
1 91 89
1 92 20
1 93 79
1 94 84
1 95 49
1 96 27
1 97 33
1 98 13
1 99 49
1 100 46
1 101 73
1 102 17
1 103 69
1 104 93
1 105 54
1 106 100
1 107 56
1 108 39
1 109 87
1 110 95
1 111 2
1 112 16
1 113 24
1 114 28
1 115 96
1 116 74
1 117 29
1 118 7
1 119 11
2 3 31
2 4 16
2 5 37
2 6 6
2 7 38
2 8 16
2 9 53
2 10 10
2 11 16
2 12 6
2 13 60
2 14 70
2 15 73
2 16 47
2 17 65
2 18 16
2 19 80
2 20 5
2 21 78
2 22 79
2 23 68
2 24 26
2 25 6
2 26 20
2 27 80
2 28 32
2 29 22
2 30 100
2 31 75
2 32 91
2 33 27
2 34 4
2 35 11
2 36 56
2 37 15
2 38 21
2 39 7
2 40 68
2 41 29
2 42 60
2 43 67
2 44 23
2 45 6
2 46 3
2 47 56
2 48 2
2 49 72
2 50 76
2 51 84
2 52 84
2 53 88
2 54 55
2 55 52
2 56 48
2 57 44
2 58 34
2 59 25
2 60 48
2 61 47
2 62 87
2 63 51
2 64 82
2 65 95
2 66 67
2 67 39
2 68 77
2 69 58
2 70 97
2 71 21
2 72 70
2 73 11
2 74 51
2 75 80
2 76 66
2 77 22
2 78 98
2 79 91
2 80 77
2 81 99
2 82 37
2 83 22
2 84 59
2 85 53
2 86 53
2 87 61
2 88 73
2 89 83
2 90 17
2 91 84
2 92 23
2 93 84
2 94 75
2 95 93
2 96 61
2 97 22
2 98 45
2 99 95
2 100 42
2 101 17
2 102 30
2 103 49
2 104 41
2 105 65
2 106 29
2 107 9
2 108 41
2 109 97
2 110 83
2 111 4
2 112 21
2 113 66
2 114 59
2 115 48
2 116 77
2 117 49
2 118 44
2 119 43
3 4 46
3 5 91
3 6 77
3 7 18
3 8 55
3 9 53
3 10 83
3 11 23
3 12 18
3 13 68
3 14 36
3 15 44
3 16 73
3 17 18
3 18 96
3 19 13
3 20 80
3 21 16
3 22 75
3 23 74
3 24 70
3 25 37
3 26 31
3 27 71
3 28 99
3 29 49
3 30 17
3 31 61
3 32 100
3 33 46
3 34 8
3 35 51
3 36 0
3 37 100
3 38 79
3 39 84
3 40 66
3 41 31
3 42 82
3 43 59
3 44 61
3 45 14
3 46 3
3 47 17
3 48 55
3 49 36
3 50 95
3 51 65
3 52 53
3 53 14
3 54 36
3 55 16
3 56 32
3 57 15
3 58 84
3 59 16
3 60 77
3 61 80
3 62 95
3 63 28
3 64 13
3 65 0
3 66 70
3 67 45
3 68 12
3 69 30
3 70 22
3 71 33
3 72 64
3 73 54
3 74 72
3 75 63
3 76 60
3 77 36
3 78 85
3 79 75
3 80 47
3 81 78
3 82 82
3 83 39
3 84 88
3 85 28
3 86 48
3 87 100
3 88 29
3 89 47
3 90 37
3 91 100
3 92 87
3 93 2
3 94 29
3 95 76
3 96 92
3 97 83
3 98 92
3 99 75
3 100 87
3 101 79
3 102 57
3 103 86
3 104 6
3 105 35
3 106 75
3 107 79
3 108 9
3 109 28
3 110 61
3 111 76
3 112 91
3 113 21
3 114 21
3 115 37
3 116 69
3 117 43
3 118 4
3 119 90
4 5 13
4 6 55
4 7 83
4 8 25
4 9 15
4 10 40
4 11 39
4 12 21
4 13 54
4 14 34
4 15 7
4 16 75
4 17 27
4 18 68
4 19 16
4 20 31
4 21 31
4 22 8
4 23 4
4 24 40
4 25 8
4 26 85
4 27 10
4 28 43
4 29 87
4 30 60
4 31 19
4 32 82
4 33 88
4 34 35
4 35 15
4 36 1
4 37 84
4 38 70
4 39 94
4 40 77
4 41 47
4 42 14
4 43 30
4 44 76
4 45 51
4 46 39
4 47 42
4 48 72
4 49 1
4 50 22
4 51 85
4 52 2
4 53 37
4 54 70
4 55 45
4 56 82
4 57 2
4 58 75
4 59 26
4 60 60
4 61 12
4 62 30
4 63 35
4 64 17
4 65 80
4 66 33
4 67 85
4 68 38
4 69 46
4 70 70
4 71 60
4 72 67
4 73 53
4 74 36
4 75 20
4 76 49
4 77 44
4 78 32
4 79 71
4 80 67
4 81 100
4 82 5
4 83 58
4 84 87
4 85 58
4 86 30
4 87 67
4 88 65
4 89 4
4 90 97
4 91 49
4 92 62
4 93 65
4 94 50
4 95 83
4 96 32
4 97 38
4 98 3
4 99 8
4 100 20
4 101 3
4 102 6
4 103 16
4 104 74
4 105 87
4 106 63
4 107 45
4 108 73
4 109 79
4 110 71
4 111 67
4 112 100
4 113 80
4 114 82
4 115 99
4 116 61
4 117 26
4 118 58
4 119 26
5 6 41
5 7 74
5 8 44
5 9 69
5 10 26
5 11 17
5 12 72
5 13 81
5 14 66
5 15 13
5 16 85
5 17 93
5 18 10
5 19 10
5 20 96
5 21 9
5 22 52
5 23 31
5 24 86
5 25 13
5 26 9
5 27 17
5 28 53
5 29 52
5 30 62
5 31 75
5 32 80
5 33 51
5 34 8
5 35 56
5 36 24
5 37 37
5 38 55
5 39 51
5 40 31
5 41 70
5 42 93
5 43 0
5 44 80
5 45 7
5 46 7
5 47 66
5 48 34
5 49 53
5 50 31
5 51 27
5 52 88
5 53 31
5 54 0
5 55 25
5 56 10
5 57 76
5 58 55
5 59 65
5 60 1
5 61 8
5 62 6
5 63 24
5 64 6
5 65 57
5 66 94
5 67 53
5 68 19
5 69 85
5 70 24
5 71 9
5 72 6
5 73 12
5 74 17
5 75 99
5 76 2
5 77 92
5 78 5
5 79 96
5 80 46
5 81 77
5 82 41
5 83 67
5 84 77
5 85 50
5 86 75
5 87 30
5 88 43
5 89 14
5 90 94
5 91 92
5 92 27
5 93 18
5 94 26
5 95 63
5 96 65
5 97 87
5 98 80
5 99 78
5 100 1
5 101 46
5 102 62
5 103 61
5 104 27
5 105 27
5 106 15
5 107 94
5 108 2
5 109 72
5 110 84
5 111 95
5 112 63
5 113 59
5 114 7
5 115 80
5 116 61
5 117 45
5 118 20
5 119 12
6 7 4
6 8 38
6 9 8
6 10 42
6 11 79
6 12 71
6 13 20
6 14 33
6 15 28
6 16 49
6 17 69
6 18 29
6 19 7
6 20 65
6 21 66
6 22 55
6 23 87
6 24 45
6 25 13
6 26 36
6 27 15
6 28 39
6 29 11
6 30 11
6 31 67
6 32 37
6 33 66
6 34 36
6 35 31
6 36 14
6 37 9
6 38 41
6 39 46
6 40 73
6 41 87
6 42 50
6 43 57
6 44 66
6 45 24
6 46 61
6 47 36
6 48 44
6 49 60
6 50 63
6 51 2
6 52 83
6 53 24
6 54 58
6 55 32
6 56 73
6 57 88
6 58 30
6 59 62
6 60 67
6 61 0
6 62 0
6 63 97
6 64 38
6 65 82
6 66 27
6 67 16
6 68 71
6 69 19
6 70 25
6 71 20
6 72 86
6 73 37
6 74 66
6 75 41
6 76 5
6 77 6
6 78 82
6 79 64
6 80 27
6 81 95
6 82 77
6 83 32
6 84 34
6 85 96
6 86 88
6 87 77
6 88 66
6 89 75
6 90 71
6 91 17
6 92 62
6 93 50
6 94 53
6 95 42
6 96 11
6 97 26
6 98 84
6 99 92
6 100 83
6 101 95
6 102 0
6 103 35
6 104 75
6 105 40
6 106 22
6 107 37
6 108 99
6 109 83
6 110 35
6 111 10
6 112 54
6 113 43
6 114 49
6 115 33
6 116 67
6 117 49
6 118 75
6 119 60
7 8 92
7 9 4
7 10 33
7 11 83
7 12 49
7 13 79
7 14 17
7 15 1
7 16 19
7 17 93
7 18 9
7 19 68
7 20 11
7 21 50
7 22 63
7 23 16
7 24 60
7 25 9
7 26 88
7 27 89
7 28 80
7 29 75
7 30 37
7 31 47
7 32 98
7 33 61
7 34 67
7 35 52
7 36 16
7 37 35
7 38 69
7 39 71
7 40 46
7 41 39
7 42 12
7 43 76
7 44 88
7 45 14
7 46 59
7 47 81
7 48 77
7 49 92
7 50 21
7 51 60
7 52 19
7 53 45
7 54 11
7 55 59
7 56 98
7 57 22
7 58 83
7 59 97
7 60 34
7 61 82
7 62 24
7 63 100
7 64 53
7 65 9
7 66 73
7 67 95
7 68 81
7 69 39
7 70 8
7 71 97
7 72 30
7 73 71
7 74 89
7 75 28
7 76 3
7 77 33
7 78 13
7 79 89
7 80 11
7 81 88
7 82 48
7 83 54
7 84 5
7 85 46
7 86 2
7 87 21
7 88 36
7 89 55
7 90 87
7 91 6
7 92 17
7 93 56
7 94 84
7 95 84
7 96 6
7 97 6
7 98 83
7 99 79
7 100 13
7 101 37
7 102 66
7 103 18
7 104 20
7 105 83
7 106 100
7 107 73
7 108 83
7 109 86
7 110 83
7 111 36
7 112 48
7 113 81
7 114 32
7 115 93
7 116 52
7 117 62
7 118 24
7 119 38
8 9 37
8 10 30
8 11 78
8 12 38
8 13 2
8 14 6
8 15 72
8 16 72
8 17 97
8 18 64
8 19 31
8 20 80
8 21 51
8 22 95
8 23 97
8 24 10
8 25 52
8 26 76
8 27 42
8 28 35
8 29 46
8 30 80
8 31 51
8 32 14
8 33 35
8 34 94
8 35 27
8 36 0
8 37 26
8 38 12
8 39 39
8 40 78
8 41 89
8 42 95
8 43 92
8 44 13
8 45 57
8 46 25
8 47 28
8 48 60
8 49 44
8 50 0
8 51 43
8 52 86
8 53 55
8 54 67
8 55 91
8 56 45
8 57 72
8 58 97
8 59 53
8 60 3
8 61 91
8 62 47
8 63 48
8 64 57
8 65 72
8 66 42
8 67 92
8 68 77
8 69 32
8 70 91
8 71 46
8 72 54
8 73 86
8 74 36
8 75 13
8 76 64
8 77 94
8 78 85
8 79 80
8 80 47
8 81 31
8 82 43
8 83 92
8 84 47
8 85 29
8 86 24
8 87 26
8 88 42
8 89 8
8 90 87
8 91 79
8 92 54
8 93 100
8 94 31
8 95 36
8 96 89
8 97 6
8 98 6
8 99 50
8 100 45
8 101 44
8 102 31
8 103 89
8 104 45
8 105 16
8 106 88
8 107 61
8 108 35
8 109 99
8 110 89
8 111 73
8 112 57
8 113 84
8 114 56
8 115 46
8 116 63
8 117 42
8 118 60
8 119 34
9 10 89
9 11 2
9 12 71
9 13 24
9 14 15
9 15 33
9 16 31
9 17 35
9 18 64
9 19 35
9 20 89
9 21 13
9 22 63
9 23 95
9 24 7
9 25 69
9 26 65
9 27 73
9 28 45
9 29 63
9 30 100
9 31 10
9 32 88
9 33 23
9 34 45
9 35 84
9 36 35
9 37 77
9 38 99
9 39 65
9 40 30
9 41 59
9 42 64
9 43 19
9 44 3
9 45 65
9 46 9
9 47 16
9 48 57
9 49 38
9 50 89
9 51 78
9 52 36
9 53 40
9 54 16
9 55 9
9 56 29
9 57 51
9 58 89
9 59 97
9 60 83
9 61 92
9 62 6
9 63 82
9 64 63
9 65 32
9 66 37
9 67 35
9 68 7
9 69 78
9 70 39
9 71 45
9 72 16
9 73 26
9 74 75
9 75 67
9 76 18
9 77 97
9 78 18
9 79 68
9 80 84
9 81 13
9 82 58
9 83 9
9 84 55
9 85 84
9 86 54
9 87 32
9 88 4
9 89 62
9 90 45
9 91 55
9 92 53
9 93 1
9 94 71
9 95 6
9 96 89
9 97 90
9 98 96
9 99 60
9 100 67
9 101 58
9 102 43
9 103 29
9 104 74
9 105 19
9 106 57
9 107 57
9 108 36
9 109 49
9 110 47
9 111 67
9 112 54
9 113 84
9 114 50
9 115 79
9 116 51
9 117 45
9 118 100
9 119 62
10 11 36
10 12 59
10 13 39
10 14 57
10 15 45
10 16 13
10 17 28
10 18 85
10 19 79
10 20 34
10 21 8
10 22 62
10 23 36
10 24 71
10 25 27
10 26 59
10 27 46
10 28 85
10 29 64
10 30 31
10 31 6
10 32 80
10 33 48
10 34 64
10 35 27
10 36 86
10 37 8
10 38 12
10 39 57
10 40 89
10 41 30
10 42 8
10 43 20
10 44 86
10 45 13
10 46 52
10 47 62
10 48 70
10 49 5
10 50 42
10 51 6
10 52 42
10 53 77
10 54 78
10 55 78
10 56 53
10 57 21
10 58 6
10 59 100
10 60 45
10 61 46
10 62 73
10 63 45
10 64 18
10 65 13
10 66 16
10 67 28
10 68 25
10 69 68
10 70 73
10 71 4
10 72 21
10 73 8
10 74 69
10 75 35
10 76 26
10 77 95
10 78 82
10 79 56
10 80 12
10 81 47
10 82 18
10 83 41
10 84 39
10 85 64
10 86 93
10 87 57
10 88 31
10 89 24
10 90 92
10 91 78
10 92 89
10 93 45
10 94 85
10 95 1
10 96 1
10 97 54
10 98 81
10 99 7
10 100 1
10 101 10
10 102 100
10 103 97
10 104 37
10 105 83
10 106 50
10 107 7
10 108 97
10 109 24
10 110 42
10 111 52
10 112 21
10 113 97
10 114 49
10 115 55
10 116 40
10 117 0
10 118 15
10 119 89
11 12 73
11 13 18
11 14 70
11 15 58
11 16 18
11 17 30
11 18 75
11 19 63
11 20 51
11 21 88
11 22 61
11 23 55
11 24 92
11 25 30
11 26 8
11 27 31
11 28 23
11 29 65
11 30 48
11 31 35
11 32 80
11 33 30
11 34 100
11 35 93
11 36 14
11 37 32
11 38 78
11 39 51
11 40 36
11 41 23
11 42 18
11 43 36
11 44 79
11 45 71
11 46 0
11 47 20
11 48 84
11 49 3
11 50 52
11 51 12
11 52 49
11 53 45
11 54 34
11 55 6
11 56 45
11 57 61
11 58 76
11 59 34
11 60 69
11 61 85
11 62 37
11 63 51
11 64 81
11 65 19
11 66 51
11 67 76
11 68 4
11 69 22
11 70 68
11 71 100
11 72 90
11 73 1
11 74 100
11 75 60
11 76 0
11 77 73
11 78 52
11 79 50
11 80 2
11 81 7
11 82 27
11 83 58
11 84 54
11 85 13
11 86 87
11 87 64
11 88 68
11 89 44
11 90 68
11 91 94
11 92 67
11 93 16
11 94 19
11 95 77
11 96 19
11 97 52
11 98 2
11 99 75
11 100 54
11 101 42
11 102 78
11 103 48
11 104 74
11 105 31
11 106 16
11 107 24
11 108 57
11 109 8
11 110 93
11 111 57
11 112 35
11 113 22
11 114 21
11 115 91
11 116 42
11 117 68
11 118 12
11 119 75
12 13 45
12 14 29
12 15 71
12 16 16
12 17 56
12 18 84
12 19 84
12 20 17
12 21 76
12 22 60
12 23 99
12 24 54
12 25 57
12 26 62
12 27 93
12 28 55
12 29 79
12 30 13
12 31 99
12 32 43
12 33 91
12 34 72
12 35 8
12 36 59
12 37 20
12 38 80
12 39 82
12 40 4
12 41 32
12 42 43
12 43 25
12 44 25
12 45 97
12 46 49
12 47 96
12 48 18
12 49 7
12 50 5
12 51 52
12 52 84
12 53 42
12 54 52
12 55 92
12 56 66
12 57 8
12 58 80
12 59 95
12 60 84
12 61 4
12 62 7
12 63 72
12 64 57
12 65 62
12 66 55
12 67 85
12 68 54
12 69 49
12 70 8
12 71 36
12 72 18
12 73 60
12 74 95
12 75 1
12 76 60
12 77 100
12 78 52
12 79 6
12 80 61
12 81 2
12 82 84
12 83 44
12 84 19
12 85 55
12 86 96
12 87 5
12 88 82
12 89 8
12 90 22
12 91 95
12 92 30
12 93 11
12 94 98
12 95 30
12 96 86
12 97 60
12 98 43
12 99 71
12 100 47
12 101 45
12 102 96
12 103 95
12 104 57
12 105 43
12 106 55
12 107 65
12 108 85
12 109 74
12 110 22
12 111 32
12 112 33
12 113 85
12 114 0
12 115 62
12 116 18
12 117 14
12 118 53
12 119 73
13 14 99
13 15 18
13 16 44
13 17 21
13 18 77
13 19 37
13 20 99
13 21 81
13 22 6
13 23 30
13 24 70
13 25 49
13 26 4
13 27 79
13 28 9
13 29 79
13 30 64
13 31 62
13 32 89
13 33 49
13 34 90
13 35 40
13 36 83
13 37 77
13 38 36
13 39 93
13 40 22
13 41 46
13 42 53
13 43 64
13 44 21
13 45 24
13 46 43
13 47 90
13 48 10
13 49 16
13 50 72
13 51 60
13 52 11
13 53 69
13 54 39
13 55 40
13 56 72
13 57 22
13 58 4
13 59 60
13 60 78
13 61 8
13 62 12
13 63 54
13 64 81
13 65 16
13 66 27
13 67 71
13 68 84
13 69 62
13 70 88
13 71 80
13 72 16
13 73 72
13 74 21
13 75 42
13 76 72
13 77 55
13 78 61
13 79 2
13 80 4
13 81 85
13 82 75
13 83 61
13 84 82
13 85 18
13 86 30
13 87 83
13 88 53
13 89 26
13 90 28
13 91 57
13 92 19
13 93 10
13 94 49
13 95 36
13 96 44
13 97 2
13 98 45
13 99 46
13 100 43
13 101 75
13 102 26
13 103 4
13 104 70
13 105 73
13 106 78
13 107 86
13 108 19
13 109 22
13 110 67
13 111 83
13 112 83
13 113 81
13 114 61
13 115 79
13 116 49
13 117 74
13 118 44
13 119 20
14 15 36
14 16 74
14 17 99
14 18 29
14 19 8
14 20 85
14 21 29
14 22 73
14 23 37
14 24 43
14 25 1
14 26 42
14 27 11
14 28 23
14 29 36
14 30 17
14 31 92
14 32 99
14 33 78
14 34 34
14 35 53
14 36 98
14 37 6
14 38 31
14 39 96
14 40 53
14 41 25
14 42 50
14 43 59
14 44 99
14 45 43
14 46 35
14 47 96
14 48 53
14 49 56
14 50 92
14 51 48
14 52 0
14 53 22
14 54 65
14 55 62
14 56 62
14 57 2
14 58 51
14 59 52
14 60 55
14 61 100
14 62 45
14 63 86
14 64 16
14 65 70
14 66 31
14 67 7
14 68 34
14 69 54
14 70 21
14 71 53
14 72 28
14 73 73
14 74 46
14 75 94
14 76 43
14 77 52
14 78 83
14 79 42
14 80 20
14 81 39
14 82 17
14 83 47
14 84 35
14 85 7
14 86 57
14 87 8
14 88 45
14 89 30
14 90 100
14 91 33
14 92 14
14 93 78
14 94 69
14 95 99
14 96 30
14 97 77
14 98 50
14 99 85
14 100 20
14 101 19
14 102 22
14 103 16
14 104 8
14 105 49
14 106 0
14 107 13
14 108 92
14 109 42
14 110 23
14 111 57
14 112 55
14 113 81
14 114 46
14 115 77
14 116 90
14 117 78
14 118 60
14 119 45
15 16 32
15 17 52
15 18 76
15 19 58
15 20 71
15 21 87
15 22 44
15 23 42
15 24 50
15 25 20
15 26 89
15 27 61
15 28 33
15 29 57
15 30 82
15 31 38
15 32 84
15 33 89
15 34 93
15 35 43
15 36 59
15 37 31
15 38 22
15 39 79
15 40 99
15 41 4
15 42 63
15 43 93
15 44 6
15 45 25
15 46 100
15 47 90
15 48 73
15 49 85
15 50 72
15 51 91
15 52 83
15 53 21
15 54 37
15 55 100
15 56 89
15 57 29
15 58 15
15 59 73
15 60 37
15 61 14
15 62 0
15 63 4
15 64 63
15 65 68
15 66 57
15 67 26
15 68 94
15 69 35
15 70 25
15 71 69
15 72 31
15 73 65
15 74 15
15 75 41
15 76 66
15 77 75
15 78 41
15 79 58
15 80 60
15 81 85
15 82 85
15 83 24
15 84 95
15 85 29
15 86 76
15 87 93
15 88 56
15 89 67
15 90 28
15 91 10
15 92 92
15 93 87
15 94 71
15 95 78
15 96 74
15 97 76
15 98 21
15 99 75
15 100 60
15 101 71
15 102 71
15 103 1
15 104 97
15 105 62
15 106 60
15 107 22
15 108 23
15 109 32
15 110 46
15 111 56
15 112 94
15 113 15
15 114 22
15 115 45
15 116 12
15 117 10
15 118 45
15 119 73
16 17 28
16 18 39
16 19 21
16 20 11
16 21 84
16 22 14
16 23 5
16 24 82
16 25 88
16 26 91
16 27 28
16 28 77
16 29 65
16 30 81
16 31 11
16 32 61
16 33 60
16 34 68
16 35 27
16 36 78
16 37 78
16 38 78
16 39 59
16 40 66
16 41 31
16 42 39
16 43 37
16 44 40
16 45 68
16 46 49
16 47 34
16 48 75
16 49 81
16 50 82
16 51 68
16 52 49
16 53 38
16 54 9
16 55 100
16 56 93
16 57 11
16 58 47
16 59 93
16 60 28
16 61 68
16 62 3
16 63 70
16 64 1
16 65 57
16 66 47
16 67 77
16 68 71
16 69 29
16 70 75
16 71 73
16 72 88
16 73 21
16 74 2
16 75 33
16 76 65
16 77 2
16 78 34
16 79 0
16 80 57
16 81 54
16 82 73
16 83 84
16 84 81
16 85 71
16 86 32
16 87 73
16 88 55
16 89 9
16 90 94
16 91 69
16 92 39
16 93 22
16 94 32
16 95 44
16 96 12
16 97 32
16 98 73
16 99 66
16 100 17
16 101 95
16 102 23
16 103 89
16 104 51
16 105 33
16 106 30
16 107 62
16 108 57
16 109 38
16 110 75
16 111 72
16 112 71
16 113 21
16 114 50
16 115 97
16 116 43
16 117 37
16 118 100
16 119 89
17 18 95
17 19 59
17 20 88
17 21 59
17 22 46
17 23 46
17 24 24
17 25 72
17 26 9
17 27 8
17 28 96
17 29 17
17 30 47
17 31 10
17 32 2
17 33 48
17 34 21
17 35 34
17 36 10
17 37 37
17 38 43
17 39 99
17 40 74
17 41 73
17 42 89
17 43 59
17 44 20
17 45 67
17 46 92
17 47 17
17 48 70
17 49 23
17 50 3
17 51 56
17 52 51
17 53 37
17 54 42
17 55 52
17 56 28
17 57 46
17 58 0
17 59 9
17 60 69
17 61 25
17 62 47
17 63 33
17 64 11
17 65 66
17 66 100
17 67 63
17 68 76
17 69 88
17 70 17
17 71 91
17 72 96
17 73 25
17 74 89
17 75 21
17 76 43
17 77 20
17 78 95
17 79 28
17 80 94
17 81 28
17 82 92
17 83 35
17 84 8
17 85 99
17 86 79
17 87 40
17 88 64
17 89 98
17 90 81
17 91 16
17 92 39
17 93 98
17 94 70
17 95 86
17 96 76
17 97 62
17 98 93
17 99 86
17 100 87
17 101 80
17 102 66
17 103 25
17 104 63
17 105 5
17 106 33
17 107 35
17 108 73
17 109 23
17 110 35
17 111 32
17 112 80
17 113 24
17 114 26
17 115 4
17 116 5
17 117 1
17 118 13
17 119 86
18 19 52
18 20 86
18 21 98
18 22 6
18 23 85
18 24 10
18 25 58
18 26 7
18 27 86
18 28 37
18 29 100
18 30 40
18 31 19
18 32 67
18 33 74
18 34 75
18 35 72
18 36 69
18 37 5
18 38 46
18 39 42
18 40 5
18 41 31
18 42 22
18 43 57
18 44 58
18 45 82
18 46 60
18 47 43
18 48 35
18 49 4
18 50 85
18 51 95
18 52 58
18 53 45
18 54 62
18 55 22
18 56 85
18 57 32
18 58 82
18 59 94
18 60 39
18 61 75
18 62 75
18 63 62
18 64 42
18 65 20
18 66 67
18 67 79
18 68 39
18 69 4
18 70 23
18 71 68
18 72 64
18 73 45
18 74 27
18 75 83
18 76 4
18 77 24
18 78 74
18 79 46
18 80 12
18 81 81
18 82 68
18 83 77
18 84 90
18 85 1
18 86 31
18 87 26
18 88 49
18 89 57
18 90 67
18 91 13
18 92 74
18 93 47
18 94 0
18 95 36
18 96 93
18 97 64
18 98 46
18 99 35
18 100 27
18 101 1
18 102 98
18 103 33
18 104 7
18 105 22
18 106 57
18 107 50
18 108 16
18 109 74
18 110 40
18 111 91
18 112 85
18 113 54
18 114 100
18 115 49
18 116 89
18 117 16
18 118 82
18 119 49
19 20 59
19 21 50
19 22 36
19 23 80
19 24 80
19 25 0
19 26 6
19 27 38
19 28 83
19 29 75
19 30 45
19 31 26
19 32 14
19 33 80
19 34 39
19 35 57
19 36 20
19 37 99
19 38 9
19 39 76
19 40 54
19 41 94
19 42 94
19 43 94
19 44 86
19 45 43
19 46 15
19 47 0
19 48 82
19 49 22
19 50 86
19 51 29
19 52 37
19 53 60
19 54 62
19 55 11
19 56 74
19 57 90
19 58 21
19 59 66
19 60 8
19 61 54
19 62 46
19 63 90
19 64 40
19 65 82
19 66 97
19 67 47
19 68 96
19 69 12
19 70 9
19 71 85
19 72 76
19 73 64
19 74 41
19 75 0
19 76 64
19 77 80
19 78 43
19 79 76
19 80 61
19 81 86
19 82 25
19 83 86
19 84 34
19 85 16
19 86 29
19 87 29
19 88 64
19 89 81
19 90 43
19 91 1
19 92 10
19 93 71
19 94 24
19 95 42
19 96 40
19 97 33
19 98 10
19 99 96
19 100 27
19 101 31
19 102 87
19 103 73
19 104 95
19 105 49
19 106 77
19 107 99
19 108 72
19 109 85
19 110 30
19 111 48
19 112 84
19 113 90
19 114 25
19 115 77
19 116 2
19 117 58
19 118 5
19 119 79
20 21 62
20 22 90
20 23 38
20 24 77
20 25 69
20 26 59
20 27 91
20 28 55
20 29 98
20 30 34
20 31 22
20 32 33
20 33 33
20 34 62
20 35 38
20 36 4
20 37 95
20 38 77
20 39 76
20 40 58
20 41 85
20 42 28
20 43 57
20 44 46
20 45 100
20 46 49
20 47 13
20 48 48
20 49 39
20 50 30
20 51 67
20 52 80
20 53 70
20 54 85
20 55 85
20 56 63
20 57 78
20 58 55
20 59 35
20 60 96
20 61 82
20 62 38
20 63 85
20 64 92
20 65 37
20 66 12
20 67 38
20 68 90
20 69 0
20 70 80
20 71 5
20 72 38
20 73 74
20 74 94
20 75 47
20 76 90
20 77 63
20 78 92
20 79 38
20 80 36
20 81 34
20 82 95
20 83 15
20 84 39
20 85 1
20 86 79
20 87 82
20 88 46
20 89 3
20 90 33
20 91 72
20 92 88
20 93 20
20 94 97
20 95 78
20 96 55
20 97 85
20 98 61
20 99 5
20 100 23
20 101 15
20 102 22
20 103 71
20 104 21
20 105 76
20 106 29
20 107 40
20 108 89
20 109 37
20 110 17
20 111 13
20 112 97
20 113 87
20 114 32
20 115 24
20 116 68
20 117 30
20 118 68
20 119 68
21 22 87
21 23 67
21 24 16
21 25 61
21 26 10
21 27 42
21 28 50
21 29 17
21 30 53
21 31 52
21 32 48
21 33 38
21 34 72
21 35 12
21 36 49
21 37 22
21 38 71
21 39 43
21 40 98
21 41 94
21 42 52
21 43 17
21 44 1
21 45 21
21 46 93
21 47 92
21 48 41
21 49 28
21 50 52
21 51 85
21 52 6
21 53 44
21 54 37
21 55 94
21 56 48
21 57 27
21 58 8
21 59 6
21 60 28
21 61 8
21 62 78
21 63 48
21 64 47
21 65 43
21 66 59
21 67 96
21 68 53
21 69 35
21 70 90
21 71 33
21 72 83
21 73 7
21 74 49
21 75 87
21 76 96
21 77 9
21 78 39
21 79 36
21 80 20
21 81 21
21 82 60
21 83 1
21 84 39
21 85 64
21 86 10
21 87 0
21 88 76
21 89 83
21 90 46
21 91 6
21 92 55
21 93 24
21 94 80
21 95 19
21 96 12
21 97 74
21 98 29
21 99 42
21 100 100
21 101 34
21 102 77
21 103 45
21 104 62
21 105 86
21 106 27
21 107 80
21 108 97
21 109 46
21 110 71
21 111 93
21 112 2
21 113 94
21 114 80
21 115 93
21 116 9
21 117 71
21 118 69
21 119 15
22 23 27
22 24 87
22 25 35
22 26 100
22 27 68
22 28 55
22 29 13
22 30 9
22 31 48
22 32 23
22 33 49
22 34 18
22 35 73
22 36 72
22 37 97
22 38 88
22 39 33
22 40 13
22 41 38
22 42 48
22 43 45
22 44 67
22 45 70
22 46 85
22 47 31
22 48 78
22 49 87
22 50 66
22 51 42
22 52 29
22 53 99
22 54 19
22 55 34
22 56 45
22 57 42
22 58 69
22 59 74
22 60 27
22 61 98
22 62 18
22 63 93
22 64 56
22 65 43
22 66 73
22 67 41
22 68 80
22 69 67
22 70 35
22 71 77
22 72 44
22 73 32
22 74 44
22 75 0
22 76 51
22 77 49
22 78 63
22 79 1
22 80 65
22 81 8
22 82 31
22 83 47
22 84 39
22 85 74
22 86 7
22 87 76
22 88 37
22 89 1
22 90 18
22 91 17
22 92 20
22 93 60
22 94 25
22 95 8
22 96 2
22 97 41
22 98 80
22 99 10
22 100 71
22 101 87
22 102 74
22 103 38
22 104 30
22 105 45
22 106 94
22 107 71
22 108 85
22 109 29
22 110 41
22 111 11
22 112 2
22 113 20
22 114 90
22 115 97
22 116 48
22 117 74
22 118 99
22 119 11
23 24 54
23 25 10
23 26 60
23 27 91
23 28 19
23 29 34
23 30 35
23 31 35
23 32 53
23 33 92
23 34 47
23 35 2
23 36 89
23 37 75
23 38 80
23 39 6
23 40 0
23 41 100
23 42 59
23 43 88
23 44 89
23 45 35
23 46 81
23 47 96
23 48 86
23 49 3
23 50 14
23 51 86
23 52 35
23 53 50
23 54 93
23 55 97
23 56 72
23 57 64
23 58 8
23 59 50
23 60 70
23 61 97
23 62 97
23 63 78
23 64 49
23 65 56
23 66 46
23 67 11
23 68 66
23 69 27
23 70 81
23 71 24
23 72 17
23 73 32
23 74 25
23 75 74
23 76 72
23 77 91
23 78 36
23 79 11
23 80 5
23 81 1
23 82 6
23 83 69
23 84 5
23 85 85
23 86 11
23 87 50
23 88 59
23 89 98
23 90 95
23 91 44
23 92 61
23 93 31
23 94 69
23 95 84
23 96 81
23 97 34
23 98 46
23 99 68
23 100 35
23 101 42
23 102 45
23 103 22
23 104 1
23 105 90
23 106 73
23 107 12
23 108 70
23 109 61
23 110 44
23 111 24
23 112 58
23 113 77
23 114 46
23 115 81
23 116 83
23 117 34
23 118 94
23 119 41
24 25 15
24 26 44
24 27 88
24 28 45
24 29 87
24 30 36
24 31 99
24 32 98
24 33 1
24 34 94
24 35 94
24 36 62
24 37 13
24 38 71
24 39 0
24 40 11
24 41 87
24 42 99
24 43 45
24 44 22
24 45 89
24 46 67
24 47 47
24 48 8
24 49 35
24 50 59
24 51 56
24 52 98
24 53 45
24 54 60
24 55 1
24 56 32
24 57 96
24 58 97
24 59 9
24 60 33
24 61 96
24 62 12
24 63 85
24 64 2
24 65 93
24 66 19
24 67 66
24 68 49
24 69 7
24 70 99
24 71 3
24 72 40
24 73 63
24 74 62
24 75 34
24 76 91
24 77 94
24 78 7
24 79 91
24 80 73
24 81 14
24 82 27
24 83 54
24 84 50
24 85 33
24 86 9
24 87 77
24 88 39
24 89 19
24 90 51
24 91 48
24 92 10
24 93 19
24 94 73
24 95 74
24 96 71
24 97 78
24 98 48
24 99 77
24 100 27
24 101 95
24 102 83
24 103 3
24 104 46
24 105 87
24 106 30
24 107 92
24 108 17
24 109 71
24 110 19
24 111 20
24 112 14
24 113 68
24 114 22
24 115 21
24 116 45
24 117 24
24 118 56
24 119 21
25 26 2
25 27 94
25 28 56
25 29 100
25 30 65
25 31 93
25 32 2
25 33 11
25 34 65
25 35 49
25 36 94
25 37 46
25 38 40
25 39 82
25 40 98
25 41 1
25 42 69
25 43 53
25 44 38
25 45 61
25 46 48
25 47 5
25 48 52
25 49 20
25 50 25
25 51 100
25 52 93
25 53 89
25 54 70
25 55 85
25 56 91
25 57 14
25 58 64
25 59 1
25 60 39
25 61 16
25 62 4
25 63 86
25 64 55
25 65 40
25 66 23
25 67 83
25 68 95
25 69 25
25 70 99
25 71 84
25 72 22
25 73 30
25 74 80
25 75 86
25 76 74
25 77 0
25 78 15
25 79 89
25 80 43
25 81 19
25 82 54
25 83 33
25 84 61
25 85 50
25 86 7
25 87 22
25 88 95
25 89 61
25 90 2
25 91 30
25 92 10
25 93 73
25 94 75
25 95 53
25 96 18
25 97 73
25 98 93
25 99 58
25 100 52
25 101 92
25 102 98
25 103 42
25 104 46
25 105 90
25 106 27
25 107 72
25 108 22
25 109 27
25 110 50
25 111 15
25 112 75
25 113 69
25 114 58
25 115 64
25 116 69
25 117 76
25 118 31
25 119 50
26 27 13
26 28 11
26 29 51
26 30 30
26 31 80
26 32 76
26 33 40
26 34 6
26 35 44
26 36 74
26 37 0
26 38 6
26 39 22
26 40 24
26 41 78
26 42 30
26 43 81
26 44 50
26 45 17
26 46 73
26 47 5
26 48 86
26 49 78
26 50 50
26 51 62
26 52 26
26 53 52
26 54 59
26 55 40
26 56 38
26 57 15
26 58 79
26 59 62
26 60 71
26 61 72
26 62 19
26 63 5
26 64 30
26 65 53
26 66 98
26 67 74
26 68 99
26 69 95
26 70 29
26 71 96
26 72 56
26 73 18
26 74 67
26 75 22
26 76 1
26 77 48
26 78 81
26 79 52
26 80 38
26 81 3
26 82 70
26 83 93
26 84 7
26 85 3
26 86 60
26 87 84
26 88 60
26 89 54
26 90 58
26 91 42
26 92 88
26 93 9
26 94 43
26 95 1
26 96 41
26 97 20
26 98 24
26 99 37
26 100 65
26 101 74
26 102 76
26 103 38
26 104 63
26 105 5
26 106 10
26 107 52
26 108 8
26 109 10
26 110 20
26 111 53
26 112 15
26 113 10
26 114 83
26 115 64
26 116 7
26 117 60
26 118 0
26 119 16
27 28 5
27 29 28
27 30 51
27 31 25
27 32 32
27 33 39
27 34 89
27 35 42
27 36 44
27 37 56
27 38 87
27 39 45
27 40 14
27 41 93
27 42 61
27 43 9
27 44 45
27 45 37
27 46 71
27 47 22
27 48 71
27 49 8
27 50 60
27 51 63
27 52 44
27 53 72
27 54 55
27 55 75
27 56 68
27 57 92
27 58 83
27 59 97
27 60 44
27 61 56
27 62 78
27 63 5
27 64 49
27 65 24
27 66 50
27 67 51
27 68 65
27 69 98
27 70 89
27 71 14
27 72 11
27 73 19
27 74 4
27 75 87
27 76 66
27 77 34
27 78 62
27 79 18
27 80 97
27 81 92
27 82 39
27 83 19
27 84 16
27 85 92
27 86 84
27 87 41
27 88 65
27 89 100
27 90 78
27 91 43
27 92 31
27 93 49
27 94 37
27 95 89
27 96 68
27 97 4
27 98 13
27 99 24
27 100 52
27 101 44
27 102 100
27 103 63
27 104 63
27 105 6
27 106 16
27 107 25
27 108 17
27 109 86
27 110 73
27 111 29
27 112 55
27 113 19
27 114 97
27 115 57
27 116 28
27 117 16
27 118 47
27 119 68
28 29 92
28 30 71
28 31 21
28 32 24
28 33 17
28 34 22
28 35 65
28 36 21
28 37 92
28 38 52
28 39 99
28 40 77
28 41 28
28 42 90
28 43 24
28 44 72
28 45 36
28 46 12
28 47 98
28 48 62
28 49 87
28 50 2
28 51 14
28 52 2
28 53 19
28 54 16
28 55 91
28 56 55
28 57 95
28 58 37
28 59 85
28 60 16
28 61 51
28 62 33
28 63 23
28 64 9
28 65 38
28 66 40
28 67 21
28 68 56
28 69 3
28 70 9
28 71 45
28 72 17
28 73 51
28 74 79
28 75 66
28 76 68
28 77 79
28 78 99
28 79 23
28 80 20
28 81 4
28 82 74
28 83 51
28 84 6
28 85 8
28 86 0
28 87 87
28 88 56
28 89 0
28 90 38
28 91 5
28 92 94
28 93 8
28 94 92
28 95 46
28 96 53
28 97 80
28 98 90
28 99 69
28 100 14
28 101 89
28 102 7
28 103 31
28 104 77
28 105 30
28 106 90
28 107 29
28 108 92
28 109 90
28 110 85
28 111 79
28 112 18
28 113 97
28 114 62
28 115 9
28 116 41
28 117 13
28 118 85
28 119 27
29 30 89
29 31 24
29 32 72
29 33 20
29 34 29
29 35 38
29 36 27
29 37 28
29 38 4
29 39 82
29 40 17
29 41 36
29 42 33
29 43 47
29 44 76
29 45 63
29 46 74
29 47 44
29 48 42
29 49 92
29 50 11
29 51 27
29 52 41
29 53 68
29 54 63
29 55 58
29 56 99
29 57 32
29 58 22
29 59 89
29 60 94
29 61 8
29 62 81
29 63 7
29 64 68
29 65 37
29 66 17
29 67 36
29 68 15
29 69 44
29 70 87
29 71 11
29 72 96
29 73 99
29 74 28
29 75 9
29 76 37
29 77 99
29 78 29
29 79 28
29 80 99
29 81 67
29 82 88
29 83 48
29 84 74
29 85 50
29 86 29
29 87 23
29 88 27
29 89 16
29 90 85
29 91 95
29 92 58
29 93 48
29 94 91
29 95 87
29 96 44
29 97 73
29 98 9
29 99 49
29 100 73
29 101 10
29 102 1
29 103 25
29 104 49
29 105 29
29 106 16
29 107 79
29 108 89
29 109 15
29 110 16
29 111 80
29 112 52
29 113 81
29 114 92
29 115 29
29 116 78
29 117 79
29 118 98
29 119 92
30 31 74
30 32 63
30 33 89
30 34 38
30 35 85
30 36 8
30 37 57
30 38 74
30 39 18
30 40 2
30 41 71
30 42 33
30 43 49
30 44 90
30 45 4
30 46 19
30 47 84
30 48 48
30 49 56
30 50 21
30 51 64
30 52 1
30 53 61
30 54 79
30 55 83
30 56 43
30 57 26
30 58 72
30 59 57
30 60 36
30 61 13
30 62 22
30 63 62
30 64 36
30 65 84
30 66 33
30 67 72
30 68 58
30 69 24
30 70 38
30 71 19
30 72 29
30 73 19
30 74 46
30 75 61
30 76 13
30 77 4
30 78 33
30 79 71
30 80 83
30 81 3
30 82 8
30 83 53
30 84 94
30 85 78
30 86 54
30 87 30
30 88 79
30 89 82
30 90 47
30 91 73
30 92 2
30 93 71
30 94 43
30 95 26
30 96 12
30 97 2
30 98 88
30 99 32
30 100 53
30 101 75
30 102 97
30 103 31
30 104 6
30 105 100
30 106 23
30 107 65
30 108 32
30 109 62
30 110 97
30 111 68
30 112 38
30 113 34
30 114 65
30 115 74
30 116 16
30 117 94
30 118 64
30 119 28
31 32 12
31 33 24
31 34 54
31 35 91
31 36 55
31 37 48
31 38 3
31 39 74
31 40 30
31 41 46
31 42 15
31 43 33
31 44 82
31 45 50
31 46 4
31 47 6
31 48 70
31 49 6
31 50 75
31 51 61
31 52 55
31 53 20
31 54 5
31 55 97
31 56 89
31 57 35
31 58 48
31 59 26
31 60 88
31 61 32
31 62 98
31 63 67
31 64 0
31 65 78
31 66 96
31 67 93
31 68 71
31 69 33
31 70 100
31 71 40
31 72 31
31 73 38
31 74 41
31 75 75
31 76 73
31 77 17
31 78 32
31 79 45
31 80 9
31 81 37
31 82 34
31 83 21
31 84 45
31 85 31
31 86 74
31 87 54
31 88 63
31 89 65
31 90 0
31 91 5
31 92 60
31 93 24
31 94 9
31 95 45
31 96 45
31 97 14
31 98 91
31 99 92
31 100 85
31 101 75
31 102 14
31 103 18
31 104 74
31 105 35
31 106 64
31 107 15
31 108 63
31 109 97
31 110 30
31 111 4
31 112 14
31 113 97
31 114 35
31 115 8
31 116 6
31 117 49
31 118 16
31 119 20
32 33 50
32 34 91
32 35 24
32 36 23
32 37 5
32 38 49
32 39 24
32 40 10
32 41 31
32 42 37
32 43 44
32 44 36
32 45 61
32 46 50
32 47 72
32 48 66
32 49 65
32 50 35
32 51 4
32 52 6
32 53 93
32 54 65
32 55 14
32 56 52
32 57 39
32 58 0
32 59 97
32 60 73
32 61 32
32 62 48
32 63 34
32 64 89
32 65 54
32 66 18
32 67 100
32 68 96
32 69 96
32 70 95
32 71 97
32 72 3
32 73 79
32 74 33
32 75 16
32 76 23
32 77 15
32 78 95
32 79 54
32 80 10
32 81 3
32 82 10
32 83 90
32 84 74
32 85 29
32 86 53
32 87 86
32 88 74
32 89 60
32 90 65
32 91 45
32 92 63
32 93 65
32 94 11
32 95 32
32 96 39
32 97 47
32 98 7
32 99 28
32 100 36
32 101 54
32 102 16
32 103 8
32 104 10
32 105 77
32 106 53
32 107 81
32 108 32
32 109 49
32 110 15
32 111 45
32 112 23
32 113 69
32 114 77
32 115 85
32 116 39
32 117 23
32 118 76
32 119 88
33 34 25
33 35 58
33 36 51
33 37 38
33 38 98
33 39 63
33 40 44
33 41 82
33 42 94
33 43 68
33 44 39
33 45 83
33 46 81
33 47 11
33 48 86
33 49 64
33 50 93
33 51 36
33 52 99
33 53 23
33 54 0
33 55 66
33 56 96
33 57 71
33 58 9
33 59 92
33 60 12
33 61 92
33 62 92
33 63 14
33 64 48
33 65 5
33 66 74
33 67 37
33 68 41
33 69 62
33 70 54
33 71 78
33 72 21
33 73 71
33 74 78
33 75 17
33 76 35
33 77 16
33 78 20
33 79 35
33 80 37
33 81 12
33 82 23
33 83 0
33 84 4
33 85 57
33 86 22
33 87 45
33 88 54
33 89 98
33 90 88
33 91 37
33 92 56
33 93 32
33 94 59
33 95 14
33 96 75
33 97 40
33 98 88
33 99 84
33 100 1
33 101 65
33 102 92
33 103 63
33 104 67
33 105 72
33 106 3
33 107 69
33 108 71
33 109 15
33 110 60
33 111 85
33 112 69
33 113 5
33 114 2
33 115 28
33 116 84
33 117 78
33 118 53
33 119 53
34 35 28
34 36 23
34 37 86
34 38 70
34 39 47
34 40 93
34 41 41
34 42 1
34 43 68
34 44 13
34 45 79
34 46 71
34 47 70
34 48 94
34 49 84
34 50 33
34 51 26
34 52 64
34 53 25
34 54 70
34 55 32
34 56 72
34 57 62
34 58 12
34 59 38
34 60 81
34 61 77
34 62 1
34 63 79
34 64 38
34 65 5
34 66 5
34 67 46
34 68 98
34 69 5
34 70 97
34 71 78
34 72 62
34 73 1
34 74 60
34 75 11
34 76 57
34 77 55
34 78 74
34 79 99
34 80 5
34 81 20
34 82 24
34 83 4
34 84 34
34 85 81
34 86 69
34 87 71
34 88 70
34 89 43
34 90 66
34 91 52
34 92 52
34 93 68
34 94 51
34 95 7
34 96 28
34 97 83
34 98 21
34 99 50
34 100 35
34 101 18
34 102 56
34 103 94
34 104 24
34 105 84
34 106 95
34 107 47
34 108 0
34 109 66
34 110 89
34 111 29
34 112 39
34 113 90
34 114 65
34 115 69
34 116 5
34 117 72
34 118 88
34 119 1
35 36 94
35 37 52
35 38 58
35 39 52
35 40 19
35 41 87
35 42 65
35 43 78
35 44 4
35 45 73
35 46 13
35 47 47
35 48 18
35 49 40
35 50 58
35 51 37
35 52 9
35 53 98
35 54 65
35 55 75
35 56 0
35 57 58
35 58 1
35 59 47
35 60 76
35 61 59
35 62 85
35 63 17
35 64 78
35 65 1
35 66 28
35 67 26
35 68 7
35 69 37
35 70 2
35 71 16
35 72 53
35 73 2
35 74 78
35 75 63
35 76 67
35 77 78
35 78 35
35 79 84
35 80 1
35 81 44
35 82 98
35 83 3
35 84 75
35 85 51
35 86 83
35 87 2
35 88 43
35 89 51
35 90 25
35 91 6
35 92 15
35 93 33
35 94 32
35 95 6
35 96 91
35 97 39
35 98 21
35 99 45
35 100 38
35 101 68
35 102 31
35 103 70
35 104 70
35 105 76
35 106 53
35 107 85
35 108 10
35 109 3
35 110 73
35 111 99
35 112 36
35 113 2
35 114 22
35 115 39
35 116 36
35 117 64
35 118 72
35 119 60
36 37 16
36 38 97
36 39 87
36 40 1
36 41 41
36 42 21
36 43 94
36 44 80
36 45 1
36 46 92
36 47 75
36 48 50
36 49 84
36 50 41
36 51 2
36 52 40
36 53 10
36 54 19
36 55 3
36 56 90
36 57 23
36 58 52
36 59 22
36 60 78
36 61 25
36 62 43
36 63 42
36 64 58
36 65 97
36 66 85
36 67 59
36 68 78
36 69 63
36 70 21
36 71 83
36 72 37
36 73 78
36 74 41
36 75 36
36 76 24
36 77 20
36 78 59
36 79 73
36 80 77
36 81 60
36 82 98
36 83 84
36 84 81
36 85 43
36 86 75
36 87 12
36 88 23
36 89 37
36 90 10
36 91 45
36 92 91
36 93 70
36 94 71
36 95 18
36 96 95
36 97 32
36 98 59
36 99 12
36 100 71
36 101 62
36 102 18
36 103 52
36 104 49
36 105 27
36 106 61
36 107 99
36 108 98
36 109 21
36 110 25
36 111 24
36 112 75
36 113 48
36 114 43
36 115 72
36 116 20
36 117 6
36 118 90
36 119 20
37 38 82
37 39 42
37 40 75
37 41 12
37 42 18
37 43 12
37 44 1
37 45 71
37 46 81
37 47 34
37 48 74
37 49 99
37 50 89
37 51 58
37 52 27
37 53 86
37 54 27
37 55 70
37 56 17
37 57 49
37 58 73
37 59 54
37 60 17
37 61 11
37 62 61
37 63 37
37 64 38
37 65 48
37 66 37
37 67 41
37 68 51
37 69 44
37 70 8
37 71 2
37 72 60
37 73 54
37 74 99
37 75 33
37 76 49
37 77 59
37 78 53
37 79 77
37 80 69
37 81 76
37 82 35
37 83 27
37 84 87
37 85 11
37 86 48
37 87 3
37 88 10
37 89 97
37 90 62
37 91 56
37 92 80
37 93 81
37 94 37
37 95 70
37 96 45
37 97 34
37 98 88
37 99 92
37 100 43
37 101 75
37 102 16
37 103 92
37 104 95
37 105 3
37 106 36
37 107 87
37 108 44
37 109 82
37 110 18
37 111 80
37 112 47
37 113 34
37 114 22
37 115 49
37 116 93
37 117 60
37 118 45
37 119 90
38 39 97
38 40 88
38 41 93
38 42 32
38 43 61
38 44 4
38 45 44
38 46 91
38 47 68
38 48 59
38 49 77
38 50 72
38 51 99
38 52 27
38 53 17
38 54 66
38 55 64
38 56 9
38 57 59
38 58 49
38 59 65
38 60 57
38 61 21
38 62 89
38 63 3
38 64 15
38 65 91
38 66 18
38 67 76
38 68 72
38 69 26
38 70 39
38 71 96
38 72 41
38 73 56
38 74 74
38 75 17
38 76 9
38 77 89
38 78 87
38 79 0
38 80 48
38 81 1
38 82 60
38 83 40
38 84 68
38 85 41
38 86 62
38 87 23
38 88 46
38 89 3
38 90 72
38 91 22
38 92 74
38 93 32
38 94 90
38 95 90
38 96 12
38 97 100
38 98 26
38 99 27
38 100 38
38 101 92
38 102 92
38 103 36
38 104 85
38 105 42
38 106 76
38 107 53
38 108 15
38 109 6
38 110 67
38 111 33
38 112 32
38 113 7
38 114 60
38 115 50
38 116 39
38 117 63
38 118 22
38 119 81
39 40 58
39 41 84
39 42 55
39 43 76
39 44 4
39 45 6
39 46 71
39 47 67
39 48 73
39 49 51
39 50 59
39 51 19
39 52 35
39 53 1
39 54 41
39 55 3
39 56 41
39 57 87
39 58 95
39 59 54
39 60 16
39 61 62
39 62 43
39 63 51
39 64 44
39 65 17
39 66 90
39 67 62
39 68 91
39 69 54
39 70 88
39 71 70
39 72 62
39 73 55
39 74 54
39 75 22
39 76 15
39 77 61
39 78 19
39 79 53
39 80 20
39 81 18
39 82 81
39 83 56
39 84 49
39 85 7
39 86 66
39 87 32
39 88 15
39 89 69
39 90 63
39 91 89
39 92 21
39 93 15
39 94 3
39 95 66
39 96 63
39 97 77
39 98 73
39 99 48
39 100 100
39 101 12
39 102 83
39 103 97
39 104 95
39 105 95
39 106 37
39 107 57
39 108 71
39 109 90
39 110 39
39 111 74
39 112 55
39 113 38
39 114 87
39 115 62
39 116 90
39 117 35
39 118 26
39 119 69
40 41 87
40 42 46
40 43 89
40 44 96
40 45 9
40 46 65
40 47 60
40 48 94
40 49 22
40 50 70
40 51 96
40 52 28
40 53 38
40 54 73
40 55 62
40 56 75
40 57 78
40 58 40
40 59 80
40 60 4
40 61 73
40 62 34
40 63 24
40 64 90
40 65 94
40 66 5
40 67 29
40 68 73
40 69 76
40 70 99
40 71 62
40 72 46
40 73 51
40 74 17
40 75 78
40 76 45
40 77 89
40 78 91
40 79 92
40 80 57
40 81 56
40 82 9
40 83 51
40 84 41
40 85 69
40 86 75
40 87 23
40 88 37
40 89 29
40 90 16
40 91 46
40 92 85
40 93 27
40 94 52
40 95 93
40 96 68
40 97 53
40 98 37
40 99 78
40 100 54
40 101 95
40 102 33
40 103 71
40 104 92
40 105 26
40 106 21
40 107 63
40 108 89
40 109 60
40 110 65
40 111 90
40 112 63
40 113 46
40 114 16
40 115 61
40 116 38
40 117 5
40 118 67
40 119 45
41 42 0
41 43 91
41 44 56
41 45 3
41 46 62
41 47 3
41 48 13
41 49 12
41 50 41
41 51 55
41 52 7
41 53 0
41 54 59
41 55 36
41 56 55
41 57 82
41 58 78
41 59 5
41 60 91
41 61 32
41 62 77
41 63 81
41 64 5
41 65 32
41 66 51
41 67 9
41 68 24
41 69 85
41 70 38
41 71 11
41 72 75
41 73 54
41 74 2
41 75 77
41 76 97
41 77 54
41 78 45
41 79 67
41 80 27
41 81 53
41 82 92
41 83 65
41 84 76
41 85 93
41 86 50
41 87 15
41 88 11
41 89 5
41 90 82
41 91 79
41 92 44
41 93 2
41 94 2
41 95 9
41 96 28
41 97 32
41 98 40
41 99 17
41 100 10
41 101 3
41 102 40
41 103 38
41 104 7
41 105 61
41 106 7
41 107 92
41 108 49
41 109 38
41 110 46
41 111 30
41 112 24
41 113 58
41 114 98
41 115 46
41 116 59
41 117 9
41 118 21
41 119 82
42 43 60
42 44 50
42 45 81
42 46 2
42 47 3
42 48 40
42 49 44
42 50 46
42 51 40
42 52 10
42 53 79
42 54 24
42 55 88
42 56 56
42 57 57
42 58 46
42 59 86
42 60 44
42 61 96
42 62 12
42 63 77
42 64 20
42 65 97
42 66 44
42 67 13
42 68 82
42 69 13
42 70 61
42 71 29
42 72 44
42 73 27
42 74 63
42 75 24
42 76 80
42 77 92
42 78 65
42 79 82
42 80 13
42 81 1
42 82 21
42 83 62
42 84 78
42 85 63
42 86 22
42 87 57
42 88 52
42 89 18
42 90 52
42 91 84
42 92 86
42 93 68
42 94 9
42 95 3
42 96 48
42 97 42
42 98 81
42 99 15
42 100 44
42 101 99
42 102 45
42 103 59
42 104 96
42 105 28
42 106 95
42 107 63
42 108 69
42 109 77
42 110 73
42 111 61
42 112 15
42 113 99
42 114 44
42 115 64
42 116 36
42 117 30
42 118 76
42 119 85
43 44 5
43 45 23
43 46 87
43 47 22
43 48 74
43 49 69
43 50 14
43 51 70
43 52 24
43 53 67
43 54 78
43 55 45
43 56 82
43 57 53
43 58 97
43 59 84
43 60 31
43 61 95
43 62 80
43 63 5
43 64 6
43 65 69
43 66 30
43 67 37
43 68 83
43 69 10
43 70 100
43 71 31
43 72 69
43 73 12
43 74 55
43 75 72
43 76 7
43 77 84
43 78 4
43 79 74
43 80 99
43 81 89
43 82 16
43 83 88
43 84 83
43 85 70
43 86 87
43 87 3
43 88 55
43 89 71
43 90 79
43 91 84
43 92 6
43 93 23
43 94 75
43 95 34
43 96 57
43 97 23
43 98 39
43 99 64
43 100 97
43 101 25
43 102 81
43 103 38
43 104 70
43 105 0
43 106 5
43 107 87
43 108 55
43 109 4
43 110 48
43 111 91
43 112 48
43 113 77
43 114 59
43 115 77
43 116 54
43 117 62
43 118 41
43 119 85
44 45 49
44 46 61
44 47 91
44 48 89
44 49 95
44 50 99
44 51 61
44 52 43
44 53 5
44 54 82
44 55 60
44 56 23
44 57 31
44 58 67
44 59 26
44 60 52
44 61 97
44 62 4
44 63 50
44 64 53
44 65 22
44 66 43
44 67 91
44 68 72
44 69 23
44 70 42
44 71 28
44 72 95
44 73 92
44 74 50
44 75 68
44 76 54
44 77 33
44 78 22
44 79 98
44 80 20
44 81 23
44 82 50
44 83 86
44 84 91
44 85 27
44 86 79
44 87 93
44 88 33
44 89 98
44 90 46
44 91 22
44 92 83
44 93 75
44 94 54
44 95 72
44 96 70
44 97 54
44 98 66
44 99 70
44 100 27
44 101 63
44 102 35
44 103 87
44 104 48
44 105 23
44 106 79
44 107 79
44 108 46
44 109 36
44 110 89
44 111 56
44 112 73
44 113 23
44 114 81
44 115 90
44 116 47
44 117 74
44 118 19
44 119 20
45 46 10
45 47 26
45 48 73
45 49 60
45 50 94
45 51 79
45 52 32
45 53 88
45 54 87
45 55 90
45 56 2
45 57 99
45 58 9
45 59 18
45 60 6
45 61 21
45 62 39
45 63 35
45 64 55
45 65 46
45 66 73
45 67 96
45 68 23
45 69 100
45 70 25
45 71 35
45 72 21
45 73 26
45 74 32
45 75 48
45 76 91
45 77 0
45 78 71
45 79 50
45 80 40
45 81 79
45 82 60
45 83 100
45 84 14
45 85 65
45 86 4
45 87 58
45 88 79
45 89 33
45 90 5
45 91 66
45 92 54
45 93 82
45 94 18
45 95 40
45 96 36
45 97 51
45 98 70
45 99 50
45 100 53
45 101 91
45 102 50
45 103 71
45 104 97
45 105 42
45 106 4
45 107 38
45 108 96
45 109 25
45 110 57
45 111 21
45 112 94
45 113 62
45 114 85
45 115 67
45 116 37
45 117 72
45 118 41
45 119 67
46 47 59
46 48 57
46 49 71
46 50 75
46 51 77
46 52 52
46 53 78
46 54 19
46 55 24
46 56 53
46 57 69
46 58 68
46 59 85
46 60 22
46 61 39
46 62 36
46 63 48
46 64 21
46 65 50
46 66 97
46 67 4
46 68 29
46 69 64
46 70 100
46 71 4
46 72 62
46 73 62
46 74 45
46 75 80
46 76 2
46 77 54
46 78 22
46 79 61
46 80 76
46 81 19
46 82 11
46 83 54
46 84 86
46 85 13
46 86 76
46 87 100
46 88 100
46 89 62
46 90 94
46 91 25
46 92 98
46 93 78
46 94 39
46 95 98
46 96 42
46 97 57
46 98 45
46 99 73
46 100 27
46 101 31
46 102 45
46 103 64
46 104 74
46 105 37
46 106 17
46 107 70
46 108 29
46 109 20
46 110 81
46 111 50
46 112 8
46 113 58
46 114 63
46 115 27
46 116 52
46 117 62
46 118 94
46 119 61
47 48 21
47 49 0
47 50 87
47 51 23
47 52 86
47 53 2
47 54 54
47 55 70
47 56 11
47 57 17
47 58 3
47 59 38
47 60 1
47 61 61
47 62 2
47 63 88
47 64 32
47 65 42
47 66 58
47 67 66
47 68 98
47 69 47
47 70 63
47 71 6
47 72 21
47 73 73
47 74 68
47 75 10
47 76 61
47 77 8
47 78 16
47 79 96
47 80 5
47 81 18
47 82 23
47 83 10
47 84 90
47 85 15
47 86 44
47 87 95
47 88 76
47 89 81
47 90 65
47 91 46
47 92 95
47 93 35
47 94 66
47 95 35
47 96 96
47 97 97
47 98 10
47 99 40
47 100 94
47 101 40
47 102 6
47 103 65
47 104 9
47 105 95
47 106 66
47 107 1
47 108 73
47 109 38
47 110 27
47 111 67
47 112 11
47 113 52
47 114 17
47 115 92
47 116 29
47 117 81
47 118 2
47 119 95
48 49 69
48 50 9
48 51 62
48 52 5
48 53 39
48 54 65
48 55 3
48 56 100
48 57 60
48 58 16
48 59 90
48 60 32
48 61 3
48 62 63
48 63 3
48 64 71
48 65 8
48 66 86
48 67 21
48 68 55
48 69 20
48 70 48
48 71 45
48 72 57
48 73 76
48 74 18
48 75 68
48 76 83
48 77 59
48 78 37
48 79 21
48 80 55
48 81 38
48 82 44
48 83 92
48 84 17
48 85 61
48 86 36
48 87 58
48 88 60
48 89 46
48 90 55
48 91 0
48 92 34
48 93 57
48 94 29
48 95 16
48 96 39
48 97 78
48 98 39
48 99 56
48 100 94
48 101 26
48 102 13
48 103 60
48 104 28
48 105 20
48 106 29
48 107 35
48 108 90
48 109 78
48 110 99
48 111 50
48 112 45
48 113 57
48 114 11
48 115 19
48 116 10
48 117 31
48 118 53
48 119 79
49 50 98
49 51 26
49 52 51
49 53 2
49 54 81
49 55 28
49 56 48
49 57 14
49 58 55
49 59 42
49 60 62
49 61 71
49 62 71
49 63 43
49 64 51
49 65 84
49 66 14
49 67 15
49 68 28
49 69 70
49 70 23
49 71 34
49 72 3
49 73 36
49 74 55
49 75 27
49 76 69
49 77 6
49 78 93
49 79 82
49 80 76
49 81 18
49 82 34
49 83 56
49 84 13
49 85 59
49 86 45
49 87 45
49 88 64
49 89 14
49 90 88
49 91 82
49 92 38
49 93 38
49 94 52
49 95 7
49 96 83
49 97 2
49 98 56
49 99 87
49 100 54
49 101 68
49 102 44
49 103 25
49 104 50
49 105 30
49 106 87
49 107 39
49 108 26
49 109 99
49 110 23
49 111 33
49 112 58
49 113 5
49 114 76
49 115 7
49 116 42
49 117 7
49 118 30
49 119 36
50 51 59
50 52 47
50 53 40
50 54 39
50 55 47
50 56 11
50 57 40
50 58 16
50 59 53
50 60 21
50 61 30
50 62 31
50 63 77
50 64 88
50 65 100
50 66 28
50 67 87
50 68 44
50 69 23
50 70 36
50 71 76
50 72 56
50 73 80
50 74 64
50 75 53
50 76 16
50 77 85
50 78 49
50 79 49
50 80 4
50 81 70
50 82 77
50 83 11
50 84 63
50 85 82
50 86 76
50 87 23
50 88 42
50 89 83
50 90 99
50 91 36
50 92 62
50 93 30
50 94 23
50 95 11
50 96 88
50 97 12
50 98 51
50 99 79
50 100 95
50 101 87
50 102 21
50 103 28
50 104 14
50 105 47
50 106 16
50 107 3
50 108 81
50 109 40
50 110 52
50 111 90
50 112 96
50 113 62
50 114 41
50 115 54
50 116 91
50 117 84
50 118 23
50 119 9
51 52 81
51 53 61
51 54 37
51 55 61
51 56 2
51 57 39
51 58 89
51 59 14
51 60 22
51 61 85
51 62 51
51 63 34
51 64 46
51 65 77
51 66 5
51 67 59
51 68 63
51 69 64
51 70 12
51 71 12
51 72 92
51 73 35
51 74 82
51 75 91
51 76 29
51 77 32
51 78 55
51 79 47
51 80 4
51 81 63
51 82 31
51 83 12
51 84 55
51 85 65
51 86 96
51 87 33
51 88 94
51 89 55
51 90 69
51 91 89
51 92 35
51 93 69
51 94 84
51 95 76
51 96 98
51 97 61
51 98 36
51 99 22
51 100 75
51 101 55
51 102 46
51 103 97
51 104 78
51 105 40
51 106 14
51 107 90
51 108 90
51 109 49
51 110 57
51 111 59
51 112 17
51 113 8
51 114 24
51 115 88
51 116 26
51 117 76
51 118 6
51 119 4
52 53 45
52 54 30
52 55 61
52 56 33
52 57 0
52 58 94
52 59 39
52 60 73
52 61 36
52 62 48
52 63 62
52 64 84
52 65 94
52 66 57
52 67 73
52 68 50
52 69 92
52 70 14
52 71 74
52 72 1
52 73 46
52 74 55
52 75 85
52 76 91
52 77 39
52 78 5
52 79 23
52 80 28
52 81 24
52 82 70
52 83 67
52 84 4
52 85 77
52 86 49
52 87 36
52 88 43
52 89 69
52 90 25
52 91 41
52 92 41
52 93 39
52 94 14
52 95 45
52 96 14
52 97 9
52 98 70
52 99 88
52 100 56
52 101 82
52 102 34
52 103 55
52 104 30
52 105 53
52 106 82
52 107 12
52 108 77
52 109 96
52 110 48
52 111 30
52 112 84
52 113 66
52 114 36
52 115 80
52 116 86
52 117 79
52 118 39
52 119 76
53 54 81
53 55 55
53 56 47
53 57 48
53 58 52
53 59 4
53 60 39
53 61 50
53 62 74
53 63 82
53 64 91
53 65 95
53 66 13
53 67 48
53 68 98
53 69 69
53 70 44
53 71 97
53 72 64
53 73 42
53 74 30
53 75 91
53 76 45
53 77 17
53 78 79
53 79 79
53 80 35
53 81 63
53 82 71
53 83 21
53 84 91
53 85 83
53 86 95
53 87 67
53 88 9
53 89 40
53 90 33
53 91 34
53 92 38
53 93 1
53 94 85
53 95 95
53 96 47
53 97 65
53 98 82
53 99 58
53 100 72
53 101 85
53 102 30
53 103 97
53 104 15
53 105 47
53 106 95
53 107 15
53 108 86
53 109 56
53 110 62
53 111 42
53 112 54
53 113 75
53 114 40
53 115 38
53 116 45
53 117 45
53 118 58
53 119 84
54 55 26
54 56 38
54 57 7
54 58 71
54 59 29
54 60 27
54 61 64
54 62 48
54 63 11
54 64 21
54 65 94
54 66 2
54 67 33
54 68 11
54 69 7
54 70 86
54 71 87
54 72 5
54 73 9
54 74 73
54 75 61
54 76 2
54 77 95
54 78 8
54 79 25
54 80 93
54 81 89
54 82 88
54 83 19
54 84 5
54 85 37
54 86 94
54 87 25
54 88 49
54 89 75
54 90 68
54 91 33
54 92 1
54 93 13
54 94 28
54 95 79
54 96 47
54 97 99
54 98 46
54 99 34
54 100 84
54 101 53
54 102 74
54 103 12
54 104 78
54 105 49
54 106 51
54 107 15
54 108 90
54 109 60
54 110 98
54 111 43
54 112 74
54 113 31
54 114 92
54 115 47
54 116 57
54 117 21
54 118 89
54 119 21
55 56 11
55 57 13
55 58 35
55 59 45
55 60 8
55 61 68
55 62 38
55 63 64
55 64 44
55 65 38
55 66 93
55 67 69
55 68 57
55 69 25
55 70 68
55 71 70
55 72 83
55 73 41
55 74 41
55 75 86
55 76 23
55 77 22
55 78 8
55 79 87
55 80 87
55 81 95
55 82 45
55 83 33
55 84 99
55 85 50
55 86 20
55 87 56
55 88 25
55 89 94
55 90 51
55 91 29
55 92 34
55 93 33
55 94 72
55 95 89
55 96 28
55 97 15
55 98 72
55 99 5
55 100 67
55 101 96
55 102 99
55 103 37
55 104 80
55 105 88
55 106 73
55 107 66
55 108 7
55 109 66
55 110 43
55 111 58
55 112 81
55 113 73
55 114 84
55 115 79
55 116 97
55 117 96
55 118 48
55 119 31
56 57 51
56 58 94
56 59 93
56 60 59
56 61 12
56 62 82
56 63 25
56 64 96
56 65 37
56 66 98
56 67 2
56 68 33
56 69 2
56 70 82
56 71 36
56 72 88
56 73 20
56 74 8
56 75 99
56 76 36
56 77 72
56 78 51
56 79 39
56 80 1
56 81 80
56 82 65
56 83 43
56 84 42
56 85 65
56 86 92
56 87 72
56 88 70
56 89 72
56 90 75
56 91 92
56 92 51
56 93 10
56 94 7
56 95 77
56 96 84
56 97 31
56 98 80
56 99 24
56 100 98
56 101 10
56 102 83
56 103 92
56 104 52
56 105 65
56 106 44
56 107 54
56 108 76
56 109 1
56 110 19
56 111 55
56 112 82
56 113 44
56 114 37
56 115 80
56 116 37
56 117 18
56 118 59
56 119 0
57 58 68
57 59 74
57 60 32
57 61 40
57 62 1
57 63 23
57 64 35
57 65 36
57 66 96
57 67 24
57 68 86
57 69 28
57 70 69
57 71 76
57 72 19
57 73 91
57 74 50
57 75 79
57 76 90
57 77 38
57 78 77
57 79 66
57 80 86
57 81 21
57 82 90
57 83 98
57 84 74
57 85 85
57 86 42
57 87 52
57 88 64
57 89 34
57 90 7
57 91 65
57 92 48
57 93 64
57 94 55
57 95 70
57 96 95
57 97 5
57 98 5
57 99 64
57 100 90
57 101 56
57 102 70
57 103 39
57 104 11
57 105 82
57 106 28
57 107 85
57 108 83
57 109 39
57 110 71
57 111 16
57 112 36
57 113 24
57 114 52
57 115 26
57 116 53
57 117 58
57 118 38
57 119 14
58 59 39
58 60 12
58 61 38
58 62 50
58 63 68
58 64 4
58 65 10
58 66 83
58 67 76
58 68 100
58 69 49
58 70 73
58 71 44
58 72 41
58 73 70
58 74 52
58 75 93
58 76 6
58 77 26
58 78 98
58 79 50
58 80 71
58 81 31
58 82 87
58 83 21
58 84 46
58 85 4
58 86 27
58 87 40
58 88 47
58 89 26
58 90 86
58 91 24
58 92 49
58 93 74
58 94 97
58 95 63
58 96 2
58 97 18
58 98 21
58 99 16
58 100 80
58 101 61
58 102 11
58 103 99
58 104 7
58 105 70
58 106 5
58 107 58
58 108 72
58 109 21
58 110 90
58 111 94
58 112 31
58 113 19
58 114 21
58 115 89
58 116 70
58 117 98
58 118 44
58 119 5
59 60 70
59 61 39
59 62 74
59 63 13
59 64 98
59 65 95
59 66 77
59 67 10
59 68 63
59 69 29
59 70 42
59 71 76
59 72 21
59 73 53
59 74 4
59 75 19
59 76 45
59 77 97
59 78 94
59 79 87
59 80 58
59 81 100
59 82 87
59 83 48
59 84 71
59 85 98
59 86 47
59 87 72
59 88 83
59 89 96
59 90 79
59 91 0
59 92 8
59 93 6
59 94 89
59 95 58
59 96 3
59 97 68
59 98 46
59 99 56
59 100 16
59 101 19
59 102 100
59 103 2
59 104 83
59 105 24
59 106 13
59 107 40
59 108 87
59 109 3
59 110 21
59 111 37
59 112 54
59 113 71
59 114 14
59 115 87
59 116 75
59 117 28
59 118 69
59 119 54
60 61 38
60 62 46
60 63 91
60 64 15
60 65 86
60 66 39
60 67 64
60 68 28
60 69 46
60 70 4
60 71 12
60 72 29
60 73 60
60 74 72
60 75 33
60 76 59
60 77 87
60 78 27
60 79 7
60 80 6
60 81 50
60 82 30
60 83 46
60 84 31
60 85 34
60 86 46
60 87 68
60 88 39
60 89 62
60 90 75
60 91 9
60 92 57
60 93 46
60 94 15
60 95 41
60 96 37
60 97 49
60 98 3
60 99 60
60 100 79
60 101 79
60 102 0
60 103 75
60 104 43
60 105 67
60 106 10
60 107 94
60 108 4
60 109 91
60 110 19
60 111 61
60 112 88
60 113 17
60 114 28
60 115 24
60 116 65
60 117 59
60 118 90
60 119 23
61 62 6
61 63 31
61 64 82
61 65 78
61 66 7
61 67 65
61 68 47
61 69 87
61 70 18
61 71 33
61 72 83
61 73 76
61 74 39
61 75 22
61 76 15
61 77 70
61 78 50
61 79 74
61 80 7
61 81 38
61 82 65
61 83 83
61 84 45
61 85 99
61 86 50
61 87 14
61 88 42
61 89 33
61 90 30
61 91 16
61 92 2
61 93 19
61 94 38
61 95 17
61 96 94
61 97 3
61 98 83
61 99 83
61 100 64
61 101 95
61 102 74
61 103 27
61 104 59
61 105 14
61 106 57
61 107 19
61 108 2
61 109 81
61 110 71
61 111 69
61 112 53
61 113 82
61 114 66
61 115 92
61 116 0
61 117 69
61 118 62
61 119 65
62 63 33
62 64 26
62 65 31
62 66 57
62 67 46
62 68 9
62 69 35
62 70 74
62 71 51
62 72 80
62 73 17
62 74 29
62 75 58
62 76 26
62 77 100
62 78 63
62 79 84
62 80 57
62 81 54
62 82 9
62 83 43
62 84 63
62 85 56
62 86 54
62 87 67
62 88 10
62 89 21
62 90 86
62 91 27
62 92 80
62 93 98
62 94 3
62 95 21
62 96 67
62 97 54
62 98 70
62 99 97
62 100 43
62 101 39
62 102 53
62 103 30
62 104 97
62 105 11
62 106 54
62 107 52
62 108 20
62 109 14
62 110 67
62 111 37
62 112 81
62 113 61
62 114 100
62 115 27
62 116 45
62 117 88
62 118 81
62 119 36
63 64 81
63 65 80
63 66 100
63 67 24
63 68 17
63 69 2
63 70 33
63 71 91
63 72 24
63 73 45
63 74 17
63 75 39
63 76 25
63 77 61
63 78 15
63 79 22
63 80 51
63 81 64
63 82 28
63 83 89
63 84 74
63 85 88
63 86 37
63 87 6
63 88 68
63 89 92
63 90 61
63 91 48
63 92 16
63 93 41
63 94 65
63 95 53
63 96 93
63 97 93
63 98 66
63 99 56
63 100 92
63 101 56
63 102 11
63 103 67
63 104 22
63 105 62
63 106 75
63 107 29
63 108 45
63 109 55
63 110 80
63 111 52
63 112 56
63 113 56
63 114 44
63 115 56
63 116 92
63 117 24
63 118 82
63 119 55
64 65 83
64 66 3
64 67 44
64 68 72
64 69 72
64 70 53
64 71 25
64 72 61
64 73 96
64 74 77
64 75 91
64 76 78
64 77 39
64 78 65
64 79 78
64 80 49
64 81 40
64 82 26
64 83 68
64 84 60
64 85 65
64 86 34
64 87 55
64 88 14
64 89 76
64 90 43
64 91 13
64 92 4
64 93 61
64 94 72
64 95 46
64 96 9
64 97 70
64 98 100
64 99 92
64 100 48
64 101 65
64 102 23
64 103 12
64 104 27
64 105 56
64 106 70
64 107 89
64 108 18
64 109 50
64 110 58
64 111 7
64 112 3
64 113 72
64 114 43
64 115 7
64 116 25
64 117 25
64 118 60
64 119 52
65 66 11
65 67 43
65 68 72
65 69 22
65 70 34
65 71 66
65 72 20
65 73 47
65 74 69
65 75 26
65 76 6
65 77 75
65 78 2
65 79 8
65 80 88
65 81 96
65 82 15
65 83 48
65 84 68
65 85 68
65 86 63
65 87 16
65 88 72
65 89 14
65 90 98
65 91 10
65 92 30
65 93 33
65 94 56
65 95 42
65 96 16
65 97 50
65 98 33
65 99 95
65 100 71
65 101 19
65 102 14
65 103 65
65 104 13
65 105 78
65 106 73
65 107 30
65 108 2
65 109 51
65 110 39
65 111 47
65 112 84
65 113 37
65 114 100
65 115 36
65 116 32
65 117 8
65 118 73
65 119 78
66 67 37
66 68 39
66 69 82
66 70 7
66 71 13
66 72 79
66 73 96
66 74 81
66 75 14
66 76 67
66 77 13
66 78 22
66 79 98
66 80 100
66 81 30
66 82 64
66 83 98
66 84 3
66 85 84
66 86 35
66 87 21
66 88 17
66 89 56
66 90 80
66 91 63
66 92 23
66 93 68
66 94 51
66 95 78
66 96 83
66 97 48
66 98 46
66 99 61
66 100 87
66 101 16
66 102 7
66 103 27
66 104 10
66 105 39
66 106 61
66 107 87
66 108 86
66 109 66
66 110 13
66 111 36
66 112 13
66 113 31
66 114 26
66 115 78
66 116 50
66 117 63
66 118 25
66 119 35
67 68 56
67 69 26
67 70 89
67 71 26
67 72 85
67 73 38
67 74 91
67 75 60
67 76 84
67 77 37
67 78 67
67 79 78
67 80 25
67 81 47
67 82 52
67 83 83
67 84 0
67 85 6
67 86 36
67 87 49
67 88 92
67 89 23
67 90 2
67 91 65
67 92 45
67 93 8
67 94 9
67 95 43
67 96 18
67 97 95
67 98 77
67 99 85
67 100 99
67 101 79
67 102 20
67 103 74
67 104 6
67 105 29
67 106 84
67 107 78
67 108 45
67 109 69
67 110 92
67 111 54
67 112 22
67 113 53
67 114 18
67 115 77
67 116 61
67 117 97
67 118 6
67 119 40
68 69 61
68 70 88
68 71 77
68 72 25
68 73 44
68 74 74
68 75 75
68 76 66
68 77 32
68 78 76
68 79 65
68 80 78
68 81 21
68 82 29
68 83 5
68 84 5
68 85 25
68 86 40
68 87 42
68 88 75
68 89 85
68 90 78
68 91 54
68 92 36
68 93 83
68 94 23
68 95 3
68 96 66
68 97 13
68 98 93
68 99 33
68 100 11
68 101 20
68 102 18
68 103 1
68 104 90
68 105 61
68 106 4
68 107 88
68 108 40
68 109 1
68 110 11
68 111 89
68 112 85
68 113 99
68 114 84
68 115 22
68 116 75
68 117 24
68 118 61
68 119 44
69 70 98
69 71 29
69 72 21
69 73 93
69 74 17
69 75 86
69 76 91
69 77 10
69 78 86
69 79 63
69 80 90
69 81 64
69 82 12
69 83 39
69 84 74
69 85 23
69 86 92
69 87 72
69 88 76
69 89 60
69 90 95
69 91 28
69 92 48
69 93 8
69 94 64
69 95 7
69 96 58
69 97 43
69 98 98
69 99 33
69 100 87
69 101 98
69 102 37
69 103 30
69 104 12
69 105 1
69 106 80
69 107 99
69 108 66
69 109 68
69 110 96
69 111 31
69 112 38
69 113 81
69 114 69
69 115 48
69 116 79
69 117 32
69 118 96
69 119 40
70 71 78
70 72 77
70 73 35
70 74 52
70 75 46
70 76 57
70 77 69
70 78 36
70 79 69
70 80 24
70 81 71
70 82 12
70 83 22
70 84 83
70 85 75
70 86 35
70 87 53
70 88 72
70 89 87
70 90 49
70 91 39
70 92 64
70 93 37
70 94 60
70 95 77
70 96 100
70 97 58
70 98 23
70 99 51
70 100 37
70 101 90
70 102 98
70 103 74
70 104 37
70 105 8
70 106 14
70 107 21
70 108 9
70 109 71
70 110 33
70 111 10
70 112 68
70 113 15
70 114 93
70 115 71
70 116 35
70 117 70
70 118 42
70 119 46
71 72 57
71 73 88
71 74 5
71 75 65
71 76 78
71 77 89
71 78 84
71 79 81
71 80 25
71 81 69
71 82 7
71 83 19
71 84 55
71 85 91
71 86 30
71 87 48
71 88 84
71 89 89
71 90 57
71 91 26
71 92 19
71 93 93
71 94 37
71 95 94
71 96 3
71 97 2
71 98 0
71 99 100
71 100 67
71 101 88
71 102 13
71 103 75
71 104 59
71 105 41
71 106 26
71 107 24
71 108 20
71 109 31
71 110 62
71 111 29
71 112 23
71 113 97
71 114 51
71 115 34
71 116 95
71 117 34
71 118 52
71 119 28
72 73 4
72 74 83
72 75 71
72 76 68
72 77 48
72 78 83
72 79 7
72 80 56
72 81 44
72 82 29
72 83 24
72 84 0
72 85 72
72 86 38
72 87 0
72 88 96
72 89 80
72 90 42
72 91 8
72 92 5
72 93 78
72 94 41
72 95 50
72 96 68
72 97 49
72 98 24
72 99 32
72 100 37
72 101 79
72 102 76
72 103 13
72 104 28
72 105 58
72 106 29
72 107 86
72 108 98
72 109 95
72 110 7
72 111 0
72 112 46
72 113 19
72 114 51
72 115 3
72 116 93
72 117 99
72 118 15
72 119 73
73 74 97
73 75 48
73 76 43
73 77 1
73 78 93
73 79 61
73 80 97
73 81 38
73 82 5
73 83 55
73 84 39
73 85 56
73 86 22
73 87 63
73 88 85
73 89 68
73 90 68
73 91 75
73 92 48
73 93 71
73 94 72
73 95 21
73 96 18
73 97 23
73 98 55
73 99 18
73 100 93
73 101 13
73 102 40
73 103 6
73 104 90
73 105 81
73 106 38
73 107 91
73 108 42
73 109 3
73 110 64
73 111 96
73 112 78
73 113 83
73 114 50
73 115 96
73 116 61
73 117 7
73 118 56
73 119 59
74 75 38
74 76 41
74 77 80
74 78 83
74 79 20
74 80 43
74 81 19
74 82 6
74 83 33
74 84 52
74 85 99
74 86 50
74 87 80
74 88 35
74 89 100
74 90 94
74 91 59
74 92 22
74 93 91
74 94 5
74 95 66
74 96 40
74 97 14
74 98 78
74 99 47
74 100 77
74 101 13
74 102 39
74 103 14
74 104 12
74 105 20
74 106 93
74 107 85
74 108 85
74 109 92
74 110 35
74 111 10
74 112 94
74 113 39
74 114 65
74 115 91
74 116 8
74 117 61
74 118 43
74 119 23
75 76 50
75 77 100
75 78 66
75 79 56
75 80 55
75 81 22
75 82 79
75 83 16
75 84 28
75 85 14
75 86 43
75 87 25
75 88 88
75 89 86
75 90 47
75 91 47
75 92 16
75 93 55
75 94 23
75 95 3
75 96 72
75 97 26
75 98 35
75 99 94
75 100 79
75 101 15
75 102 28
75 103 58
75 104 58
75 105 33
75 106 58
75 107 52
75 108 56
75 109 23
75 110 54
75 111 51
75 112 99
75 113 47
75 114 7
75 115 15
75 116 66
75 117 81
75 118 99
75 119 9
76 77 56
76 78 7
76 79 56
76 80 84
76 81 44
76 82 16
76 83 5
76 84 65
76 85 9
76 86 91
76 87 96
76 88 24
76 89 33
76 90 25
76 91 57
76 92 43
76 93 70
76 94 83
76 95 77
76 96 2
76 97 4
76 98 57
76 99 0
76 100 71
76 101 20
76 102 63
76 103 64
76 104 16
76 105 28
76 106 5
76 107 37
76 108 21
76 109 35
76 110 50
76 111 100
76 112 63
76 113 7
76 114 68
76 115 15
76 116 54
76 117 25
76 118 62
76 119 28
77 78 5
77 79 53
77 80 25
77 81 19
77 82 59
77 83 33
77 84 43
77 85 7
77 86 19
77 87 69
77 88 3
77 89 94
77 90 21
77 91 86
77 92 14
77 93 68
77 94 40
77 95 28
77 96 83
77 97 76
77 98 34
77 99 53
77 100 30
77 101 59
77 102 81
77 103 57
77 104 57
77 105 71
77 106 99
77 107 37
77 108 42
77 109 32
77 110 34
77 111 94
77 112 0
77 113 23
77 114 59
77 115 96
77 116 73
77 117 27
77 118 11
77 119 55
78 79 68
78 80 43
78 81 53
78 82 46
78 83 39
78 84 26
78 85 14
78 86 53
78 87 57
78 88 84
78 89 99
78 90 23
78 91 24
78 92 94
78 93 12
78 94 23
78 95 59
78 96 68
78 97 94
78 98 98
78 99 46
78 100 52
78 101 16
78 102 36
78 103 66
78 104 25
78 105 90
78 106 35
78 107 36
78 108 45
78 109 29
78 110 17
78 111 38
78 112 95
78 113 30
78 114 98
78 115 11
78 116 25
78 117 38
78 118 93
78 119 54
79 80 62
79 81 2
79 82 3
79 83 57
79 84 33
79 85 77
79 86 62
79 87 72
79 88 69
79 89 89
79 90 57
79 91 45
79 92 91
79 93 60
79 94 79
79 95 91
79 96 92
79 97 88
79 98 44
79 99 79
79 100 31
79 101 50
79 102 46
79 103 69
79 104 94
79 105 48
79 106 48
79 107 4
79 108 84
79 109 14
79 110 79
79 111 14
79 112 82
79 113 7
79 114 71
79 115 52
79 116 73
79 117 7
79 118 21
79 119 6
80 81 2
80 82 14
80 83 31
80 84 60
80 85 37
80 86 98
80 87 20
80 88 70
80 89 30
80 90 18
80 91 20
80 92 98
80 93 72
80 94 94
80 95 97
80 96 66
80 97 84
80 98 82
80 99 81
80 100 15
80 101 22
80 102 13
80 103 89
80 104 12
80 105 45
80 106 86
80 107 19
80 108 27
80 109 80
80 110 5
80 111 55
80 112 67
80 113 56
80 114 3
80 115 92
80 116 28
80 117 76
80 118 90
80 119 6
81 82 60
81 83 45
81 84 98
81 85 32
81 86 43
81 87 19
81 88 81
81 89 62
81 90 71
81 91 91
81 92 55
81 93 60
81 94 0
81 95 2
81 96 29
81 97 51
81 98 61
81 99 59
81 100 59
81 101 65
81 102 49
81 103 93
81 104 98
81 105 15
81 106 96
81 107 14
81 108 82
81 109 52
81 110 93
81 111 76
81 112 96
81 113 35
81 114 97
81 115 34
81 116 25
81 117 93
81 118 3
81 119 36
82 83 12
82 84 1
82 85 41
82 86 2
82 87 3
82 88 76
82 89 20
82 90 6
82 91 37
82 92 88
82 93 81
82 94 78
82 95 8
82 96 5
82 97 34
82 98 63
82 99 75
82 100 29
82 101 66
82 102 83
82 103 85
82 104 23
82 105 72
82 106 70
82 107 50
82 108 18
82 109 2
82 110 30
82 111 89
82 112 9
82 113 33
82 114 5
82 115 3
82 116 71
82 117 42
82 118 11
82 119 89
83 84 87
83 85 52
83 86 60
83 87 81
83 88 92
83 89 63
83 90 56
83 91 57
83 92 67
83 93 74
83 94 31
83 95 37
83 96 16
83 97 48
83 98 92
83 99 49
83 100 89
83 101 40
83 102 36
83 103 51
83 104 12
83 105 83
83 106 62
83 107 29
83 108 6
83 109 61
83 110 58
83 111 59
83 112 24
83 113 61
83 114 39
83 115 49
83 116 74
83 117 82
83 118 25
83 119 54
84 85 36
84 86 37
84 87 62
84 88 53
84 89 25
84 90 41
84 91 76
84 92 79
84 93 34
84 94 84
84 95 30
84 96 66
84 97 81
84 98 63
84 99 78
84 100 78
84 101 69
84 102 40
84 103 92
84 104 96
84 105 27
84 106 0
84 107 8
84 108 51
84 109 54
84 110 94
84 111 32
84 112 24
84 113 60
84 114 62
84 115 70
84 116 87
84 117 59
84 118 25
84 119 13
85 86 93
85 87 16
85 88 56
85 89 90
85 90 98
85 91 89
85 92 4
85 93 16
85 94 96
85 95 20
85 96 6
85 97 67
85 98 54
85 99 81
85 100 10
85 101 94
85 102 36
85 103 33
85 104 16
85 105 72
85 106 23
85 107 13
85 108 28
85 109 45
85 110 91
85 111 98
85 112 53
85 113 12
85 114 54
85 115 76
85 116 31
85 117 30
85 118 74
85 119 64
86 87 23
86 88 2
86 89 58
86 90 38
86 91 57
86 92 57
86 93 25
86 94 47
86 95 71
86 96 58
86 97 46
86 98 57
86 99 64
86 100 95
86 101 47
86 102 64
86 103 25
86 104 55
86 105 43
86 106 92
86 107 72
86 108 77
86 109 70
86 110 73
86 111 94
86 112 66
86 113 85
86 114 0
86 115 55
86 116 11
86 117 28
86 118 18
86 119 45
87 88 39
87 89 19
87 90 72
87 91 68
87 92 97
87 93 17
87 94 53
87 95 28
87 96 26
87 97 7
87 98 52
87 99 4
87 100 11
87 101 46
87 102 82
87 103 44
87 104 31
87 105 76
87 106 58
87 107 61
87 108 14
87 109 39
87 110 66
87 111 83
87 112 35
87 113 36
87 114 64
87 115 45
87 116 40
87 117 53
87 118 16
87 119 95
88 89 36
88 90 25
88 91 6
88 92 94
88 93 79
88 94 28
88 95 67
88 96 17
88 97 16
88 98 49
88 99 67
88 100 84
88 101 80
88 102 87
88 103 45
88 104 18
88 105 17
88 106 0
88 107 77
88 108 93
88 109 87
88 110 65
88 111 56
88 112 42
88 113 6
88 114 65
88 115 36
88 116 1
88 117 99
88 118 75
88 119 92
89 90 63
89 91 78
89 92 78
89 93 93
89 94 0
89 95 24
89 96 56
89 97 14
89 98 50
89 99 74
89 100 97
89 101 97
89 102 82
89 103 54
89 104 52
89 105 10
89 106 60
89 107 74
89 108 62
89 109 65
89 110 1
89 111 56
89 112 88
89 113 96
89 114 35
89 115 26
89 116 94
89 117 49
89 118 90
89 119 79
90 91 60
90 92 64
90 93 39
90 94 55
90 95 82
90 96 43
90 97 95
90 98 98
90 99 59
90 100 32
90 101 67
90 102 26
90 103 44
90 104 13
90 105 90
90 106 34
90 107 56
90 108 51
90 109 58
90 110 36
90 111 16
90 112 55
90 113 92
90 114 59
90 115 72
90 116 61
90 117 41
90 118 7
90 119 77
91 92 91
91 93 0
91 94 49
91 95 55
91 96 46
91 97 31
91 98 67
91 99 41
91 100 33
91 101 88
91 102 86
91 103 38
91 104 46
91 105 38
91 106 81
91 107 46
91 108 10
91 109 1
91 110 87
91 111 32
91 112 71
91 113 39
91 114 4
91 115 55
91 116 27
91 117 14
91 118 87
91 119 10
92 93 57
92 94 99
92 95 17
92 96 61
92 97 31
92 98 91
92 99 73
92 100 32
92 101 10
92 102 87
92 103 93
92 104 55
92 105 23
92 106 48
92 107 4
92 108 81
92 109 45
92 110 50
92 111 67
92 112 57
92 113 0
92 114 7
92 115 30
92 116 23
92 117 83
92 118 38
92 119 35
93 94 53
93 95 54
93 96 68
93 97 38
93 98 55
93 99 15
93 100 83
93 101 2
93 102 49
93 103 58
93 104 35
93 105 14
93 106 71
93 107 49
93 108 75
93 109 62
93 110 30
93 111 58
93 112 49
93 113 39
93 114 16
93 115 17
93 116 4
93 117 69
93 118 30
93 119 47
94 95 97
94 96 59
94 97 28
94 98 67
94 99 76
94 100 47
94 101 27
94 102 11
94 103 43
94 104 87
94 105 31
94 106 12
94 107 97
94 108 55
94 109 84
94 110 63
94 111 62
94 112 39
94 113 12
94 114 46
94 115 23
94 116 32
94 117 100
94 118 16
94 119 35
95 96 19
95 97 52
95 98 52
95 99 36
95 100 95
95 101 37
95 102 15
95 103 88
95 104 80
95 105 83
95 106 95
95 107 19
95 108 68
95 109 26
95 110 69
95 111 21
95 112 59
95 113 21
95 114 31
95 115 0
95 116 53
95 117 41
95 118 56
95 119 95
96 97 27
96 98 80
96 99 43
96 100 67
96 101 0
96 102 90
96 103 3
96 104 20
96 105 36
96 106 30
96 107 31
96 108 69
96 109 43
96 110 45
96 111 96
96 112 42
96 113 65
96 114 60
96 115 78
96 116 13
96 117 73
96 118 88
96 119 12
97 98 59
97 99 77
97 100 100
97 101 28
97 102 78
97 103 11
97 104 44
97 105 89
97 106 77
97 107 50
97 108 43
97 109 68
97 110 56
97 111 89
97 112 87
97 113 34
97 114 77
97 115 81
97 116 31
97 117 86
97 118 2
97 119 1
98 99 79
98 100 39
98 101 74
98 102 19
98 103 8
98 104 4
98 105 65
98 106 13
98 107 93
98 108 13
98 109 46
98 110 94
98 111 86
98 112 36
98 113 80
98 114 96
98 115 50
98 116 36
98 117 48
98 118 32
98 119 43
99 100 37
99 101 78
99 102 21
99 103 60
99 104 52
99 105 47
99 106 57
99 107 28
99 108 22
99 109 34
99 110 77
99 111 44
99 112 32
99 113 35
99 114 55
99 115 49
99 116 7
99 117 27
99 118 75
99 119 70
100 101 63
100 102 64
100 103 55
100 104 74
100 105 1
100 106 38
100 107 25
100 108 55
100 109 27
100 110 23
100 111 31
100 112 96
100 113 53
100 114 70
100 115 90
100 116 83
100 117 73
100 118 51
100 119 98
101 102 52
101 103 59
101 104 66
101 105 97
101 106 66
101 107 55
101 108 71
101 109 88
101 110 64
101 111 10
101 112 73
101 113 35
101 114 13
101 115 55
101 116 46
101 117 84
101 118 94
101 119 68
102 103 56
102 104 1
102 105 45
102 106 58
102 107 60
102 108 80
102 109 24
102 110 73
102 111 79
102 112 100
102 113 39
102 114 36
102 115 48
102 116 11
102 117 47
102 118 82
102 119 64
103 104 96
103 105 92
103 106 45
103 107 78
103 108 5
103 109 50
103 110 54
103 111 35
103 112 44
103 113 21
103 114 32
103 115 97
103 116 61
103 117 22
103 118 81
103 119 34
104 105 24
104 106 99
104 107 33
104 108 96
104 109 10
104 110 76
104 111 1
104 112 43
104 113 41
104 114 97
104 115 76
104 116 63
104 117 96
104 118 73
104 119 78
105 106 27
105 107 20
105 108 4
105 109 10
105 110 70
105 111 24
105 112 37
105 113 88
105 114 63
105 115 67
105 116 22
105 117 46
105 118 20
105 119 29
106 107 100
106 108 20
106 109 41
106 110 3
106 111 25
106 112 81
106 113 78
106 114 71
106 115 85
106 116 64
106 117 99
106 118 46
106 119 34
107 108 1
107 109 64
107 110 20
107 111 16
107 112 4
107 113 10
107 114 12
107 115 39
107 116 40
107 117 47
107 118 49
107 119 29
108 109 9
108 110 95
108 111 56
108 112 10
108 113 18
108 114 12
108 115 60
108 116 16
108 117 77
108 118 53
108 119 51
109 110 33
109 111 93
109 112 62
109 113 30
109 114 33
109 115 62
109 116 90
109 117 91
109 118 71
109 119 27
110 111 74
110 112 81
110 113 31
110 114 58
110 115 89
110 116 41
110 117 80
110 118 76
110 119 30
111 112 27
111 113 8
111 114 82
111 115 58
111 116 50
111 117 11
111 118 45
111 119 57
112 113 72
112 114 12
112 115 24
112 116 72
112 117 45
112 118 65
112 119 51
113 114 96
113 115 33
113 116 29
113 117 82
113 118 83
113 119 31
114 115 74
114 116 56
114 117 67
114 118 11
114 119 50
115 116 29
115 117 73
115 118 58
115 119 74
116 117 48
116 118 18
116 119 98
117 118 39
117 119 12
118 119 1
