12 4 ds 2 3 3 4 3 5 2 3 
0 1 73
0 2 72
0 3 79
0 4 42
0 5 91
0 6 53
0 7 38
0 8 1
0 9 89
0 10 42
0 11 35
1 2 64
1 3 80
1 4 48
1 5 88
1 6 43
1 7 10
1 8 55
1 9 69
1 10 3
1 11 45
2 3 70
2 4 83
2 5 20
2 6 79
2 7 84
2 8 14
2 9 91
2 10 25
2 11 92
3 4 57
3 5 37
3 6 9
3 7 95
3 8 78
3 9 48
3 10 27
3 11 28
4 5 96
4 6 89
4 7 13
4 8 61
4 9 36
4 10 91
4 11 70
5 6 13
5 7 92
5 8 85
5 9 66
5 10 36
5 11 69
6 7 8
6 8 47
6 9 0
6 10 34
6 11 88
7 8 25
7 9 45
7 10 72
7 11 88
8 9 54
8 10 62
8 11 74
9 10 15
9 11 76
10 11 42
