60 6 ds 10 11 10 10 9 10 7 10 7 10 10 14 
0 1 64
0 2 48
0 3 83
0 4 42
0 5 69
0 6 62
0 7 70
0 8 99
0 9 5
0 10 10
0 11 47
0 12 5
0 13 70
0 14 83
0 15 62
0 16 75
0 17 43
0 18 84
0 19 62
0 20 47
0 21 81
0 22 83
0 23 90
0 24 71
0 25 57
0 26 99
0 27 50
0 28 61
0 29 3
0 30 72
0 31 77
0 32 59
0 33 85
0 34 4
0 35 29
0 36 13
0 37 45
0 38 6
0 39 87
0 40 91
0 41 53
0 42 3
0 43 41
0 44 53
0 45 4
0 46 7
0 47 89
0 48 48
0 49 57
0 50 51
0 51 66
0 52 4
0 53 44
0 54 84
0 55 57
0 56 84
0 57 45
0 58 49
0 59 19
1 2 68
1 3 74
1 4 28
1 5 91
1 6 25
1 7 12
1 8 2
1 9 69
1 10 3
1 11 51
1 12 92
1 13 97
1 14 35
1 15 85
1 16 11
1 17 60
1 18 63
1 19 6
1 20 82
1 21 98
1 22 6
1 23 78
1 24 57
1 25 46
1 26 62
1 27 95
1 28 10
1 29 12
1 30 40
1 31 45
1 32 11
1 33 16
1 34 15
1 35 59
1 36 73
1 37 60
1 38 54
1 39 11
1 40 57
1 41 88
1 42 62
1 43 66
1 44 76
1 45 22
1 46 1
1 47 55
1 48 98
1 49 100
1 50 52
1 51 44
1 52 37
1 53 97
1 54 18
1 55 11
1 56 26
1 57 82
1 58 90
1 59 74
2 3 38
2 4 72
2 5 30
2 6 0
2 7 55
2 8 33
2 9 3
2 10 81
2 11 3
2 12 91
2 13 66
2 14 56
2 15 95
2 16 70
2 17 25
2 18 24
2 19 91
2 20 35
2 21 86
2 22 86
2 23 75
2 24 42
2 25 80
2 26 78
2 27 23
2 28 12
2 29 78
2 30 61
2 31 30
2 32 65
2 33 75
2 34 81
2 35 87
2 36 56
2 37 11
2 38 45
2 39 70
2 40 73
2 41 83
2 42 58
2 43 48
2 44 23
2 45 8
2 46 65
2 47 84
2 48 27
2 49 18
2 50 82
2 51 29
2 52 40
2 53 90
2 54 86
2 55 47
2 56 41
2 57 51
2 58 51
2 59 18
3 4 1
3 5 46
3 6 7
3 7 75
3 8 4
3 9 6
3 10 41
3 11 10
3 12 97
3 13 1
3 14 44
3 15 24
3 16 13
3 17 12
3 18 44
3 19 67
3 20 86
3 21 52
3 22 28
3 23 32
3 24 9
3 25 32
3 26 74
3 27 96
3 28 68
3 29 81
3 30 6
3 31 90
3 32 90
3 33 86
3 34 69
3 35 91
3 36 60
3 37 86
3 38 31
3 39 11
3 40 89
3 41 97
3 42 8
3 43 54
3 44 93
3 45 0
3 46 71
3 47 48
3 48 95
3 49 81
3 50 71
3 51 19
3 52 6
3 53 32
3 54 99
3 55 26
3 56 57
3 57 68
3 58 30
3 59 100
4 5 90
4 6 22
4 7 75
4 8 15
4 9 29
4 10 21
4 11 7
4 12 89
4 13 90
4 14 46
4 15 77
4 16 77
4 17 41
4 18 54
4 19 34
4 20 67
4 21 59
4 22 61
4 23 53
4 24 90
4 25 18
4 26 47
4 27 53
4 28 17
4 29 7
4 30 73
4 31 1
4 32 47
4 33 73
4 34 57
4 35 91
4 36 15
4 37 63
4 38 58
4 39 4
4 40 4
4 41 71
4 42 89
4 43 1
4 44 67
4 45 16
4 46 82
4 47 45
4 48 11
4 49 99
4 50 74
4 51 13
4 52 19
4 53 22
4 54 53
4 55 80
4 56 5
4 57 51
4 58 9
4 59 91
5 6 40
5 7 11
5 8 95
5 9 24
5 10 40
5 11 82
5 12 18
5 13 47
5 14 23
5 15 45
5 16 4
5 17 7
5 18 94
5 19 31
5 20 83
5 21 31
5 22 5
5 23 85
5 24 57
5 25 96
5 26 85
5 27 78
5 28 65
5 29 19
5 30 44
5 31 21
5 32 36
5 33 11
5 34 58
5 35 59
5 36 11
5 37 35
5 38 36
5 39 42
5 40 10
5 41 87
5 42 2
5 43 97
5 44 26
5 45 65
5 46 10
5 47 30
5 48 55
5 49 58
5 50 99
5 51 4
5 52 71
5 53 25
5 54 75
5 55 92
5 56 9
5 57 20
5 58 94
5 59 2
6 7 4
6 8 23
6 9 77
6 10 10
6 11 100
6 12 60
6 13 6
6 14 42
6 15 55
6 16 23
6 17 63
6 18 31
6 19 89
6 20 49
6 21 43
6 22 4
6 23 72
6 24 25
6 25 79
6 26 23
6 27 28
6 28 51
6 29 20
6 30 58
6 31 36
6 32 92
6 33 57
6 34 29
6 35 35
6 36 16
6 37 59
6 38 90
6 39 96
6 40 61
6 41 86
6 42 61
6 43 13
6 44 94
6 45 44
6 46 18
6 47 92
6 48 35
6 49 0
6 50 88
6 51 54
6 52 78
6 53 0
6 54 34
6 55 15
6 56 63
6 57 100
6 58 71
6 59 64
7 8 48
7 9 58
7 10 92
7 11 25
7 12 98
7 13 73
7 14 77
7 15 70
7 16 4
7 17 15
7 18 81
7 19 46
7 20 64
7 21 49
7 22 19
7 23 67
7 24 17
7 25 29
7 26 31
7 27 63
7 28 95
7 29 78
7 30 74
7 31 81
7 32 75
7 33 34
7 34 43
7 35 91
7 36 92
7 37 97
7 38 98
7 39 98
7 40 61
7 41 36
7 42 56
7 43 24
7 44 17
7 45 74
7 46 89
7 47 92
7 48 38
7 49 82
7 50 15
7 51 54
7 52 26
7 53 34
7 54 85
7 55 66
7 56 80
7 57 93
7 58 65
7 59 35
8 9 21
8 10 35
8 11 73
8 12 25
8 13 73
8 14 5
8 15 76
8 16 95
8 17 36
8 18 32
8 19 58
8 20 41
8 21 71
8 22 6
8 23 72
8 24 3
8 25 20
8 26 72
8 27 74
8 28 79
8 29 65
8 30 64
8 31 11
8 32 82
8 33 69
8 34 35
8 35 36
8 36 76
8 37 49
8 38 72
8 39 96
8 40 65
8 41 24
8 42 2
8 43 7
8 44 91
8 45 87
8 46 65
8 47 82
8 48 49
8 49 38
8 50 78
8 51 4
8 52 22
8 53 98
8 54 94
8 55 65
8 56 43
8 57 100
8 58 93
8 59 7
9 10 65
9 11 17
9 12 74
9 13 14
9 14 5
9 15 85
9 16 81
9 17 58
9 18 59
9 19 21
9 20 94
9 21 16
9 22 55
9 23 85
9 24 81
9 25 35
9 26 46
9 27 98
9 28 30
9 29 82
9 30 93
9 31 15
9 32 72
9 33 65
9 34 47
9 35 3
9 36 89
9 37 11
9 38 38
9 39 73
9 40 79
9 41 54
9 42 45
9 43 8
9 44 45
9 45 65
9 46 11
9 47 37
9 48 99
9 49 14
9 50 99
9 51 3
9 52 78
9 53 55
9 54 65
9 55 80
9 56 34
9 57 3
9 58 66
9 59 68
10 11 37
10 12 39
10 13 54
10 14 84
10 15 62
10 16 36
10 17 0
10 18 46
10 19 19
10 20 28
10 21 60
10 22 86
10 23 76
10 24 35
10 25 80
10 26 94
10 27 98
10 28 90
10 29 46
10 30 37
10 31 46
10 32 80
10 33 31
10 34 42
10 35 25
10 36 4
10 37 98
10 38 29
10 39 25
10 40 86
10 41 81
10 42 12
10 43 47
10 44 26
10 45 26
10 46 71
10 47 81
10 48 93
10 49 35
10 50 98
10 51 91
10 52 6
10 53 0
10 54 63
10 55 100
10 56 39
10 57 15
10 58 84
10 59 34
11 12 53
11 13 69
11 14 88
11 15 65
11 16 21
11 17 84
11 18 45
11 19 24
11 20 89
11 21 85
11 22 6
11 23 57
11 24 66
11 25 77
11 26 41
11 27 60
11 28 33
11 29 79
11 30 61
11 31 90
11 32 67
11 33 59
11 34 78
11 35 49
11 36 29
11 37 38
11 38 23
11 39 96
11 40 37
11 41 2
11 42 47
11 43 19
11 44 63
11 45 31
11 46 61
11 47 77
11 48 48
11 49 16
11 50 50
11 51 81
11 52 25
11 53 99
11 54 54
11 55 25
11 56 75
11 57 82
11 58 86
11 59 21
12 13 87
12 14 82
12 15 59
12 16 64
12 17 22
12 18 80
12 19 29
12 20 7
12 21 88
12 22 49
12 23 8
12 24 36
12 25 46
12 26 33
12 27 57
12 28 17
12 29 1
12 30 60
12 31 42
12 32 61
12 33 97
12 34 61
12 35 0
12 36 63
12 37 27
12 38 96
12 39 95
12 40 9
12 41 48
12 42 99
12 43 99
12 44 63
12 45 1
12 46 95
12 47 91
12 48 53
12 49 61
12 50 18
12 51 95
12 52 1
12 53 92
12 54 71
12 55 44
12 56 11
12 57 30
12 58 78
12 59 38
13 14 61
13 15 12
13 16 96
13 17 52
13 18 8
13 19 92
13 20 38
13 21 90
13 22 100
13 23 47
13 24 36
13 25 97
13 26 47
13 27 68
13 28 55
13 29 13
13 30 7
13 31 60
13 32 30
13 33 56
13 34 34
13 35 87
13 36 47
13 37 11
13 38 72
13 39 75
13 40 28
13 41 44
13 42 0
13 43 83
13 44 66
13 45 28
13 46 60
13 47 15
13 48 34
13 49 90
13 50 93
13 51 79
13 52 40
13 53 33
13 54 29
13 55 48
13 56 19
13 57 55
13 58 41
13 59 78
14 15 33
14 16 60
14 17 37
14 18 88
14 19 29
14 20 51
14 21 14
14 22 12
14 23 19
14 24 4
14 25 31
14 26 61
14 27 58
14 28 92
14 29 61
14 30 45
14 31 6
14 32 93
14 33 84
14 34 36
14 35 31
14 36 61
14 37 83
14 38 90
14 39 53
14 40 43
14 41 76
14 42 17
14 43 61
14 44 24
14 45 14
14 46 66
14 47 88
14 48 83
14 49 64
14 50 5
14 51 27
14 52 33
14 53 65
14 54 76
14 55 69
14 56 61
14 57 11
14 58 61
14 59 38
15 16 49
15 17 29
15 18 40
15 19 85
15 20 57
15 21 59
15 22 72
15 23 71
15 24 22
15 25 6
15 26 55
15 27 44
15 28 40
15 29 31
15 30 14
15 31 8
15 32 15
15 33 35
15 34 51
15 35 5
15 36 85
15 37 29
15 38 70
15 39 79
15 40 72
15 41 68
15 42 78
15 43 100
15 44 80
15 45 87
15 46 57
15 47 87
15 48 18
15 49 53
15 50 46
15 51 32
15 52 42
15 53 56
15 54 1
15 55 27
15 56 48
15 57 90
15 58 46
15 59 60
16 17 57
16 18 36
16 19 20
16 20 71
16 21 98
16 22 61
16 23 99
16 24 59
16 25 71
16 26 68
16 27 16
16 28 70
16 29 34
16 30 48
16 31 24
16 32 37
16 33 24
16 34 65
16 35 22
16 36 54
16 37 34
16 38 18
16 39 44
16 40 4
16 41 96
16 42 34
16 43 99
16 44 31
16 45 46
16 46 46
16 47 31
16 48 53
16 49 14
16 50 4
16 51 94
16 52 60
16 53 64
16 54 10
16 55 72
16 56 63
16 57 48
16 58 70
16 59 0
17 18 47
17 19 52
17 20 73
17 21 58
17 22 9
17 23 87
17 24 9
17 25 69
17 26 29
17 27 100
17 28 17
17 29 11
17 30 99
17 31 70
17 32 47
17 33 92
17 34 60
17 35 32
17 36 72
17 37 26
17 38 57
17 39 63
17 40 38
17 41 95
17 42 99
17 43 18
17 44 91
17 45 20
17 46 57
17 47 22
17 48 46
17 49 74
17 50 17
17 51 65
17 52 60
17 53 97
17 54 23
17 55 27
17 56 82
17 57 51
17 58 70
17 59 26
18 19 15
18 20 26
18 21 15
18 22 97
18 23 97
18 24 53
18 25 99
18 26 6
18 27 64
18 28 99
18 29 17
18 30 90
18 31 58
18 32 41
18 33 85
18 34 6
18 35 59
18 36 35
18 37 97
18 38 69
18 39 50
18 40 21
18 41 78
18 42 37
18 43 9
18 44 85
18 45 3
18 46 22
18 47 48
18 48 97
18 49 72
18 50 13
18 51 11
18 52 3
18 53 56
18 54 2
18 55 18
18 56 10
18 57 54
18 58 37
18 59 78
19 20 21
19 21 39
19 22 24
19 23 25
19 24 46
19 25 89
19 26 67
19 27 58
19 28 99
19 29 4
19 30 41
19 31 39
19 32 67
19 33 2
19 34 27
19 35 32
19 36 65
19 37 57
19 38 87
19 39 19
19 40 10
19 41 39
19 42 69
19 43 9
19 44 92
19 45 3
19 46 100
19 47 51
19 48 50
19 49 46
19 50 11
19 51 65
19 52 25
19 53 93
19 54 83
19 55 76
19 56 73
19 57 68
19 58 58
19 59 71
20 21 46
20 22 20
20 23 3
20 24 62
20 25 46
20 26 43
20 27 21
20 28 85
20 29 87
20 30 35
20 31 99
20 32 36
20 33 59
20 34 25
20 35 0
20 36 81
20 37 27
20 38 66
20 39 32
20 40 67
20 41 41
20 42 54
20 43 52
20 44 22
20 45 97
20 46 3
20 47 4
20 48 12
20 49 14
20 50 80
20 51 70
20 52 36
20 53 85
20 54 20
20 55 5
20 56 16
20 57 3
20 58 64
20 59 21
21 22 75
21 23 6
21 24 93
21 25 45
21 26 70
21 27 57
21 28 71
21 29 86
21 30 70
21 31 79
21 32 71
21 33 50
21 34 88
21 35 53
21 36 95
21 37 72
21 38 97
21 39 35
21 40 64
21 41 27
21 42 80
21 43 26
21 44 21
21 45 78
21 46 17
21 47 21
21 48 38
21 49 26
21 50 31
21 51 33
21 52 89
21 53 38
21 54 74
21 55 54
21 56 38
21 57 29
21 58 60
21 59 47
22 23 44
22 24 67
22 25 89
22 26 21
22 27 94
22 28 27
22 29 63
22 30 32
22 31 100
22 32 94
22 33 21
22 34 36
22 35 61
22 36 62
22 37 91
22 38 70
22 39 62
22 40 55
22 41 79
22 42 18
22 43 5
22 44 84
22 45 56
22 46 43
22 47 41
22 48 64
22 49 59
22 50 30
22 51 79
22 52 29
22 53 36
22 54 10
22 55 51
22 56 72
22 57 55
22 58 37
22 59 2
23 24 42
23 25 98
23 26 26
23 27 24
23 28 13
23 29 80
23 30 51
23 31 99
23 32 30
23 33 78
23 34 23
23 35 29
23 36 85
23 37 94
23 38 21
23 39 13
23 40 0
23 41 73
23 42 17
23 43 76
23 44 50
23 45 78
23 46 28
23 47 33
23 48 91
23 49 13
23 50 97
23 51 15
23 52 59
23 53 26
23 54 70
23 55 63
23 56 74
23 57 79
23 58 12
23 59 18
24 25 88
24 26 0
24 27 83
24 28 96
24 29 72
24 30 58
24 31 96
24 32 37
24 33 69
24 34 79
24 35 87
24 36 81
24 37 35
24 38 11
24 39 88
24 40 93
24 41 4
24 42 92
24 43 28
24 44 69
24 45 2
24 46 69
24 47 24
24 48 89
24 49 6
24 50 0
24 51 41
24 52 67
24 53 53
24 54 16
24 55 5
24 56 58
24 57 63
24 58 15
24 59 57
25 26 86
25 27 53
25 28 50
25 29 44
25 30 84
25 31 38
25 32 86
25 33 74
25 34 50
25 35 79
25 36 1
25 37 92
25 38 80
25 39 22
25 40 15
25 41 12
25 42 29
25 43 36
25 44 56
25 45 42
25 46 97
25 47 43
25 48 20
25 49 33
25 50 27
25 51 69
25 52 45
25 53 26
25 54 14
25 55 42
25 56 81
25 57 27
25 58 21
25 59 35
26 27 14
26 28 31
26 29 1
26 30 52
26 31 47
26 32 10
26 33 89
26 34 36
26 35 7
26 36 37
26 37 6
26 38 100
26 39 79
26 40 16
26 41 4
26 42 40
26 43 69
26 44 75
26 45 21
26 46 20
26 47 41
26 48 18
26 49 76
26 50 29
26 51 86
26 52 30
26 53 18
26 54 12
26 55 26
26 56 22
26 57 77
26 58 55
26 59 44
27 28 75
27 29 44
27 30 73
27 31 93
27 32 53
27 33 77
27 34 90
27 35 11
27 36 27
27 37 42
27 38 24
27 39 66
27 40 43
27 41 45
27 42 97
27 43 83
27 44 11
27 45 89
27 46 43
27 47 67
27 48 21
27 49 81
27 50 7
27 51 58
27 52 91
27 53 13
27 54 17
27 55 2
27 56 97
27 57 63
27 58 86
27 59 73
28 29 11
28 30 17
28 31 98
28 32 79
28 33 52
28 34 84
28 35 33
28 36 87
28 37 60
28 38 31
28 39 7
28 40 89
28 41 36
28 42 20
28 43 30
28 44 69
28 45 11
28 46 79
28 47 29
28 48 55
28 49 75
28 50 60
28 51 43
28 52 52
28 53 71
28 54 92
28 55 54
28 56 89
28 57 52
28 58 39
28 59 23
29 30 6
29 31 95
29 32 57
29 33 24
29 34 17
29 35 18
29 36 48
29 37 92
29 38 2
29 39 44
29 40 88
29 41 59
29 42 4
29 43 22
29 44 94
29 45 82
29 46 27
29 47 71
29 48 18
29 49 57
29 50 52
29 51 68
29 52 43
29 53 32
29 54 56
29 55 88
29 56 67
29 57 81
29 58 67
29 59 100
30 31 62
30 32 14
30 33 35
30 34 91
30 35 79
30 36 81
30 37 57
30 38 86
30 39 52
30 40 86
30 41 95
30 42 67
30 43 9
30 44 11
30 45 62
30 46 12
30 47 0
30 48 1
30 49 52
30 50 64
30 51 66
30 52 58
30 53 32
30 54 47
30 55 9
30 56 33
30 57 76
30 58 39
30 59 75
31 32 59
31 33 19
31 34 58
31 35 9
31 36 68
31 37 36
31 38 11
31 39 38
31 40 87
31 41 34
31 42 48
31 43 74
31 44 73
31 45 3
31 46 6
31 47 61
31 48 11
31 49 65
31 50 3
31 51 20
31 52 35
31 53 21
31 54 26
31 55 70
31 56 16
31 57 68
31 58 19
31 59 87
32 33 69
32 34 78
32 35 41
32 36 77
32 37 58
32 38 33
32 39 59
32 40 2
32 41 24
32 42 24
32 43 60
32 44 37
32 45 41
32 46 34
32 47 56
32 48 19
32 49 37
32 50 74
32 51 65
32 52 91
32 53 2
32 54 90
32 55 37
32 56 70
32 57 73
32 58 87
32 59 48
33 34 19
33 35 79
33 36 36
33 37 39
33 38 43
33 39 2
33 40 13
33 41 68
33 42 85
33 43 34
33 44 22
33 45 91
33 46 3
33 47 32
33 48 27
33 49 99
33 50 69
33 51 20
33 52 27
33 53 90
33 54 76
33 55 55
33 56 21
33 57 11
33 58 60
33 59 97
34 35 26
34 36 2
34 37 36
34 38 14
34 39 46
34 40 20
34 41 10
34 42 25
34 43 20
34 44 65
34 45 73
34 46 87
34 47 85
34 48 13
34 49 24
34 50 41
34 51 54
34 52 43
34 53 41
34 54 11
34 55 40
34 56 63
34 57 11
34 58 87
34 59 48
35 36 61
35 37 13
35 38 9
35 39 96
35 40 10
35 41 43
35 42 84
35 43 44
35 44 13
35 45 67
35 46 32
35 47 59
35 48 83
35 49 1
35 50 94
35 51 20
35 52 93
35 53 62
35 54 45
35 55 77
35 56 73
35 57 57
35 58 15
35 59 31
36 37 65
36 38 51
36 39 36
36 40 6
36 41 40
36 42 60
36 43 88
36 44 48
36 45 81
36 46 98
36 47 12
36 48 12
36 49 69
36 50 59
36 51 90
36 52 30
36 53 40
36 54 80
36 55 95
36 56 73
36 57 56
36 58 76
36 59 28
37 38 23
37 39 36
37 40 59
37 41 92
37 42 39
37 43 12
37 44 6
37 45 53
37 46 83
37 47 16
37 48 78
37 49 30
37 50 10
37 51 92
37 52 35
37 53 26
37 54 93
37 55 0
37 56 95
37 57 51
37 58 10
37 59 87
38 39 55
38 40 35
38 41 4
38 42 87
38 43 54
38 44 1
38 45 60
38 46 45
38 47 37
38 48 20
38 49 44
38 50 76
38 51 60
38 52 28
38 53 63
38 54 42
38 55 70
38 56 70
38 57 35
38 58 4
38 59 87
39 40 78
39 41 28
39 42 98
39 43 39
39 44 16
39 45 99
39 46 15
39 47 11
39 48 91
39 49 48
39 50 7
39 51 17
39 52 88
39 53 39
39 54 4
39 55 25
39 56 100
39 57 33
39 58 1
39 59 76
40 41 68
40 42 62
40 43 24
40 44 91
40 45 67
40 46 43
40 47 65
40 48 45
40 49 9
40 50 94
40 51 49
40 52 71
40 53 58
40 54 63
40 55 52
40 56 15
40 57 60
40 58 14
40 59 72
41 42 2
41 43 85
41 44 24
41 45 35
41 46 63
41 47 37
41 48 72
41 49 38
41 50 72
41 51 98
41 52 67
41 53 10
41 54 32
41 55 56
41 56 35
41 57 66
41 58 39
41 59 3
42 43 70
42 44 57
42 45 97
42 46 80
42 47 73
42 48 55
42 49 3
42 50 54
42 51 27
42 52 90
42 53 25
42 54 87
42 55 41
42 56 77
42 57 43
42 58 74
42 59 71
43 44 8
43 45 94
43 46 65
43 47 42
43 48 100
43 49 97
43 50 26
43 51 40
43 52 4
43 53 100
43 54 70
43 55 67
43 56 97
43 57 22
43 58 15
43 59 32
44 45 71
44 46 14
44 47 98
44 48 41
44 49 90
44 50 25
44 51 49
44 52 22
44 53 80
44 54 60
44 55 30
44 56 67
44 57 68
44 58 33
44 59 43
45 46 69
45 47 52
45 48 35
45 49 48
45 50 11
45 51 2
45 52 66
45 53 83
45 54 11
45 55 52
45 56 89
45 57 84
45 58 22
45 59 57
46 47 66
46 48 74
46 49 0
46 50 61
46 51 75
46 52 24
46 53 41
46 54 5
46 55 28
46 56 9
46 57 94
46 58 88
46 59 69
47 48 37
47 49 32
47 50 62
47 51 67
47 52 55
47 53 75
47 54 51
47 55 1
47 56 11
47 57 72
47 58 32
47 59 60
48 49 59
48 50 13
48 51 48
48 52 37
48 53 53
48 54 94
48 55 24
48 56 56
48 57 86
48 58 32
48 59 34
49 50 94
49 51 53
49 52 25
49 53 90
49 54 20
49 55 43
49 56 7
49 57 16
49 58 58
49 59 61
50 51 20
50 52 59
50 53 4
50 54 61
50 55 95
50 56 32
50 57 13
50 58 15
50 59 48
51 52 76
51 53 93
51 54 42
51 55 15
51 56 66
51 57 7
51 58 16
51 59 86
52 53 61
52 54 99
52 55 81
52 56 2
52 57 26
52 58 12
52 59 46
53 54 37
53 55 92
53 56 87
53 57 48
53 58 82
53 59 7
54 55 74
54 56 72
54 57 43
54 58 93
54 59 77
55 56 58
55 57 10
55 58 69
55 59 4
56 57 2
56 58 13
56 59 82
57 58 54
57 59 34
58 59 12
