60 6 ss 10 10 10 10 10 10 10 10 10 10 10 10 
0 1 20
0 2 8
0 3 67
0 4 96
0 5 59
0 6 60
0 7 54
0 8 61
0 9 78
0 10 76
0 11 77
0 12 69
0 13 14
0 14 69
0 15 21
0 16 87
0 17 37
0 18 70
0 19 16
0 20 97
0 21 72
0 22 91
0 23 89
0 24 29
0 25 33
0 26 17
0 27 61
0 28 93
0 29 24
0 30 91
0 31 63
0 32 56
0 33 29
0 34 26
0 35 8
0 36 46
0 37 73
0 38 6
0 39 65
0 40 73
0 41 89
0 42 45
0 43 40
0 44 98
0 45 5
0 46 38
0 47 22
0 48 67
0 49 33
0 50 11
0 51 84
0 52 99
0 53 62
0 54 25
0 55 36
0 56 68
0 57 38
0 58 16
0 59 82
1 2 35
1 3 49
1 4 2
1 5 95
1 6 67
1 7 97
1 8 19
1 9 67
1 10 96
1 11 71
1 12 35
1 13 70
1 14 5
1 15 2
1 16 93
1 17 35
1 18 52
1 19 40
1 20 67
1 21 16
1 22 30
1 23 5
1 24 3
1 25 38
1 26 85
1 27 53
1 28 91
1 29 91
1 30 83
1 31 85
1 32 45
1 33 10
1 34 95
1 35 36
1 36 69
1 37 20
1 38 78
1 39 18
1 40 18
1 41 12
1 42 98
1 43 23
1 44 28
1 45 39
1 46 63
1 47 72
1 48 44
1 49 66
1 50 70
1 51 85
1 52 69
1 53 89
1 54 18
1 55 22
1 56 13
1 57 9
1 58 28
1 59 95
2 3 85
2 4 84
2 5 71
2 6 55
2 7 27
2 8 40
2 9 84
2 10 65
2 11 34
2 12 47
2 13 90
2 14 49
2 15 29
2 16 92
2 17 3
2 18 35
2 19 47
2 20 18
2 21 23
2 22 41
2 23 3
2 24 37
2 25 56
2 26 56
2 27 14
2 28 17
2 29 86
2 30 53
2 31 22
2 32 33
2 33 94
2 34 76
2 35 62
2 36 15
2 37 58
2 38 84
2 39 87
2 40 47
2 41 73
2 42 72
2 43 88
2 44 63
2 45 5
2 46 35
2 47 10
2 48 44
2 49 0
2 50 33
2 51 84
2 52 19
2 53 8
2 54 84
2 55 59
2 56 69
2 57 94
2 58 58
2 59 39
3 4 57
3 5 21
3 6 70
3 7 50
3 8 48
3 9 21
3 10 69
3 11 34
3 12 86
3 13 27
3 14 40
3 15 97
3 16 24
3 17 9
3 18 50
3 19 77
3 20 45
3 21 81
3 22 33
3 23 64
3 24 93
3 25 63
3 26 0
3 27 21
3 28 81
3 29 33
3 30 49
3 31 25
3 32 34
3 33 20
3 34 95
3 35 19
3 36 40
3 37 94
3 38 37
3 39 38
3 40 84
3 41 59
3 42 2
3 43 78
3 44 92
3 45 72
3 46 50
3 47 80
3 48 17
3 49 100
3 50 75
3 51 46
3 52 15
3 53 40
3 54 87
3 55 18
3 56 40
3 57 25
3 58 49
3 59 76
4 5 76
4 6 68
4 7 71
4 8 42
4 9 67
4 10 69
4 11 87
4 12 69
4 13 59
4 14 99
4 15 79
4 16 23
4 17 78
4 18 0
4 19 6
4 20 22
4 21 26
4 22 79
4 23 3
4 24 38
4 25 41
4 26 51
4 27 67
4 28 19
4 29 17
4 30 38
4 31 53
4 32 46
4 33 91
4 34 48
4 35 71
4 36 88
4 37 87
4 38 25
4 39 10
4 40 73
4 41 70
4 42 7
4 43 92
4 44 3
4 45 11
4 46 32
4 47 85
4 48 41
4 49 50
4 50 72
4 51 27
4 52 93
4 53 44
4 54 39
4 55 82
4 56 48
4 57 92
4 58 32
4 59 8
5 6 5
5 7 28
5 8 56
5 9 82
5 10 54
5 11 90
5 12 94
5 13 66
5 14 94
5 15 31
5 16 63
5 17 99
5 18 65
5 19 16
5 20 80
5 21 66
5 22 90
5 23 29
5 24 69
5 25 69
5 26 81
5 27 80
5 28 59
5 29 36
5 30 11
5 31 27
5 32 38
5 33 52
5 34 76
5 35 81
5 36 93
5 37 6
5 38 23
5 39 23
5 40 0
5 41 55
5 42 28
5 43 12
5 44 32
5 45 84
5 46 8
5 47 57
5 48 99
5 49 78
5 50 38
5 51 86
5 52 40
5 53 97
5 54 32
5 55 96
5 56 19
5 57 71
5 58 70
5 59 99
6 7 89
6 8 51
6 9 97
6 10 85
6 11 94
6 12 79
6 13 10
6 14 96
6 15 73
6 16 63
6 17 9
6 18 23
6 19 15
6 20 2
6 21 25
6 22 43
6 23 17
6 24 28
6 25 31
6 26 18
6 27 51
6 28 5
6 29 67
6 30 96
6 31 29
6 32 78
6 33 5
6 34 21
6 35 75
6 36 1
6 37 48
6 38 89
6 39 4
6 40 47
6 41 30
6 42 18
6 43 98
6 44 27
6 45 52
6 46 8
6 47 75
6 48 3
6 49 46
6 50 77
6 51 54
6 52 15
6 53 88
6 54 4
6 55 6
6 56 27
6 57 23
6 58 19
6 59 24
7 8 1
7 9 65
7 10 71
7 11 69
7 12 13
7 13 97
7 14 32
7 15 94
7 16 100
7 17 65
7 18 65
7 19 7
7 20 15
7 21 39
7 22 25
7 23 67
7 24 99
7 25 54
7 26 15
7 27 81
7 28 44
7 29 39
7 30 32
7 31 68
7 32 36
7 33 90
7 34 73
7 35 40
7 36 52
7 37 39
7 38 74
7 39 82
7 40 77
7 41 20
7 42 35
7 43 1
7 44 79
7 45 30
7 46 88
7 47 34
7 48 2
7 49 41
7 50 62
7 51 22
7 52 6
7 53 49
7 54 98
7 55 10
7 56 73
7 57 55
7 58 32
7 59 72
8 9 45
8 10 16
8 11 89
8 12 27
8 13 78
8 14 67
8 15 13
8 16 31
8 17 74
8 18 35
8 19 70
8 20 34
8 21 16
8 22 44
8 23 12
8 24 90
8 25 66
8 26 59
8 27 49
8 28 67
8 29 97
8 30 81
8 31 3
8 32 25
8 33 61
8 34 36
8 35 88
8 36 94
8 37 98
8 38 63
8 39 9
8 40 34
8 41 70
8 42 14
8 43 86
8 44 47
8 45 25
8 46 92
8 47 34
8 48 88
8 49 73
8 50 98
8 51 11
8 52 81
8 53 42
8 54 93
8 55 47
8 56 78
8 57 14
8 58 41
8 59 71
9 10 43
9 11 38
9 12 46
9 13 78
9 14 2
9 15 93
9 16 28
9 17 14
9 18 56
9 19 52
9 20 55
9 21 7
9 22 55
9 23 70
9 24 41
9 25 13
9 26 54
9 27 92
9 28 93
9 29 56
9 30 39
9 31 41
9 32 77
9 33 34
9 34 35
9 35 21
9 36 41
9 37 35
9 38 61
9 39 82
9 40 54
9 41 11
9 42 58
9 43 2
9 44 26
9 45 97
9 46 29
9 47 47
9 48 70
9 49 29
9 50 1
9 51 39
9 52 8
9 53 93
9 54 37
9 55 74
9 56 35
9 57 31
9 58 21
9 59 57
10 11 7
10 12 43
10 13 66
10 14 18
10 15 81
10 16 98
10 17 64
10 18 70
10 19 67
10 20 9
10 21 78
10 22 79
10 23 29
10 24 33
10 25 83
10 26 88
10 27 19
10 28 58
10 29 56
10 30 94
10 31 71
10 32 87
10 33 95
10 34 3
10 35 9
10 36 26
10 37 84
10 38 26
10 39 66
10 40 38
10 41 49
10 42 70
10 43 100
10 44 44
10 45 34
10 46 45
10 47 38
10 48 85
10 49 16
10 50 52
10 51 76
10 52 99
10 53 74
10 54 82
10 55 14
10 56 23
10 57 23
10 58 90
10 59 60
11 12 91
11 13 40
11 14 21
11 15 14
11 16 42
11 17 3
11 18 77
11 19 57
11 20 39
11 21 27
11 22 47
11 23 98
11 24 80
11 25 4
11 26 92
11 27 73
11 28 56
11 29 60
11 30 13
11 31 16
11 32 13
11 33 68
11 34 16
11 35 84
11 36 77
11 37 62
11 38 83
11 39 31
11 40 4
11 41 76
11 42 100
11 43 79
11 44 43
11 45 89
11 46 30
11 47 84
11 48 97
11 49 18
11 50 39
11 51 47
11 52 68
11 53 56
11 54 90
11 55 94
11 56 79
11 57 85
11 58 39
11 59 58
12 13 9
12 14 16
12 15 44
12 16 52
12 17 83
12 18 47
12 19 71
12 20 27
12 21 53
12 22 47
12 23 44
12 24 59
12 25 93
12 26 47
12 27 0
12 28 14
12 29 50
12 30 83
12 31 63
12 32 53
12 33 92
12 34 8
12 35 16
12 36 47
12 37 11
12 38 62
12 39 99
12 40 16
12 41 70
12 42 61
12 43 34
12 44 96
12 45 99
12 46 44
12 47 27
12 48 98
12 49 39
12 50 14
12 51 38
12 52 9
12 53 49
12 54 56
12 55 98
12 56 42
12 57 21
12 58 3
12 59 19
13 14 58
13 15 72
13 16 37
13 17 67
13 18 22
13 19 55
13 20 61
13 21 85
13 22 96
13 23 7
13 24 13
13 25 32
13 26 2
13 27 21
13 28 55
13 29 53
13 30 21
13 31 9
13 32 26
13 33 10
13 34 75
13 35 8
13 36 26
13 37 98
13 38 33
13 39 54
13 40 53
13 41 6
13 42 66
13 43 11
13 44 18
13 45 15
13 46 78
13 47 83
13 48 18
13 49 32
13 50 22
13 51 63
13 52 57
13 53 21
13 54 81
13 55 45
13 56 84
13 57 10
13 58 65
13 59 29
14 15 64
14 16 85
14 17 78
14 18 55
14 19 3
14 20 29
14 21 58
14 22 41
14 23 88
14 24 49
14 25 0
14 26 66
14 27 72
14 28 7
14 29 16
14 30 65
14 31 47
14 32 94
14 33 82
14 34 36
14 35 58
14 36 51
14 37 97
14 38 87
14 39 95
14 40 27
14 41 45
14 42 82
14 43 41
14 44 98
14 45 78
14 46 31
14 47 69
14 48 21
14 49 70
14 50 35
14 51 21
14 52 53
14 53 53
14 54 61
14 55 74
14 56 12
14 57 79
14 58 37
14 59 28
15 16 20
15 17 76
15 18 77
15 19 35
15 20 42
15 21 94
15 22 8
15 23 62
15 24 27
15 25 81
15 26 90
15 27 50
15 28 18
15 29 45
15 30 0
15 31 86
15 32 81
15 33 74
15 34 60
15 35 14
15 36 89
15 37 77
15 38 17
15 39 24
15 40 93
15 41 39
15 42 67
15 43 55
15 44 22
15 45 18
15 46 20
15 47 13
15 48 69
15 49 71
15 50 44
15 51 22
15 52 78
15 53 98
15 54 44
15 55 44
15 56 74
15 57 66
15 58 7
15 59 20
16 17 35
16 18 94
16 19 79
16 20 59
16 21 16
16 22 75
16 23 15
16 24 92
16 25 76
16 26 73
16 27 1
16 28 38
16 29 40
16 30 51
16 31 32
16 32 58
16 33 99
16 34 47
16 35 10
16 36 78
16 37 33
16 38 54
16 39 52
16 40 38
16 41 33
16 42 97
16 43 98
16 44 62
16 45 91
16 46 26
16 47 45
16 48 70
16 49 19
16 50 62
16 51 93
16 52 94
16 53 64
16 54 22
16 55 13
16 56 56
16 57 41
16 58 6
16 59 98
17 18 32
17 19 28
17 20 11
17 21 51
17 22 91
17 23 3
17 24 43
17 25 78
17 26 81
17 27 12
17 28 39
17 29 54
17 30 38
17 31 29
17 32 7
17 33 27
17 34 35
17 35 97
17 36 61
17 37 26
17 38 55
17 39 98
17 40 61
17 41 94
17 42 69
17 43 96
17 44 9
17 45 47
17 46 91
17 47 48
17 48 50
17 49 3
17 50 48
17 51 47
17 52 74
17 53 24
17 54 35
17 55 39
17 56 23
17 57 15
17 58 9
17 59 25
18 19 5
18 20 2
18 21 28
18 22 56
18 23 33
18 24 28
18 25 40
18 26 78
18 27 94
18 28 24
18 29 25
18 30 10
18 31 20
18 32 27
18 33 46
18 34 95
18 35 55
18 36 27
18 37 72
18 38 13
18 39 86
18 40 85
18 41 34
18 42 3
18 43 56
18 44 95
18 45 43
18 46 14
18 47 7
18 48 36
18 49 60
18 50 87
18 51 86
18 52 42
18 53 17
18 54 61
18 55 14
18 56 14
18 57 50
18 58 24
18 59 100
19 20 41
19 21 35
19 22 85
19 23 82
19 24 96
19 25 99
19 26 91
19 27 33
19 28 74
19 29 34
19 30 83
19 31 51
19 32 25
19 33 8
19 34 85
19 35 75
19 36 10
19 37 67
19 38 35
19 39 95
19 40 8
19 41 85
19 42 78
19 43 21
19 44 44
19 45 46
19 46 28
19 47 42
19 48 72
19 49 51
19 50 81
19 51 17
19 52 80
19 53 57
19 54 99
19 55 12
19 56 83
19 57 32
19 58 15
19 59 91
20 21 81
20 22 85
20 23 16
20 24 55
20 25 42
20 26 70
20 27 100
20 28 7
20 29 83
20 30 52
20 31 63
20 32 57
20 33 58
20 34 8
20 35 39
20 36 77
20 37 45
20 38 64
20 39 88
20 40 67
20 41 63
20 42 43
20 43 16
20 44 20
20 45 54
20 46 17
20 47 45
20 48 39
20 49 33
20 50 63
20 51 4
20 52 40
20 53 31
20 54 44
20 55 39
20 56 63
20 57 11
20 58 66
20 59 66
21 22 59
21 23 64
21 24 38
21 25 84
21 26 71
21 27 63
21 28 1
21 29 21
21 30 12
21 31 57
21 32 12
21 33 11
21 34 25
21 35 1
21 36 39
21 37 82
21 38 7
21 39 94
21 40 61
21 41 75
21 42 45
21 43 92
21 44 16
21 45 48
21 46 54
21 47 87
21 48 38
21 49 4
21 50 9
21 51 20
21 52 42
21 53 41
21 54 16
21 55 55
21 56 55
21 57 92
21 58 38
21 59 20
22 23 99
22 24 85
22 25 49
22 26 80
22 27 37
22 28 92
22 29 62
22 30 80
22 31 92
22 32 79
22 33 17
22 34 21
22 35 3
22 36 11
22 37 41
22 38 92
22 39 57
22 40 14
22 41 94
22 42 66
22 43 81
22 44 82
22 45 46
22 46 95
22 47 20
22 48 58
22 49 46
22 50 39
22 51 92
22 52 20
22 53 71
22 54 70
22 55 66
22 56 94
22 57 1
22 58 90
22 59 25
23 24 20
23 25 11
23 26 26
23 27 82
23 28 24
23 29 71
23 30 94
23 31 14
23 32 78
23 33 65
23 34 78
23 35 29
23 36 34
23 37 2
23 38 93
23 39 42
23 40 91
23 41 27
23 42 95
23 43 15
23 44 71
23 45 77
23 46 1
23 47 93
23 48 67
23 49 40
23 50 92
23 51 18
23 52 64
23 53 61
23 54 91
23 55 43
23 56 91
23 57 34
23 58 99
23 59 0
24 25 54
24 26 93
24 27 83
24 28 23
24 29 16
24 30 33
24 31 7
24 32 39
24 33 51
24 34 80
24 35 98
24 36 47
24 37 0
24 38 21
24 39 46
24 40 85
24 41 89
24 42 24
24 43 84
24 44 28
24 45 46
24 46 88
24 47 94
24 48 52
24 49 35
24 50 45
24 51 18
24 52 76
24 53 69
24 54 81
24 55 52
24 56 94
24 57 53
24 58 32
24 59 75
25 26 53
25 27 10
25 28 84
25 29 19
25 30 75
25 31 99
25 32 74
25 33 57
25 34 11
25 35 69
25 36 93
25 37 4
25 38 60
25 39 33
25 40 4
25 41 51
25 42 31
25 43 52
25 44 63
25 45 1
25 46 28
25 47 62
25 48 75
25 49 94
25 50 49
25 51 84
25 52 79
25 53 91
25 54 69
25 55 68
25 56 68
25 57 60
25 58 42
25 59 82
26 27 30
26 28 12
26 29 2
26 30 45
26 31 56
26 32 94
26 33 91
26 34 16
26 35 19
26 36 25
26 37 97
26 38 24
26 39 89
26 40 67
26 41 29
26 42 45
26 43 27
26 44 51
26 45 64
26 46 96
26 47 41
26 48 3
26 49 100
26 50 30
26 51 79
26 52 28
26 53 25
26 54 34
26 55 73
26 56 33
26 57 36
26 58 21
26 59 83
27 28 66
27 29 68
27 30 100
27 31 93
27 32 36
27 33 22
27 34 6
27 35 37
27 36 2
27 37 40
27 38 93
27 39 10
27 40 47
27 41 53
27 42 76
27 43 49
27 44 0
27 45 16
27 46 54
27 47 66
27 48 71
27 49 94
27 50 37
27 51 57
27 52 56
27 53 85
27 54 98
27 55 60
27 56 43
27 57 60
27 58 80
27 59 77
28 29 97
28 30 42
28 31 88
28 32 51
28 33 12
28 34 90
28 35 22
28 36 59
28 37 10
28 38 57
28 39 88
28 40 50
28 41 12
28 42 70
28 43 37
28 44 97
28 45 55
28 46 43
28 47 15
28 48 30
28 49 35
28 50 15
28 51 1
28 52 49
28 53 60
28 54 47
28 55 8
28 56 100
28 57 1
28 58 19
28 59 71
29 30 66
29 31 22
29 32 32
29 33 78
29 34 9
29 35 4
29 36 2
29 37 91
29 38 47
29 39 44
29 40 71
29 41 40
29 42 37
29 43 60
29 44 94
29 45 89
29 46 97
29 47 77
29 48 40
29 49 68
29 50 50
29 51 34
29 52 87
29 53 48
29 54 31
29 55 13
29 56 41
29 57 41
29 58 41
29 59 31
30 31 1
30 32 47
30 33 28
30 34 38
30 35 46
30 36 26
30 37 32
30 38 99
30 39 39
30 40 35
30 41 40
30 42 32
30 43 32
30 44 20
30 45 29
30 46 6
30 47 23
30 48 42
30 49 16
30 50 40
30 51 8
30 52 46
30 53 92
30 54 65
30 55 15
30 56 15
30 57 71
30 58 11
30 59 100
31 32 67
31 33 5
31 34 71
31 35 96
31 36 23
31 37 68
31 38 52
31 39 15
31 40 92
31 41 18
31 42 67
31 43 39
31 44 68
31 45 55
31 46 21
31 47 23
31 48 58
31 49 11
31 50 8
31 51 82
31 52 14
31 53 76
31 54 3
31 55 90
31 56 52
31 57 5
31 58 2
31 59 2
32 33 42
32 34 27
32 35 51
32 36 39
32 37 68
32 38 94
32 39 34
32 40 70
32 41 24
32 42 27
32 43 82
32 44 75
32 45 78
32 46 85
32 47 40
32 48 53
32 49 85
32 50 75
32 51 55
32 52 73
32 53 18
32 54 72
32 55 49
32 56 95
32 57 80
32 58 61
32 59 92
33 34 90
33 35 83
33 36 59
33 37 5
33 38 25
33 39 45
33 40 12
33 41 26
33 42 90
33 43 50
33 44 86
33 45 74
33 46 50
33 47 0
33 48 30
33 49 34
33 50 2
33 51 77
33 52 45
33 53 87
33 54 83
33 55 71
33 56 26
33 57 99
33 58 100
33 59 8
34 35 27
34 36 51
34 37 29
34 38 56
34 39 26
34 40 3
34 41 85
34 42 87
34 43 25
34 44 80
34 45 99
34 46 94
34 47 15
34 48 59
34 49 95
34 50 30
34 51 26
34 52 73
34 53 14
34 54 87
34 55 72
34 56 14
34 57 74
34 58 72
34 59 0
35 36 78
35 37 34
35 38 58
35 39 30
35 40 57
35 41 30
35 42 74
35 43 97
35 44 13
35 45 7
35 46 56
35 47 27
35 48 54
35 49 44
35 50 35
35 51 34
35 52 18
35 53 84
35 54 9
35 55 43
35 56 50
35 57 64
35 58 9
35 59 44
36 37 20
36 38 25
36 39 30
36 40 97
36 41 23
36 42 54
36 43 6
36 44 87
36 45 87
36 46 40
36 47 12
36 48 75
36 49 70
36 50 17
36 51 54
36 52 55
36 53 1
36 54 16
36 55 68
36 56 20
36 57 45
36 58 95
36 59 31
37 38 17
37 39 18
37 40 52
37 41 70
37 42 57
37 43 63
37 44 28
37 45 5
37 46 76
37 47 94
37 48 37
37 49 69
37 50 37
37 51 3
37 52 33
37 53 16
37 54 73
37 55 18
37 56 58
37 57 63
37 58 5
37 59 35
38 39 96
38 40 34
38 41 32
38 42 42
38 43 19
38 44 77
38 45 19
38 46 40
38 47 8
38 48 82
38 49 83
38 50 89
38 51 78
38 52 25
38 53 73
38 54 67
38 55 52
38 56 89
38 57 0
38 58 36
38 59 86
39 40 6
39 41 65
39 42 60
39 43 99
39 44 30
39 45 9
39 46 63
39 47 62
39 48 94
39 49 29
39 50 74
39 51 41
39 52 23
39 53 70
39 54 62
39 55 37
39 56 41
39 57 49
39 58 61
39 59 73
40 41 24
40 42 7
40 43 79
40 44 32
40 45 99
40 46 70
40 47 42
40 48 77
40 49 57
40 50 74
40 51 45
40 52 12
40 53 76
40 54 98
40 55 48
40 56 82
40 57 89
40 58 99
40 59 23
41 42 26
41 43 88
41 44 33
41 45 95
41 46 64
41 47 55
41 48 43
41 49 29
41 50 60
41 51 49
41 52 32
41 53 62
41 54 33
41 55 78
41 56 2
41 57 98
41 58 6
41 59 92
42 43 15
42 44 7
42 45 87
42 46 35
42 47 42
42 48 12
42 49 36
42 50 91
42 51 0
42 52 7
42 53 18
42 54 14
42 55 10
42 56 27
42 57 89
42 58 14
42 59 28
43 44 31
43 45 44
43 46 51
43 47 12
43 48 53
43 49 64
43 50 58
43 51 64
43 52 23
43 53 65
43 54 11
43 55 92
43 56 11
43 57 93
43 58 36
43 59 54
44 45 49
44 46 10
44 47 56
44 48 61
44 49 14
44 50 71
44 51 93
44 52 98
44 53 66
44 54 69
44 55 19
44 56 61
44 57 73
44 58 7
44 59 56
45 46 65
45 47 7
45 48 25
45 49 45
45 50 81
45 51 65
45 52 61
45 53 82
45 54 93
45 55 20
45 56 49
45 57 38
45 58 33
45 59 48
46 47 71
46 48 30
46 49 80
46 50 38
46 51 73
46 52 98
46 53 81
46 54 57
46 55 37
46 56 58
46 57 10
46 58 14
46 59 63
47 48 37
47 49 98
47 50 77
47 51 79
47 52 100
47 53 43
47 54 50
47 55 26
47 56 96
47 57 69
47 58 72
47 59 45
48 49 31
48 50 83
48 51 81
48 52 33
48 53 64
48 54 17
48 55 30
48 56 51
48 57 13
48 58 12
48 59 77
49 50 91
49 51 61
49 52 12
49 53 60
49 54 74
49 55 50
49 56 52
49 57 66
49 58 37
49 59 29
50 51 45
50 52 39
50 53 31
50 54 1
50 55 60
50 56 55
50 57 43
50 58 100
50 59 67
51 52 63
51 53 14
51 54 68
51 55 21
51 56 86
51 57 85
51 58 25
51 59 40
52 53 57
52 54 85
52 55 87
52 56 83
52 57 8
52 58 80
52 59 52
53 54 25
53 55 4
53 56 0
53 57 13
53 58 2
53 59 70
54 55 21
54 56 8
54 57 32
54 58 87
54 59 14
55 56 56
55 57 53
55 58 42
55 59 28
56 57 23
56 58 77
56 59 3
57 58 86
57 59 40
58 59 44
