12 4 ss 3 3 3 3 3 3 3 3 
0 1 1
0 2 42
0 3 83
0 4 35
0 5 67
0 6 27
0 7 42
0 8 81
0 9 17
0 10 72
0 11 90
1 2 29
1 3 61
1 4 33
1 5 54
1 6 32
1 7 7
1 8 17
1 9 96
1 10 99
1 11 3
2 3 22
2 4 96
2 5 58
2 6 38
2 7 69
2 8 89
2 9 3
2 10 77
2 11 63
3 4 96
3 5 76
3 6 90
3 7 63
3 8 77
3 9 55
3 10 99
3 11 45
4 5 96
4 6 29
4 7 81
4 8 16
4 9 100
4 10 96
4 11 18
5 6 48
5 7 28
5 8 20
5 9 17
5 10 48
5 11 74
6 7 15
6 8 85
6 9 92
6 10 64
6 11 14
7 8 15
7 9 63
7 10 45
7 11 93
8 9 16
8 10 79
8 11 1
9 10 79
9 11 29
10 11 20
