30 5 ds 6 9 6 7 5 7 6 10 5 10 
0 1 51
0 2 81
0 3 64
0 4 5
0 5 40
0 6 20
0 7 90
0 8 17
0 9 81
0 10 66
0 11 93
0 12 35
0 13 63
0 14 97
0 15 37
0 16 39
0 17 48
0 18 2
0 19 58
0 20 46
0 21 12
0 22 85
0 23 84
0 24 50
0 25 13
0 26 29
0 27 27
0 28 67
0 29 46
1 2 80
1 3 76
1 4 24
1 5 24
1 6 31
1 7 52
1 8 85
1 9 85
1 10 70
1 11 52
1 12 56
1 13 19
1 14 62
1 15 52
1 16 39
1 17 72
1 18 25
1 19 85
1 20 74
1 21 64
1 22 3
1 23 2
1 24 48
1 25 30
1 26 71
1 27 100
1 28 96
1 29 74
2 3 27
2 4 90
2 5 59
2 6 6
2 7 67
2 8 85
2 9 77
2 10 43
2 11 0
2 12 6
2 13 50
2 14 29
2 15 34
2 16 21
2 17 100
2 18 22
2 19 17
2 20 72
2 21 1
2 22 33
2 23 8
2 24 3
2 25 36
2 26 41
2 27 43
2 28 46
2 29 55
3 4 27
3 5 65
3 6 65
3 7 26
3 8 62
3 9 59
3 10 100
3 11 60
3 12 83
3 13 92
3 14 75
3 15 14
3 16 36
3 17 21
3 18 27
3 19 12
3 20 91
3 21 16
3 22 34
3 23 80
3 24 40
3 25 70
3 26 34
3 27 68
3 28 68
3 29 79
4 5 88
4 6 74
4 7 50
4 8 92
4 9 87
4 10 16
4 11 50
4 12 28
4 13 87
4 14 59
4 15 76
4 16 8
4 17 61
4 18 40
4 19 55
4 20 82
4 21 29
4 22 54
4 23 41
4 24 85
4 25 82
4 26 22
4 27 100
4 28 76
4 29 56
5 6 75
5 7 91
5 8 64
5 9 28
5 10 95
5 11 2
5 12 32
5 13 94
5 14 1
5 15 43
5 16 98
5 17 57
5 18 46
5 19 39
5 20 53
5 21 79
5 22 79
5 23 16
5 24 25
5 25 61
5 26 1
5 27 49
5 28 46
5 29 55
6 7 21
6 8 62
6 9 32
6 10 26
6 11 62
6 12 29
6 13 35
6 14 21
6 15 73
6 16 8
6 17 49
6 18 70
6 19 21
6 20 8
6 21 76
6 22 62
6 23 13
6 24 25
6 25 80
6 26 67
6 27 45
6 28 36
6 29 54
7 8 7
7 9 21
7 10 39
7 11 24
7 12 2
7 13 21
7 14 24
7 15 9
7 16 24
7 17 3
7 18 78
7 19 48
7 20 22
7 21 89
7 22 90
7 23 55
7 24 36
7 25 12
7 26 49
7 27 88
7 28 6
7 29 14
8 9 92
8 10 39
8 11 9
8 12 3
8 13 82
8 14 24
8 15 60
8 16 94
8 17 67
8 18 12
8 19 70
8 20 42
8 21 42
8 22 57
8 23 33
8 24 67
8 25 0
8 26 87
8 27 12
8 28 4
8 29 24
9 10 52
9 11 33
9 12 77
9 13 27
9 14 1
9 15 74
9 16 61
9 17 61
9 18 77
9 19 76
9 20 53
9 21 100
9 22 3
9 23 65
9 24 92
9 25 34
9 26 61
9 27 74
9 28 43
9 29 53
10 11 71
10 12 17
10 13 29
10 14 50
10 15 21
10 16 9
10 17 40
10 18 69
10 19 80
10 20 66
10 21 24
10 22 5
10 23 22
10 24 45
10 25 86
10 26 95
10 27 75
10 28 36
10 29 6
11 12 78
11 13 45
11 14 18
11 15 53
11 16 77
11 17 66
11 18 47
11 19 50
11 20 44
11 21 36
11 22 65
11 23 48
11 24 8
11 25 20
11 26 38
11 27 38
11 28 78
11 29 66
12 13 1
12 14 86
12 15 31
12 16 84
12 17 40
12 18 8
12 19 6
12 20 53
12 21 20
12 22 54
12 23 32
12 24 44
12 25 76
12 26 52
12 27 11
12 28 29
12 29 33
13 14 61
13 15 76
13 16 24
13 17 45
13 18 32
13 19 49
13 20 8
13 21 31
13 22 61
13 23 15
13 24 14
13 25 87
13 26 39
13 27 86
13 28 76
13 29 81
14 15 27
14 16 29
14 17 25
14 18 4
14 19 49
14 20 60
14 21 6
14 22 89
14 23 90
14 24 69
14 25 68
14 26 8
14 27 20
14 28 69
14 29 94
15 16 59
15 17 29
15 18 42
15 19 19
15 20 50
15 21 15
15 22 13
15 23 32
15 24 57
15 25 72
15 26 81
15 27 89
15 28 7
15 29 84
16 17 7
16 18 16
16 19 44
16 20 44
16 21 2
16 22 37
16 23 73
16 24 93
16 25 64
16 26 39
16 27 78
16 28 85
16 29 57
17 18 85
17 19 62
17 20 38
17 21 60
17 22 100
17 23 4
17 24 87
17 25 64
17 26 76
17 27 81
17 28 99
17 29 79
18 19 35
18 20 6
18 21 32
18 22 67
18 23 59
18 24 41
18 25 51
18 26 58
18 27 91
18 28 88
18 29 33
19 20 0
19 21 27
19 22 7
19 23 34
19 24 75
19 25 46
19 26 85
19 27 87
19 28 11
19 29 68
20 21 48
20 22 19
20 23 12
20 24 42
20 25 27
20 26 56
20 27 56
20 28 63
20 29 97
21 22 23
21 23 60
21 24 87
21 25 87
21 26 3
21 27 47
21 28 81
21 29 17
22 23 17
22 24 54
22 25 91
22 26 53
22 27 49
22 28 59
22 29 57
23 24 20
23 25 46
23 26 86
23 27 87
23 28 19
23 29 9
24 25 16
24 26 3
24 27 66
24 28 97
24 29 61
25 26 79
25 27 39
25 28 41
25 29 7
26 27 87
26 28 40
26 29 44
27 28 76
27 29 17
28 29 44
