12 4 ss 3 3 3 3 3 3 3 3 
0 1 48
0 2 31
0 3 74
0 4 12
0 5 84
0 6 69
0 7 51
0 8 72
0 9 24
0 10 84
0 11 59
1 2 92
1 3 16
1 4 68
1 5 6
1 6 85
1 7 88
1 8 88
1 9 3
1 10 17
1 11 86
2 3 96
2 4 22
2 5 13
2 6 74
2 7 25
2 8 89
2 9 45
2 10 2
2 11 72
3 4 75
3 5 83
3 6 46
3 7 21
3 8 88
3 9 21
3 10 62
3 11 10
4 5 36
4 6 97
4 7 88
4 8 97
4 9 51
4 10 4
4 11 23
5 6 79
5 7 96
5 8 5
5 9 12
5 10 43
5 11 94
6 7 80
6 8 73
6 9 65
6 10 89
6 11 84
7 8 28
7 9 47
7 10 91
7 11 9
8 9 86
8 10 56
8 11 68
9 10 11
9 11 38
10 11 72
