120 10 ss 12 12 12 12 12 12 12 12 12 12 12 12 12 12 12 12 12 12 12 12 
0 1 42
0 2 26
0 3 29
0 4 26
0 5 86
0 6 40
0 7 76
0 8 88
0 9 43
0 10 30
0 11 84
0 12 97
0 13 56
0 14 0
0 15 58
0 16 5
0 17 37
0 18 1
0 19 44
0 20 84
0 21 2
0 22 10
0 23 99
0 24 79
0 25 4
0 26 60
0 27 33
0 28 28
0 29 34
0 30 61
0 31 95
0 32 34
0 33 89
0 34 78
0 35 2
0 36 90
0 37 82
0 38 43
0 39 26
0 40 8
0 41 98
0 42 1
0 43 58
0 44 15
0 45 67
0 46 93
0 47 88
0 48 35
0 49 74
0 50 35
0 51 68
0 52 4
0 53 49
0 54 69
0 55 98
0 56 13
0 57 9
0 58 17
0 59 50
0 60 92
0 61 91
0 62 85
0 63 58
0 64 56
0 65 97
0 66 33
0 67 80
0 68 84
0 69 44
0 70 24
0 71 77
0 72 44
0 73 23
0 74 26
0 75 47
0 76 78
0 77 40
0 78 55
0 79 24
0 80 64
0 81 81
0 82 46
0 83 13
0 84 25
0 85 83
0 86 84
0 87 46
0 88 3
0 89 11
0 90 52
0 91 78
0 92 78
0 93 85
0 94 64
0 95 67
0 96 40
0 97 94
0 98 67
0 99 81
0 100 4
0 101 89
0 102 21
0 103 76
0 104 88
0 105 19
0 106 64
0 107 0
0 108 53
0 109 35
0 110 82
0 111 25
0 112 20
0 113 88
0 114 48
0 115 38
0 116 52
0 117 3
0 118 35
0 119 29
1 2 58
1 3 14
1 4 64
1 5 59
1 6 70
1 7 53
1 8 86
1 9 36
1 10 100
1 11 80
1 12 6
1 13 40
1 14 38
1 15 40
1 16 23
1 17 88
1 18 72
1 19 18
1 20 74
1 21 85
1 22 62
1 23 7
1 24 11
1 25 27
1 26 66
1 27 32
1 28 19
1 29 89
1 30 37
1 31 99
1 32 77
1 33 99
1 34 2
1 35 9
1 36 44
1 37 10
1 38 11
1 39 80
1 40 26
1 41 27
1 42 44
1 43 64
1 44 1
1 45 5
1 46 51
1 47 29
1 48 91
1 49 67
1 50 52
1 51 100
1 52 57
1 53 36
1 54 2
1 55 64
1 56 6
1 57 1
1 58 93
1 59 49
1 60 11
1 61 21
1 62 48
1 63 96
1 64 10
1 65 61
1 66 87
1 67 61
1 68 7
1 69 21
1 70 0
1 71 18
1 72 21
1 73 63
1 74 81
1 75 87
1 76 94
1 77 55
1 78 15
1 79 49
1 80 94
1 81 7
1 82 11
1 83 47
1 84 91
1 85 23
1 86 17
1 87 76
1 88 1
1 89 90
1 90 13
1 91 95
1 92 93
1 93 40
1 94 96
1 95 87
1 96 38
1 97 65
1 98 17
1 99 72
1 100 100
1 101 14
1 102 87
1 103 65
1 104 3
1 105 79
1 106 37
1 107 83
1 108 44
1 109 10
1 110 56
1 111 73
1 112 67
1 113 3
1 114 53
1 115 78
1 116 84
1 117 5
1 118 6
1 119 15
2 3 4
2 4 3
2 5 90
2 6 71
2 7 34
2 8 56
2 9 10
2 10 32
2 11 26
2 12 48
2 13 25
2 14 35
2 15 62
2 16 32
2 17 59
2 18 12
2 19 16
2 20 59
2 21 39
2 22 35
2 23 93
2 24 75
2 25 30
2 26 68
2 27 16
2 28 48
2 29 97
2 30 53
2 31 30
2 32 40
2 33 37
2 34 54
2 35 6
2 36 60
2 37 14
2 38 68
2 39 92
2 40 89
2 41 8
2 42 89
2 43 76
2 44 54
2 45 82
2 46 68
2 47 70
2 48 88
2 49 75
2 50 92
2 51 65
2 52 11
2 53 41
2 54 24
2 55 39
2 56 25
2 57 30
2 58 100
2 59 10
2 60 64
2 61 43
2 62 28
2 63 14
2 64 44
2 65 34
2 66 5
2 67 82
2 68 53
2 69 95
2 70 30
2 71 1
2 72 22
2 73 4
2 74 12
2 75 76
2 76 43
2 77 41
2 78 69
2 79 28
2 80 12
2 81 49
2 82 18
2 83 39
2 84 22
2 85 84
2 86 12
2 87 98
2 88 67
2 89 51
2 90 6
2 91 95
2 92 17
2 93 6
2 94 77
2 95 41
2 96 83
2 97 78
2 98 43
2 99 19
2 100 89
2 101 94
2 102 73
2 103 34
2 104 80
2 105 52
2 106 99
2 107 91
2 108 75
2 109 51
2 110 80
2 111 75
2 112 98
2 113 4
2 114 1
2 115 46
2 116 81
2 117 59
2 118 20
2 119 98
3 4 80
3 5 13
3 6 22
3 7 11
3 8 97
3 9 6
3 10 59
3 11 60
3 12 36
3 13 63
3 14 60
3 15 91
3 16 34
3 17 45
3 18 94
3 19 96
3 20 42
3 21 59
3 22 92
3 23 63
3 24 38
3 25 42
3 26 51
3 27 80
3 28 63
3 29 95
3 30 52
3 31 75
3 32 94
3 33 15
3 34 71
3 35 65
3 36 49
3 37 22
3 38 75
3 39 55
3 40 4
3 41 75
3 42 71
3 43 44
3 44 92
3 45 83
3 46 61
3 47 40
3 48 87
3 49 17
3 50 98
3 51 57
3 52 53
3 53 68
3 54 94
3 55 94
3 56 1
3 57 51
3 58 3
3 59 7
3 60 28
3 61 52
3 62 93
3 63 38
3 64 61
3 65 36
3 66 61
3 67 47
3 68 69
3 69 74
3 70 98
3 71 28
3 72 15
3 73 79
3 74 95
3 75 64
3 76 60
3 77 73
3 78 72
3 79 39
3 80 56
3 81 86
3 82 57
3 83 61
3 84 8
3 85 6
3 86 46
3 87 59
3 88 78
3 89 5
3 90 94
3 91 50
3 92 4
3 93 6
3 94 62
3 95 85
3 96 45
3 97 78
3 98 25
3 99 81
3 100 83
3 101 40
3 102 53
3 103 33
3 104 43
3 105 94
3 106 27
3 107 78
3 108 71
3 109 65
3 110 86
3 111 53
3 112 79
3 113 55
3 114 40
3 115 62
3 116 27
3 117 44
3 118 17
3 119 48
4 5 59
4 6 21
4 7 82
4 8 92
4 9 57
4 10 100
4 11 53
4 12 17
4 13 68
4 14 64
4 15 43
4 16 42
4 17 41
4 18 65
4 19 97
4 20 28
4 21 49
4 22 99
4 23 90
4 24 57
4 25 29
4 26 51
4 27 10
4 28 12
4 29 66
4 30 28
4 31 18
4 32 71
4 33 74
4 34 13
4 35 89
4 36 98
4 37 83
4 38 72
4 39 27
4 40 38
4 41 86
4 42 94
4 43 89
4 44 87
4 45 97
4 46 65
4 47 97
4 48 7
4 49 92
4 50 99
4 51 94
4 52 89
4 53 19
4 54 76
4 55 41
4 56 24
4 57 90
4 58 16
4 59 1
4 60 42
4 61 86
4 62 87
4 63 38
4 64 33
4 65 90
4 66 0
4 67 5
4 68 79
4 69 63
4 70 45
4 71 95
4 72 11
4 73 48
4 74 20
4 75 50
4 76 82
4 77 34
4 78 97
4 79 95
4 80 27
4 81 49
4 82 83
4 83 35
4 84 39
4 85 85
4 86 47
4 87 34
4 88 29
4 89 52
4 90 10
4 91 59
4 92 98
4 93 56
4 94 83
4 95 2
4 96 50
4 97 92
4 98 75
4 99 46
4 100 89
4 101 17
4 102 88
4 103 17
4 104 45
4 105 69
4 106 87
4 107 87
4 108 72
4 109 86
4 110 83
4 111 97
4 112 69
4 113 71
4 114 44
4 115 80
4 116 76
4 117 13
4 118 37
4 119 51
5 6 35
5 7 76
5 8 4
5 9 98
5 10 17
5 11 93
5 12 80
5 13 92
5 14 31
5 15 31
5 16 17
5 17 46
5 18 24
5 19 28
5 20 14
5 21 72
5 22 49
5 23 48
5 24 15
5 25 8
5 26 41
5 27 76
5 28 27
5 29 32
5 30 60
5 31 47
5 32 1
5 33 28
5 34 72
5 35 71
5 36 79
5 37 46
5 38 6
5 39 87
5 40 34
5 41 6
5 42 59
5 43 2
5 44 73
5 45 49
5 46 54
5 47 91
5 48 92
5 49 98
5 50 25
5 51 95
5 52 40
5 53 8
5 54 97
5 55 26
5 56 87
5 57 94
5 58 37
5 59 32
5 60 83
5 61 18
5 62 81
5 63 20
5 64 39
5 65 11
5 66 71
5 67 28
5 68 43
5 69 96
5 70 46
5 71 31
5 72 70
5 73 22
5 74 8
5 75 43
5 76 52
5 77 82
5 78 91
5 79 48
5 80 70
5 81 20
5 82 99
5 83 60
5 84 40
5 85 63
5 86 27
5 87 93
5 88 41
5 89 82
5 90 58
5 91 56
5 92 98
5 93 68
5 94 30
5 95 28
5 96 45
5 97 32
5 98 60
5 99 35
5 100 12
5 101 60
5 102 35
5 103 89
5 104 45
5 105 5
5 106 13
5 107 16
5 108 82
5 109 22
5 110 7
5 111 33
5 112 48
5 113 65
5 114 49
5 115 93
5 116 61
5 117 90
5 118 28
5 119 40
6 7 82
6 8 72
6 9 75
6 10 62
6 11 0
6 12 3
6 13 15
6 14 74
6 15 35
6 16 6
6 17 99
6 18 9
6 19 11
6 20 58
6 21 49
6 22 5
6 23 1
6 24 0
6 25 17
6 26 31
6 27 60
6 28 40
6 29 1
6 30 65
6 31 9
6 32 54
6 33 61
6 34 42
6 35 67
6 36 40
6 37 3
6 38 23
6 39 73
6 40 52
6 41 27
6 42 67
6 43 19
6 44 59
6 45 67
6 46 12
6 47 12
6 48 55
6 49 62
6 50 13
6 51 78
6 52 72
6 53 10
6 54 13
6 55 2
6 56 82
6 57 90
6 58 32
6 59 17
6 60 47
6 61 2
6 62 36
6 63 76
6 64 98
6 65 75
6 66 78
6 67 39
6 68 95
6 69 57
6 70 12
6 71 43
6 72 28
6 73 29
6 74 88
6 75 71
6 76 19
6 77 56
6 78 14
6 79 14
6 80 73
6 81 74
6 82 96
6 83 69
6 84 79
6 85 58
6 86 0
6 87 87
6 88 40
6 89 88
6 90 74
6 91 44
6 92 15
6 93 53
6 94 86
6 95 78
6 96 0
6 97 91
6 98 45
6 99 69
6 100 15
6 101 24
6 102 42
6 103 79
6 104 15
6 105 3
6 106 43
6 107 99
6 108 20
6 109 100
6 110 92
6 111 94
6 112 12
6 113 86
6 114 81
6 115 92
6 116 8
6 117 12
6 118 79
6 119 94
7 8 35
7 9 47
7 10 13
7 11 75
7 12 1
7 13 18
7 14 84
7 15 44
7 16 54
7 17 34
7 18 2
7 19 40
7 20 45
7 21 54
7 22 21
7 23 22
7 24 1
7 25 4
7 26 13
7 27 26
7 28 7
7 29 36
7 30 51
7 31 53
7 32 2
7 33 10
7 34 19
7 35 44
7 36 89
7 37 29
7 38 58
7 39 70
7 40 99
7 41 39
7 42 88
7 43 74
7 44 99
7 45 35
7 46 68
7 47 77
7 48 47
7 49 11
7 50 67
7 51 77
7 52 92
7 53 5
7 54 75
7 55 30
7 56 65
7 57 92
7 58 94
7 59 47
7 60 0
7 61 87
7 62 1
7 63 48
7 64 54
7 65 74
7 66 60
7 67 51
7 68 58
7 69 12
7 70 56
7 71 72
7 72 3
7 73 22
7 74 84
7 75 51
7 76 6
7 77 2
7 78 63
7 79 42
7 80 99
7 81 24
7 82 82
7 83 74
7 84 66
7 85 98
7 86 77
7 87 68
7 88 39
7 89 33
7 90 69
7 91 85
7 92 78
7 93 84
7 94 21
7 95 10
7 96 78
7 97 14
7 98 40
7 99 71
7 100 97
7 101 14
7 102 46
7 103 16
7 104 8
7 105 28
7 106 14
7 107 36
7 108 67
7 109 99
7 110 18
7 111 93
7 112 10
7 113 47
7 114 57
7 115 63
7 116 66
7 117 2
7 118 84
7 119 31
8 9 94
8 10 92
8 11 96
8 12 52
8 13 72
8 14 97
8 15 53
8 16 37
8 17 39
8 18 8
8 19 77
8 20 30
8 21 22
8 22 32
8 23 45
8 24 67
8 25 47
8 26 3
8 27 57
8 28 23
8 29 1
8 30 46
8 31 92
8 32 21
8 33 33
8 34 65
8 35 4
8 36 92
8 37 85
8 38 93
8 39 28
8 40 37
8 41 63
8 42 69
8 43 95
8 44 32
8 45 7
8 46 45
8 47 16
8 48 38
8 49 27
8 50 39
8 51 65
8 52 31
8 53 40
8 54 61
8 55 33
8 56 94
8 57 20
8 58 29
8 59 6
8 60 0
8 61 63
8 62 72
8 63 54
8 64 22
8 65 97
8 66 64
8 67 2
8 68 46
8 69 27
8 70 3
8 71 7
8 72 8
8 73 91
8 74 6
8 75 83
8 76 71
8 77 24
8 78 15
8 79 55
8 80 48
8 81 7
8 82 53
8 83 80
8 84 90
8 85 61
8 86 31
8 87 82
8 88 42
8 89 63
8 90 53
8 91 82
8 92 87
8 93 47
8 94 76
8 95 74
8 96 22
8 97 46
8 98 93
8 99 60
8 100 42
8 101 24
8 102 11
8 103 69
8 104 63
8 105 61
8 106 6
8 107 92
8 108 69
8 109 83
8 110 3
8 111 33
8 112 25
8 113 79
8 114 69
8 115 59
8 116 8
8 117 29
8 118 14
8 119 53
9 10 76
9 11 50
9 12 73
9 13 11
9 14 58
9 15 22
9 16 1
9 17 18
9 18 10
9 19 79
9 20 72
9 21 76
9 22 30
9 23 47
9 24 24
9 25 59
9 26 94
9 27 67
9 28 42
9 29 52
9 30 19
9 31 41
9 32 79
9 33 96
9 34 51
9 35 78
9 36 36
9 37 81
9 38 51
9 39 65
9 40 79
9 41 100
9 42 53
9 43 17
9 44 65
9 45 51
9 46 7
9 47 85
9 48 78
9 49 43
9 50 39
9 51 22
9 52 42
9 53 3
9 54 80
9 55 23
9 56 95
9 57 62
9 58 17
9 59 42
9 60 58
9 61 62
9 62 38
9 63 18
9 64 94
9 65 16
9 66 22
9 67 61
9 68 83
9 69 56
9 70 80
9 71 42
9 72 5
9 73 35
9 74 51
9 75 8
9 76 86
9 77 37
9 78 31
9 79 98
9 80 26
9 81 19
9 82 93
9 83 74
9 84 91
9 85 35
9 86 94
9 87 92
9 88 78
9 89 81
9 90 24
9 91 99
9 92 24
9 93 99
9 94 13
9 95 37
9 96 64
9 97 43
9 98 0
9 99 66
9 100 74
9 101 90
9 102 98
9 103 82
9 104 98
9 105 49
9 106 92
9 107 79
9 108 74
9 109 71
9 110 80
9 111 90
9 112 46
9 113 31
9 114 96
9 115 49
9 116 87
9 117 94
9 118 43
9 119 79
10 11 43
10 12 27
10 13 57
10 14 45
10 15 17
10 16 37
10 17 14
10 18 81
10 19 37
10 20 93
10 21 31
10 22 47
10 23 27
10 24 50
10 25 22
10 26 51
10 27 3
10 28 83
10 29 75
10 30 24
10 31 7
10 32 49
10 33 71
10 34 74
10 35 64
10 36 97
10 37 51
10 38 34
10 39 30
10 40 17
10 41 72
10 42 61
10 43 89
10 44 29
10 45 84
10 46 65
10 47 50
10 48 46
10 49 11
10 50 58
10 51 34
10 52 47
10 53 77
10 54 64
10 55 44
10 56 40
10 57 61
10 58 72
10 59 15
10 60 48
10 61 54
10 62 33
10 63 30
10 64 15
10 65 0
10 66 51
10 67 20
10 68 100
10 69 55
10 70 5
10 71 69
10 72 45
10 73 44
10 74 44
10 75 31
10 76 49
10 77 8
10 78 100
10 79 95
10 80 34
10 81 94
10 82 21
10 83 71
10 84 100
10 85 23
10 86 0
10 87 62
10 88 85
10 89 19
10 90 6
10 91 45
10 92 51
10 93 86
10 94 94
10 95 45
10 96 93
10 97 10
10 98 76
10 99 63
10 100 13
10 101 4
10 102 13
10 103 4
10 104 63
10 105 67
10 106 89
10 107 13
10 108 45
10 109 81
10 110 16
10 111 27
10 112 95
10 113 37
10 114 64
10 115 55
10 116 28
10 117 6
10 118 47
10 119 54
11 12 8
11 13 73
11 14 18
11 15 93
11 16 48
11 17 8
11 18 64
11 19 60
11 20 43
11 21 34
11 22 4
11 23 46
11 24 94
11 25 52
11 26 49
11 27 60
11 28 49
11 29 26
11 30 60
11 31 56
11 32 83
11 33 97
11 34 94
11 35 60
11 36 73
11 37 27
11 38 59
11 39 33
11 40 100
11 41 3
11 42 74
11 43 48
11 44 69
11 45 83
11 46 77
11 47 44
11 48 47
11 49 49
11 50 23
11 51 46
11 52 1
11 53 49
11 54 0
11 55 18
11 56 4
11 57 51
11 58 36
11 59 69
11 60 88
11 61 85
11 62 94
11 63 68
11 64 88
11 65 72
11 66 91
11 67 33
11 68 0
11 69 3
11 70 81
11 71 50
11 72 21
11 73 83
11 74 33
11 75 65
11 76 18
11 77 67
11 78 99
11 79 92
11 80 0
11 81 77
11 82 56
11 83 15
11 84 7
11 85 46
11 86 29
11 87 4
11 88 81
11 89 83
11 90 96
11 91 70
11 92 73
11 93 10
11 94 6
11 95 95
11 96 81
11 97 41
11 98 90
11 99 24
11 100 81
11 101 58
11 102 16
11 103 76
11 104 60
11 105 80
11 106 97
11 107 11
11 108 12
11 109 12
11 110 12
11 111 75
11 112 54
11 113 23
11 114 56
11 115 99
11 116 74
11 117 18
11 118 72
11 119 99
12 13 83
12 14 39
12 15 13
12 16 45
12 17 55
12 18 54
12 19 99
12 20 0
12 21 22
12 22 96
12 23 99
12 24 47
12 25 9
12 26 56
12 27 34
12 28 65
12 29 84
12 30 5
12 31 72
12 32 79
12 33 14
12 34 83
12 35 12
12 36 17
12 37 43
12 38 84
12 39 88
12 40 91
12 41 57
12 42 15
12 43 99
12 44 50
12 45 27
12 46 88
12 47 83
12 48 62
12 49 68
12 50 31
12 51 40
12 52 72
12 53 41
12 54 76
12 55 95
12 56 41
12 57 19
12 58 10
12 59 61
12 60 34
12 61 53
12 62 46
12 63 32
12 64 78
12 65 56
12 66 66
12 67 76
12 68 53
12 69 16
12 70 84
12 71 4
12 72 22
12 73 96
12 74 55
12 75 57
12 76 5
12 77 8
12 78 28
12 79 38
12 80 40
12 81 39
12 82 83
12 83 32
12 84 37
12 85 1
12 86 74
12 87 22
12 88 19
12 89 16
12 90 10
12 91 13
12 92 81
12 93 90
12 94 19
12 95 23
12 96 75
12 97 49
12 98 16
12 99 2
12 100 76
12 101 79
12 102 60
12 103 88
12 104 60
12 105 54
12 106 44
12 107 57
12 108 24
12 109 59
12 110 58
12 111 2
12 112 43
12 113 17
12 114 2
12 115 34
12 116 70
12 117 90
12 118 57
12 119 1
13 14 65
13 15 81
13 16 6
13 17 62
13 18 53
13 19 79
13 20 1
13 21 13
13 22 26
13 23 27
13 24 1
13 25 85
13 26 13
13 27 81
13 28 40
13 29 56
13 30 49
13 31 63
13 32 13
13 33 38
13 34 99
13 35 77
13 36 39
13 37 36
13 38 27
13 39 40
13 40 94
13 41 94
13 42 72
13 43 7
13 44 99
13 45 89
13 46 55
13 47 53
13 48 81
13 49 95
13 50 22
13 51 89
13 52 4
13 53 27
13 54 85
13 55 71
13 56 76
13 57 32
13 58 95
13 59 12
13 60 5
13 61 44
13 62 2
13 63 65
13 64 29
13 65 93
13 66 80
13 67 79
13 68 33
13 69 50
13 70 60
13 71 25
13 72 36
13 73 5
13 74 74
13 75 47
13 76 100
13 77 46
13 78 37
13 79 96
13 80 42
13 81 38
13 82 11
13 83 23
13 84 53
13 85 80
13 86 69
13 87 90
13 88 67
13 89 58
13 90 36
13 91 28
13 92 44
13 93 91
13 94 3
13 95 63
13 96 20
13 97 80
13 98 100
13 99 0
13 100 38
13 101 91
13 102 48
13 103 66
13 104 99
13 105 11
13 106 20
13 107 47
13 108 48
13 109 11
13 110 35
13 111 63
13 112 68
13 113 85
13 114 56
13 115 88
13 116 57
13 117 2
13 118 10
13 119 98
14 15 13
14 16 92
14 17 96
14 18 50
14 19 39
14 20 73
14 21 59
14 22 66
14 23 52
14 24 28
14 25 72
14 26 80
14 27 62
14 28 33
14 29 45
14 30 19
14 31 23
14 32 29
14 33 70
14 34 90
14 35 72
14 36 91
14 37 30
14 38 45
14 39 47
14 40 36
14 41 28
14 42 28
14 43 43
14 44 67
14 45 88
14 46 7
14 47 20
14 48 80
14 49 72
14 50 2
14 51 24
14 52 71
14 53 62
14 54 42
14 55 43
14 56 53
14 57 58
14 58 20
14 59 100
14 60 4
14 61 35
14 62 99
14 63 19
14 64 87
14 65 5
14 66 45
14 67 93
14 68 53
14 69 12
14 70 68
14 71 32
14 72 26
14 73 49
14 74 15
14 75 73
14 76 98
14 77 46
14 78 16
14 79 63
14 80 55
14 81 4
14 82 86
14 83 86
14 84 49
14 85 74
14 86 71
14 87 99
14 88 41
14 89 5
14 90 81
14 91 13
14 92 78
14 93 91
14 94 86
14 95 69
14 96 50
14 97 6
14 98 68
14 99 77
14 100 99
14 101 11
14 102 18
14 103 52
14 104 62
14 105 37
14 106 62
14 107 74
14 108 90
14 109 68
14 110 81
14 111 76
14 112 89
14 113 91
14 114 92
14 115 72
14 116 71
14 117 14
14 118 68
14 119 21
15 16 45
15 17 18
15 18 34
15 19 74
15 20 39
15 21 40
15 22 57
15 23 38
15 24 100
15 25 88
15 26 90
15 27 57
15 28 15
15 29 56
15 30 33
15 31 6
15 32 30
15 33 14
15 34 26
15 35 74
15 36 40
15 37 56
15 38 13
15 39 93
15 40 40
15 41 3
15 42 79
15 43 4
15 44 92
15 45 4
15 46 33
15 47 35
15 48 76
15 49 74
15 50 58
15 51 20
15 52 19
15 53 81
15 54 23
15 55 27
15 56 19
15 57 39
15 58 83
15 59 69
15 60 6
15 61 45
15 62 42
15 63 28
15 64 7
15 65 78
15 66 80
15 67 54
15 68 19
15 69 13
15 70 69
15 71 36
15 72 99
15 73 54
15 74 35
15 75 100
15 76 90
15 77 83
15 78 53
15 79 90
15 80 39
15 81 97
15 82 91
15 83 68
15 84 33
15 85 70
15 86 51
15 87 6
15 88 10
15 89 31
15 90 72
15 91 11
15 92 48
15 93 57
15 94 48
15 95 49
15 96 27
15 97 25
15 98 22
15 99 5
15 100 0
15 101 66
15 102 88
15 103 24
15 104 49
15 105 57
15 106 26
15 107 93
15 108 7
15 109 12
15 110 18
15 111 43
15 112 44
15 113 18
15 114 60
15 115 9
15 116 54
15 117 49
15 118 29
15 119 84
16 17 85
16 18 47
16 19 57
16 20 49
16 21 13
16 22 34
16 23 23
16 24 69
16 25 72
16 26 86
16 27 74
16 28 70
16 29 82
16 30 34
16 31 28
16 32 58
16 33 68
16 34 46
16 35 62
16 36 8
16 37 27
16 38 24
16 39 29
16 40 59
16 41 78
16 42 60
16 43 70
16 44 93
16 45 87
16 46 60
16 47 89
16 48 49
16 49 77
16 50 92
16 51 53
16 52 56
16 53 63
16 54 96
16 55 40
16 56 1
16 57 80
16 58 6
16 59 64
16 60 52
16 61 100
16 62 99
16 63 26
16 64 0
16 65 6
16 66 84
16 67 92
16 68 66
16 69 97
16 70 17
16 71 18
16 72 12
16 73 55
16 74 59
16 75 58
16 76 27
16 77 19
16 78 57
16 79 67
16 80 37
16 81 43
16 82 57
16 83 98
16 84 96
16 85 98
16 86 37
16 87 23
16 88 85
16 89 61
16 90 68
16 91 48
16 92 82
16 93 48
16 94 10
16 95 63
16 96 31
16 97 3
16 98 96
16 99 10
16 100 59
16 101 49
16 102 65
16 103 22
16 104 17
16 105 13
16 106 96
16 107 23
16 108 34
16 109 32
16 110 69
16 111 17
16 112 50
16 113 38
16 114 62
16 115 53
16 116 20
16 117 50
16 118 91
16 119 36
17 18 67
17 19 25
17 20 29
17 21 9
17 22 48
17 23 83
17 24 53
17 25 9
17 26 23
17 27 90
17 28 95
17 29 28
17 30 42
17 31 45
17 32 42
17 33 82
17 34 91
17 35 100
17 36 64
17 37 45
17 38 20
17 39 58
17 40 71
17 41 39
17 42 38
17 43 52
17 44 10
17 45 73
17 46 49
17 47 97
17 48 67
17 49 21
17 50 29
17 51 96
17 52 39
17 53 89
17 54 12
17 55 21
17 56 61
17 57 76
17 58 64
17 59 83
17 60 95
17 61 83
17 62 94
17 63 74
17 64 27
17 65 79
17 66 69
17 67 2
17 68 68
17 69 44
17 70 9
17 71 31
17 72 97
17 73 48
17 74 8
17 75 20
17 76 74
17 77 97
17 78 99
17 79 50
17 80 56
17 81 0
17 82 12
17 83 100
17 84 63
17 85 12
17 86 41
17 87 8
17 88 14
17 89 31
17 90 4
17 91 13
17 92 19
17 93 55
17 94 10
17 95 78
17 96 21
17 97 74
17 98 98
17 99 60
17 100 99
17 101 1
17 102 78
17 103 50
17 104 28
17 105 37
17 106 51
17 107 96
17 108 7
17 109 68
17 110 89
17 111 5
17 112 85
17 113 73
17 114 49
17 115 2
17 116 20
17 117 93
17 118 63
17 119 41
18 19 62
18 20 66
18 21 11
18 22 36
18 23 33
18 24 52
18 25 21
18 26 62
18 27 46
18 28 18
18 29 13
18 30 100
18 31 39
18 32 53
18 33 93
18 34 1
18 35 64
18 36 76
18 37 75
18 38 64
18 39 31
18 40 58
18 41 73
18 42 87
18 43 65
18 44 8
18 45 100
18 46 30
18 47 41
18 48 11
18 49 25
18 50 85
18 51 87
18 52 88
18 53 84
18 54 75
18 55 60
18 56 64
18 57 61
18 58 4
18 59 23
18 60 25
18 61 88
18 62 83
18 63 14
18 64 9
18 65 93
18 66 95
18 67 91
18 68 96
18 69 9
18 70 46
18 71 51
18 72 77
18 73 34
18 74 68
18 75 87
18 76 89
18 77 24
18 78 96
18 79 20
18 80 77
18 81 45
18 82 20
18 83 94
18 84 69
18 85 8
18 86 55
18 87 32
18 88 60
18 89 93
18 90 84
18 91 71
18 92 84
18 93 34
18 94 63
18 95 6
18 96 15
18 97 91
18 98 93
18 99 43
18 100 57
18 101 24
18 102 85
18 103 30
18 104 53
18 105 56
18 106 48
18 107 85
18 108 64
18 109 100
18 110 12
18 111 1
18 112 11
18 113 84
18 114 92
18 115 18
18 116 84
18 117 37
18 118 95
18 119 98
19 20 15
19 21 35
19 22 25
19 23 8
19 24 72
19 25 47
19 26 2
19 27 8
19 28 70
19 29 59
19 30 54
19 31 61
19 32 28
19 33 92
19 34 14
19 35 15
19 36 3
19 37 6
19 38 99
19 39 42
19 40 8
19 41 99
19 42 20
19 43 86
19 44 97
19 45 52
19 46 0
19 47 14
19 48 33
19 49 52
19 50 59
19 51 71
19 52 81
19 53 63
19 54 87
19 55 41
19 56 74
19 57 33
19 58 43
19 59 45
19 60 51
19 61 9
19 62 66
19 63 62
19 64 13
19 65 80
19 66 83
19 67 69
19 68 36
19 69 39
19 70 73
19 71 66
19 72 100
19 73 80
19 74 50
19 75 40
19 76 17
19 77 72
19 78 77
19 79 92
19 80 33
19 81 38
19 82 73
19 83 67
19 84 57
19 85 44
19 86 18
19 87 71
19 88 92
19 89 43
19 90 64
19 91 36
19 92 4
19 93 47
19 94 58
19 95 57
19 96 30
19 97 33
19 98 60
19 99 99
19 100 10
19 101 78
19 102 54
19 103 69
19 104 30
19 105 76
19 106 51
19 107 33
19 108 45
19 109 41
19 110 36
19 111 85
19 112 81
19 113 47
19 114 88
19 115 95
19 116 0
19 117 57
19 118 22
19 119 2
20 21 6
20 22 96
20 23 31
20 24 60
20 25 100
20 26 87
20 27 83
20 28 46
20 29 61
20 30 92
20 31 87
20 32 87
20 33 72
20 34 14
20 35 22
20 36 56
20 37 69
20 38 98
20 39 14
20 40 28
20 41 3
20 42 46
20 43 30
20 44 22
20 45 54
20 46 47
20 47 15
20 48 43
20 49 73
20 50 70
20 51 66
20 52 47
20 53 24
20 54 1
20 55 31
20 56 17
20 57 50
20 58 14
20 59 96
20 60 78
20 61 100
20 62 48
20 63 58
20 64 81
20 65 98
20 66 19
20 67 72
20 68 87
20 69 100
20 70 29
20 71 21
20 72 46
20 73 41
20 74 16
20 75 3
20 76 97
20 77 61
20 78 76
20 79 81
20 80 59
20 81 59
20 82 11
20 83 23
20 84 28
20 85 42
20 86 13
20 87 99
20 88 6
20 89 74
20 90 8
20 91 72
20 92 70
20 93 93
20 94 51
20 95 77
20 96 28
20 97 88
20 98 71
20 99 41
20 100 4
20 101 99
20 102 5
20 103 69
20 104 17
20 105 34
20 106 93
20 107 23
20 108 2
20 109 49
20 110 98
20 111 7
20 112 70
20 113 86
20 114 92
20 115 32
20 116 75
20 117 61
20 118 76
20 119 58
21 22 29
21 23 77
21 24 71
21 25 33
21 26 56
21 27 86
21 28 54
21 29 64
21 30 27
21 31 4
21 32 99
21 33 60
21 34 8
21 35 94
21 36 16
21 37 39
21 38 63
21 39 19
21 40 0
21 41 66
21 42 45
21 43 34
21 44 58
21 45 88
21 46 58
21 47 53
21 48 87
21 49 15
21 50 58
21 51 92
21 52 99
21 53 28
21 54 35
21 55 14
21 56 89
21 57 68
21 58 91
21 59 59
21 60 24
21 61 17
21 62 96
21 63 25
21 64 38
21 65 46
21 66 29
21 67 99
21 68 30
21 69 16
21 70 73
21 71 76
21 72 77
21 73 3
21 74 51
21 75 53
21 76 68
21 77 19
21 78 26
21 79 90
21 80 10
21 81 60
21 82 46
21 83 43
21 84 69
21 85 12
21 86 2
21 87 4
21 88 69
21 89 61
21 90 47
21 91 32
21 92 19
21 93 92
21 94 89
21 95 69
21 96 8
21 97 47
21 98 78
21 99 23
21 100 38
21 101 25
21 102 50
21 103 72
21 104 30
21 105 69
21 106 5
21 107 39
21 108 67
21 109 32
21 110 52
21 111 59
21 112 70
21 113 14
21 114 65
21 115 58
21 116 18
21 117 6
21 118 23
21 119 27
22 23 38
22 24 22
22 25 43
22 26 1
22 27 7
22 28 61
22 29 96
22 30 6
22 31 27
22 32 6
22 33 34
22 34 64
22 35 54
22 36 67
22 37 1
22 38 3
22 39 88
22 40 81
22 41 5
22 42 59
22 43 7
22 44 70
22 45 36
22 46 97
22 47 60
22 48 43
22 49 20
22 50 40
22 51 91
22 52 34
22 53 26
22 54 35
22 55 51
22 56 92
22 57 95
22 58 4
22 59 65
22 60 28
22 61 28
22 62 83
22 63 19
22 64 97
22 65 74
22 66 34
22 67 35
22 68 19
22 69 45
22 70 15
22 71 12
22 72 19
22 73 63
22 74 94
22 75 81
22 76 73
22 77 76
22 78 52
22 79 26
22 80 81
22 81 15
22 82 95
22 83 67
22 84 36
22 85 69
22 86 51
22 87 93
22 88 69
22 89 58
22 90 52
22 91 13
22 92 94
22 93 44
22 94 47
22 95 62
22 96 51
22 97 98
22 98 38
22 99 19
22 100 36
22 101 61
22 102 98
22 103 38
22 104 10
22 105 28
22 106 21
22 107 2
22 108 10
22 109 26
22 110 95
22 111 43
22 112 0
22 113 64
22 114 29
22 115 30
22 116 78
22 117 96
22 118 49
22 119 94
23 24 91
23 25 70
23 26 19
23 27 63
23 28 34
23 29 36
23 30 0
23 31 56
23 32 68
23 33 5
23 34 60
23 35 99
23 36 70
23 37 82
23 38 50
23 39 4
23 40 96
23 41 98
23 42 46
23 43 78
23 44 15
23 45 53
23 46 76
23 47 21
23 48 75
23 49 46
23 50 94
23 51 13
23 52 79
23 53 8
23 54 47
23 55 67
23 56 75
23 57 9
23 58 80
23 59 77
23 60 32
23 61 93
23 62 89
23 63 1
23 64 32
23 65 37
23 66 24
23 67 90
23 68 33
23 69 39
23 70 66
23 71 87
23 72 28
23 73 3
23 74 62
23 75 50
23 76 4
23 77 46
23 78 6
23 79 29
23 80 98
23 81 8
23 82 87
23 83 91
23 84 76
23 85 34
23 86 93
23 87 100
23 88 60
23 89 90
23 90 21
23 91 22
23 92 34
23 93 77
23 94 40
23 95 32
23 96 84
23 97 92
23 98 37
23 99 16
23 100 50
23 101 75
23 102 46
23 103 84
23 104 46
23 105 97
23 106 56
23 107 67
23 108 25
23 109 86
23 110 19
23 111 57
23 112 92
23 113 47
23 114 0
23 115 20
23 116 51
23 117 95
23 118 83
23 119 29
24 25 94
24 26 44
24 27 7
24 28 93
24 29 42
24 30 88
24 31 9
24 32 89
24 33 75
24 34 45
24 35 1
24 36 100
24 37 7
24 38 14
24 39 95
24 40 97
24 41 46
24 42 67
24 43 20
24 44 1
24 45 67
24 46 41
24 47 27
24 48 75
24 49 43
24 50 73
24 51 61
24 52 87
24 53 75
24 54 53
24 55 55
24 56 98
24 57 47
24 58 0
24 59 93
24 60 72
24 61 72
24 62 45
24 63 81
24 64 79
24 65 70
24 66 78
24 67 46
24 68 4
24 69 35
24 70 34
24 71 86
24 72 12
24 73 50
24 74 31
24 75 35
24 76 76
24 77 90
24 78 16
24 79 30
24 80 79
24 81 28
24 82 87
24 83 82
24 84 80
24 85 48
24 86 25
24 87 72
24 88 7
24 89 3
24 90 18
24 91 44
24 92 73
24 93 21
24 94 78
24 95 2
24 96 19
24 97 30
24 98 43
24 99 93
24 100 75
24 101 17
24 102 20
24 103 45
24 104 71
24 105 73
24 106 23
24 107 21
24 108 26
24 109 55
24 110 95
24 111 44
24 112 99
24 113 89
24 114 74
24 115 2
24 116 91
24 117 50
24 118 31
24 119 7
25 26 15
25 27 84
25 28 86
25 29 18
25 30 59
25 31 21
25 32 70
25 33 45
25 34 93
25 35 11
25 36 67
25 37 40
25 38 60
25 39 34
25 40 34
25 41 63
25 42 62
25 43 68
25 44 17
25 45 40
25 46 91
25 47 76
25 48 40
25 49 77
25 50 25
25 51 43
25 52 6
25 53 53
25 54 80
25 55 61
25 56 11
25 57 40
25 58 85
25 59 71
25 60 76
25 61 81
25 62 61
25 63 41
25 64 54
25 65 98
25 66 47
25 67 80
25 68 29
25 69 19
25 70 59
25 71 30
25 72 56
25 73 25
25 74 90
25 75 60
25 76 53
25 77 60
25 78 70
25 79 60
25 80 18
25 81 78
25 82 26
25 83 10
25 84 67
25 85 92
25 86 42
25 87 17
25 88 55
25 89 29
25 90 93
25 91 77
25 92 64
25 93 43
25 94 50
25 95 48
25 96 57
25 97 79
25 98 85
25 99 8
25 100 79
25 101 34
25 102 18
25 103 51
25 104 75
25 105 80
25 106 54
25 107 11
25 108 100
25 109 29
25 110 59
25 111 16
25 112 80
25 113 80
25 114 20
25 115 68
25 116 74
25 117 4
25 118 58
25 119 81
26 27 88
26 28 15
26 29 49
26 30 72
26 31 31
26 32 10
26 33 43
26 34 73
26 35 48
26 36 64
26 37 98
26 38 26
26 39 85
26 40 63
26 41 85
26 42 42
26 43 93
26 44 44
26 45 70
26 46 74
26 47 47
26 48 26
26 49 67
26 50 49
26 51 69
26 52 25
26 53 45
26 54 57
26 55 5
26 56 19
26 57 55
26 58 34
26 59 77
26 60 94
26 61 44
26 62 94
26 63 43
26 64 18
26 65 54
26 66 8
26 67 64
26 68 52
26 69 79
26 70 9
26 71 37
26 72 23
26 73 53
26 74 36
26 75 69
26 76 96
26 77 71
26 78 81
26 79 38
26 80 77
26 81 54
26 82 81
26 83 15
26 84 86
26 85 40
26 86 52
26 87 51
26 88 74
26 89 51
26 90 31
26 91 58
26 92 79
26 93 5
26 94 11
26 95 35
26 96 4
26 97 84
26 98 80
26 99 83
26 100 12
26 101 22
26 102 26
26 103 37
26 104 98
26 105 54
26 106 89
26 107 45
26 108 89
26 109 15
26 110 56
26 111 33
26 112 46
26 113 84
26 114 3
26 115 62
26 116 22
26 117 29
26 118 52
26 119 94
27 28 99
27 29 73
27 30 64
27 31 78
27 32 83
27 33 17
27 34 43
27 35 76
27 36 79
27 37 28
27 38 69
27 39 6
27 40 85
27 41 38
27 42 61
27 43 80
27 44 15
27 45 81
27 46 56
27 47 52
27 48 68
27 49 48
27 50 59
27 51 41
27 52 8
27 53 59
27 54 45
27 55 73
27 56 90
27 57 84
27 58 93
27 59 95
27 60 21
27 61 62
27 62 60
27 63 30
27 64 40
27 65 49
27 66 59
27 67 72
27 68 18
27 69 80
27 70 95
27 71 83
27 72 81
27 73 71
27 74 25
27 75 17
27 76 67
27 77 86
27 78 19
27 79 57
27 80 99
27 81 59
27 82 47
27 83 91
27 84 47
27 85 45
27 86 11
27 87 40
27 88 62
27 89 51
27 90 54
27 91 100
27 92 26
27 93 52
27 94 59
27 95 41
27 96 89
27 97 75
27 98 4
27 99 90
27 100 72
27 101 89
27 102 7
27 103 9
27 104 3
27 105 20
27 106 46
27 107 24
27 108 2
27 109 49
27 110 99
27 111 56
27 112 58
27 113 67
27 114 86
27 115 30
27 116 69
27 117 8
27 118 9
27 119 9
28 29 85
28 30 98
28 31 91
28 32 53
28 33 23
28 34 31
28 35 18
28 36 9
28 37 97
28 38 86
28 39 46
28 40 44
28 41 49
28 42 82
28 43 29
28 44 19
28 45 16
28 46 87
28 47 38
28 48 5
28 49 39
28 50 53
28 51 62
28 52 51
28 53 95
28 54 64
28 55 62
28 56 65
28 57 51
28 58 31
28 59 29
28 60 33
28 61 6
28 62 51
28 63 46
28 64 29
28 65 79
28 66 11
28 67 4
28 68 98
28 69 75
28 70 2
28 71 61
28 72 64
28 73 84
28 74 4
28 75 92
28 76 27
28 77 15
28 78 51
28 79 91
28 80 99
28 81 45
28 82 54
28 83 33
28 84 98
28 85 56
28 86 62
28 87 11
28 88 62
28 89 2
28 90 93
28 91 58
28 92 48
28 93 39
28 94 24
28 95 3
28 96 78
28 97 25
28 98 87
28 99 70
28 100 82
28 101 0
28 102 27
28 103 60
28 104 14
28 105 91
28 106 30
28 107 72
28 108 2
28 109 53
28 110 27
28 111 41
28 112 36
28 113 29
28 114 76
28 115 71
28 116 38
28 117 70
28 118 51
28 119 63
29 30 60
29 31 92
29 32 19
29 33 16
29 34 43
29 35 64
29 36 35
29 37 78
29 38 82
29 39 26
29 40 93
29 41 91
29 42 48
29 43 99
29 44 3
29 45 14
29 46 76
29 47 86
29 48 84
29 49 33
29 50 86
29 51 43
29 52 96
29 53 21
29 54 89
29 55 87
29 56 15
29 57 24
29 58 73
29 59 28
29 60 68
29 61 53
29 62 74
29 63 11
29 64 89
29 65 90
29 66 82
29 67 65
29 68 45
29 69 49
29 70 98
29 71 90
29 72 25
29 73 54
29 74 20
29 75 66
29 76 64
29 77 20
29 78 82
29 79 43
29 80 64
29 81 37
29 82 98
29 83 3
29 84 52
29 85 98
29 86 1
29 87 4
29 88 45
29 89 79
29 90 50
29 91 72
29 92 80
29 93 90
29 94 73
29 95 24
29 96 94
29 97 80
29 98 56
29 99 79
29 100 27
29 101 35
29 102 42
29 103 73
29 104 92
29 105 72
29 106 93
29 107 18
29 108 97
29 109 96
29 110 89
29 111 75
29 112 90
29 113 41
29 114 15
29 115 22
29 116 48
29 117 48
29 118 19
29 119 30
30 31 37
30 32 75
30 33 28
30 34 31
30 35 39
30 36 59
30 37 91
30 38 14
30 39 73
30 40 57
30 41 90
30 42 36
30 43 13
30 44 38
30 45 89
30 46 65
30 47 54
30 48 43
30 49 96
30 50 15
30 51 0
30 52 20
30 53 34
30 54 51
30 55 40
30 56 86
30 57 47
30 58 54
30 59 59
30 60 68
30 61 66
30 62 60
30 63 66
30 64 69
30 65 25
30 66 0
30 67 59
30 68 78
30 69 71
30 70 29
30 71 10
30 72 32
30 73 75
30 74 87
30 75 13
30 76 69
30 77 56
30 78 26
30 79 75
30 80 17
30 81 73
30 82 71
30 83 23
30 84 2
30 85 58
30 86 8
30 87 45
30 88 96
30 89 42
30 90 50
30 91 56
30 92 41
30 93 16
30 94 98
30 95 41
30 96 92
30 97 35
30 98 14
30 99 83
30 100 89
30 101 16
30 102 52
30 103 35
30 104 91
30 105 90
30 106 46
30 107 9
30 108 68
30 109 28
30 110 80
30 111 52
30 112 59
30 113 57
30 114 77
30 115 87
30 116 93
30 117 42
30 118 99
30 119 51
31 32 63
31 33 100
31 34 43
31 35 77
31 36 49
31 37 18
31 38 36
31 39 59
31 40 65
31 41 66
31 42 79
31 43 84
31 44 5
31 45 36
31 46 62
31 47 20
31 48 49
31 49 17
31 50 31
31 51 85
31 52 82
31 53 70
31 54 52
31 55 56
31 56 93
31 57 13
31 58 22
31 59 28
31 60 25
31 61 60
31 62 92
31 63 58
31 64 54
31 65 39
31 66 66
31 67 24
31 68 33
31 69 75
31 70 23
31 71 74
31 72 48
31 73 49
31 74 4
31 75 28
31 76 58
31 77 96
31 78 74
31 79 50
31 80 43
31 81 45
31 82 13
31 83 30
31 84 67
31 85 80
31 86 0
31 87 26
31 88 44
31 89 59
31 90 75
31 91 1
31 92 32
31 93 64
31 94 90
31 95 68
31 96 27
31 97 10
31 98 0
31 99 65
31 100 6
31 101 11
31 102 10
31 103 24
31 104 58
31 105 70
31 106 74
31 107 91
31 108 32
31 109 0
31 110 83
31 111 17
31 112 41
31 113 31
31 114 99
31 115 26
31 116 7
31 117 60
31 118 95
31 119 32
32 33 59
32 34 15
32 35 0
32 36 88
32 37 64
32 38 53
32 39 26
32 40 46
32 41 41
32 42 31
32 43 18
32 44 91
32 45 78
32 46 70
32 47 66
32 48 19
32 49 34
32 50 98
32 51 33
32 52 73
32 53 69
32 54 87
32 55 15
32 56 98
32 57 6
32 58 91
32 59 49
32 60 57
32 61 73
32 62 34
32 63 9
32 64 27
32 65 94
32 66 67
32 67 47
32 68 100
32 69 74
32 70 18
32 71 69
32 72 9
32 73 73
32 74 95
32 75 50
32 76 85
32 77 60
32 78 55
32 79 41
32 80 64
32 81 53
32 82 5
32 83 75
32 84 43
32 85 25
32 86 38
32 87 55
32 88 77
32 89 0
32 90 6
32 91 12
32 92 75
32 93 79
32 94 82
32 95 47
32 96 5
32 97 3
32 98 51
32 99 97
32 100 0
32 101 8
32 102 58
32 103 87
32 104 49
32 105 100
32 106 2
32 107 58
32 108 11
32 109 31
32 110 71
32 111 81
32 112 64
32 113 60
32 114 59
32 115 76
32 116 43
32 117 1
32 118 6
32 119 38
33 34 58
33 35 67
33 36 29
33 37 81
33 38 60
33 39 62
33 40 42
33 41 36
33 42 16
33 43 48
33 44 25
33 45 49
33 46 46
33 47 1
33 48 78
33 49 48
33 50 97
33 51 12
33 52 75
33 53 61
33 54 11
33 55 33
33 56 45
33 57 66
33 58 90
33 59 36
33 60 60
33 61 33
33 62 77
33 63 51
33 64 44
33 65 87
33 66 24
33 67 19
33 68 10
33 69 25
33 70 31
33 71 55
33 72 52
33 73 87
33 74 42
33 75 22
33 76 36
33 77 6
33 78 39
33 79 38
33 80 96
33 81 15
33 82 66
33 83 37
33 84 80
33 85 94
33 86 87
33 87 34
33 88 42
33 89 85
33 90 87
33 91 95
33 92 61
33 93 52
33 94 12
33 95 34
33 96 87
33 97 24
33 98 14
33 99 5
33 100 43
33 101 36
33 102 54
33 103 6
33 104 40
33 105 62
33 106 71
33 107 71
33 108 85
33 109 58
33 110 79
33 111 83
33 112 21
33 113 74
33 114 39
33 115 48
33 116 46
33 117 64
33 118 29
33 119 91
34 35 3
34 36 95
34 37 59
34 38 7
34 39 96
34 40 95
34 41 94
34 42 17
34 43 87
34 44 84
34 45 20
34 46 84
34 47 82
34 48 27
34 49 97
34 50 42
34 51 21
34 52 0
34 53 6
34 54 100
34 55 75
34 56 60
34 57 88
34 58 17
34 59 20
34 60 84
34 61 86
34 62 57
34 63 21
34 64 66
34 65 0
34 66 8
34 67 2
34 68 12
34 69 10
34 70 25
34 71 84
34 72 52
34 73 22
34 74 81
34 75 0
34 76 36
34 77 95
34 78 41
34 79 66
34 80 87
34 81 17
34 82 26
34 83 96
34 84 32
34 85 32
34 86 95
34 87 52
34 88 60
34 89 28
34 90 49
34 91 80
34 92 10
34 93 42
34 94 67
34 95 14
34 96 94
34 97 56
34 98 33
34 99 93
34 100 66
34 101 9
34 102 1
34 103 53
34 104 49
34 105 98
34 106 11
34 107 97
34 108 40
34 109 14
34 110 84
34 111 83
34 112 22
34 113 35
34 114 74
34 115 64
34 116 33
34 117 72
34 118 11
34 119 22
35 36 4
35 37 73
35 38 12
35 39 82
35 40 37
35 41 40
35 42 89
35 43 90
35 44 84
35 45 24
35 46 15
35 47 44
35 48 67
35 49 7
35 50 4
35 51 3
35 52 24
35 53 49
35 54 27
35 55 41
35 56 57
35 57 27
35 58 43
35 59 82
35 60 50
35 61 99
35 62 93
35 63 89
35 64 9
35 65 22
35 66 43
35 67 68
35 68 100
35 69 26
35 70 86
35 71 35
35 72 87
35 73 42
35 74 68
35 75 75
35 76 51
35 77 23
35 78 57
35 79 38
35 80 87
35 81 41
35 82 0
35 83 18
35 84 20
35 85 35
35 86 98
35 87 36
35 88 42
35 89 13
35 90 50
35 91 10
35 92 18
35 93 62
35 94 9
35 95 71
35 96 62
35 97 39
35 98 83
35 99 71
35 100 18
35 101 93
35 102 2
35 103 64
35 104 36
35 105 86
35 106 36
35 107 87
35 108 20
35 109 41
35 110 45
35 111 43
35 112 50
35 113 65
35 114 95
35 115 14
35 116 48
35 117 100
35 118 21
35 119 22
36 37 1
36 38 31
36 39 61
36 40 49
36 41 6
36 42 13
36 43 62
36 44 38
36 45 37
36 46 54
36 47 67
36 48 39
36 49 23
36 50 78
36 51 35
36 52 21
36 53 64
36 54 66
36 55 5
36 56 67
36 57 25
36 58 81
36 59 97
36 60 56
36 61 33
36 62 61
36 63 71
36 64 82
36 65 27
36 66 81
36 67 69
36 68 9
36 69 70
36 70 15
36 71 15
36 72 96
36 73 85
36 74 89
36 75 68
36 76 88
36 77 31
36 78 92
36 79 80
36 80 66
36 81 46
36 82 94
36 83 16
36 84 0
36 85 91
36 86 71
36 87 89
36 88 10
36 89 96
36 90 2
36 91 54
36 92 58
36 93 72
36 94 46
36 95 66
36 96 56
36 97 69
36 98 35
36 99 89
36 100 49
36 101 8
36 102 90
36 103 14
36 104 14
36 105 24
36 106 44
36 107 68
36 108 29
36 109 75
36 110 51
36 111 13
36 112 31
36 113 41
36 114 24
36 115 27
36 116 2
36 117 96
36 118 10
36 119 28
37 38 36
37 39 46
37 40 65
37 41 65
37 42 32
37 43 83
37 44 57
37 45 96
37 46 49
37 47 25
37 48 63
37 49 31
37 50 7
37 51 59
37 52 67
37 53 34
37 54 69
37 55 33
37 56 58
37 57 76
37 58 60
37 59 76
37 60 6
37 61 45
37 62 75
37 63 64
37 64 80
37 65 92
37 66 33
37 67 82
37 68 35
37 69 88
37 70 74
37 71 91
37 72 66
37 73 70
37 74 62
37 75 29
37 76 68
37 77 92
37 78 46
37 79 61
37 80 52
37 81 78
37 82 68
37 83 62
37 84 90
37 85 48
37 86 86
37 87 35
37 88 80
37 89 67
37 90 66
37 91 43
37 92 81
37 93 41
37 94 25
37 95 22
37 96 93
37 97 69
37 98 23
37 99 18
37 100 89
37 101 81
37 102 70
37 103 21
37 104 84
37 105 17
37 106 28
37 107 26
37 108 22
37 109 93
37 110 22
37 111 86
37 112 28
37 113 64
37 114 42
37 115 83
37 116 75
37 117 30
37 118 74
37 119 51
38 39 9
38 40 47
38 41 92
38 42 36
38 43 16
38 44 78
38 45 22
38 46 61
38 47 79
38 48 25
38 49 42
38 50 8
38 51 100
38 52 26
38 53 43
38 54 13
38 55 37
38 56 82
38 57 89
38 58 95
38 59 82
38 60 33
38 61 34
38 62 41
38 63 52
38 64 23
38 65 45
38 66 42
38 67 47
38 68 67
38 69 97
38 70 58
38 71 98
38 72 16
38 73 6
38 74 49
38 75 29
38 76 17
38 77 53
38 78 41
38 79 41
38 80 94
38 81 76
38 82 57
38 83 27
38 84 20
38 85 49
38 86 32
38 87 0
38 88 73
38 89 81
38 90 16
38 91 11
38 92 65
38 93 25
38 94 48
38 95 91
38 96 29
38 97 72
38 98 60
38 99 84
38 100 68
38 101 81
38 102 2
38 103 68
38 104 89
38 105 30
38 106 71
38 107 78
38 108 84
38 109 76
38 110 56
38 111 99
38 112 88
38 113 90
38 114 67
38 115 73
38 116 24
38 117 74
38 118 60
38 119 23
39 40 24
39 41 80
39 42 83
39 43 100
39 44 75
39 45 76
39 46 13
39 47 5
39 48 71
39 49 8
39 50 59
39 51 91
39 52 38
39 53 98
39 54 38
39 55 29
39 56 70
39 57 31
39 58 76
39 59 9
39 60 72
39 61 1
39 62 84
39 63 31
39 64 33
39 65 27
39 66 34
39 67 31
39 68 69
39 69 95
39 70 61
39 71 40
39 72 28
39 73 85
39 74 67
39 75 18
39 76 65
39 77 99
39 78 91
39 79 8
39 80 14
39 81 83
39 82 92
39 83 73
39 84 7
39 85 56
39 86 80
39 87 84
39 88 57
39 89 80
39 90 84
39 91 17
39 92 69
39 93 92
39 94 30
39 95 42
39 96 88
39 97 95
39 98 76
39 99 27
39 100 80
39 101 71
39 102 35
39 103 22
39 104 57
39 105 84
39 106 88
39 107 22
39 108 31
39 109 75
39 110 38
39 111 7
39 112 98
39 113 8
39 114 52
39 115 12
39 116 15
39 117 68
39 118 18
39 119 49
40 41 1
40 42 72
40 43 22
40 44 88
40 45 80
40 46 75
40 47 85
40 48 84
40 49 14
40 50 40
40 51 90
40 52 23
40 53 83
40 54 39
40 55 72
40 56 18
40 57 96
40 58 16
40 59 45
40 60 12
40 61 1
40 62 14
40 63 30
40 64 85
40 65 85
40 66 2
40 67 52
40 68 43
40 69 32
40 70 19
40 71 15
40 72 9
40 73 50
40 74 76
40 75 88
40 76 41
40 77 15
40 78 21
40 79 26
40 80 16
40 81 36
40 82 99
40 83 39
40 84 96
40 85 32
40 86 34
40 87 95
40 88 33
40 89 94
40 90 52
40 91 67
40 92 19
40 93 39
40 94 8
40 95 92
40 96 92
40 97 48
40 98 40
40 99 10
40 100 62
40 101 24
40 102 90
40 103 22
40 104 91
40 105 92
40 106 22
40 107 17
40 108 42
40 109 69
40 110 39
40 111 14
40 112 72
40 113 52
40 114 16
40 115 77
40 116 29
40 117 16
40 118 19
40 119 12
41 42 100
41 43 32
41 44 32
41 45 61
41 46 34
41 47 50
41 48 50
41 49 36
41 50 90
41 51 84
41 52 66
41 53 6
41 54 2
41 55 59
41 56 33
41 57 55
41 58 56
41 59 81
41 60 7
41 61 84
41 62 71
41 63 47
41 64 78
41 65 63
41 66 94
41 67 96
41 68 22
41 69 92
41 70 87
41 71 24
41 72 37
41 73 84
41 74 23
41 75 68
41 76 22
41 77 23
41 78 40
41 79 71
41 80 12
41 81 13
41 82 31
41 83 8
41 84 23
41 85 18
41 86 47
41 87 30
41 88 49
41 89 84
41 90 25
41 91 29
41 92 14
41 93 69
41 94 13
41 95 85
41 96 6
41 97 28
41 98 62
41 99 60
41 100 33
41 101 30
41 102 8
41 103 14
41 104 3
41 105 88
41 106 10
41 107 31
41 108 1
41 109 40
41 110 84
41 111 39
41 112 88
41 113 57
41 114 86
41 115 66
41 116 37
41 117 20
41 118 3
41 119 6
42 43 45
42 44 86
42 45 53
42 46 82
42 47 43
42 48 35
42 49 71
42 50 27
42 51 87
42 52 51
42 53 8
42 54 24
42 55 81
42 56 4
42 57 5
42 58 87
42 59 92
42 60 91
42 61 20
42 62 8
42 63 26
42 64 81
42 65 12
42 66 78
42 67 62
42 68 20
42 69 9
42 70 88
42 71 73
42 72 64
42 73 83
42 74 10
42 75 88
42 76 75
42 77 27
42 78 50
42 79 54
42 80 99
42 81 36
42 82 83
42 83 28
42 84 43
42 85 49
42 86 58
42 87 3
42 88 42
42 89 11
42 90 56
42 91 97
42 92 39
42 93 81
42 94 33
42 95 30
42 96 93
42 97 94
42 98 55
42 99 38
42 100 79
42 101 63
42 102 47
42 103 30
42 104 25
42 105 77
42 106 24
42 107 53
42 108 94
42 109 25
42 110 1
42 111 70
42 112 39
42 113 31
42 114 46
42 115 2
42 116 30
42 117 67
42 118 13
42 119 90
43 44 22
43 45 54
43 46 16
43 47 76
43 48 77
43 49 3
43 50 27
43 51 98
43 52 79
43 53 28
43 54 95
43 55 73
43 56 8
43 57 0
43 58 46
43 59 64
43 60 98
43 61 3
43 62 11
43 63 20
43 64 53
43 65 28
43 66 51
43 67 74
43 68 75
43 69 42
43 70 37
43 71 29
43 72 70
43 73 86
43 74 38
43 75 28
43 76 56
43 77 64
43 78 60
43 79 50
43 80 1
43 81 37
43 82 31
43 83 41
43 84 43
43 85 7
43 86 32
43 87 21
43 88 1
43 89 43
43 90 54
43 91 51
43 92 81
43 93 19
43 94 81
43 95 73
43 96 2
43 97 94
43 98 90
43 99 71
43 100 11
43 101 79
43 102 94
43 103 10
43 104 28
43 105 57
43 106 79
43 107 32
43 108 49
43 109 93
43 110 6
43 111 79
43 112 76
43 113 5
43 114 75
43 115 57
43 116 28
43 117 69
43 118 23
43 119 65
44 45 73
44 46 21
44 47 60
44 48 83
44 49 23
44 50 31
44 51 94
44 52 75
44 53 74
44 54 6
44 55 19
44 56 87
44 57 92
44 58 78
44 59 54
44 60 17
44 61 100
44 62 3
44 63 55
44 64 11
44 65 48
44 66 8
44 67 87
44 68 22
44 69 4
44 70 29
44 71 2
44 72 79
44 73 78
44 74 34
44 75 84
44 76 45
44 77 50
44 78 5
44 79 92
44 80 65
44 81 90
44 82 10
44 83 7
44 84 85
44 85 21
44 86 40
44 87 39
44 88 51
44 89 75
44 90 45
44 91 98
44 92 29
44 93 14
44 94 13
44 95 46
44 96 15
44 97 30
44 98 64
44 99 44
44 100 83
44 101 38
44 102 90
44 103 75
44 104 6
44 105 96
44 106 71
44 107 61
44 108 48
44 109 32
44 110 1
44 111 27
44 112 79
44 113 45
44 114 72
44 115 43
44 116 19
44 117 17
44 118 56
44 119 93
45 46 26
45 47 93
45 48 23
45 49 1
45 50 100
45 51 59
45 52 89
45 53 1
45 54 91
45 55 44
45 56 6
45 57 21
45 58 66
45 59 74
45 60 80
45 61 62
45 62 76
45 63 93
45 64 5
45 65 38
45 66 66
45 67 97
45 68 37
45 69 41
45 70 20
45 71 40
45 72 86
45 73 6
45 74 12
45 75 98
45 76 100
45 77 62
45 78 89
45 79 31
45 80 26
45 81 88
45 82 63
45 83 81
45 84 42
45 85 30
45 86 14
45 87 30
45 88 71
45 89 62
45 90 56
45 91 19
45 92 36
45 93 6
45 94 64
45 95 38
45 96 29
45 97 98
45 98 66
45 99 3
45 100 80
45 101 60
45 102 31
45 103 37
45 104 29
45 105 73
45 106 58
45 107 91
45 108 91
45 109 68
45 110 79
45 111 63
45 112 62
45 113 28
45 114 79
45 115 80
45 116 19
45 117 87
45 118 68
45 119 20
46 47 65
46 48 94
46 49 75
46 50 85
46 51 17
46 52 11
46 53 4
46 54 92
46 55 87
46 56 18
46 57 15
46 58 26
46 59 9
46 60 79
46 61 70
46 62 9
46 63 65
46 64 4
46 65 25
46 66 79
46 67 29
46 68 11
46 69 83
46 70 94
46 71 98
46 72 40
46 73 80
46 74 43
46 75 0
46 76 68
46 77 88
46 78 93
46 79 83
46 80 9
46 81 86
46 82 69
46 83 99
46 84 43
46 85 70
46 86 5
46 87 22
46 88 27
46 89 68
46 90 1
46 91 60
46 92 63
46 93 81
46 94 42
46 95 90
46 96 42
46 97 77
46 98 34
46 99 66
46 100 53
46 101 9
46 102 34
46 103 9
46 104 22
46 105 16
46 106 1
46 107 60
46 108 1
46 109 29
46 110 30
46 111 80
46 112 45
46 113 88
46 114 79
46 115 80
46 116 8
46 117 97
46 118 14
46 119 47
47 48 32
47 49 15
47 50 41
47 51 46
47 52 57
47 53 5
47 54 85
47 55 14
47 56 46
47 57 33
47 58 20
47 59 20
47 60 4
47 61 93
47 62 14
47 63 98
47 64 99
47 65 19
47 66 35
47 67 7
47 68 14
47 69 1
47 70 2
47 71 29
47 72 95
47 73 20
47 74 5
47 75 13
47 76 92
47 77 81
47 78 25
47 79 93
47 80 98
47 81 33
47 82 32
47 83 24
47 84 46
47 85 85
47 86 25
47 87 85
47 88 8
47 89 46
47 90 71
47 91 65
47 92 19
47 93 7
47 94 65
47 95 4
47 96 5
47 97 49
47 98 93
47 99 15
47 100 35
47 101 19
47 102 91
47 103 86
47 104 28
47 105 85
47 106 71
47 107 69
47 108 31
47 109 45
47 110 90
47 111 88
47 112 66
47 113 87
47 114 73
47 115 45
47 116 10
47 117 2
47 118 53
47 119 57
48 49 73
48 50 70
48 51 27
48 52 92
48 53 33
48 54 28
48 55 99
48 56 88
48 57 2
48 58 92
48 59 99
48 60 37
48 61 26
48 62 57
48 63 30
48 64 92
48 65 73
48 66 16
48 67 89
48 68 98
48 69 17
48 70 16
48 71 86
48 72 56
48 73 66
48 74 31
48 75 46
48 76 35
48 77 20
48 78 96
48 79 87
48 80 89
48 81 3
48 82 57
48 83 68
48 84 37
48 85 39
48 86 2
48 87 59
48 88 24
48 89 75
48 90 95
48 91 2
48 92 72
48 93 29
48 94 83
48 95 28
48 96 88
48 97 99
48 98 40
48 99 44
48 100 27
48 101 35
48 102 69
48 103 10
48 104 64
48 105 93
48 106 12
48 107 41
48 108 36
48 109 10
48 110 2
48 111 73
48 112 81
48 113 56
48 114 6
48 115 14
48 116 6
48 117 3
48 118 8
48 119 79
49 50 84
49 51 18
49 52 29
49 53 24
49 54 84
49 55 72
49 56 3
49 57 74
49 58 9
49 59 34
49 60 71
49 61 43
49 62 50
49 63 60
49 64 42
49 65 43
49 66 65
49 67 73
49 68 25
49 69 45
49 70 5
49 71 62
49 72 2
49 73 0
49 74 70
49 75 30
49 76 76
49 77 67
49 78 35
49 79 89
49 80 55
49 81 29
49 82 87
49 83 87
49 84 95
49 85 67
49 86 39
49 87 15
49 88 52
49 89 14
49 90 48
49 91 91
49 92 1
49 93 45
49 94 53
49 95 98
49 96 70
49 97 34
49 98 58
49 99 78
49 100 64
49 101 81
49 102 17
49 103 30
49 104 70
49 105 41
49 106 71
49 107 61
49 108 48
49 109 26
49 110 60
49 111 22
49 112 1
49 113 84
49 114 73
49 115 22
49 116 32
49 117 93
49 118 69
49 119 2
50 51 82
50 52 26
50 53 94
50 54 9
50 55 43
50 56 12
50 57 65
50 58 9
50 59 35
50 60 16
50 61 71
50 62 11
50 63 81
50 64 85
50 65 13
50 66 56
50 67 20
50 68 11
50 69 2
50 70 54
50 71 24
50 72 31
50 73 0
50 74 65
50 75 85
50 76 33
50 77 17
50 78 42
50 79 64
50 80 41
50 81 73
50 82 79
50 83 74
50 84 92
50 85 12
50 86 59
50 87 66
50 88 60
50 89 21
50 90 22
50 91 47
50 92 48
50 93 58
50 94 12
50 95 17
50 96 51
50 97 25
50 98 14
50 99 31
50 100 23
50 101 32
50 102 66
50 103 36
50 104 88
50 105 39
50 106 59
50 107 68
50 108 95
50 109 89
50 110 83
50 111 47
50 112 66
50 113 88
50 114 78
50 115 86
50 116 29
50 117 47
50 118 44
50 119 78
51 52 69
51 53 75
51 54 77
51 55 76
51 56 79
51 57 1
51 58 46
51 59 25
51 60 1
51 61 19
51 62 10
51 63 88
51 64 24
51 65 1
51 66 88
51 67 55
51 68 53
51 69 85
51 70 78
51 71 24
51 72 22
51 73 33
51 74 93
51 75 85
51 76 23
51 77 98
51 78 14
51 79 47
51 80 30
51 81 10
51 82 42
51 83 0
51 84 24
51 85 49
51 86 74
51 87 68
51 88 83
51 89 45
51 90 28
51 91 57
51 92 12
51 93 97
51 94 89
51 95 77
51 96 32
51 97 73
51 98 78
51 99 25
51 100 37
51 101 63
51 102 21
51 103 53
51 104 27
51 105 83
51 106 91
51 107 58
51 108 7
51 109 72
51 110 15
51 111 22
51 112 56
51 113 95
51 114 19
51 115 8
51 116 84
51 117 88
51 118 51
51 119 0
52 53 38
52 54 39
52 55 74
52 56 35
52 57 64
52 58 70
52 59 84
52 60 71
52 61 83
52 62 50
52 63 98
52 64 81
52 65 58
52 66 59
52 67 14
52 68 88
52 69 22
52 70 31
52 71 36
52 72 76
52 73 72
52 74 83
52 75 10
52 76 29
52 77 69
52 78 26
52 79 22
52 80 71
52 81 84
52 82 36
52 83 27
52 84 100
52 85 90
52 86 51
52 87 52
52 88 77
52 89 83
52 90 81
52 91 87
52 92 54
52 93 9
52 94 4
52 95 97
52 96 33
52 97 57
52 98 94
52 99 86
52 100 5
52 101 42
52 102 11
52 103 59
52 104 11
52 105 31
52 106 47
52 107 74
52 108 56
52 109 20
52 110 21
52 111 6
52 112 59
52 113 90
52 114 15
52 115 82
52 116 13
52 117 9
52 118 85
52 119 24
53 54 82
53 55 12
53 56 28
53 57 16
53 58 76
53 59 5
53 60 53
53 61 35
53 62 66
53 63 93
53 64 75
53 65 10
53 66 36
53 67 2
53 68 55
53 69 78
53 70 96
53 71 14
53 72 48
53 73 19
53 74 30
53 75 18
53 76 24
53 77 97
53 78 16
53 79 25
53 80 41
53 81 55
53 82 67
53 83 11
53 84 69
53 85 33
53 86 75
53 87 70
53 88 50
53 89 73
53 90 50
53 91 51
53 92 17
53 93 50
53 94 6
53 95 30
53 96 54
53 97 70
53 98 25
53 99 79
53 100 62
53 101 38
53 102 95
53 103 0
53 104 49
53 105 48
53 106 21
53 107 39
53 108 82
53 109 10
53 110 67
53 111 26
53 112 89
53 113 94
53 114 52
53 115 10
53 116 16
53 117 30
53 118 97
53 119 99
54 55 98
54 56 6
54 57 40
54 58 19
54 59 11
54 60 99
54 61 37
54 62 45
54 63 26
54 64 41
54 65 42
54 66 7
54 67 58
54 68 75
54 69 4
54 70 6
54 71 90
54 72 54
54 73 98
54 74 24
54 75 99
54 76 25
54 77 88
54 78 16
54 79 45
54 80 22
54 81 28
54 82 77
54 83 57
54 84 86
54 85 62
54 86 42
54 87 72
54 88 86
54 89 32
54 90 78
54 91 27
54 92 75
54 93 15
54 94 86
54 95 98
54 96 75
54 97 35
54 98 41
54 99 89
54 100 95
54 101 75
54 102 24
54 103 31
54 104 70
54 105 83
54 106 92
54 107 96
54 108 69
54 109 73
54 110 57
54 111 37
54 112 49
54 113 16
54 114 21
54 115 38
54 116 85
54 117 7
54 118 43
54 119 29
55 56 91
55 57 55
55 58 79
55 59 95
55 60 10
55 61 30
55 62 51
55 63 33
55 64 65
55 65 69
55 66 77
55 67 30
55 68 46
55 69 43
55 70 0
55 71 31
55 72 49
55 73 96
55 74 55
55 75 14
55 76 91
55 77 13
55 78 50
55 79 8
55 80 63
55 81 18
55 82 45
55 83 1
55 84 64
55 85 8
55 86 7
55 87 30
55 88 42
55 89 54
55 90 76
55 91 98
55 92 69
55 93 6
55 94 99
55 95 4
55 96 37
55 97 39
55 98 19
55 99 50
55 100 82
55 101 63
55 102 80
55 103 26
55 104 87
55 105 95
55 106 0
55 107 66
55 108 15
55 109 22
55 110 38
55 111 54
55 112 9
55 113 52
55 114 32
55 115 22
55 116 28
55 117 83
55 118 84
55 119 1
56 57 77
56 58 82
56 59 50
56 60 1
56 61 31
56 62 47
56 63 94
56 64 48
56 65 69
56 66 75
56 67 87
56 68 8
56 69 69
56 70 16
56 71 50
56 72 41
56 73 71
56 74 38
56 75 72
56 76 11
56 77 89
56 78 47
56 79 8
56 80 52
56 81 89
56 82 14
56 83 24
56 84 32
56 85 51
56 86 71
56 87 5
56 88 76
56 89 70
56 90 75
56 91 44
56 92 7
56 93 51
56 94 13
56 95 93
56 96 98
56 97 61
56 98 80
56 99 99
56 100 72
56 101 65
56 102 40
56 103 86
56 104 77
56 105 76
56 106 82
56 107 37
56 108 64
56 109 96
56 110 33
56 111 76
56 112 28
56 113 21
56 114 96
56 115 42
56 116 37
56 117 20
56 118 18
56 119 56
57 58 9
57 59 100
57 60 16
57 61 7
57 62 77
57 63 54
57 64 17
57 65 65
57 66 21
57 67 34
57 68 88
57 69 25
57 70 49
57 71 1
57 72 20
57 73 25
57 74 96
57 75 24
57 76 55
57 77 73
57 78 90
57 79 41
57 80 56
57 81 51
57 82 26
57 83 12
57 84 53
57 85 37
57 86 76
57 87 27
57 88 55
57 89 34
57 90 74
57 91 58
57 92 81
57 93 30
57 94 87
57 95 3
57 96 55
57 97 56
57 98 30
57 99 84
57 100 45
57 101 18
57 102 60
57 103 75
57 104 27
57 105 12
57 106 44
57 107 80
57 108 47
57 109 58
57 110 94
57 111 77
57 112 92
57 113 13
57 114 27
57 115 21
57 116 72
57 117 69
57 118 13
57 119 77
58 59 0
58 60 61
58 61 94
58 62 4
58 63 96
58 64 5
58 65 91
58 66 63
58 67 44
58 68 47
58 69 64
58 70 91
58 71 54
58 72 88
58 73 60
58 74 68
58 75 75
58 76 41
58 77 77
58 78 52
58 79 39
58 80 19
58 81 1
58 82 4
58 83 83
58 84 33
58 85 83
58 86 83
58 87 82
58 88 46
58 89 83
58 90 33
58 91 63
58 92 93
58 93 99
58 94 36
58 95 93
58 96 83
58 97 37
58 98 79
58 99 3
58 100 58
58 101 81
58 102 24
58 103 80
58 104 74
58 105 78
58 106 20
58 107 68
58 108 68
58 109 52
58 110 32
58 111 36
58 112 91
58 113 96
58 114 14
58 115 34
58 116 8
58 117 4
58 118 43
58 119 61
59 60 59
59 61 17
59 62 93
59 63 71
59 64 20
59 65 80
59 66 59
59 67 75
59 68 98
59 69 72
59 70 87
59 71 10
59 72 87
59 73 25
59 74 34
59 75 28
59 76 61
59 77 90
59 78 95
59 79 36
59 80 85
59 81 59
59 82 94
59 83 60
59 84 85
59 85 19
59 86 60
59 87 47
59 88 75
59 89 90
59 90 13
59 91 99
59 92 73
59 93 32
59 94 90
59 95 31
59 96 25
59 97 97
59 98 83
59 99 33
59 100 75
59 101 50
59 102 54
59 103 29
59 104 50
59 105 57
59 106 98
59 107 76
59 108 56
59 109 17
59 110 88
59 111 87
59 112 29
59 113 86
59 114 76
59 115 63
59 116 16
59 117 61
59 118 87
59 119 17
60 61 35
60 62 38
60 63 71
60 64 43
60 65 44
60 66 67
60 67 93
60 68 13
60 69 65
60 70 55
60 71 49
60 72 84
60 73 10
60 74 39
60 75 0
60 76 46
60 77 66
60 78 71
60 79 32
60 80 10
60 81 37
60 82 70
60 83 44
60 84 43
60 85 62
60 86 18
60 87 58
60 88 2
60 89 69
60 90 41
60 91 47
60 92 65
60 93 29
60 94 49
60 95 74
60 96 78
60 97 41
60 98 45
60 99 78
60 100 99
60 101 10
60 102 3
60 103 82
60 104 87
60 105 45
60 106 7
60 107 97
60 108 15
60 109 65
60 110 76
60 111 51
60 112 59
60 113 67
60 114 58
60 115 5
60 116 43
60 117 9
60 118 14
60 119 42
61 62 86
61 63 47
61 64 82
61 65 68
61 66 27
61 67 49
61 68 26
61 69 60
61 70 79
61 71 76
61 72 24
61 73 77
61 74 62
61 75 79
61 76 64
61 77 72
61 78 91
61 79 60
61 80 52
61 81 98
61 82 79
61 83 89
61 84 17
61 85 92
61 86 48
61 87 50
61 88 29
61 89 5
61 90 16
61 91 5
61 92 72
61 93 71
61 94 57
61 95 2
61 96 12
61 97 100
61 98 94
61 99 36
61 100 40
61 101 66
61 102 33
61 103 13
61 104 99
61 105 81
61 106 67
61 107 60
61 108 87
61 109 14
61 110 83
61 111 98
61 112 89
61 113 29
61 114 59
61 115 36
61 116 13
61 117 23
61 118 35
61 119 81
62 63 13
62 64 94
62 65 18
62 66 1
62 67 75
62 68 51
62 69 56
62 70 20
62 71 21
62 72 47
62 73 97
62 74 62
62 75 68
62 76 81
62 77 77
62 78 93
62 79 58
62 80 83
62 81 43
62 82 63
62 83 30
62 84 87
62 85 36
62 86 37
62 87 18
62 88 76
62 89 23
62 90 70
62 91 87
62 92 51
62 93 94
62 94 5
62 95 49
62 96 40
62 97 19
62 98 76
62 99 35
62 100 73
62 101 71
62 102 38
62 103 46
62 104 92
62 105 39
62 106 7
62 107 78
62 108 33
62 109 92
62 110 86
62 111 63
62 112 40
62 113 76
62 114 22
62 115 9
62 116 71
62 117 1
62 118 27
62 119 52
63 64 13
63 65 98
63 66 42
63 67 8
63 68 69
63 69 65
63 70 40
63 71 50
63 72 41
63 73 46
63 74 39
63 75 10
63 76 73
63 77 42
63 78 92
63 79 43
63 80 26
63 81 58
63 82 67
63 83 39
63 84 15
63 85 20
63 86 41
63 87 21
63 88 47
63 89 67
63 90 30
63 91 100
63 92 89
63 93 20
63 94 36
63 95 36
63 96 23
63 97 80
63 98 73
63 99 56
63 100 89
63 101 84
63 102 36
63 103 93
63 104 26
63 105 8
63 106 50
63 107 46
63 108 34
63 109 66
63 110 36
63 111 96
63 112 2
63 113 13
63 114 61
63 115 2
63 116 25
63 117 39
63 118 100
63 119 64
64 65 85
64 66 50
64 67 30
64 68 65
64 69 85
64 70 83
64 71 3
64 72 87
64 73 33
64 74 29
64 75 82
64 76 24
64 77 31
64 78 85
64 79 69
64 80 79
64 81 12
64 82 48
64 83 14
64 84 2
64 85 46
64 86 58
64 87 16
64 88 34
64 89 79
64 90 86
64 91 94
64 92 68
64 93 56
64 94 86
64 95 89
64 96 31
64 97 91
64 98 80
64 99 25
64 100 19
64 101 10
64 102 82
64 103 31
64 104 15
64 105 24
64 106 36
64 107 11
64 108 70
64 109 4
64 110 88
64 111 76
64 112 12
64 113 87
64 114 7
64 115 4
64 116 3
64 117 79
64 118 3
64 119 14
65 66 58
65 67 99
65 68 62
65 69 23
65 70 66
65 71 12
65 72 12
65 73 59
65 74 100
65 75 3
65 76 97
65 77 24
65 78 83
65 79 67
65 80 42
65 81 82
65 82 56
65 83 57
65 84 57
65 85 67
65 86 36
65 87 82
65 88 0
65 89 13
65 90 21
65 91 70
65 92 20
65 93 24
65 94 65
65 95 87
65 96 43
65 97 21
65 98 12
65 99 3
65 100 63
65 101 12
65 102 22
65 103 18
65 104 53
65 105 34
65 106 0
65 107 57
65 108 44
65 109 65
65 110 61
65 111 11
65 112 37
65 113 84
65 114 0
65 115 94
65 116 26
65 117 9
65 118 72
65 119 83
66 67 100
66 68 67
66 69 27
66 70 46
66 71 48
66 72 24
66 73 12
66 74 52
66 75 10
66 76 11
66 77 94
66 78 54
66 79 70
66 80 87
66 81 1
66 82 5
66 83 24
66 84 31
66 85 92
66 86 20
66 87 59
66 88 47
66 89 83
66 90 90
66 91 95
66 92 4
66 93 23
66 94 10
66 95 19
66 96 77
66 97 8
66 98 46
66 99 61
66 100 45
66 101 26
66 102 64
66 103 48
66 104 39
66 105 21
66 106 27
66 107 70
66 108 6
66 109 73
66 110 70
66 111 39
66 112 47
66 113 32
66 114 86
66 115 72
66 116 0
66 117 90
66 118 50
66 119 41
67 68 5
67 69 78
67 70 96
67 71 44
67 72 3
67 73 80
67 74 35
67 75 40
67 76 83
67 77 25
67 78 48
67 79 33
67 80 57
67 81 51
67 82 48
67 83 21
67 84 32
67 85 2
67 86 53
67 87 37
67 88 84
67 89 18
67 90 88
67 91 37
67 92 87
67 93 18
67 94 61
67 95 78
67 96 34
67 97 48
67 98 58
67 99 5
67 100 86
67 101 67
67 102 32
67 103 95
67 104 87
67 105 42
67 106 87
67 107 26
67 108 7
67 109 70
67 110 26
67 111 100
67 112 49
67 113 11
67 114 8
67 115 44
67 116 67
67 117 14
67 118 40
67 119 42
68 69 0
68 70 41
68 71 45
68 72 14
68 73 56
68 74 29
68 75 8
68 76 90
68 77 26
68 78 98
68 79 23
68 80 35
68 81 39
68 82 21
68 83 21
68 84 54
68 85 4
68 86 90
68 87 55
68 88 64
68 89 13
68 90 70
68 91 16
68 92 41
68 93 16
68 94 49
68 95 28
68 96 100
68 97 85
68 98 20
68 99 23
68 100 64
68 101 27
68 102 37
68 103 61
68 104 40
68 105 44
68 106 65
68 107 8
68 108 72
68 109 31
68 110 66
68 111 21
68 112 30
68 113 83
68 114 16
68 115 88
68 116 3
68 117 11
68 118 10
68 119 65
69 70 69
69 71 39
69 72 71
69 73 12
69 74 29
69 75 77
69 76 0
69 77 84
69 78 46
69 79 40
69 80 5
69 81 23
69 82 50
69 83 41
69 84 38
69 85 95
69 86 45
69 87 100
69 88 52
69 89 100
69 90 73
69 91 14
69 92 30
69 93 98
69 94 87
69 95 42
69 96 75
69 97 99
69 98 93
69 99 18
69 100 37
69 101 72
69 102 15
69 103 54
69 104 24
69 105 66
69 106 50
69 107 52
69 108 49
69 109 42
69 110 49
69 111 83
69 112 39
69 113 98
69 114 72
69 115 18
69 116 16
69 117 99
69 118 52
69 119 99
70 71 69
70 72 40
70 73 30
70 74 32
70 75 11
70 76 51
70 77 93
70 78 58
70 79 8
70 80 25
70 81 48
70 82 28
70 83 39
70 84 10
70 85 70
70 86 100
70 87 74
70 88 83
70 89 24
70 90 48
70 91 46
70 92 96
70 93 69
70 94 90
70 95 30
70 96 47
70 97 91
70 98 53
70 99 16
70 100 0
70 101 83
70 102 32
70 103 72
70 104 86
70 105 78
70 106 1
70 107 69
70 108 39
70 109 71
70 110 51
70 111 53
70 112 48
70 113 35
70 114 99
70 115 94
70 116 47
70 117 98
70 118 14
70 119 89
71 72 6
71 73 28
71 74 9
71 75 86
71 76 62
71 77 59
71 78 14
71 79 95
71 80 73
71 81 37
71 82 51
71 83 41
71 84 2
71 85 89
71 86 95
71 87 15
71 88 57
71 89 27
71 90 1
71 91 2
71 92 21
71 93 0
71 94 8
71 95 59
71 96 73
71 97 5
71 98 94
71 99 15
71 100 73
71 101 82
71 102 88
71 103 98
71 104 34
71 105 4
71 106 61
71 107 86
71 108 99
71 109 23
71 110 86
71 111 82
71 112 86
71 113 33
71 114 41
71 115 38
71 116 30
71 117 94
71 118 59
71 119 78
72 73 78
72 74 57
72 75 60
72 76 60
72 77 90
72 78 11
72 79 100
72 80 55
72 81 87
72 82 98
72 83 86
72 84 97
72 85 46
72 86 45
72 87 51
72 88 69
72 89 3
72 90 14
72 91 4
72 92 91
72 93 85
72 94 67
72 95 56
72 96 48
72 97 41
72 98 53
72 99 33
72 100 65
72 101 94
72 102 81
72 103 64
72 104 76
72 105 9
72 106 34
72 107 14
72 108 12
72 109 6
72 110 31
72 111 79
72 112 56
72 113 2
72 114 80
72 115 94
72 116 32
72 117 70
72 118 50
72 119 49
73 74 56
73 75 66
73 76 73
73 77 4
73 78 46
73 79 39
73 80 51
73 81 33
73 82 18
73 83 83
73 84 94
73 85 87
73 86 67
73 87 80
73 88 11
73 89 43
73 90 54
73 91 47
73 92 84
73 93 50
73 94 100
73 95 60
73 96 6
73 97 45
73 98 14
73 99 67
73 100 26
73 101 26
73 102 61
73 103 51
73 104 1
73 105 70
73 106 26
73 107 53
73 108 31
73 109 10
73 110 23
73 111 46
73 112 50
73 113 60
73 114 1
73 115 48
73 116 34
73 117 37
73 118 19
73 119 9
74 75 2
74 76 1
74 77 98
74 78 92
74 79 56
74 80 45
74 81 26
74 82 67
74 83 37
74 84 39
74 85 85
74 86 29
74 87 65
74 88 30
74 89 64
74 90 0
74 91 30
74 92 85
74 93 52
74 94 29
74 95 39
74 96 17
74 97 18
74 98 19
74 99 89
74 100 19
74 101 58
74 102 27
74 103 17
74 104 58
74 105 26
74 106 98
74 107 80
74 108 41
74 109 49
74 110 43
74 111 38
74 112 1
74 113 6
74 114 15
74 115 88
74 116 82
74 117 66
74 118 42
74 119 13
75 76 19
75 77 100
75 78 72
75 79 13
75 80 96
75 81 53
75 82 68
75 83 57
75 84 66
75 85 76
75 86 43
75 87 30
75 88 74
75 89 49
75 90 3
75 91 94
75 92 12
75 93 14
75 94 53
75 95 91
75 96 26
75 97 87
75 98 66
75 99 32
75 100 41
75 101 2
75 102 98
75 103 46
75 104 12
75 105 16
75 106 12
75 107 40
75 108 63
75 109 75
75 110 17
75 111 34
75 112 44
75 113 34
75 114 92
75 115 79
75 116 60
75 117 9
75 118 1
75 119 58
76 77 1
76 78 9
76 79 44
76 80 64
76 81 51
76 82 78
76 83 1
76 84 50
76 85 34
76 86 35
76 87 17
76 88 14
76 89 89
76 90 87
76 91 82
76 92 92
76 93 89
76 94 49
76 95 96
76 96 67
76 97 59
76 98 79
76 99 43
76 100 55
76 101 99
76 102 5
76 103 64
76 104 99
76 105 83
76 106 18
76 107 1
76 108 5
76 109 76
76 110 6
76 111 56
76 112 68
76 113 55
76 114 61
76 115 17
76 116 25
76 117 76
76 118 9
76 119 40
77 78 23
77 79 93
77 80 81
77 81 100
77 82 81
77 83 70
77 84 77
77 85 4
77 86 24
77 87 7
77 88 19
77 89 51
77 90 94
77 91 45
77 92 71
77 93 70
77 94 73
77 95 80
77 96 67
77 97 83
77 98 78
77 99 0
77 100 81
77 101 82
77 102 82
77 103 26
77 104 89
77 105 21
77 106 42
77 107 7
77 108 24
77 109 61
77 110 95
77 111 92
77 112 62
77 113 49
77 114 34
77 115 64
77 116 56
77 117 22
77 118 37
77 119 59
78 79 28
78 80 15
78 81 9
78 82 43
78 83 94
78 84 94
78 85 42
78 86 76
78 87 94
78 88 48
78 89 51
78 90 49
78 91 44
78 92 26
78 93 32
78 94 33
78 95 61
78 96 14
78 97 70
78 98 47
78 99 97
78 100 43
78 101 61
78 102 60
78 103 49
78 104 74
78 105 81
78 106 31
78 107 20
78 108 0
78 109 43
78 110 65
78 111 63
78 112 2
78 113 61
78 114 58
78 115 60
78 116 46
78 117 18
78 118 70
78 119 52
79 80 14
79 81 37
79 82 3
79 83 90
79 84 19
79 85 39
79 86 26
79 87 1
79 88 4
79 89 27
79 90 1
79 91 18
79 92 45
79 93 1
79 94 55
79 95 47
79 96 61
79 97 38
79 98 13
79 99 15
79 100 34
79 101 79
79 102 43
79 103 11
79 104 73
79 105 8
79 106 62
79 107 65
79 108 89
79 109 7
79 110 13
79 111 7
79 112 22
79 113 28
79 114 63
79 115 70
79 116 25
79 117 17
79 118 10
79 119 75
80 81 80
80 82 97
80 83 12
80 84 94
80 85 48
80 86 85
80 87 57
80 88 43
80 89 78
80 90 75
80 91 53
80 92 86
80 93 74
80 94 3
80 95 37
80 96 98
80 97 16
80 98 56
80 99 4
80 100 21
80 101 80
80 102 53
80 103 51
80 104 74
80 105 100
80 106 26
80 107 45
80 108 66
80 109 7
80 110 44
80 111 27
80 112 15
80 113 38
80 114 0
80 115 8
80 116 71
80 117 41
80 118 25
80 119 67
81 82 29
81 83 65
81 84 85
81 85 39
81 86 98
81 87 29
81 88 56
81 89 60
81 90 19
81 91 39
81 92 65
81 93 25
81 94 17
81 95 39
81 96 21
81 97 30
81 98 72
81 99 76
81 100 33
81 101 96
81 102 43
81 103 7
81 104 9
81 105 53
81 106 95
81 107 24
81 108 8
81 109 76
81 110 45
81 111 72
81 112 42
81 113 64
81 114 0
81 115 36
81 116 42
81 117 78
81 118 82
81 119 39
82 83 14
82 84 69
82 85 17
82 86 54
82 87 11
82 88 94
82 89 50
82 90 47
82 91 8
82 92 83
82 93 86
82 94 92
82 95 21
82 96 23
82 97 65
82 98 53
82 99 68
82 100 13
82 101 36
82 102 1
82 103 50
82 104 68
82 105 18
82 106 40
82 107 92
82 108 99
82 109 63
82 110 92
82 111 60
82 112 16
82 113 77
82 114 19
82 115 19
82 116 19
82 117 19
82 118 14
82 119 58
83 84 98
83 85 24
83 86 21
83 87 49
83 88 1
83 89 51
83 90 25
83 91 96
83 92 41
83 93 76
83 94 40
83 95 78
83 96 37
83 97 33
83 98 17
83 99 54
83 100 0
83 101 33
83 102 10
83 103 6
83 104 94
83 105 1
83 106 83
83 107 8
83 108 36
83 109 28
83 110 38
83 111 41
83 112 50
83 113 10
83 114 56
83 115 80
83 116 100
83 117 99
83 118 64
83 119 90
84 85 26
84 86 68
84 87 43
84 88 37
84 89 34
84 90 94
84 91 49
84 92 8
84 93 40
84 94 80
84 95 12
84 96 18
84 97 88
84 98 63
84 99 65
84 100 36
84 101 34
84 102 65
84 103 85
84 104 59
84 105 92
84 106 87
84 107 75
84 108 1
84 109 88
84 110 6
84 111 91
84 112 55
84 113 57
84 114 99
84 115 56
84 116 56
84 117 31
84 118 17
84 119 3
85 86 73
85 87 3
85 88 28
85 89 68
85 90 62
85 91 5
85 92 75
85 93 57
85 94 60
85 95 91
85 96 8
85 97 52
85 98 31
85 99 51
85 100 10
85 101 53
85 102 60
85 103 14
85 104 93
85 105 55
85 106 47
85 107 6
85 108 92
85 109 27
85 110 49
85 111 20
85 112 78
85 113 45
85 114 49
85 115 39
85 116 2
85 117 84
85 118 95
85 119 99
86 87 12
86 88 42
86 89 32
86 90 94
86 91 35
86 92 24
86 93 45
86 94 86
86 95 85
86 96 1
86 97 29
86 98 30
86 99 27
86 100 94
86 101 43
86 102 43
86 103 34
86 104 2
86 105 4
86 106 46
86 107 99
86 108 13
86 109 10
86 110 67
86 111 41
86 112 94
86 113 17
86 114 15
86 115 48
86 116 30
86 117 67
86 118 26
86 119 28
87 88 72
87 89 83
87 90 22
87 91 18
87 92 34
87 93 34
87 94 63
87 95 47
87 96 70
87 97 49
87 98 21
87 99 32
87 100 41
87 101 49
87 102 6
87 103 48
87 104 88
87 105 24
87 106 19
87 107 42
87 108 49
87 109 41
87 110 71
87 111 88
87 112 78
87 113 8
87 114 21
87 115 10
87 116 92
87 117 53
87 118 19
87 119 3
88 89 7
88 90 90
88 91 37
88 92 87
88 93 90
88 94 82
88 95 59
88 96 76
88 97 91
88 98 58
88 99 29
88 100 26
88 101 26
88 102 97
88 103 34
88 104 35
88 105 44
88 106 42
88 107 37
88 108 68
88 109 79
88 110 4
88 111 78
88 112 15
88 113 85
88 114 68
88 115 11
88 116 32
88 117 81
88 118 65
88 119 74
89 90 14
89 91 13
89 92 8
89 93 86
89 94 44
89 95 58
89 96 80
89 97 45
89 98 64
89 99 46
89 100 74
89 101 78
89 102 38
89 103 12
89 104 97
89 105 28
89 106 55
89 107 4
89 108 55
89 109 32
89 110 54
89 111 52
89 112 47
89 113 18
89 114 38
89 115 58
89 116 53
89 117 93
89 118 10
89 119 54
90 91 98
90 92 56
90 93 90
90 94 71
90 95 34
90 96 86
90 97 56
90 98 9
90 99 56
90 100 13
90 101 68
90 102 84
90 103 42
90 104 25
90 105 90
90 106 22
90 107 75
90 108 88
90 109 84
90 110 37
90 111 87
90 112 31
90 113 26
90 114 38
90 115 25
90 116 89
90 117 78
90 118 46
90 119 27
91 92 18
91 93 80
91 94 42
91 95 47
91 96 37
91 97 76
91 98 11
91 99 21
91 100 28
91 101 69
91 102 100
91 103 47
91 104 64
91 105 87
91 106 18
91 107 21
91 108 83
91 109 9
91 110 73
91 111 81
91 112 26
91 113 40
91 114 38
91 115 65
91 116 86
91 117 27
91 118 7
91 119 68
92 93 4
92 94 25
92 95 56
92 96 36
92 97 92
92 98 4
92 99 49
92 100 55
92 101 31
92 102 55
92 103 33
92 104 29
92 105 38
92 106 80
92 107 9
92 108 98
92 109 11
92 110 48
92 111 13
92 112 32
92 113 41
92 114 16
92 115 89
92 116 32
92 117 53
92 118 67
92 119 28
93 94 60
93 95 27
93 96 68
93 97 58
93 98 56
93 99 59
93 100 9
93 101 20
93 102 27
93 103 63
93 104 53
93 105 57
93 106 4
93 107 1
93 108 43
93 109 3
93 110 31
93 111 11
93 112 3
93 113 99
93 114 99
93 115 99
93 116 85
93 117 49
93 118 57
93 119 51
94 95 37
94 96 1
94 97 50
94 98 71
94 99 100
94 100 29
94 101 60
94 102 78
94 103 27
94 104 51
94 105 3
94 106 52
94 107 6
94 108 32
94 109 23
94 110 100
94 111 52
94 112 30
94 113 30
94 114 91
94 115 48
94 116 42
94 117 80
94 118 1
94 119 33
95 96 10
95 97 86
95 98 22
95 99 8
95 100 65
95 101 1
95 102 4
95 103 64
95 104 23
95 105 24
95 106 2
95 107 49
95 108 18
95 109 86
95 110 44
95 111 40
95 112 96
95 113 46
95 114 53
95 115 25
95 116 22
95 117 32
95 118 26
95 119 86
96 97 35
96 98 96
96 99 68
96 100 43
96 101 70
96 102 26
96 103 15
96 104 88
96 105 63
96 106 76
96 107 47
96 108 26
96 109 94
96 110 68
96 111 31
96 112 21
96 113 70
96 114 4
96 115 79
96 116 18
96 117 29
96 118 65
96 119 46
97 98 100
97 99 94
97 100 41
97 101 7
97 102 59
97 103 82
97 104 52
97 105 59
97 106 41
97 107 56
97 108 38
97 109 21
97 110 54
97 111 32
97 112 19
97 113 70
97 114 88
97 115 87
97 116 29
97 117 86
97 118 8
97 119 34
98 99 34
98 100 38
98 101 56
98 102 66
98 103 58
98 104 11
98 105 76
98 106 60
98 107 77
98 108 91
98 109 38
98 110 80
98 111 73
98 112 41
98 113 53
98 114 14
98 115 74
98 116 88
98 117 68
98 118 53
98 119 55
99 100 39
99 101 77
99 102 15
99 103 2
99 104 12
99 105 61
99 106 87
99 107 19
99 108 65
99 109 96
99 110 84
99 111 96
99 112 87
99 113 90
99 114 23
99 115 54
99 116 64
99 117 94
99 118 63
99 119 77
100 101 78
100 102 39
100 103 89
100 104 99
100 105 4
100 106 34
100 107 42
100 108 82
100 109 46
100 110 13
100 111 89
100 112 90
100 113 35
100 114 74
100 115 45
100 116 99
100 117 70
100 118 92
100 119 16
101 102 95
101 103 6
101 104 38
101 105 44
101 106 100
101 107 94
101 108 45
101 109 76
101 110 72
101 111 40
101 112 71
101 113 48
101 114 33
101 115 49
101 116 52
101 117 8
101 118 38
101 119 90
102 103 98
102 104 5
102 105 52
102 106 96
102 107 45
102 108 69
102 109 59
102 110 60
102 111 89
102 112 75
102 113 97
102 114 71
102 115 20
102 116 70
102 117 13
102 118 48
102 119 28
103 104 46
103 105 23
103 106 26
103 107 43
103 108 17
103 109 46
103 110 4
103 111 72
103 112 19
103 113 22
103 114 78
103 115 98
103 116 67
103 117 96
103 118 48
103 119 9
104 105 15
104 106 44
104 107 3
104 108 13
104 109 77
104 110 43
104 111 67
104 112 51
104 113 58
104 114 52
104 115 20
104 116 5
104 117 28
104 118 36
104 119 44
105 106 3
105 107 57
105 108 22
105 109 53
105 110 72
105 111 63
105 112 34
105 113 60
105 114 58
105 115 7
105 116 75
105 117 62
105 118 53
105 119 39
106 107 75
106 108 47
106 109 4
106 110 5
106 111 30
106 112 62
106 113 57
106 114 84
106 115 88
106 116 14
106 117 63
106 118 10
106 119 100
107 108 86
107 109 38
107 110 19
107 111 26
107 112 51
107 113 77
107 114 70
107 115 90
107 116 33
107 117 25
107 118 13
107 119 82
108 109 78
108 110 22
108 111 94
108 112 98
108 113 59
108 114 96
108 115 85
108 116 10
108 117 28
108 118 80
108 119 27
109 110 46
109 111 34
109 112 0
109 113 34
109 114 38
109 115 4
109 116 72
109 117 51
109 118 100
109 119 63
110 111 97
110 112 33
110 113 41
110 114 86
110 115 2
110 116 39
110 117 75
110 118 16
110 119 83
111 112 13
111 113 46
111 114 24
111 115 41
111 116 63
111 117 96
111 118 26
111 119 21
112 113 38
112 114 27
112 115 80
112 116 100
112 117 80
112 118 49
112 119 16
113 114 86
113 115 35
113 116 75
113 117 17
113 118 4
113 119 3
114 115 75
114 116 27
114 117 2
114 118 81
114 119 34
115 116 62
115 117 36
115 118 72
115 119 95
116 117 18
116 118 18
116 119 3
117 118 21
117 119 79
118 119 94
