60 6 ss 10 10 10 10 10 10 10 10 10 10 10 10 
0 1 85
0 2 96
0 3 72
0 4 23
0 5 2
0 6 89
0 7 49
0 8 38
0 9 22
0 10 1
0 11 78
0 12 80
0 13 25
0 14 89
0 15 44
0 16 8
0 17 55
0 18 73
0 19 69
0 20 70
0 21 58
0 22 33
0 23 37
0 24 91
0 25 35
0 26 9
0 27 24
0 28 30
0 29 15
0 30 63
0 31 2
0 32 32
0 33 87
0 34 70
0 35 53
0 36 51
0 37 24
0 38 63
0 39 19
0 40 8
0 41 88
0 42 1
0 43 84
0 44 46
0 45 54
0 46 26
0 47 68
0 48 53
0 49 77
0 50 49
0 51 87
0 52 53
0 53 18
0 54 2
0 55 99
0 56 41
0 57 18
0 58 18
0 59 20
1 2 99
1 3 84
1 4 38
1 5 48
1 6 93
1 7 40
1 8 21
1 9 22
1 10 44
1 11 32
1 12 61
1 13 63
1 14 53
1 15 42
1 16 98
1 17 63
1 18 67
1 19 23
1 20 31
1 21 19
1 22 16
1 23 43
1 24 34
1 25 59
1 26 85
1 27 71
1 28 92
1 29 34
1 30 15
1 31 67
1 32 30
1 33 91
1 34 2
1 35 42
1 36 82
1 37 33
1 38 67
1 39 41
1 40 77
1 41 25
1 42 50
1 43 50
1 44 51
1 45 89
1 46 30
1 47 64
1 48 5
1 49 66
1 50 62
1 51 84
1 52 67
1 53 18
1 54 62
1 55 24
1 56 12
1 57 53
1 58 49
1 59 74
2 3 11
2 4 28
2 5 69
2 6 95
2 7 49
2 8 57
2 9 81
2 10 12
2 11 28
2 12 33
2 13 46
2 14 11
2 15 72
2 16 77
2 17 56
2 18 21
2 19 70
2 20 42
2 21 75
2 22 19
2 23 12
2 24 53
2 25 24
2 26 47
2 27 63
2 28 65
2 29 5
2 30 27
2 31 32
2 32 26
2 33 51
2 34 17
2 35 4
2 36 21
2 37 31
2 38 38
2 39 36
2 40 41
2 41 83
2 42 8
2 43 0
2 44 9
2 45 45
2 46 12
2 47 33
2 48 36
2 49 74
2 50 96
2 51 86
2 52 94
2 53 64
2 54 20
2 55 36
2 56 27
2 57 22
2 58 28
2 59 34
3 4 39
3 5 96
3 6 92
3 7 68
3 8 70
3 9 57
3 10 41
3 11 43
3 12 78
3 13 33
3 14 62
3 15 82
3 16 87
3 17 45
3 18 33
3 19 13
3 20 60
3 21 21
3 22 20
3 23 27
3 24 80
3 25 9
3 26 8
3 27 8
3 28 45
3 29 26
3 30 14
3 31 60
3 32 78
3 33 27
3 34 27
3 35 73
3 36 65
3 37 16
3 38 4
3 39 9
3 40 55
3 41 52
3 42 26
3 43 48
3 44 48
3 45 23
3 46 26
3 47 53
3 48 51
3 49 90
3 50 43
3 51 4
3 52 38
3 53 57
3 54 45
3 55 47
3 56 76
3 57 42
3 58 15
3 59 62
4 5 43
4 6 8
4 7 52
4 8 37
4 9 78
4 10 31
4 11 3
4 12 30
4 13 6
4 14 98
4 15 61
4 16 6
4 17 59
4 18 80
4 19 39
4 20 13
4 21 15
4 22 58
4 23 18
4 24 40
4 25 38
4 26 100
4 27 33
4 28 8
4 29 9
4 30 26
4 31 59
4 32 82
4 33 68
4 34 92
4 35 42
4 36 41
4 37 88
4 38 96
4 39 83
4 40 23
4 41 85
4 42 97
4 43 64
4 44 79
4 45 57
4 46 76
4 47 14
4 48 37
4 49 65
4 50 42
4 51 53
4 52 79
4 53 75
4 54 68
4 55 4
4 56 7
4 57 99
4 58 57
4 59 81
5 6 13
5 7 8
5 8 58
5 9 29
5 10 66
5 11 83
5 12 16
5 13 32
5 14 79
5 15 46
5 16 48
5 17 23
5 18 95
5 19 4
5 20 18
5 21 68
5 22 55
5 23 21
5 24 46
5 25 96
5 26 90
5 27 80
5 28 24
5 29 14
5 30 10
5 31 30
5 32 67
5 33 15
5 34 6
5 35 13
5 36 16
5 37 52
5 38 84
5 39 42
5 40 10
5 41 94
5 42 82
5 43 16
5 44 78
5 45 8
5 46 85
5 47 91
5 48 90
5 49 63
5 50 97
5 51 17
5 52 96
5 53 53
5 54 20
5 55 100
5 56 77
5 57 30
5 58 17
5 59 85
6 7 95
6 8 94
6 9 100
6 10 54
6 11 81
6 12 31
6 13 96
6 14 4
6 15 43
6 16 64
6 17 91
6 18 19
6 19 88
6 20 40
6 21 63
6 22 51
6 23 62
6 24 95
6 25 20
6 26 53
6 27 50
6 28 74
6 29 56
6 30 8
6 31 14
6 32 74
6 33 73
6 34 29
6 35 90
6 36 89
6 37 58
6 38 72
6 39 6
6 40 81
6 41 99
6 42 70
6 43 39
6 44 80
6 45 24
6 46 94
6 47 22
6 48 9
6 49 26
6 50 25
6 51 93
6 52 30
6 53 63
6 54 8
6 55 3
6 56 24
6 57 6
6 58 86
6 59 29
7 8 15
7 9 9
7 10 86
7 11 96
7 12 63
7 13 0
7 14 94
7 15 82
7 16 68
7 17 3
7 18 88
7 19 11
7 20 57
7 21 13
7 22 97
7 23 96
7 24 79
7 25 59
7 26 99
7 27 97
7 28 38
7 29 77
7 30 100
7 31 20
7 32 97
7 33 17
7 34 68
7 35 67
7 36 1
7 37 42
7 38 25
7 39 40
7 40 91
7 41 3
7 42 72
7 43 98
7 44 8
7 45 67
7 46 50
7 47 60
7 48 7
7 49 99
7 50 52
7 51 2
7 52 56
7 53 60
7 54 10
7 55 39
7 56 30
7 57 97
7 58 0
7 59 42
8 9 99
8 10 87
8 11 81
8 12 25
8 13 7
8 14 41
8 15 63
8 16 28
8 17 19
8 18 16
8 19 14
8 20 47
8 21 52
8 22 79
8 23 57
8 24 51
8 25 78
8 26 58
8 27 67
8 28 94
8 29 31
8 30 15
8 31 88
8 32 34
8 33 93
8 34 12
8 35 75
8 36 0
8 37 75
8 38 64
8 39 83
8 40 77
8 41 6
8 42 50
8 43 91
8 44 63
8 45 50
8 46 85
8 47 0
8 48 84
8 49 71
8 50 4
8 51 33
8 52 46
8 53 65
8 54 52
8 55 13
8 56 13
8 57 67
8 58 97
8 59 11
9 10 16
9 11 28
9 12 72
9 13 33
9 14 39
9 15 52
9 16 53
9 17 18
9 18 91
9 19 20
9 20 36
9 21 84
9 22 67
9 23 70
9 24 52
9 25 93
9 26 39
9 27 43
9 28 59
9 29 92
9 30 23
9 31 7
9 32 19
9 33 23
9 34 41
9 35 24
9 36 21
9 37 47
9 38 84
9 39 92
9 40 97
9 41 9
9 42 72
9 43 33
9 44 79
9 45 54
9 46 31
9 47 12
9 48 11
9 49 10
9 50 58
9 51 8
9 52 2
9 53 78
9 54 38
9 55 43
9 56 46
9 57 13
9 58 57
9 59 30
10 11 89
10 12 47
10 13 66
10 14 88
10 15 9
10 16 43
10 17 97
10 18 16
10 19 70
10 20 73
10 21 39
10 22 74
10 23 68
10 24 58
10 25 14
10 26 62
10 27 68
10 28 45
10 29 94
10 30 25
10 31 35
10 32 30
10 33 50
10 34 38
10 35 20
10 36 38
10 37 50
10 38 36
10 39 45
10 40 11
10 41 87
10 42 44
10 43 63
10 44 75
10 45 88
10 46 86
10 47 92
10 48 4
10 49 18
10 50 76
10 51 56
10 52 28
10 53 8
10 54 32
10 55 39
10 56 77
10 57 83
10 58 59
10 59 54
11 12 25
11 13 23
11 14 3
11 15 20
11 16 53
11 17 26
11 18 91
11 19 17
11 20 0
11 21 36
11 22 93
11 23 38
11 24 2
11 25 94
11 26 45
11 27 82
11 28 46
11 29 90
11 30 86
11 31 51
11 32 57
11 33 44
11 34 27
11 35 0
11 36 47
11 37 54
11 38 70
11 39 99
11 40 78
11 41 67
11 42 2
11 43 76
11 44 0
11 45 64
11 46 21
11 47 6
11 48 0
11 49 73
11 50 99
11 51 87
11 52 4
11 53 88
11 54 76
11 55 9
11 56 8
11 57 12
11 58 69
11 59 36
12 13 67
12 14 16
12 15 26
12 16 82
12 17 14
12 18 30
12 19 10
12 20 99
12 21 99
12 22 30
12 23 39
12 24 41
12 25 42
12 26 42
12 27 9
12 28 29
12 29 75
12 30 59
12 31 68
12 32 96
12 33 52
12 34 2
12 35 75
12 36 86
12 37 66
12 38 90
12 39 37
12 40 66
12 41 56
12 42 97
12 43 10
12 44 16
12 45 77
12 46 80
12 47 42
12 48 97
12 49 53
12 50 13
12 51 90
12 52 62
12 53 92
12 54 16
12 55 91
12 56 13
12 57 16
12 58 66
12 59 75
13 14 57
13 15 65
13 16 26
13 17 72
13 18 9
13 19 0
13 20 62
13 21 59
13 22 2
13 23 68
13 24 4
13 25 20
13 26 100
13 27 63
13 28 71
13 29 86
13 30 87
13 31 59
13 32 37
13 33 55
13 34 36
13 35 31
13 36 2
13 37 59
13 38 81
13 39 45
13 40 93
13 41 75
13 42 27
13 43 45
13 44 75
13 45 74
13 46 29
13 47 4
13 48 20
13 49 49
13 50 94
13 51 21
13 52 86
13 53 73
13 54 26
13 55 77
13 56 9
13 57 46
13 58 2
13 59 51
14 15 23
14 16 1
14 17 54
14 18 79
14 19 11
14 20 20
14 21 92
14 22 51
14 23 79
14 24 56
14 25 52
14 26 13
14 27 92
14 28 65
14 29 95
14 30 26
14 31 49
14 32 99
14 33 70
14 34 76
14 35 16
14 36 22
14 37 65
14 38 76
14 39 89
14 40 27
14 41 16
14 42 12
14 43 49
14 44 38
14 45 9
14 46 34
14 47 12
14 48 91
14 49 1
14 50 29
14 51 26
14 52 62
14 53 51
14 54 82
14 55 55
14 56 36
14 57 29
14 58 27
14 59 21
15 16 18
15 17 86
15 18 35
15 19 71
15 20 24
15 21 57
15 22 32
15 23 83
15 24 91
15 25 8
15 26 96
15 27 10
15 28 24
15 29 5
15 30 44
15 31 40
15 32 24
15 33 34
15 34 12
15 35 97
15 36 1
15 37 92
15 38 40
15 39 83
15 40 1
15 41 61
15 42 55
15 43 21
15 44 30
15 45 0
15 46 81
15 47 38
15 48 8
15 49 54
15 50 35
15 51 81
15 52 47
15 53 57
15 54 90
15 55 6
15 56 49
15 57 50
15 58 70
15 59 27
16 17 95
16 18 73
16 19 3
16 20 24
16 21 45
16 22 15
16 23 63
16 24 61
16 25 12
16 26 20
16 27 61
16 28 60
16 29 63
16 30 49
16 31 90
16 32 75
16 33 88
16 34 97
16 35 93
16 36 54
16 37 53
16 38 27
16 39 65
16 40 71
16 41 8
16 42 96
16 43 100
16 44 4
16 45 13
16 46 74
16 47 11
16 48 55
16 49 54
16 50 56
16 51 95
16 52 39
16 53 77
16 54 43
16 55 11
16 56 58
16 57 0
16 58 50
16 59 39
17 18 42
17 19 83
17 20 91
17 21 45
17 22 31
17 23 75
17 24 86
17 25 66
17 26 58
17 27 77
17 28 35
17 29 71
17 30 72
17 31 1
17 32 50
17 33 25
17 34 65
17 35 0
17 36 51
17 37 62
17 38 84
17 39 29
17 40 51
17 41 20
17 42 6
17 43 97
17 44 22
17 45 99
17 46 11
17 47 43
17 48 30
17 49 8
17 50 52
17 51 24
17 52 10
17 53 86
17 54 61
17 55 61
17 56 98
17 57 41
17 58 72
17 59 16
18 19 93
18 20 84
18 21 3
18 22 93
18 23 90
18 24 74
18 25 100
18 26 85
18 27 18
18 28 75
18 29 60
18 30 36
18 31 32
18 32 36
18 33 71
18 34 47
18 35 74
18 36 21
18 37 9
18 38 94
18 39 51
18 40 5
18 41 2
18 42 97
18 43 14
18 44 35
18 45 45
18 46 16
18 47 8
18 48 80
18 49 28
18 50 10
18 51 2
18 52 82
18 53 98
18 54 57
18 55 45
18 56 23
18 57 57
18 58 66
18 59 60
19 20 69
19 21 86
19 22 94
19 23 57
19 24 57
19 25 55
19 26 56
19 27 51
19 28 12
19 29 19
19 30 0
19 31 97
19 32 26
19 33 51
19 34 46
19 35 69
19 36 3
19 37 78
19 38 74
19 39 53
19 40 55
19 41 43
19 42 40
19 43 27
19 44 84
19 45 46
19 46 35
19 47 65
19 48 77
19 49 50
19 50 54
19 51 13
19 52 96
19 53 55
19 54 29
19 55 85
19 56 55
19 57 66
19 58 60
19 59 25
20 21 22
20 22 92
20 23 65
20 24 23
20 25 49
20 26 52
20 27 53
20 28 46
20 29 77
20 30 27
20 31 35
20 32 59
20 33 25
20 34 39
20 35 29
20 36 30
20 37 12
20 38 14
20 39 27
20 40 91
20 41 6
20 42 85
20 43 32
20 44 6
20 45 8
20 46 99
20 47 14
20 48 52
20 49 79
20 50 50
20 51 35
20 52 78
20 53 8
20 54 22
20 55 38
20 56 76
20 57 94
20 58 96
20 59 33
21 22 31
21 23 74
21 24 45
21 25 36
21 26 41
21 27 87
21 28 38
21 29 78
21 30 8
21 31 73
21 32 21
21 33 17
21 34 30
21 35 68
21 36 59
21 37 34
21 38 52
21 39 10
21 40 88
21 41 55
21 42 27
21 43 63
21 44 2
21 45 42
21 46 71
21 47 51
21 48 73
21 49 99
21 50 94
21 51 44
21 52 58
21 53 77
21 54 16
21 55 40
21 56 65
21 57 56
21 58 0
21 59 80
22 23 6
22 24 66
22 25 3
22 26 42
22 27 20
22 28 100
22 29 40
22 30 91
22 31 0
22 32 69
22 33 78
22 34 13
22 35 26
22 36 20
22 37 59
22 38 28
22 39 52
22 40 74
22 41 61
22 42 91
22 43 9
22 44 91
22 45 23
22 46 54
22 47 30
22 48 27
22 49 82
22 50 3
22 51 83
22 52 94
22 53 29
22 54 33
22 55 25
22 56 61
22 57 67
22 58 75
22 59 38
23 24 30
23 25 12
23 26 54
23 27 9
23 28 20
23 29 76
23 30 27
23 31 8
23 32 90
23 33 28
23 34 39
23 35 9
23 36 19
23 37 39
23 38 52
23 39 72
23 40 86
23 41 81
23 42 0
23 43 59
23 44 33
23 45 25
23 46 30
23 47 61
23 48 16
23 49 28
23 50 71
23 51 90
23 52 84
23 53 60
23 54 12
23 55 20
23 56 55
23 57 66
23 58 93
23 59 71
24 25 37
24 26 26
24 27 8
24 28 41
24 29 1
24 30 71
24 31 74
24 32 52
24 33 1
24 34 2
24 35 19
24 36 58
24 37 2
24 38 28
24 39 92
24 40 39
24 41 66
24 42 20
24 43 52
24 44 80
24 45 39
24 46 3
24 47 77
24 48 30
24 49 84
24 50 98
24 51 17
24 52 68
24 53 90
24 54 11
24 55 59
24 56 74
24 57 57
24 58 35
24 59 98
25 26 12
25 27 88
25 28 98
25 29 68
25 30 71
25 31 17
25 32 77
25 33 73
25 34 5
25 35 81
25 36 34
25 37 64
25 38 46
25 39 16
25 40 54
25 41 87
25 42 47
25 43 13
25 44 67
25 45 73
25 46 28
25 47 79
25 48 74
25 49 41
25 50 78
25 51 12
25 52 21
25 53 59
25 54 0
25 55 23
25 56 12
25 57 13
25 58 43
25 59 86
26 27 48
26 28 63
26 29 21
26 30 0
26 31 63
26 32 99
26 33 91
26 34 19
26 35 3
26 36 90
26 37 85
26 38 27
26 39 21
26 40 30
26 41 56
26 42 44
26 43 19
26 44 42
26 45 55
26 46 0
26 47 68
26 48 13
26 49 76
26 50 41
26 51 42
26 52 20
26 53 86
26 54 35
26 55 5
26 56 13
26 57 7
26 58 92
26 59 57
27 28 94
27 29 42
27 30 10
27 31 47
27 32 40
27 33 23
27 34 93
27 35 41
27 36 10
27 37 46
27 38 94
27 39 38
27 40 13
27 41 61
27 42 88
27 43 72
27 44 66
27 45 72
27 46 61
27 47 77
27 48 37
27 49 22
27 50 58
27 51 6
27 52 91
27 53 16
27 54 29
27 55 29
27 56 0
27 57 71
27 58 57
27 59 70
28 29 84
28 30 75
28 31 17
28 32 95
28 33 47
28 34 92
28 35 39
28 36 2
28 37 85
28 38 55
28 39 75
28 40 15
28 41 58
28 42 79
28 43 42
28 44 15
28 45 50
28 46 87
28 47 34
28 48 45
28 49 36
28 50 75
28 51 88
28 52 50
28 53 32
28 54 67
28 55 50
28 56 93
28 57 32
28 58 70
28 59 71
29 30 81
29 31 75
29 32 73
29 33 5
29 34 44
29 35 32
29 36 4
29 37 59
29 38 89
29 39 93
29 40 15
29 41 39
29 42 1
29 43 66
29 44 38
29 45 47
29 46 58
29 47 83
29 48 1
29 49 34
29 50 33
29 51 37
29 52 89
29 53 12
29 54 47
29 55 60
29 56 74
29 57 61
29 58 88
29 59 14
30 31 71
30 32 12
30 33 17
30 34 7
30 35 33
30 36 41
30 37 13
30 38 67
30 39 16
30 40 49
30 41 59
30 42 48
30 43 50
30 44 52
30 45 4
30 46 11
30 47 47
30 48 49
30 49 50
30 50 29
30 51 93
30 52 56
30 53 47
30 54 49
30 55 10
30 56 83
30 57 32
30 58 98
30 59 49
31 32 43
31 33 67
31 34 56
31 35 69
31 36 85
31 37 82
31 38 25
31 39 5
31 40 37
31 41 8
31 42 8
31 43 46
31 44 51
31 45 83
31 46 48
31 47 72
31 48 63
31 49 5
31 50 95
31 51 80
31 52 42
31 53 40
31 54 15
31 55 73
31 56 24
31 57 72
31 58 63
31 59 7
32 33 4
32 34 11
32 35 7
32 36 25
32 37 31
32 38 64
32 39 47
32 40 0
32 41 94
32 42 74
32 43 65
32 44 15
32 45 33
32 46 51
32 47 70
32 48 20
32 49 63
32 50 87
32 51 87
32 52 17
32 53 73
32 54 90
32 55 68
32 56 55
32 57 69
32 58 90
32 59 53
33 34 88
33 35 3
33 36 29
33 37 95
33 38 27
33 39 74
33 40 67
33 41 60
33 42 49
33 43 42
33 44 54
33 45 100
33 46 69
33 47 2
33 48 66
33 49 46
33 50 46
33 51 75
33 52 95
33 53 27
33 54 72
33 55 69
33 56 96
33 57 2
33 58 77
33 59 62
34 35 0
34 36 85
34 37 58
34 38 36
34 39 46
34 40 84
34 41 94
34 42 15
34 43 79
34 44 74
34 45 90
34 46 93
34 47 41
34 48 18
34 49 39
34 50 32
34 51 68
34 52 72
34 53 76
34 54 100
34 55 28
34 56 71
34 57 2
34 58 52
34 59 72
35 36 60
35 37 92
35 38 71
35 39 75
35 40 5
35 41 18
35 42 70
35 43 37
35 44 67
35 45 90
35 46 22
35 47 71
35 48 67
35 49 76
35 50 52
35 51 13
35 52 45
35 53 41
35 54 74
35 55 90
35 56 97
35 57 11
35 58 58
35 59 80
36 37 93
36 38 34
36 39 81
36 40 40
36 41 22
36 42 18
36 43 98
36 44 28
36 45 98
36 46 8
36 47 27
36 48 1
36 49 56
36 50 46
36 51 0
36 52 27
36 53 48
36 54 28
36 55 30
36 56 43
36 57 22
36 58 46
36 59 91
37 38 15
37 39 48
37 40 8
37 41 21
37 42 44
37 43 0
37 44 54
37 45 58
37 46 40
37 47 38
37 48 90
37 49 99
37 50 55
37 51 48
37 52 20
37 53 72
37 54 78
37 55 74
37 56 58
37 57 64
37 58 99
37 59 31
38 39 15
38 40 73
38 41 91
38 42 5
38 43 50
38 44 71
38 45 35
38 46 74
38 47 34
38 48 13
38 49 23
38 50 76
38 51 55
38 52 61
38 53 71
38 54 37
38 55 30
38 56 39
38 57 19
38 58 68
38 59 54
39 40 5
39 41 79
39 42 2
39 43 44
39 44 49
39 45 60
39 46 79
39 47 42
39 48 32
39 49 37
39 50 72
39 51 85
39 52 9
39 53 52
39 54 9
39 55 61
39 56 52
39 57 67
39 58 29
39 59 79
40 41 88
40 42 55
40 43 47
40 44 95
40 45 88
40 46 82
40 47 74
40 48 53
40 49 54
40 50 35
40 51 55
40 52 15
40 53 25
40 54 2
40 55 9
40 56 59
40 57 20
40 58 74
40 59 51
41 42 71
41 43 33
41 44 97
41 45 20
41 46 53
41 47 65
41 48 84
41 49 85
41 50 58
41 51 32
41 52 39
41 53 13
41 54 38
41 55 89
41 56 36
41 57 92
41 58 78
41 59 98
42 43 39
42 44 6
42 45 74
42 46 83
42 47 88
42 48 72
42 49 60
42 50 16
42 51 85
42 52 47
42 53 20
42 54 68
42 55 14
42 56 44
42 57 43
42 58 20
42 59 60
43 44 77
43 45 44
43 46 85
43 47 53
43 48 56
43 49 31
43 50 25
43 51 1
43 52 43
43 53 21
43 54 51
43 55 57
43 56 78
43 57 35
43 58 26
43 59 77
44 45 3
44 46 26
44 47 30
44 48 70
44 49 34
44 50 3
44 51 38
44 52 57
44 53 25
44 54 29
44 55 15
44 56 25
44 57 57
44 58 31
44 59 41
45 46 4
45 47 67
45 48 98
45 49 81
45 50 74
45 51 16
45 52 96
45 53 53
45 54 10
45 55 28
45 56 59
45 57 20
45 58 31
45 59 56
46 47 28
46 48 46
46 49 79
46 50 61
46 51 95
46 52 8
46 53 1
46 54 74
46 55 35
46 56 98
46 57 4
46 58 87
46 59 15
47 48 20
47 49 16
47 50 37
47 51 77
47 52 86
47 53 22
47 54 71
47 55 12
47 56 1
47 57 31
47 58 2
47 59 67
48 49 51
48 50 84
48 51 37
48 52 51
48 53 78
48 54 86
48 55 13
48 56 56
48 57 10
48 58 17
48 59 2
49 50 65
49 51 91
49 52 24
49 53 59
49 54 3
49 55 74
49 56 43
49 57 23
49 58 2
49 59 16
50 51 69
50 52 99
50 53 86
50 54 42
50 55 76
50 56 62
50 57 100
50 58 50
50 59 68
51 52 59
51 53 65
51 54 37
51 55 4
51 56 97
51 57 13
51 58 26
51 59 21
52 53 72
52 54 0
52 55 5
52 56 39
52 57 51
52 58 68
52 59 53
53 54 95
53 55 25
53 56 50
53 57 55
53 58 70
53 59 25
54 55 57
54 56 86
54 57 94
54 58 18
54 59 40
55 56 64
55 57 44
55 58 8
55 59 83
56 57 62
56 58 20
56 59 88
57 58 93
57 59 21
58 59 70
