120 10 ds 10 12 9 12 8 14 12 16 9 14 11 13 8 12 11 15 12 15 12 16 
0 1 10
0 2 99
0 3 16
0 4 15
0 5 87
0 6 83
0 7 13
0 8 19
0 9 88
0 10 74
0 11 10
0 12 50
0 13 65
0 14 88
0 15 2
0 16 2
0 17 9
0 18 12
0 19 17
0 20 49
0 21 40
0 22 99
0 23 43
0 24 20
0 25 64
0 26 55
0 27 34
0 28 38
0 29 24
0 30 1
0 31 55
0 32 5
0 33 95
0 34 22
0 35 93
0 36 23
0 37 98
0 38 90
0 39 86
0 40 69
0 41 45
0 42 67
0 43 52
0 44 37
0 45 80
0 46 77
0 47 77
0 48 33
0 49 94
0 50 7
0 51 39
0 52 24
0 53 61
0 54 72
0 55 84
0 56 32
0 57 66
0 58 58
0 59 95
0 60 64
0 61 40
0 62 80
0 63 7
0 64 42
0 65 35
0 66 35
0 67 16
0 68 33
0 69 2
0 70 41
0 71 1
0 72 51
0 73 45
0 74 25
0 75 91
0 76 15
0 77 85
0 78 99
0 79 10
0 80 7
0 81 82
0 82 48
0 83 89
0 84 86
0 85 3
0 86 17
0 87 62
0 88 79
0 89 88
0 90 95
0 91 60
0 92 56
0 93 24
0 94 22
0 95 54
0 96 91
0 97 77
0 98 8
0 99 99
0 100 56
0 101 95
0 102 4
0 103 42
0 104 94
0 105 68
0 106 0
0 107 92
0 108 55
0 109 34
0 110 98
0 111 96
0 112 53
0 113 6
0 114 41
0 115 49
0 116 34
0 117 88
0 118 35
0 119 20
1 2 67
1 3 71
1 4 54
1 5 37
1 6 100
1 7 81
1 8 89
1 9 7
1 10 67
1 11 85
1 12 28
1 13 65
1 14 25
1 15 48
1 16 66
1 17 98
1 18 62
1 19 35
1 20 10
1 21 100
1 22 4
1 23 1
1 24 71
1 25 97
1 26 19
1 27 13
1 28 5
1 29 26
1 30 71
1 31 30
1 32 44
1 33 0
1 34 51
1 35 8
1 36 67
1 37 80
1 38 26
1 39 13
1 40 72
1 41 64
1 42 63
1 43 50
1 44 67
1 45 62
1 46 12
1 47 95
1 48 96
1 49 1
1 50 58
1 51 39
1 52 42
1 53 76
1 54 55
1 55 85
1 56 52
1 57 18
1 58 18
1 59 92
1 60 42
1 61 54
1 62 29
1 63 12
1 64 36
1 65 83
1 66 71
1 67 8
1 68 73
1 69 27
1 70 5
1 71 1
1 72 95
1 73 29
1 74 92
1 75 37
1 76 56
1 77 53
1 78 93
1 79 64
1 80 6
1 81 67
1 82 12
1 83 47
1 84 90
1 85 75
1 86 73
1 87 14
1 88 74
1 89 94
1 90 85
1 91 34
1 92 44
1 93 66
1 94 1
1 95 35
1 96 85
1 97 47
1 98 33
1 99 32
1 100 34
1 101 78
1 102 73
1 103 38
1 104 42
1 105 0
1 106 14
1 107 63
1 108 19
1 109 33
1 110 29
1 111 28
1 112 91
1 113 0
1 114 66
1 115 23
1 116 37
1 117 38
1 118 31
1 119 85
2 3 18
2 4 49
2 5 58
2 6 22
2 7 8
2 8 60
2 9 54
2 10 37
2 11 21
2 12 0
2 13 48
2 14 39
2 15 38
2 16 46
2 17 31
2 18 47
2 19 13
2 20 43
2 21 16
2 22 77
2 23 47
2 24 74
2 25 51
2 26 77
2 27 49
2 28 12
2 29 10
2 30 98
2 31 15
2 32 11
2 33 73
2 34 89
2 35 44
2 36 22
2 37 93
2 38 43
2 39 30
2 40 36
2 41 11
2 42 0
2 43 33
2 44 62
2 45 16
2 46 98
2 47 85
2 48 26
2 49 65
2 50 27
2 51 34
2 52 47
2 53 1
2 54 42
2 55 76
2 56 5
2 57 10
2 58 29
2 59 68
2 60 31
2 61 100
2 62 49
2 63 67
2 64 76
2 65 72
2 66 1
2 67 96
2 68 94
2 69 48
2 70 58
2 71 49
2 72 81
2 73 71
2 74 49
2 75 27
2 76 47
2 77 40
2 78 78
2 79 48
2 80 26
2 81 91
2 82 84
2 83 46
2 84 91
2 85 87
2 86 61
2 87 60
2 88 47
2 89 33
2 90 6
2 91 52
2 92 54
2 93 3
2 94 67
2 95 89
2 96 100
2 97 31
2 98 43
2 99 95
2 100 3
2 101 40
2 102 77
2 103 21
2 104 68
2 105 97
2 106 42
2 107 50
2 108 71
2 109 71
2 110 75
2 111 68
2 112 88
2 113 52
2 114 76
2 115 42
2 116 78
2 117 97
2 118 87
2 119 13
3 4 63
3 5 48
3 6 11
3 7 39
3 8 73
3 9 34
3 10 2
3 11 15
3 12 34
3 13 79
3 14 93
3 15 84
3 16 75
3 17 12
3 18 79
3 19 79
3 20 36
3 21 33
3 22 87
3 23 37
3 24 93
3 25 95
3 26 15
3 27 48
3 28 5
3 29 17
3 30 55
3 31 32
3 32 45
3 33 87
3 34 88
3 35 5
3 36 100
3 37 46
3 38 34
3 39 74
3 40 58
3 41 97
3 42 57
3 43 10
3 44 36
3 45 91
3 46 1
3 47 7
3 48 66
3 49 35
3 50 73
3 51 1
3 52 17
3 53 92
3 54 12
3 55 58
3 56 40
3 57 51
3 58 25
3 59 48
3 60 97
3 61 92
3 62 25
3 63 21
3 64 48
3 65 92
3 66 98
3 67 27
3 68 59
3 69 54
3 70 62
3 71 92
3 72 90
3 73 28
3 74 57
3 75 1
3 76 3
3 77 55
3 78 97
3 79 26
3 80 60
3 81 50
3 82 39
3 83 98
3 84 9
3 85 80
3 86 0
3 87 22
3 88 42
3 89 18
3 90 12
3 91 8
3 92 78
3 93 32
3 94 87
3 95 66
3 96 88
3 97 86
3 98 48
3 99 44
3 100 73
3 101 25
3 102 24
3 103 28
3 104 22
3 105 68
3 106 79
3 107 56
3 108 56
3 109 99
3 110 61
3 111 58
3 112 10
3 113 46
3 114 81
3 115 43
3 116 60
3 117 49
3 118 48
3 119 75
4 5 47
4 6 2
4 7 18
4 8 52
4 9 76
4 10 1
4 11 36
4 12 53
4 13 3
4 14 89
4 15 23
4 16 93
4 17 89
4 18 27
4 19 94
4 20 82
4 21 13
4 22 87
4 23 50
4 24 0
4 25 81
4 26 78
4 27 22
4 28 18
4 29 26
4 30 86
4 31 82
4 32 36
4 33 36
4 34 51
4 35 5
4 36 56
4 37 38
4 38 58
4 39 9
4 40 10
4 41 66
4 42 75
4 43 55
4 44 43
4 45 52
4 46 18
4 47 100
4 48 58
4 49 88
4 50 5
4 51 6
4 52 57
4 53 30
4 54 36
4 55 32
4 56 10
4 57 82
4 58 70
4 59 94
4 60 31
4 61 93
4 62 92
4 63 46
4 64 57
4 65 0
4 66 3
4 67 60
4 68 57
4 69 12
4 70 49
4 71 76
4 72 82
4 73 100
4 74 37
4 75 83
4 76 97
4 77 17
4 78 93
4 79 68
4 80 61
4 81 12
4 82 42
4 83 24
4 84 32
4 85 54
4 86 72
4 87 92
4 88 52
4 89 54
4 90 32
4 91 86
4 92 29
4 93 75
4 94 48
4 95 46
4 96 87
4 97 74
4 98 4
4 99 22
4 100 69
4 101 51
4 102 36
4 103 68
4 104 3
4 105 92
4 106 66
4 107 79
4 108 24
4 109 25
4 110 10
4 111 77
4 112 29
4 113 66
4 114 62
4 115 87
4 116 40
4 117 21
4 118 52
4 119 6
5 6 22
5 7 43
5 8 60
5 9 3
5 10 28
5 11 42
5 12 67
5 13 44
5 14 45
5 15 9
5 16 93
5 17 28
5 18 16
5 19 19
5 20 12
5 21 73
5 22 5
5 23 67
5 24 57
5 25 40
5 26 33
5 27 84
5 28 50
5 29 95
5 30 10
5 31 11
5 32 96
5 33 11
5 34 9
5 35 3
5 36 13
5 37 99
5 38 5
5 39 82
5 40 4
5 41 22
5 42 56
5 43 40
5 44 69
5 45 64
5 46 90
5 47 41
5 48 15
5 49 78
5 50 39
5 51 27
5 52 18
5 53 98
5 54 81
5 55 31
5 56 82
5 57 70
5 58 57
5 59 0
5 60 41
5 61 18
5 62 35
5 63 50
5 64 98
5 65 42
5 66 50
5 67 21
5 68 56
5 69 7
5 70 29
5 71 83
5 72 38
5 73 5
5 74 93
5 75 0
5 76 90
5 77 0
5 78 62
5 79 57
5 80 13
5 81 10
5 82 47
5 83 23
5 84 20
5 85 24
5 86 15
5 87 43
5 88 23
5 89 33
5 90 77
5 91 74
5 92 27
5 93 46
5 94 56
5 95 98
5 96 44
5 97 50
5 98 99
5 99 28
5 100 73
5 101 15
5 102 76
5 103 54
5 104 31
5 105 70
5 106 98
5 107 92
5 108 44
5 109 14
5 110 58
5 111 39
5 112 9
5 113 68
5 114 79
5 115 2
5 116 96
5 117 44
5 118 84
5 119 97
6 7 61
6 8 39
6 9 32
6 10 62
6 11 62
6 12 87
6 13 71
6 14 5
6 15 29
6 16 49
6 17 76
6 18 65
6 19 52
6 20 81
6 21 58
6 22 50
6 23 84
6 24 100
6 25 73
6 26 49
6 27 75
6 28 54
6 29 51
6 30 97
6 31 88
6 32 53
6 33 23
6 34 61
6 35 7
6 36 47
6 37 47
6 38 47
6 39 81
6 40 37
6 41 61
6 42 45
6 43 35
6 44 100
6 45 51
6 46 82
6 47 3
6 48 94
6 49 70
6 50 53
6 51 97
6 52 30
6 53 71
6 54 59
6 55 71
6 56 34
6 57 94
6 58 61
6 59 22
6 60 76
6 61 77
6 62 70
6 63 75
6 64 6
6 65 29
6 66 64
6 67 34
6 68 7
6 69 24
6 70 79
6 71 41
6 72 1
6 73 52
6 74 90
6 75 65
6 76 12
6 77 27
6 78 53
6 79 68
6 80 63
6 81 100
6 82 47
6 83 11
6 84 86
6 85 63
6 86 26
6 87 72
6 88 37
6 89 65
6 90 99
6 91 95
6 92 89
6 93 59
6 94 49
6 95 69
6 96 80
6 97 14
6 98 45
6 99 76
6 100 56
6 101 50
6 102 16
6 103 71
6 104 76
6 105 66
6 106 45
6 107 14
6 108 32
6 109 78
6 110 34
6 111 66
6 112 60
6 113 35
6 114 75
6 115 5
6 116 50
6 117 66
6 118 34
6 119 45
7 8 82
7 9 83
7 10 93
7 11 42
7 12 93
7 13 74
7 14 80
7 15 48
7 16 0
7 17 99
7 18 75
7 19 84
7 20 6
7 21 79
7 22 12
7 23 11
7 24 29
7 25 68
7 26 62
7 27 50
7 28 33
7 29 36
7 30 28
7 31 13
7 32 25
7 33 33
7 34 59
7 35 1
7 36 100
7 37 17
7 38 36
7 39 56
7 40 75
7 41 54
7 42 1
7 43 72
7 44 10
7 45 50
7 46 37
7 47 60
7 48 92
7 49 62
7 50 13
7 51 75
7 52 41
7 53 83
7 54 6
7 55 100
7 56 10
7 57 28
7 58 5
7 59 83
7 60 100
7 61 4
7 62 74
7 63 55
7 64 73
7 65 63
7 66 28
7 67 93
7 68 97
7 69 78
7 70 37
7 71 56
7 72 30
7 73 55
7 74 16
7 75 4
7 76 45
7 77 9
7 78 59
7 79 14
7 80 54
7 81 10
7 82 97
7 83 66
7 84 14
7 85 90
7 86 35
7 87 93
7 88 74
7 89 36
7 90 79
7 91 55
7 92 22
7 93 25
7 94 94
7 95 82
7 96 67
7 97 13
7 98 52
7 99 38
7 100 13
7 101 30
7 102 23
7 103 35
7 104 57
7 105 46
7 106 61
7 107 94
7 108 36
7 109 10
7 110 15
7 111 66
7 112 3
7 113 47
7 114 15
7 115 83
7 116 55
7 117 10
7 118 8
7 119 99
8 9 15
8 10 79
8 11 27
8 12 42
8 13 50
8 14 54
8 15 45
8 16 89
8 17 92
8 18 54
8 19 50
8 20 65
8 21 34
8 22 58
8 23 19
8 24 74
8 25 55
8 26 96
8 27 89
8 28 31
8 29 35
8 30 59
8 31 32
8 32 66
8 33 96
8 34 92
8 35 24
8 36 2
8 37 45
8 38 10
8 39 69
8 40 48
8 41 37
8 42 2
8 43 39
8 44 68
8 45 79
8 46 17
8 47 48
8 48 95
8 49 94
8 50 85
8 51 99
8 52 27
8 53 49
8 54 54
8 55 81
8 56 54
8 57 24
8 58 90
8 59 89
8 60 13
8 61 48
8 62 39
8 63 59
8 64 33
8 65 23
8 66 80
8 67 9
8 68 34
8 69 100
8 70 11
8 71 60
8 72 76
8 73 54
8 74 38
8 75 64
8 76 34
8 77 46
8 78 47
8 79 47
8 80 15
8 81 57
8 82 69
8 83 90
8 84 57
8 85 81
8 86 52
8 87 52
8 88 11
8 89 58
8 90 53
8 91 44
8 92 18
8 93 0
8 94 22
8 95 46
8 96 96
8 97 56
8 98 36
8 99 22
8 100 58
8 101 30
8 102 25
8 103 29
8 104 77
8 105 73
8 106 9
8 107 23
8 108 32
8 109 65
8 110 1
8 111 53
8 112 51
8 113 7
8 114 84
8 115 36
8 116 5
8 117 39
8 118 88
8 119 68
9 10 51
9 11 7
9 12 24
9 13 66
9 14 86
9 15 1
9 16 41
9 17 77
9 18 85
9 19 44
9 20 24
9 21 31
9 22 82
9 23 67
9 24 90
9 25 53
9 26 63
9 27 71
9 28 5
9 29 85
9 30 100
9 31 40
9 32 21
9 33 6
9 34 68
9 35 81
9 36 59
9 37 99
9 38 53
9 39 49
9 40 43
9 41 76
9 42 23
9 43 66
9 44 0
9 45 19
9 46 8
9 47 24
9 48 17
9 49 74
9 50 1
9 51 18
9 52 42
9 53 16
9 54 14
9 55 30
9 56 38
9 57 57
9 58 39
9 59 13
9 60 65
9 61 16
9 62 87
9 63 85
9 64 44
9 65 66
9 66 95
9 67 73
9 68 2
9 69 73
9 70 32
9 71 63
9 72 30
9 73 0
9 74 77
9 75 90
9 76 50
9 77 52
9 78 20
9 79 28
9 80 69
9 81 51
9 82 37
9 83 41
9 84 66
9 85 10
9 86 51
9 87 39
9 88 70
9 89 58
9 90 44
9 91 80
9 92 33
9 93 7
9 94 18
9 95 37
9 96 87
9 97 52
9 98 43
9 99 71
9 100 41
9 101 86
9 102 58
9 103 15
9 104 53
9 105 43
9 106 32
9 107 43
9 108 85
9 109 24
9 110 32
9 111 60
9 112 13
9 113 53
9 114 27
9 115 52
9 116 95
9 117 46
9 118 96
9 119 59
10 11 18
10 12 75
10 13 38
10 14 86
10 15 96
10 16 39
10 17 16
10 18 44
10 19 18
10 20 44
10 21 44
10 22 61
10 23 19
10 24 22
10 25 7
10 26 38
10 27 4
10 28 46
10 29 31
10 30 47
10 31 66
10 32 95
10 33 64
10 34 97
10 35 91
10 36 98
10 37 59
10 38 38
10 39 17
10 40 86
10 41 42
10 42 17
10 43 23
10 44 14
10 45 59
10 46 13
10 47 71
10 48 84
10 49 53
10 50 89
10 51 69
10 52 32
10 53 75
10 54 68
10 55 76
10 56 23
10 57 64
10 58 73
10 59 80
10 60 57
10 61 45
10 62 42
10 63 75
10 64 14
10 65 95
10 66 95
10 67 72
10 68 8
10 69 23
10 70 32
10 71 14
10 72 66
10 73 30
10 74 39
10 75 67
10 76 40
10 77 25
10 78 84
10 79 33
10 80 25
10 81 40
10 82 36
10 83 93
10 84 92
10 85 39
10 86 28
10 87 86
10 88 57
10 89 18
10 90 11
10 91 27
10 92 30
10 93 21
10 94 98
10 95 51
10 96 52
10 97 72
10 98 62
10 99 89
10 100 20
10 101 39
10 102 96
10 103 10
10 104 74
10 105 69
10 106 3
10 107 13
10 108 74
10 109 12
10 110 22
10 111 88
10 112 41
10 113 6
10 114 40
10 115 39
10 116 48
10 117 64
10 118 27
10 119 68
11 12 22
11 13 36
11 14 80
11 15 10
11 16 61
11 17 27
11 18 0
11 19 58
11 20 47
11 21 34
11 22 91
11 23 59
11 24 69
11 25 99
11 26 100
11 27 98
11 28 85
11 29 23
11 30 20
11 31 80
11 32 83
11 33 32
11 34 41
11 35 60
11 36 66
11 37 83
11 38 20
11 39 9
11 40 91
11 41 20
11 42 40
11 43 36
11 44 91
11 45 75
11 46 66
11 47 44
11 48 19
11 49 88
11 50 91
11 51 51
11 52 26
11 53 73
11 54 46
11 55 81
11 56 93
11 57 52
11 58 60
11 59 12
11 60 66
11 61 80
11 62 41
11 63 72
11 64 36
11 65 24
11 66 44
11 67 98
11 68 24
11 69 42
11 70 76
11 71 14
11 72 84
11 73 31
11 74 1
11 75 83
11 76 16
11 77 2
11 78 37
11 79 39
11 80 57
11 81 2
11 82 37
11 83 72
11 84 65
11 85 93
11 86 61
11 87 10
11 88 12
11 89 68
11 90 99
11 91 78
11 92 91
11 93 65
11 94 44
11 95 96
11 96 41
11 97 92
11 98 84
11 99 67
11 100 6
11 101 42
11 102 97
11 103 29
11 104 56
11 105 29
11 106 11
11 107 59
11 108 51
11 109 3
11 110 60
11 111 57
11 112 72
11 113 14
11 114 1
11 115 15
11 116 99
11 117 56
11 118 36
11 119 27
12 13 29
12 14 51
12 15 32
12 16 36
12 17 81
12 18 48
12 19 54
12 20 93
12 21 82
12 22 32
12 23 15
12 24 2
12 25 51
12 26 64
12 27 82
12 28 5
12 29 56
12 30 70
12 31 73
12 32 2
12 33 93
12 34 18
12 35 84
12 36 37
12 37 52
12 38 83
12 39 72
12 40 19
12 41 9
12 42 20
12 43 98
12 44 55
12 45 30
12 46 53
12 47 47
12 48 81
12 49 31
12 50 62
12 51 78
12 52 82
12 53 81
12 54 57
12 55 86
12 56 51
12 57 70
12 58 82
12 59 94
12 60 21
12 61 51
12 62 100
12 63 33
12 64 56
12 65 76
12 66 0
12 67 20
12 68 38
12 69 42
12 70 98
12 71 47
12 72 96
12 73 42
12 74 57
12 75 79
12 76 72
12 77 12
12 78 83
12 79 2
12 80 41
12 81 12
12 82 77
12 83 0
12 84 62
12 85 21
12 86 11
12 87 97
12 88 99
12 89 38
12 90 90
12 91 73
12 92 57
12 93 25
12 94 78
12 95 50
12 96 64
12 97 23
12 98 74
12 99 55
12 100 48
12 101 89
12 102 78
12 103 35
12 104 48
12 105 85
12 106 70
12 107 99
12 108 32
12 109 19
12 110 44
12 111 94
12 112 6
12 113 23
12 114 90
12 115 1
12 116 94
12 117 87
12 118 69
12 119 39
13 14 97
13 15 7
13 16 9
13 17 32
13 18 26
13 19 94
13 20 46
13 21 2
13 22 99
13 23 40
13 24 44
13 25 94
13 26 8
13 27 44
13 28 15
13 29 56
13 30 1
13 31 82
13 32 57
13 33 0
13 34 66
13 35 18
13 36 96
13 37 69
13 38 60
13 39 70
13 40 66
13 41 96
13 42 32
13 43 42
13 44 2
13 45 31
13 46 2
13 47 74
13 48 40
13 49 8
13 50 20
13 51 35
13 52 93
13 53 23
13 54 24
13 55 11
13 56 9
13 57 31
13 58 78
13 59 42
13 60 8
13 61 36
13 62 84
13 63 84
13 64 10
13 65 14
13 66 65
13 67 2
13 68 53
13 69 73
13 70 29
13 71 52
13 72 36
13 73 58
13 74 76
13 75 60
13 76 60
13 77 91
13 78 52
13 79 5
13 80 92
13 81 95
13 82 29
13 83 90
13 84 33
13 85 38
13 86 33
13 87 99
13 88 93
13 89 95
13 90 2
13 91 76
13 92 6
13 93 34
13 94 49
13 95 52
13 96 52
13 97 16
13 98 28
13 99 26
13 100 3
13 101 85
13 102 79
13 103 98
13 104 71
13 105 15
13 106 34
13 107 81
13 108 84
13 109 49
13 110 42
13 111 57
13 112 99
13 113 99
13 114 10
13 115 36
13 116 78
13 117 5
13 118 83
13 119 76
14 15 2
14 16 43
14 17 36
14 18 70
14 19 72
14 20 59
14 21 26
14 22 9
14 23 10
14 24 81
14 25 94
14 26 100
14 27 96
14 28 10
14 29 2
14 30 99
14 31 47
14 32 50
14 33 78
14 34 59
14 35 72
14 36 0
14 37 91
14 38 49
14 39 13
14 40 4
14 41 71
14 42 91
14 43 18
14 44 18
14 45 93
14 46 30
14 47 86
14 48 5
14 49 93
14 50 98
14 51 57
14 52 22
14 53 67
14 54 8
14 55 6
14 56 29
14 57 19
14 58 56
14 59 13
14 60 33
14 61 50
14 62 38
14 63 24
14 64 33
14 65 73
14 66 14
14 67 41
14 68 54
14 69 30
14 70 59
14 71 17
14 72 7
14 73 93
14 74 4
14 75 71
14 76 74
14 77 99
14 78 11
14 79 40
14 80 6
14 81 82
14 82 53
14 83 0
14 84 80
14 85 63
14 86 46
14 87 2
14 88 95
14 89 65
14 90 32
14 91 89
14 92 94
14 93 39
14 94 53
14 95 51
14 96 44
14 97 66
14 98 56
14 99 6
14 100 58
14 101 11
14 102 50
14 103 5
14 104 80
14 105 76
14 106 3
14 107 38
14 108 82
14 109 49
14 110 100
14 111 23
14 112 4
14 113 78
14 114 72
14 115 33
14 116 10
14 117 92
14 118 66
14 119 68
15 16 63
15 17 10
15 18 35
15 19 35
15 20 89
15 21 62
15 22 9
15 23 39
15 24 81
15 25 85
15 26 52
15 27 28
15 28 64
15 29 9
15 30 42
15 31 61
15 32 74
15 33 57
15 34 58
15 35 88
15 36 27
15 37 30
15 38 92
15 39 51
15 40 78
15 41 11
15 42 35
15 43 77
15 44 45
15 45 20
15 46 65
15 47 42
15 48 59
15 49 82
15 50 80
15 51 82
15 52 65
15 53 63
15 54 26
15 55 12
15 56 24
15 57 59
15 58 81
15 59 0
15 60 22
15 61 80
15 62 57
15 63 64
15 64 94
15 65 42
15 66 2
15 67 62
15 68 17
15 69 5
15 70 13
15 71 17
15 72 88
15 73 86
15 74 96
15 75 12
15 76 9
15 77 25
15 78 98
15 79 5
15 80 40
15 81 82
15 82 15
15 83 29
15 84 39
15 85 93
15 86 6
15 87 81
15 88 96
15 89 54
15 90 9
15 91 18
15 92 21
15 93 40
15 94 71
15 95 65
15 96 65
15 97 54
15 98 19
15 99 89
15 100 74
15 101 4
15 102 79
15 103 59
15 104 34
15 105 51
15 106 47
15 107 79
15 108 7
15 109 25
15 110 80
15 111 95
15 112 71
15 113 82
15 114 96
15 115 9
15 116 71
15 117 11
15 118 14
15 119 85
16 17 100
16 18 23
16 19 68
16 20 50
16 21 26
16 22 7
16 23 35
16 24 53
16 25 83
16 26 56
16 27 28
16 28 1
16 29 48
16 30 5
16 31 37
16 32 88
16 33 44
16 34 44
16 35 53
16 36 38
16 37 53
16 38 54
16 39 88
16 40 76
16 41 66
16 42 40
16 43 57
16 44 34
16 45 35
16 46 98
16 47 98
16 48 53
16 49 64
16 50 14
16 51 47
16 52 15
16 53 89
16 54 25
16 55 50
16 56 55
16 57 15
16 58 89
16 59 48
16 60 95
16 61 12
16 62 66
16 63 7
16 64 5
16 65 52
16 66 4
16 67 22
16 68 42
16 69 51
16 70 1
16 71 65
16 72 12
16 73 57
16 74 30
16 75 20
16 76 72
16 77 8
16 78 68
16 79 90
16 80 7
16 81 86
16 82 88
16 83 21
16 84 77
16 85 99
16 86 84
16 87 28
16 88 37
16 89 54
16 90 93
16 91 3
16 92 79
16 93 39
16 94 2
16 95 32
16 96 61
16 97 92
16 98 39
16 99 100
16 100 64
16 101 84
16 102 46
16 103 81
16 104 78
16 105 57
16 106 34
16 107 63
16 108 58
16 109 25
16 110 16
16 111 48
16 112 23
16 113 91
16 114 21
16 115 68
16 116 25
16 117 67
16 118 25
16 119 17
17 18 94
17 19 59
17 20 2
17 21 58
17 22 76
17 23 99
17 24 32
17 25 49
17 26 48
17 27 0
17 28 20
17 29 12
17 30 92
17 31 47
17 32 90
17 33 69
17 34 35
17 35 75
17 36 48
17 37 11
17 38 31
17 39 53
17 40 48
17 41 53
17 42 8
17 43 58
17 44 28
17 45 5
17 46 100
17 47 16
17 48 38
17 49 82
17 50 12
17 51 44
17 52 89
17 53 60
17 54 51
17 55 62
17 56 90
17 57 88
17 58 52
17 59 8
17 60 64
17 61 31
17 62 95
17 63 68
17 64 22
17 65 18
17 66 99
17 67 72
17 68 87
17 69 42
17 70 97
17 71 24
17 72 10
17 73 30
17 74 61
17 75 89
17 76 68
17 77 0
17 78 46
17 79 7
17 80 20
17 81 67
17 82 88
17 83 57
17 84 85
17 85 60
17 86 83
17 87 74
17 88 67
17 89 43
17 90 64
17 91 70
17 92 54
17 93 51
17 94 50
17 95 62
17 96 55
17 97 42
17 98 84
17 99 98
17 100 62
17 101 36
17 102 84
17 103 96
17 104 15
17 105 6
17 106 55
17 107 46
17 108 30
17 109 58
17 110 49
17 111 42
17 112 14
17 113 96
17 114 51
17 115 74
17 116 56
17 117 100
17 118 97
17 119 52
18 19 14
18 20 78
18 21 82
18 22 14
18 23 96
18 24 50
18 25 76
18 26 5
18 27 45
18 28 35
18 29 87
18 30 96
18 31 94
18 32 68
18 33 4
18 34 65
18 35 88
18 36 26
18 37 68
18 38 32
18 39 74
18 40 80
18 41 18
18 42 22
18 43 48
18 44 87
18 45 77
18 46 46
18 47 77
18 48 68
18 49 48
18 50 22
18 51 77
18 52 42
18 53 8
18 54 47
18 55 61
18 56 13
18 57 19
18 58 59
18 59 91
18 60 2
18 61 11
18 62 98
18 63 74
18 64 58
18 65 70
18 66 82
18 67 49
18 68 56
18 69 2
18 70 45
18 71 19
18 72 3
18 73 26
18 74 66
18 75 20
18 76 95
18 77 75
18 78 63
18 79 0
18 80 36
18 81 58
18 82 58
18 83 65
18 84 9
18 85 8
18 86 20
18 87 28
18 88 20
18 89 23
18 90 24
18 91 61
18 92 51
18 93 21
18 94 83
18 95 43
18 96 87
18 97 97
18 98 45
18 99 16
18 100 28
18 101 46
18 102 65
18 103 51
18 104 51
18 105 43
18 106 74
18 107 87
18 108 38
18 109 59
18 110 77
18 111 93
18 112 23
18 113 39
18 114 10
18 115 35
18 116 32
18 117 24
18 118 99
18 119 40
19 20 4
19 21 79
19 22 29
19 23 45
19 24 49
19 25 49
19 26 54
19 27 67
19 28 7
19 29 90
19 30 97
19 31 10
19 32 0
19 33 100
19 34 55
19 35 80
19 36 49
19 37 96
19 38 21
19 39 93
19 40 28
19 41 60
19 42 31
19 43 26
19 44 11
19 45 40
19 46 51
19 47 64
19 48 59
19 49 54
19 50 94
19 51 64
19 52 48
19 53 95
19 54 6
19 55 14
19 56 48
19 57 93
19 58 24
19 59 91
19 60 57
19 61 71
19 62 36
19 63 7
19 64 89
19 65 5
19 66 65
19 67 8
19 68 97
19 69 45
19 70 31
19 71 69
19 72 42
19 73 66
19 74 53
19 75 41
19 76 17
19 77 6
19 78 29
19 79 31
19 80 58
19 81 54
19 82 92
19 83 35
19 84 1
19 85 43
19 86 40
19 87 37
19 88 73
19 89 2
19 90 80
19 91 57
19 92 89
19 93 43
19 94 98
19 95 33
19 96 82
19 97 47
19 98 75
19 99 32
19 100 41
19 101 98
19 102 41
19 103 50
19 104 63
19 105 90
19 106 60
19 107 66
19 108 83
19 109 72
19 110 88
19 111 69
19 112 8
19 113 29
19 114 20
19 115 66
19 116 20
19 117 98
19 118 68
19 119 72
20 21 75
20 22 22
20 23 12
20 24 2
20 25 48
20 26 22
20 27 45
20 28 9
20 29 67
20 30 45
20 31 8
20 32 72
20 33 59
20 34 33
20 35 52
20 36 16
20 37 3
20 38 3
20 39 85
20 40 35
20 41 30
20 42 22
20 43 85
20 44 13
20 45 59
20 46 67
20 47 63
20 48 71
20 49 52
20 50 11
20 51 15
20 52 40
20 53 56
20 54 52
20 55 46
20 56 48
20 57 100
20 58 86
20 59 2
20 60 99
20 61 62
20 62 93
20 63 26
20 64 2
20 65 19
20 66 24
20 67 33
20 68 51
20 69 62
20 70 73
20 71 50
20 72 37
20 73 93
20 74 60
20 75 71
20 76 25
20 77 30
20 78 5
20 79 94
20 80 31
20 81 71
20 82 86
20 83 30
20 84 51
20 85 81
20 86 35
20 87 53
20 88 78
20 89 93
20 90 89
20 91 68
20 92 38
20 93 35
20 94 20
20 95 83
20 96 98
20 97 50
20 98 54
20 99 51
20 100 37
20 101 90
20 102 46
20 103 4
20 104 26
20 105 41
20 106 44
20 107 87
20 108 84
20 109 80
20 110 54
20 111 22
20 112 68
20 113 36
20 114 46
20 115 36
20 116 8
20 117 34
20 118 65
20 119 66
21 22 0
21 23 50
21 24 82
21 25 16
21 26 9
21 27 89
21 28 37
21 29 0
21 30 49
21 31 87
21 32 49
21 33 77
21 34 28
21 35 61
21 36 86
21 37 96
21 38 23
21 39 33
21 40 26
21 41 63
21 42 42
21 43 5
21 44 20
21 45 55
21 46 92
21 47 99
21 48 78
21 49 90
21 50 96
21 51 0
21 52 86
21 53 81
21 54 5
21 55 65
21 56 10
21 57 40
21 58 59
21 59 71
21 60 33
21 61 68
21 62 84
21 63 89
21 64 72
21 65 62
21 66 50
21 67 95
21 68 88
21 69 46
21 70 27
21 71 14
21 72 34
21 73 93
21 74 92
21 75 54
21 76 8
21 77 2
21 78 59
21 79 55
21 80 69
21 81 100
21 82 78
21 83 47
21 84 8
21 85 95
21 86 0
21 87 41
21 88 21
21 89 32
21 90 21
21 91 85
21 92 13
21 93 61
21 94 50
21 95 10
21 96 47
21 97 17
21 98 26
21 99 67
21 100 70
21 101 60
21 102 75
21 103 74
21 104 12
21 105 60
21 106 26
21 107 28
21 108 72
21 109 33
21 110 40
21 111 88
21 112 72
21 113 3
21 114 52
21 115 71
21 116 21
21 117 58
21 118 42
21 119 90
22 23 24
22 24 40
22 25 65
22 26 83
22 27 49
22 28 94
22 29 66
22 30 31
22 31 31
22 32 62
22 33 23
22 34 77
22 35 90
22 36 74
22 37 72
22 38 92
22 39 79
22 40 80
22 41 11
22 42 1
22 43 30
22 44 17
22 45 93
22 46 31
22 47 53
22 48 43
22 49 13
22 50 12
22 51 85
22 52 66
22 53 17
22 54 61
22 55 54
22 56 71
22 57 98
22 58 2
22 59 75
22 60 9
22 61 44
22 62 48
22 63 84
22 64 48
22 65 91
22 66 46
22 67 26
22 68 100
22 69 14
22 70 5
22 71 6
22 72 94
22 73 16
22 74 69
22 75 71
22 76 71
22 77 13
22 78 7
22 79 16
22 80 4
22 81 33
22 82 67
22 83 55
22 84 36
22 85 15
22 86 33
22 87 16
22 88 21
22 89 39
22 90 17
22 91 9
22 92 79
22 93 38
22 94 56
22 95 23
22 96 81
22 97 18
22 98 34
22 99 20
22 100 9
22 101 16
22 102 34
22 103 20
22 104 39
22 105 23
22 106 61
22 107 92
22 108 26
22 109 97
22 110 56
22 111 45
22 112 15
22 113 22
22 114 28
22 115 23
22 116 12
22 117 19
22 118 78
22 119 47
23 24 5
23 25 17
23 26 94
23 27 56
23 28 39
23 29 1
23 30 60
23 31 79
23 32 87
23 33 19
23 34 78
23 35 60
23 36 20
23 37 18
23 38 84
23 39 90
23 40 86
23 41 66
23 42 34
23 43 53
23 44 43
23 45 1
23 46 45
23 47 36
23 48 11
23 49 40
23 50 31
23 51 46
23 52 4
23 53 86
23 54 31
23 55 52
23 56 66
23 57 21
23 58 33
23 59 61
23 60 3
23 61 72
23 62 76
23 63 33
23 64 8
23 65 45
23 66 25
23 67 10
23 68 80
23 69 78
23 70 90
23 71 26
23 72 62
23 73 74
23 74 32
23 75 100
23 76 6
23 77 99
23 78 37
23 79 33
23 80 53
23 81 21
23 82 64
23 83 100
23 84 45
23 85 14
23 86 94
23 87 45
23 88 47
23 89 91
23 90 48
23 91 17
23 92 80
23 93 55
23 94 89
23 95 46
23 96 11
23 97 71
23 98 91
23 99 94
23 100 23
23 101 1
23 102 58
23 103 85
23 104 31
23 105 52
23 106 77
23 107 44
23 108 2
23 109 82
23 110 63
23 111 59
23 112 21
23 113 46
23 114 33
23 115 57
23 116 8
23 117 67
23 118 28
23 119 86
24 25 64
24 26 88
24 27 30
24 28 53
24 29 58
24 30 53
24 31 77
24 32 21
24 33 22
24 34 24
24 35 100
24 36 81
24 37 28
24 38 61
24 39 89
24 40 7
24 41 84
24 42 66
24 43 67
24 44 36
24 45 38
24 46 37
24 47 93
24 48 85
24 49 30
24 50 30
24 51 48
24 52 13
24 53 96
24 54 82
24 55 49
24 56 76
24 57 20
24 58 78
24 59 48
24 60 81
24 61 7
24 62 11
24 63 54
24 64 10
24 65 12
24 66 94
24 67 96
24 68 30
24 69 8
24 70 20
24 71 96
24 72 22
24 73 75
24 74 17
24 75 74
24 76 62
24 77 16
24 78 74
24 79 78
24 80 22
24 81 6
24 82 29
24 83 12
24 84 46
24 85 40
24 86 69
24 87 19
24 88 47
24 89 91
24 90 25
24 91 70
24 92 16
24 93 77
24 94 82
24 95 10
24 96 58
24 97 7
24 98 95
24 99 96
24 100 13
24 101 76
24 102 42
24 103 100
24 104 0
24 105 21
24 106 76
24 107 57
24 108 38
24 109 59
24 110 72
24 111 89
24 112 1
24 113 24
24 114 56
24 115 40
24 116 53
24 117 44
24 118 66
24 119 27
25 26 23
25 27 29
25 28 20
25 29 51
25 30 64
25 31 70
25 32 2
25 33 11
25 34 58
25 35 14
25 36 92
25 37 46
25 38 77
25 39 1
25 40 6
25 41 99
25 42 97
25 43 39
25 44 26
25 45 87
25 46 95
25 47 62
25 48 30
25 49 65
25 50 16
25 51 53
25 52 80
25 53 84
25 54 49
25 55 7
25 56 73
25 57 81
25 58 24
25 59 65
25 60 3
25 61 85
25 62 42
25 63 60
25 64 29
25 65 51
25 66 48
25 67 6
25 68 82
25 69 59
25 70 63
25 71 16
25 72 45
25 73 68
25 74 73
25 75 3
25 76 63
25 77 37
25 78 24
25 79 61
25 80 5
25 81 45
25 82 74
25 83 14
25 84 74
25 85 3
25 86 58
25 87 12
25 88 56
25 89 43
25 90 55
25 91 22
25 92 80
25 93 36
25 94 67
25 95 8
25 96 85
25 97 5
25 98 10
25 99 86
25 100 65
25 101 83
25 102 66
25 103 78
25 104 52
25 105 8
25 106 88
25 107 55
25 108 20
25 109 18
25 110 83
25 111 77
25 112 72
25 113 58
25 114 75
25 115 46
25 116 82
25 117 70
25 118 17
25 119 82
26 27 21
26 28 54
26 29 2
26 30 6
26 31 64
26 32 89
26 33 82
26 34 94
26 35 85
26 36 38
26 37 84
26 38 52
26 39 1
26 40 20
26 41 15
26 42 68
26 43 77
26 44 21
26 45 87
26 46 91
26 47 64
26 48 69
26 49 90
26 50 39
26 51 44
26 52 92
26 53 55
26 54 25
26 55 91
26 56 93
26 57 40
26 58 8
26 59 28
26 60 95
26 61 42
26 62 37
26 63 15
26 64 66
26 65 82
26 66 75
26 67 31
26 68 4
26 69 52
26 70 35
26 71 28
26 72 11
26 73 25
26 74 38
26 75 61
26 76 71
26 77 1
26 78 4
26 79 29
26 80 98
26 81 88
26 82 37
26 83 58
26 84 74
26 85 34
26 86 90
26 87 96
26 88 54
26 89 79
26 90 41
26 91 74
26 92 64
26 93 31
26 94 85
26 95 39
26 96 33
26 97 6
26 98 28
26 99 64
26 100 46
26 101 60
26 102 69
26 103 4
26 104 0
26 105 39
26 106 76
26 107 88
26 108 65
26 109 84
26 110 14
26 111 86
26 112 48
26 113 54
26 114 62
26 115 7
26 116 54
26 117 90
26 118 16
26 119 41
27 28 73
27 29 21
27 30 66
27 31 46
27 32 40
27 33 37
27 34 84
27 35 78
27 36 46
27 37 69
27 38 65
27 39 56
27 40 40
27 41 25
27 42 5
27 43 1
27 44 100
27 45 9
27 46 49
27 47 15
27 48 63
27 49 74
27 50 98
27 51 40
27 52 81
27 53 18
27 54 27
27 55 78
27 56 85
27 57 6
27 58 70
27 59 70
27 60 63
27 61 33
27 62 74
27 63 86
27 64 18
27 65 18
27 66 54
27 67 95
27 68 0
27 69 54
27 70 41
27 71 70
27 72 16
27 73 3
27 74 90
27 75 96
27 76 69
27 77 0
27 78 15
27 79 86
27 80 66
27 81 40
27 82 20
27 83 85
27 84 42
27 85 30
27 86 72
27 87 0
27 88 100
27 89 79
27 90 38
27 91 6
27 92 99
27 93 72
27 94 8
27 95 49
27 96 64
27 97 12
27 98 70
27 99 97
27 100 77
27 101 50
27 102 20
27 103 19
27 104 26
27 105 9
27 106 89
27 107 73
27 108 32
27 109 64
27 110 69
27 111 47
27 112 35
27 113 93
27 114 40
27 115 61
27 116 52
27 117 53
27 118 37
27 119 69
28 29 33
28 30 24
28 31 3
28 32 99
28 33 36
28 34 64
28 35 74
28 36 78
28 37 7
28 38 6
28 39 89
28 40 31
28 41 44
28 42 79
28 43 31
28 44 90
28 45 42
28 46 3
28 47 37
28 48 34
28 49 100
28 50 35
28 51 50
28 52 87
28 53 29
28 54 97
28 55 98
28 56 13
28 57 83
28 58 28
28 59 74
28 60 44
28 61 0
28 62 25
28 63 38
28 64 92
28 65 11
28 66 36
28 67 7
28 68 4
28 69 100
28 70 85
28 71 39
28 72 64
28 73 60
28 74 32
28 75 9
28 76 35
28 77 44
28 78 58
28 79 4
28 80 82
28 81 32
28 82 4
28 83 35
28 84 19
28 85 59
28 86 54
28 87 54
28 88 68
28 89 81
28 90 14
28 91 77
28 92 90
28 93 22
28 94 67
28 95 38
28 96 11
28 97 56
28 98 6
28 99 85
28 100 100
28 101 92
28 102 84
28 103 0
28 104 39
28 105 96
28 106 9
28 107 69
28 108 70
28 109 78
28 110 95
28 111 26
28 112 32
28 113 14
28 114 39
28 115 81
28 116 41
28 117 72
28 118 61
28 119 22
29 30 47
29 31 53
29 32 77
29 33 54
29 34 27
29 35 100
29 36 79
29 37 70
29 38 26
29 39 32
29 40 86
29 41 64
29 42 13
29 43 53
29 44 3
29 45 10
29 46 71
29 47 98
29 48 86
29 49 16
29 50 95
29 51 52
29 52 66
29 53 67
29 54 23
29 55 30
29 56 21
29 57 13
29 58 11
29 59 52
29 60 65
29 61 98
29 62 57
29 63 67
29 64 41
29 65 93
29 66 56
29 67 78
29 68 10
29 69 60
29 70 26
29 71 39
29 72 51
29 73 51
29 74 44
29 75 80
29 76 84
29 77 55
29 78 92
29 79 62
29 80 17
29 81 73
29 82 25
29 83 15
29 84 4
29 85 97
29 86 38
29 87 85
29 88 61
29 89 52
29 90 66
29 91 12
29 92 27
29 93 84
29 94 76
29 95 99
29 96 38
29 97 19
29 98 90
29 99 91
29 100 67
29 101 43
29 102 57
29 103 49
29 104 93
29 105 7
29 106 11
29 107 4
29 108 66
29 109 96
29 110 36
29 111 87
29 112 83
29 113 71
29 114 53
29 115 12
29 116 26
29 117 37
29 118 88
29 119 30
30 31 21
30 32 64
30 33 91
30 34 71
30 35 19
30 36 33
30 37 42
30 38 81
30 39 46
30 40 66
30 41 97
30 42 90
30 43 15
30 44 6
30 45 19
30 46 81
30 47 97
30 48 52
30 49 35
30 50 34
30 51 72
30 52 10
30 53 10
30 54 75
30 55 60
30 56 12
30 57 72
30 58 40
30 59 55
30 60 100
30 61 88
30 62 97
30 63 40
30 64 89
30 65 61
30 66 24
30 67 25
30 68 6
30 69 18
30 70 91
30 71 82
30 72 25
30 73 89
30 74 62
30 75 55
30 76 56
30 77 3
30 78 59
30 79 2
30 80 69
30 81 91
30 82 82
30 83 48
30 84 100
30 85 29
30 86 69
30 87 29
30 88 50
30 89 75
30 90 90
30 91 77
30 92 14
30 93 48
30 94 3
30 95 76
30 96 4
30 97 75
30 98 95
30 99 83
30 100 2
30 101 17
30 102 64
30 103 3
30 104 76
30 105 75
30 106 23
30 107 23
30 108 57
30 109 87
30 110 93
30 111 31
30 112 59
30 113 89
30 114 35
30 115 68
30 116 13
30 117 74
30 118 43
30 119 26
31 32 94
31 33 82
31 34 56
31 35 18
31 36 42
31 37 1
31 38 68
31 39 53
31 40 85
31 41 51
31 42 50
31 43 23
31 44 23
31 45 1
31 46 93
31 47 17
31 48 3
31 49 34
31 50 1
31 51 96
31 52 94
31 53 64
31 54 98
31 55 22
31 56 66
31 57 83
31 58 48
31 59 35
31 60 7
31 61 51
31 62 67
31 63 81
31 64 32
31 65 70
31 66 97
31 67 7
31 68 42
31 69 75
31 70 100
31 71 10
31 72 67
31 73 55
31 74 95
31 75 51
31 76 74
31 77 13
31 78 14
31 79 98
31 80 20
31 81 25
31 82 42
31 83 57
31 84 99
31 85 73
31 86 2
31 87 72
31 88 21
31 89 49
31 90 68
31 91 79
31 92 55
31 93 73
31 94 49
31 95 37
31 96 53
31 97 99
31 98 27
31 99 74
31 100 26
31 101 21
31 102 25
31 103 2
31 104 52
31 105 23
31 106 66
31 107 27
31 108 55
31 109 18
31 110 10
31 111 17
31 112 45
31 113 72
31 114 53
31 115 2
31 116 71
31 117 21
31 118 38
31 119 79
32 33 84
32 34 4
32 35 87
32 36 43
32 37 12
32 38 71
32 39 24
32 40 63
32 41 43
32 42 50
32 43 0
32 44 91
32 45 70
32 46 82
32 47 59
32 48 43
32 49 39
32 50 45
32 51 35
32 52 87
32 53 65
32 54 4
32 55 5
32 56 18
32 57 24
32 58 24
32 59 75
32 60 40
32 61 64
32 62 46
32 63 40
32 64 63
32 65 10
32 66 35
32 67 67
32 68 5
32 69 19
32 70 97
32 71 87
32 72 4
32 73 23
32 74 79
32 75 16
32 76 53
32 77 77
32 78 58
32 79 78
32 80 72
32 81 31
32 82 83
32 83 13
32 84 66
32 85 26
32 86 58
32 87 69
32 88 30
32 89 71
32 90 98
32 91 68
32 92 88
32 93 26
32 94 33
32 95 72
32 96 55
32 97 47
32 98 17
32 99 12
32 100 28
32 101 48
32 102 24
32 103 63
32 104 70
32 105 60
32 106 55
32 107 58
32 108 73
32 109 22
32 110 22
32 111 40
32 112 52
32 113 6
32 114 14
32 115 64
32 116 91
32 117 17
32 118 43
32 119 22
33 34 60
33 35 80
33 36 48
33 37 51
33 38 44
33 39 83
33 40 8
33 41 88
33 42 95
33 43 90
33 44 24
33 45 91
33 46 95
33 47 52
33 48 40
33 49 6
33 50 15
33 51 8
33 52 53
33 53 14
33 54 70
33 55 100
33 56 5
33 57 8
33 58 38
33 59 59
33 60 76
33 61 16
33 62 10
33 63 67
33 64 14
33 65 80
33 66 26
33 67 64
33 68 97
33 69 85
33 70 49
33 71 35
33 72 19
33 73 19
33 74 29
33 75 55
33 76 22
33 77 35
33 78 22
33 79 31
33 80 0
33 81 59
33 82 65
33 83 8
33 84 56
33 85 73
33 86 86
33 87 4
33 88 84
33 89 46
33 90 33
33 91 9
33 92 27
33 93 25
33 94 95
33 95 89
33 96 96
33 97 93
33 98 6
33 99 33
33 100 56
33 101 14
33 102 22
33 103 65
33 104 58
33 105 44
33 106 56
33 107 4
33 108 20
33 109 18
33 110 56
33 111 62
33 112 7
33 113 0
33 114 71
33 115 71
33 116 18
33 117 59
33 118 85
33 119 89
34 35 47
34 36 27
34 37 78
34 38 86
34 39 60
34 40 58
34 41 73
34 42 39
34 43 35
34 44 1
34 45 56
34 46 61
34 47 4
34 48 61
34 49 55
34 50 60
34 51 38
34 52 63
34 53 1
34 54 99
34 55 76
34 56 54
34 57 67
34 58 16
34 59 24
34 60 30
34 61 100
34 62 19
34 63 32
34 64 78
34 65 55
34 66 19
34 67 1
34 68 7
34 69 13
34 70 33
34 71 23
34 72 34
34 73 75
34 74 51
34 75 90
34 76 13
34 77 41
34 78 16
34 79 99
34 80 87
34 81 78
34 82 76
34 83 13
34 84 33
34 85 37
34 86 38
34 87 83
34 88 65
34 89 4
34 90 6
34 91 36
34 92 74
34 93 60
34 94 19
34 95 90
34 96 12
34 97 57
34 98 70
34 99 16
34 100 52
34 101 92
34 102 33
34 103 13
34 104 86
34 105 41
34 106 27
34 107 14
34 108 96
34 109 11
34 110 67
34 111 64
34 112 66
34 113 89
34 114 84
34 115 55
34 116 76
34 117 8
34 118 44
34 119 93
35 36 7
35 37 58
35 38 51
35 39 23
35 40 91
35 41 95
35 42 5
35 43 91
35 44 10
35 45 0
35 46 96
35 47 69
35 48 88
35 49 99
35 50 20
35 51 3
35 52 42
35 53 36
35 54 37
35 55 23
35 56 95
35 57 52
35 58 11
35 59 88
35 60 84
35 61 82
35 62 30
35 63 61
35 64 81
35 65 94
35 66 17
35 67 44
35 68 68
35 69 92
35 70 73
35 71 80
35 72 1
35 73 46
35 74 84
35 75 67
35 76 70
35 77 52
35 78 26
35 79 82
35 80 8
35 81 95
35 82 0
35 83 87
35 84 37
35 85 33
35 86 47
35 87 51
35 88 0
35 89 7
35 90 32
35 91 100
35 92 35
35 93 78
35 94 37
35 95 34
35 96 36
35 97 39
35 98 74
35 99 88
35 100 49
35 101 64
35 102 82
35 103 99
35 104 16
35 105 12
35 106 37
35 107 24
35 108 11
35 109 21
35 110 50
35 111 3
35 112 48
35 113 99
35 114 74
35 115 67
35 116 96
35 117 37
35 118 48
35 119 9
36 37 35
36 38 56
36 39 97
36 40 49
36 41 69
36 42 85
36 43 53
36 44 24
36 45 35
36 46 71
36 47 54
36 48 27
36 49 57
36 50 27
36 51 51
36 52 53
36 53 20
36 54 53
36 55 46
36 56 3
36 57 82
36 58 83
36 59 86
36 60 97
36 61 61
36 62 24
36 63 92
36 64 26
36 65 92
36 66 9
36 67 17
36 68 30
36 69 31
36 70 87
36 71 10
36 72 30
36 73 81
36 74 22
36 75 84
36 76 63
36 77 4
36 78 67
36 79 48
36 80 57
36 81 14
36 82 95
36 83 56
36 84 5
36 85 93
36 86 82
36 87 1
36 88 54
36 89 14
36 90 46
36 91 35
36 92 2
36 93 42
36 94 23
36 95 85
36 96 8
36 97 45
36 98 93
36 99 17
36 100 95
36 101 52
36 102 90
36 103 4
36 104 13
36 105 92
36 106 22
36 107 59
36 108 69
36 109 38
36 110 83
36 111 95
36 112 43
36 113 80
36 114 68
36 115 64
36 116 0
36 117 76
36 118 7
36 119 71
37 38 63
37 39 46
37 40 96
37 41 70
37 42 2
37 43 96
37 44 17
37 45 50
37 46 15
37 47 84
37 48 81
37 49 54
37 50 69
37 51 11
37 52 54
37 53 55
37 54 57
37 55 53
37 56 44
37 57 97
37 58 53
37 59 95
37 60 6
37 61 27
37 62 35
37 63 13
37 64 26
37 65 52
37 66 72
37 67 23
37 68 61
37 69 93
37 70 64
37 71 100
37 72 40
37 73 85
37 74 65
37 75 29
37 76 0
37 77 56
37 78 75
37 79 24
37 80 49
37 81 74
37 82 51
37 83 4
37 84 82
37 85 37
37 86 86
37 87 83
37 88 78
37 89 90
37 90 18
37 91 20
37 92 53
37 93 86
37 94 91
37 95 94
37 96 83
37 97 88
37 98 18
37 99 22
37 100 40
37 101 87
37 102 67
37 103 17
37 104 99
37 105 62
37 106 55
37 107 3
37 108 68
37 109 32
37 110 74
37 111 6
37 112 0
37 113 22
37 114 74
37 115 90
37 116 32
37 117 34
37 118 56
37 119 41
38 39 93
38 40 29
38 41 19
38 42 57
38 43 71
38 44 90
38 45 98
38 46 12
38 47 93
38 48 92
38 49 34
38 50 97
38 51 43
38 52 59
38 53 98
38 54 29
38 55 36
38 56 6
38 57 60
38 58 45
38 59 79
38 60 44
38 61 11
38 62 14
38 63 67
38 64 48
38 65 20
38 66 73
38 67 25
38 68 20
38 69 83
38 70 43
38 71 3
38 72 17
38 73 38
38 74 56
38 75 77
38 76 4
38 77 73
38 78 46
38 79 28
38 80 69
38 81 7
38 82 54
38 83 43
38 84 61
38 85 32
38 86 76
38 87 63
38 88 41
38 89 80
38 90 77
38 91 46
38 92 55
38 93 23
38 94 32
38 95 94
38 96 52
38 97 37
38 98 50
38 99 41
38 100 1
38 101 23
38 102 90
38 103 84
38 104 45
38 105 99
38 106 9
38 107 11
38 108 33
38 109 62
38 110 47
38 111 23
38 112 88
38 113 36
38 114 9
38 115 64
38 116 72
38 117 39
38 118 54
38 119 88
39 40 51
39 41 65
39 42 40
39 43 28
39 44 67
39 45 99
39 46 99
39 47 18
39 48 58
39 49 48
39 50 35
39 51 39
39 52 62
39 53 22
39 54 25
39 55 99
39 56 31
39 57 8
39 58 10
39 59 80
39 60 3
39 61 45
39 62 76
39 63 98
39 64 26
39 65 51
39 66 59
39 67 90
39 68 37
39 69 76
39 70 94
39 71 64
39 72 61
39 73 19
39 74 76
39 75 12
39 76 59
39 77 98
39 78 41
39 79 29
39 80 3
39 81 48
39 82 80
39 83 44
39 84 30
39 85 46
39 86 2
39 87 19
39 88 28
39 89 38
39 90 3
39 91 88
39 92 44
39 93 46
39 94 52
39 95 90
39 96 6
39 97 82
39 98 20
39 99 35
39 100 60
39 101 31
39 102 62
39 103 57
39 104 86
39 105 54
39 106 31
39 107 69
39 108 29
39 109 22
39 110 78
39 111 49
39 112 33
39 113 14
39 114 97
39 115 19
39 116 88
39 117 77
39 118 6
39 119 16
40 41 84
40 42 56
40 43 46
40 44 62
40 45 98
40 46 83
40 47 44
40 48 41
40 49 85
40 50 10
40 51 32
40 52 38
40 53 24
40 54 30
40 55 52
40 56 74
40 57 75
40 58 69
40 59 14
40 60 58
40 61 35
40 62 61
40 63 92
40 64 67
40 65 98
40 66 38
40 67 64
40 68 7
40 69 1
40 70 32
40 71 55
40 72 7
40 73 2
40 74 73
40 75 95
40 76 26
40 77 82
40 78 50
40 79 54
40 80 56
40 81 2
40 82 51
40 83 20
40 84 59
40 85 61
40 86 71
40 87 71
40 88 48
40 89 77
40 90 17
40 91 55
40 92 84
40 93 44
40 94 22
40 95 78
40 96 29
40 97 76
40 98 83
40 99 45
40 100 18
40 101 57
40 102 45
40 103 55
40 104 20
40 105 69
40 106 7
40 107 54
40 108 4
40 109 20
40 110 80
40 111 92
40 112 72
40 113 95
40 114 92
40 115 13
40 116 40
40 117 83
40 118 97
40 119 52
41 42 47
41 43 61
41 44 38
41 45 3
41 46 26
41 47 7
41 48 1
41 49 60
41 50 46
41 51 71
41 52 44
41 53 4
41 54 93
41 55 89
41 56 65
41 57 43
41 58 36
41 59 64
41 60 61
41 61 69
41 62 73
41 63 96
41 64 65
41 65 92
41 66 76
41 67 26
41 68 67
41 69 36
41 70 47
41 71 0
41 72 6
41 73 61
41 74 75
41 75 52
41 76 67
41 77 72
41 78 59
41 79 47
41 80 8
41 81 49
41 82 25
41 83 40
41 84 50
41 85 67
41 86 10
41 87 76
41 88 90
41 89 77
41 90 48
41 91 50
41 92 74
41 93 3
41 94 38
41 95 65
41 96 30
41 97 14
41 98 100
41 99 46
41 100 21
41 101 14
41 102 26
41 103 100
41 104 52
41 105 22
41 106 62
41 107 61
41 108 42
41 109 53
41 110 40
41 111 72
41 112 63
41 113 33
41 114 14
41 115 84
41 116 29
41 117 32
41 118 5
41 119 32
42 43 49
42 44 76
42 45 74
42 46 7
42 47 74
42 48 61
42 49 71
42 50 98
42 51 34
42 52 87
42 53 96
42 54 75
42 55 33
42 56 55
42 57 20
42 58 34
42 59 57
42 60 80
42 61 16
42 62 63
42 63 69
42 64 69
42 65 88
42 66 98
42 67 39
42 68 20
42 69 42
42 70 45
42 71 10
42 72 84
42 73 26
42 74 66
42 75 91
42 76 76
42 77 82
42 78 16
42 79 21
42 80 95
42 81 26
42 82 18
42 83 46
42 84 2
42 85 53
42 86 9
42 87 65
42 88 75
42 89 93
42 90 88
42 91 10
42 92 10
42 93 95
42 94 99
42 95 40
42 96 37
42 97 7
42 98 100
42 99 60
42 100 97
42 101 3
42 102 95
42 103 35
42 104 71
42 105 36
42 106 100
42 107 47
42 108 47
42 109 96
42 110 46
42 111 88
42 112 28
42 113 58
42 114 59
42 115 20
42 116 16
42 117 63
42 118 92
42 119 48
43 44 37
43 45 78
43 46 42
43 47 22
43 48 33
43 49 33
43 50 98
43 51 74
43 52 76
43 53 90
43 54 75
43 55 5
43 56 84
43 57 76
43 58 1
43 59 57
43 60 21
43 61 99
43 62 57
43 63 36
43 64 14
43 65 89
43 66 99
43 67 1
43 68 95
43 69 83
43 70 59
43 71 90
43 72 74
43 73 28
43 74 64
43 75 18
43 76 5
43 77 77
43 78 82
43 79 50
43 80 7
43 81 6
43 82 21
43 83 48
43 84 78
43 85 65
43 86 26
43 87 56
43 88 75
43 89 72
43 90 17
43 91 58
43 92 0
43 93 23
43 94 80
43 95 80
43 96 7
43 97 62
43 98 91
43 99 53
43 100 55
43 101 100
43 102 69
43 103 78
43 104 67
43 105 52
43 106 21
43 107 22
43 108 30
43 109 79
43 110 82
43 111 52
43 112 96
43 113 38
43 114 92
43 115 58
43 116 25
43 117 65
43 118 0
43 119 66
44 45 99
44 46 33
44 47 41
44 48 60
44 49 96
44 50 78
44 51 77
44 52 24
44 53 86
44 54 89
44 55 79
44 56 8
44 57 35
44 58 75
44 59 3
44 60 69
44 61 22
44 62 0
44 63 53
44 64 41
44 65 30
44 66 58
44 67 86
44 68 57
44 69 86
44 70 3
44 71 77
44 72 61
44 73 55
44 74 70
44 75 70
44 76 31
44 77 71
44 78 29
44 79 78
44 80 41
44 81 11
44 82 80
44 83 66
44 84 75
44 85 22
44 86 35
44 87 79
44 88 72
44 89 76
44 90 34
44 91 41
44 92 67
44 93 87
44 94 18
44 95 36
44 96 84
44 97 66
44 98 96
44 99 5
44 100 8
44 101 61
44 102 28
44 103 96
44 104 7
44 105 50
44 106 99
44 107 81
44 108 21
44 109 94
44 110 79
44 111 62
44 112 51
44 113 30
44 114 32
44 115 93
44 116 0
44 117 98
44 118 1
44 119 80
45 46 63
45 47 33
45 48 24
45 49 88
45 50 97
45 51 38
45 52 51
45 53 67
45 54 2
45 55 10
45 56 15
45 57 49
45 58 4
45 59 12
45 60 40
45 61 75
45 62 9
45 63 48
45 64 19
45 65 37
45 66 8
45 67 24
45 68 32
45 69 21
45 70 3
45 71 78
45 72 3
45 73 60
45 74 85
45 75 55
45 76 71
45 77 12
45 78 15
45 79 59
45 80 88
45 81 32
45 82 84
45 83 29
45 84 77
45 85 70
45 86 73
45 87 16
45 88 45
45 89 95
45 90 46
45 91 98
45 92 77
45 93 99
45 94 44
45 95 54
45 96 96
45 97 14
45 98 21
45 99 50
45 100 64
45 101 2
45 102 57
45 103 93
45 104 11
45 105 48
45 106 49
45 107 91
45 108 26
45 109 64
45 110 12
45 111 3
45 112 63
45 113 100
45 114 60
45 115 2
45 116 95
45 117 11
45 118 95
45 119 36
46 47 14
46 48 2
46 49 78
46 50 36
46 51 58
46 52 73
46 53 5
46 54 58
46 55 98
46 56 23
46 57 71
46 58 100
46 59 25
46 60 92
46 61 85
46 62 95
46 63 91
46 64 72
46 65 55
46 66 81
46 67 51
46 68 35
46 69 83
46 70 87
46 71 6
46 72 27
46 73 19
46 74 86
46 75 72
46 76 93
46 77 99
46 78 83
46 79 23
46 80 27
46 81 32
46 82 16
46 83 9
46 84 80
46 85 87
46 86 0
46 87 40
46 88 18
46 89 94
46 90 60
46 91 53
46 92 79
46 93 26
46 94 94
46 95 97
46 96 92
46 97 77
46 98 40
46 99 52
46 100 11
46 101 67
46 102 69
46 103 7
46 104 4
46 105 32
46 106 97
46 107 94
46 108 76
46 109 98
46 110 70
46 111 44
46 112 49
46 113 72
46 114 79
46 115 47
46 116 89
46 117 46
46 118 67
46 119 49
47 48 4
47 49 71
47 50 31
47 51 85
47 52 81
47 53 24
47 54 36
47 55 62
47 56 9
47 57 56
47 58 50
47 59 61
47 60 46
47 61 75
47 62 85
47 63 17
47 64 2
47 65 75
47 66 8
47 67 69
47 68 66
47 69 50
47 70 98
47 71 58
47 72 96
47 73 40
47 74 11
47 75 50
47 76 83
47 77 69
47 78 98
47 79 5
47 80 48
47 81 67
47 82 90
47 83 46
47 84 70
47 85 87
47 86 12
47 87 80
47 88 98
47 89 88
47 90 55
47 91 16
47 92 56
47 93 53
47 94 50
47 95 75
47 96 1
47 97 94
47 98 11
47 99 0
47 100 51
47 101 70
47 102 16
47 103 58
47 104 49
47 105 32
47 106 13
47 107 97
47 108 8
47 109 9
47 110 6
47 111 0
47 112 20
47 113 36
47 114 53
47 115 43
47 116 25
47 117 90
47 118 45
47 119 55
48 49 62
48 50 33
48 51 54
48 52 0
48 53 67
48 54 65
48 55 20
48 56 81
48 57 40
48 58 35
48 59 67
48 60 14
48 61 31
48 62 73
48 63 65
48 64 56
48 65 54
48 66 81
48 67 76
48 68 48
48 69 49
48 70 76
48 71 67
48 72 38
48 73 46
48 74 21
48 75 19
48 76 85
48 77 69
48 78 16
48 79 73
48 80 33
48 81 5
48 82 85
48 83 69
48 84 90
48 85 59
48 86 27
48 87 27
48 88 38
48 89 97
48 90 25
48 91 67
48 92 55
48 93 45
48 94 73
48 95 22
48 96 26
48 97 28
48 98 32
48 99 33
48 100 71
48 101 46
48 102 42
48 103 41
48 104 21
48 105 83
48 106 91
48 107 36
48 108 16
48 109 80
48 110 100
48 111 41
48 112 40
48 113 8
48 114 26
48 115 71
48 116 18
48 117 40
48 118 21
48 119 78
49 50 33
49 51 28
49 52 38
49 53 84
49 54 74
49 55 83
49 56 58
49 57 76
49 58 7
49 59 57
49 60 91
49 61 28
49 62 1
49 63 11
49 64 49
49 65 14
49 66 82
49 67 44
49 68 56
49 69 60
49 70 52
49 71 26
49 72 22
49 73 89
49 74 0
49 75 61
49 76 25
49 77 84
49 78 62
49 79 21
49 80 20
49 81 82
49 82 20
49 83 71
49 84 51
49 85 51
49 86 77
49 87 23
49 88 39
49 89 26
49 90 24
49 91 45
49 92 71
49 93 14
49 94 49
49 95 97
49 96 2
49 97 49
49 98 29
49 99 8
49 100 7
49 101 65
49 102 81
49 103 87
49 104 41
49 105 54
49 106 60
49 107 10
49 108 70
49 109 78
49 110 70
49 111 76
49 112 66
49 113 81
49 114 53
49 115 31
49 116 60
49 117 74
49 118 5
49 119 70
50 51 6
50 52 37
50 53 17
50 54 91
50 55 72
50 56 39
50 57 41
50 58 76
50 59 11
50 60 52
50 61 73
50 62 56
50 63 56
50 64 75
50 65 37
50 66 78
50 67 93
50 68 24
50 69 56
50 70 78
50 71 44
50 72 78
50 73 41
50 74 41
50 75 95
50 76 40
50 77 73
50 78 43
50 79 39
50 80 42
50 81 44
50 82 69
50 83 44
50 84 39
50 85 73
50 86 85
50 87 28
50 88 1
50 89 80
50 90 20
50 91 36
50 92 51
50 93 0
50 94 9
50 95 54
50 96 54
50 97 15
50 98 41
50 99 12
50 100 53
50 101 96
50 102 41
50 103 55
50 104 54
50 105 97
50 106 67
50 107 45
50 108 80
50 109 57
50 110 10
50 111 68
50 112 32
50 113 21
50 114 92
50 115 68
50 116 34
50 117 90
50 118 60
50 119 27
51 52 49
51 53 34
51 54 29
51 55 78
51 56 12
51 57 59
51 58 4
51 59 10
51 60 14
51 61 13
51 62 40
51 63 22
51 64 18
51 65 76
51 66 85
51 67 55
51 68 70
51 69 84
51 70 47
51 71 40
51 72 96
51 73 17
51 74 87
51 75 68
51 76 7
51 77 74
51 78 74
51 79 98
51 80 84
51 81 73
51 82 7
51 83 83
51 84 22
51 85 7
51 86 9
51 87 67
51 88 54
51 89 63
51 90 76
51 91 25
51 92 82
51 93 25
51 94 77
51 95 83
51 96 34
51 97 86
51 98 33
51 99 87
51 100 5
51 101 77
51 102 90
51 103 33
51 104 54
51 105 87
51 106 38
51 107 31
51 108 53
51 109 6
51 110 45
51 111 83
51 112 5
51 113 43
51 114 35
51 115 26
51 116 41
51 117 17
51 118 10
51 119 69
52 53 56
52 54 2
52 55 26
52 56 66
52 57 50
52 58 53
52 59 57
52 60 21
52 61 64
52 62 10
52 63 41
52 64 56
52 65 6
52 66 84
52 67 69
52 68 85
52 69 8
52 70 5
52 71 74
52 72 43
52 73 72
52 74 48
52 75 87
52 76 62
52 77 54
52 78 30
52 79 28
52 80 49
52 81 58
52 82 75
52 83 52
52 84 53
52 85 15
52 86 80
52 87 53
52 88 68
52 89 19
52 90 73
52 91 74
52 92 55
52 93 26
52 94 16
52 95 51
52 96 96
52 97 48
52 98 49
52 99 62
52 100 98
52 101 94
52 102 47
52 103 35
52 104 13
52 105 6
52 106 65
52 107 6
52 108 45
52 109 33
52 110 18
52 111 90
52 112 21
52 113 5
52 114 50
52 115 30
52 116 9
52 117 39
52 118 80
52 119 83
53 54 96
53 55 31
53 56 24
53 57 39
53 58 19
53 59 51
53 60 79
53 61 75
53 62 87
53 63 45
53 64 86
53 65 55
53 66 0
53 67 75
53 68 13
53 69 77
53 70 10
53 71 99
53 72 41
53 73 15
53 74 94
53 75 72
53 76 75
53 77 44
53 78 41
53 79 33
53 80 64
53 81 21
53 82 66
53 83 46
53 84 65
53 85 39
53 86 37
53 87 15
53 88 16
53 89 33
53 90 75
53 91 29
53 92 53
53 93 90
53 94 42
53 95 22
53 96 77
53 97 0
53 98 76
53 99 39
53 100 78
53 101 6
53 102 34
53 103 37
53 104 19
53 105 57
53 106 92
53 107 91
53 108 36
53 109 96
53 110 90
53 111 34
53 112 1
53 113 59
53 114 52
53 115 72
53 116 77
53 117 16
53 118 95
53 119 33
54 55 21
54 56 1
54 57 28
54 58 64
54 59 55
54 60 39
54 61 11
54 62 92
54 63 84
54 64 56
54 65 71
54 66 73
54 67 19
54 68 60
54 69 60
54 70 11
54 71 35
54 72 27
54 73 79
54 74 99
54 75 68
54 76 2
54 77 2
54 78 42
54 79 88
54 80 86
54 81 95
54 82 56
54 83 89
54 84 11
54 85 68
54 86 73
54 87 89
54 88 38
54 89 12
54 90 73
54 91 12
54 92 31
54 93 81
54 94 24
54 95 32
54 96 28
54 97 93
54 98 52
54 99 12
54 100 59
54 101 20
54 102 22
54 103 46
54 104 88
54 105 12
54 106 85
54 107 89
54 108 49
54 109 71
54 110 3
54 111 51
54 112 0
54 113 62
54 114 27
54 115 3
54 116 7
54 117 37
54 118 98
54 119 13
55 56 48
55 57 22
55 58 68
55 59 8
55 60 33
55 61 96
55 62 63
55 63 26
55 64 0
55 65 44
55 66 21
55 67 76
55 68 69
55 69 20
55 70 22
55 71 60
55 72 2
55 73 90
55 74 70
55 75 35
55 76 42
55 77 80
55 78 93
55 79 10
55 80 16
55 81 74
55 82 70
55 83 68
55 84 41
55 85 11
55 86 54
55 87 89
55 88 2
55 89 90
55 90 36
55 91 81
55 92 30
55 93 12
55 94 32
55 95 100
55 96 76
55 97 90
55 98 42
55 99 66
55 100 84
55 101 73
55 102 25
55 103 21
55 104 5
55 105 27
55 106 23
55 107 85
55 108 15
55 109 99
55 110 77
55 111 22
55 112 23
55 113 24
55 114 22
55 115 99
55 116 87
55 117 60
55 118 30
55 119 18
56 57 95
56 58 92
56 59 26
56 60 81
56 61 15
56 62 39
56 63 13
56 64 95
56 65 22
56 66 83
56 67 6
56 68 8
56 69 36
56 70 80
56 71 73
56 72 93
56 73 48
56 74 6
56 75 98
56 76 28
56 77 10
56 78 67
56 79 41
56 80 55
56 81 14
56 82 72
56 83 62
56 84 24
56 85 0
56 86 63
56 87 74
56 88 40
56 89 58
56 90 36
56 91 61
56 92 66
56 93 15
56 94 67
56 95 94
56 96 81
56 97 79
56 98 58
56 99 15
56 100 4
56 101 65
56 102 43
56 103 1
56 104 2
56 105 51
56 106 44
56 107 73
56 108 90
56 109 63
56 110 45
56 111 9
56 112 8
56 113 57
56 114 78
56 115 81
56 116 1
56 117 37
56 118 97
56 119 24
57 58 10
57 59 100
57 60 37
57 61 4
57 62 7
57 63 38
57 64 100
57 65 79
57 66 91
57 67 20
57 68 100
57 69 24
57 70 4
57 71 18
57 72 95
57 73 7
57 74 82
57 75 38
57 76 21
57 77 50
57 78 5
57 79 92
57 80 36
57 81 23
57 82 77
57 83 31
57 84 37
57 85 86
57 86 59
57 87 67
57 88 11
57 89 49
57 90 37
57 91 14
57 92 7
57 93 80
57 94 2
57 95 94
57 96 3
57 97 69
57 98 82
57 99 94
57 100 88
57 101 84
57 102 57
57 103 74
57 104 14
57 105 1
57 106 34
57 107 32
57 108 49
57 109 45
57 110 51
57 111 31
57 112 71
57 113 6
57 114 49
57 115 39
57 116 70
57 117 23
57 118 4
57 119 60
58 59 44
58 60 44
58 61 6
58 62 77
58 63 38
58 64 38
58 65 72
58 66 7
58 67 47
58 68 48
58 69 100
58 70 72
58 71 96
58 72 87
58 73 95
58 74 24
58 75 100
58 76 71
58 77 30
58 78 42
58 79 12
58 80 5
58 81 80
58 82 70
58 83 28
58 84 4
58 85 18
58 86 84
58 87 100
58 88 93
58 89 61
58 90 42
58 91 50
58 92 83
58 93 51
58 94 62
58 95 27
58 96 50
58 97 52
58 98 35
58 99 42
58 100 27
58 101 1
58 102 78
58 103 75
58 104 69
58 105 66
58 106 92
58 107 59
58 108 27
58 109 70
58 110 77
58 111 24
58 112 31
58 113 26
58 114 21
58 115 93
58 116 100
58 117 37
58 118 57
58 119 47
59 60 51
59 61 6
59 62 88
59 63 83
59 64 96
59 65 20
59 66 5
59 67 34
59 68 52
59 69 50
59 70 73
59 71 35
59 72 65
59 73 59
59 74 37
59 75 8
59 76 55
59 77 91
59 78 97
59 79 62
59 80 94
59 81 0
59 82 48
59 83 63
59 84 80
59 85 13
59 86 44
59 87 68
59 88 29
59 89 0
59 90 23
59 91 1
59 92 75
59 93 67
59 94 6
59 95 10
59 96 26
59 97 23
59 98 20
59 99 13
59 100 70
59 101 56
59 102 96
59 103 22
59 104 13
59 105 5
59 106 56
59 107 27
59 108 92
59 109 43
59 110 27
59 111 39
59 112 50
59 113 32
59 114 62
59 115 11
59 116 8
59 117 90
59 118 66
59 119 41
60 61 95
60 62 21
60 63 51
60 64 21
60 65 16
60 66 86
60 67 41
60 68 26
60 69 59
60 70 72
60 71 23
60 72 38
60 73 44
60 74 14
60 75 68
60 76 3
60 77 12
60 78 76
60 79 29
60 80 64
60 81 90
60 82 85
60 83 27
60 84 40
60 85 76
60 86 48
60 87 44
60 88 17
60 89 34
60 90 77
60 91 39
60 92 66
60 93 92
60 94 29
60 95 67
60 96 51
60 97 39
60 98 80
60 99 25
60 100 57
60 101 12
60 102 61
60 103 54
60 104 75
60 105 22
60 106 57
60 107 12
60 108 42
60 109 98
60 110 21
60 111 82
60 112 26
60 113 91
60 114 16
60 115 52
60 116 44
60 117 54
60 118 50
60 119 80
61 62 83
61 63 31
61 64 74
61 65 13
61 66 20
61 67 2
61 68 25
61 69 69
61 70 42
61 71 26
61 72 66
61 73 88
61 74 95
61 75 48
61 76 21
61 77 98
61 78 74
61 79 58
61 80 60
61 81 15
61 82 70
61 83 63
61 84 41
61 85 66
61 86 17
61 87 2
61 88 1
61 89 17
61 90 60
61 91 50
61 92 15
61 93 88
61 94 52
61 95 85
61 96 4
61 97 4
61 98 59
61 99 57
61 100 65
61 101 51
61 102 4
61 103 65
61 104 83
61 105 79
61 106 35
61 107 72
61 108 42
61 109 5
61 110 20
61 111 43
61 112 32
61 113 17
61 114 100
61 115 79
61 116 70
61 117 24
61 118 74
61 119 67
62 63 57
62 64 1
62 65 46
62 66 69
62 67 3
62 68 45
62 69 22
62 70 42
62 71 66
62 72 81
62 73 76
62 74 29
62 75 28
62 76 88
62 77 86
62 78 32
62 79 9
62 80 46
62 81 72
62 82 54
62 83 96
62 84 87
62 85 32
62 86 78
62 87 24
62 88 55
62 89 46
62 90 50
62 91 68
62 92 85
62 93 14
62 94 25
62 95 52
62 96 49
62 97 19
62 98 57
62 99 75
62 100 6
62 101 15
62 102 90
62 103 35
62 104 8
62 105 57
62 106 23
62 107 51
62 108 42
62 109 31
62 110 26
62 111 45
62 112 60
62 113 87
62 114 43
62 115 97
62 116 24
62 117 74
62 118 47
62 119 100
63 64 13
63 65 91
63 66 99
63 67 45
63 68 78
63 69 73
63 70 83
63 71 13
63 72 28
63 73 84
63 74 61
63 75 14
63 76 18
63 77 81
63 78 89
63 79 61
63 80 15
63 81 6
63 82 58
63 83 42
63 84 84
63 85 73
63 86 41
63 87 63
63 88 34
63 89 3
63 90 57
63 91 72
63 92 36
63 93 66
63 94 90
63 95 100
63 96 95
63 97 48
63 98 98
63 99 16
63 100 20
63 101 80
63 102 39
63 103 33
63 104 25
63 105 49
63 106 88
63 107 76
63 108 17
63 109 51
63 110 48
63 111 8
63 112 53
63 113 0
63 114 98
63 115 66
63 116 77
63 117 78
63 118 69
63 119 46
64 65 52
64 66 78
64 67 79
64 68 62
64 69 57
64 70 0
64 71 50
64 72 67
64 73 67
64 74 92
64 75 21
64 76 91
64 77 97
64 78 59
64 79 20
64 80 56
64 81 84
64 82 36
64 83 52
64 84 64
64 85 26
64 86 72
64 87 15
64 88 78
64 89 36
64 90 18
64 91 60
64 92 72
64 93 2
64 94 77
64 95 94
64 96 3
64 97 87
64 98 70
64 99 21
64 100 23
64 101 95
64 102 25
64 103 24
64 104 65
64 105 92
64 106 29
64 107 78
64 108 89
64 109 31
64 110 36
64 111 67
64 112 62
64 113 21
64 114 34
64 115 3
64 116 70
64 117 74
64 118 79
64 119 67
65 66 27
65 67 52
65 68 94
65 69 98
65 70 97
65 71 24
65 72 25
65 73 78
65 74 0
65 75 4
65 76 97
65 77 35
65 78 76
65 79 87
65 80 30
65 81 79
65 82 86
65 83 7
65 84 45
65 85 96
65 86 33
65 87 92
65 88 33
65 89 2
65 90 61
65 91 25
65 92 87
65 93 97
65 94 42
65 95 3
65 96 78
65 97 94
65 98 60
65 99 11
65 100 13
65 101 92
65 102 7
65 103 51
65 104 87
65 105 97
65 106 68
65 107 53
65 108 29
65 109 52
65 110 48
65 111 85
65 112 35
65 113 68
65 114 20
65 115 51
65 116 37
65 117 58
65 118 68
65 119 58
66 67 8
66 68 84
66 69 63
66 70 85
66 71 23
66 72 76
66 73 9
66 74 7
66 75 44
66 76 44
66 77 11
66 78 34
66 79 4
66 80 49
66 81 15
66 82 42
66 83 100
66 84 44
66 85 31
66 86 69
66 87 37
66 88 31
66 89 23
66 90 42
66 91 12
66 92 68
66 93 22
66 94 66
66 95 28
66 96 24
66 97 6
66 98 46
66 99 77
66 100 32
66 101 8
66 102 79
66 103 19
66 104 77
66 105 15
66 106 58
66 107 97
66 108 36
66 109 77
66 110 83
66 111 100
66 112 51
66 113 4
66 114 80
66 115 39
66 116 12
66 117 44
66 118 67
66 119 80
67 68 46
67 69 100
67 70 3
67 71 85
67 72 23
67 73 99
67 74 90
67 75 99
67 76 3
67 77 25
67 78 39
67 79 17
67 80 54
67 81 18
67 82 61
67 83 36
67 84 39
67 85 59
67 86 21
67 87 46
67 88 52
67 89 33
67 90 61
67 91 24
67 92 37
67 93 97
67 94 83
67 95 39
67 96 13
67 97 80
67 98 20
67 99 8
67 100 49
67 101 75
67 102 22
67 103 83
67 104 25
67 105 25
67 106 92
67 107 47
67 108 71
67 109 3
67 110 63
67 111 26
67 112 63
67 113 74
67 114 65
67 115 28
67 116 33
67 117 21
67 118 2
67 119 60
68 69 7
68 70 72
68 71 56
68 72 94
68 73 32
68 74 92
68 75 91
68 76 60
68 77 72
68 78 58
68 79 56
68 80 17
68 81 97
68 82 73
68 83 48
68 84 82
68 85 34
68 86 51
68 87 22
68 88 99
68 89 12
68 90 17
68 91 15
68 92 77
68 93 0
68 94 37
68 95 45
68 96 21
68 97 26
68 98 67
68 99 14
68 100 66
68 101 4
68 102 23
68 103 85
68 104 43
68 105 20
68 106 13
68 107 42
68 108 61
68 109 98
68 110 99
68 111 40
68 112 3
68 113 17
68 114 47
68 115 49
68 116 99
68 117 52
68 118 44
68 119 9
69 70 94
69 71 49
69 72 14
69 73 31
69 74 46
69 75 57
69 76 16
69 77 38
69 78 63
69 79 79
69 80 23
69 81 68
69 82 37
69 83 21
69 84 17
69 85 15
69 86 50
69 87 61
69 88 35
69 89 74
69 90 80
69 91 21
69 92 43
69 93 1
69 94 45
69 95 91
69 96 41
69 97 63
69 98 65
69 99 99
69 100 76
69 101 4
69 102 74
69 103 38
69 104 38
69 105 98
69 106 67
69 107 20
69 108 22
69 109 25
69 110 11
69 111 35
69 112 5
69 113 62
69 114 85
69 115 21
69 116 58
69 117 56
69 118 98
69 119 70
70 71 38
70 72 43
70 73 49
70 74 48
70 75 2
70 76 28
70 77 89
70 78 24
70 79 98
70 80 50
70 81 97
70 82 81
70 83 18
70 84 82
70 85 58
70 86 42
70 87 32
70 88 19
70 89 53
70 90 67
70 91 54
70 92 39
70 93 94
70 94 43
70 95 54
70 96 17
70 97 65
70 98 66
70 99 45
70 100 26
70 101 41
70 102 30
70 103 91
70 104 96
70 105 95
70 106 80
70 107 41
70 108 29
70 109 85
70 110 70
70 111 62
70 112 48
70 113 39
70 114 43
70 115 18
70 116 38
70 117 43
70 118 64
70 119 66
71 72 19
71 73 12
71 74 35
71 75 25
71 76 19
71 77 2
71 78 8
71 79 53
71 80 19
71 81 60
71 82 14
71 83 50
71 84 56
71 85 30
71 86 24
71 87 51
71 88 67
71 89 96
71 90 13
71 91 84
71 92 98
71 93 63
71 94 14
71 95 33
71 96 24
71 97 42
71 98 82
71 99 11
71 100 21
71 101 100
71 102 81
71 103 39
71 104 65
71 105 70
71 106 84
71 107 99
71 108 46
71 109 0
71 110 38
71 111 53
71 112 40
71 113 2
71 114 56
71 115 47
71 116 0
71 117 43
71 118 58
71 119 27
72 73 53
72 74 95
72 75 72
72 76 63
72 77 46
72 78 34
72 79 42
72 80 36
72 81 93
72 82 4
72 83 89
72 84 52
72 85 29
72 86 22
72 87 16
72 88 0
72 89 57
72 90 44
72 91 29
72 92 25
72 93 36
72 94 90
72 95 26
72 96 48
72 97 89
72 98 55
72 99 1
72 100 53
72 101 56
72 102 81
72 103 15
72 104 65
72 105 93
72 106 74
72 107 27
72 108 17
72 109 36
72 110 25
72 111 96
72 112 49
72 113 38
72 114 31
72 115 20
72 116 11
72 117 1
72 118 43
72 119 42
73 74 26
73 75 82
73 76 33
73 77 67
73 78 16
73 79 72
73 80 25
73 81 53
73 82 92
73 83 88
73 84 80
73 85 39
73 86 29
73 87 84
73 88 31
73 89 2
73 90 23
73 91 11
73 92 12
73 93 37
73 94 36
73 95 57
73 96 64
73 97 88
73 98 21
73 99 98
73 100 75
73 101 37
73 102 28
73 103 9
73 104 68
73 105 90
73 106 95
73 107 28
73 108 56
73 109 78
73 110 36
73 111 21
73 112 29
73 113 29
73 114 96
73 115 38
73 116 40
73 117 79
73 118 60
73 119 70
74 75 0
74 76 49
74 77 45
74 78 6
74 79 36
74 80 19
74 81 51
74 82 54
74 83 14
74 84 72
74 85 98
74 86 14
74 87 98
74 88 80
74 89 91
74 90 81
74 91 67
74 92 80
74 93 1
74 94 28
74 95 99
74 96 7
74 97 46
74 98 78
74 99 78
74 100 64
74 101 0
74 102 83
74 103 31
74 104 64
74 105 57
74 106 67
74 107 43
74 108 4
74 109 40
74 110 73
74 111 29
74 112 39
74 113 10
74 114 47
74 115 90
74 116 60
74 117 48
74 118 58
74 119 89
75 76 54
75 77 76
75 78 14
75 79 74
75 80 74
75 81 70
75 82 31
75 83 21
75 84 4
75 85 41
75 86 73
75 87 26
75 88 30
75 89 34
75 90 16
75 91 68
75 92 77
75 93 2
75 94 28
75 95 27
75 96 32
75 97 16
75 98 94
75 99 29
75 100 89
75 101 65
75 102 28
75 103 3
75 104 76
75 105 36
75 106 40
75 107 95
75 108 2
75 109 49
75 110 72
75 111 16
75 112 38
75 113 90
75 114 72
75 115 99
75 116 38
75 117 76
75 118 41
75 119 35
76 77 21
76 78 72
76 79 0
76 80 33
76 81 37
76 82 96
76 83 95
76 84 100
76 85 52
76 86 5
76 87 3
76 88 80
76 89 30
76 90 97
76 91 82
76 92 50
76 93 44
76 94 84
76 95 39
76 96 79
76 97 39
76 98 60
76 99 86
76 100 2
76 101 63
76 102 67
76 103 99
76 104 26
76 105 61
76 106 42
76 107 9
76 108 10
76 109 18
76 110 88
76 111 59
76 112 56
76 113 91
76 114 28
76 115 45
76 116 50
76 117 82
76 118 5
76 119 27
77 78 46
77 79 57
77 80 10
77 81 29
77 82 12
77 83 87
77 84 14
77 85 75
77 86 52
77 87 57
77 88 93
77 89 43
77 90 5
77 91 98
77 92 24
77 93 71
77 94 93
77 95 88
77 96 42
77 97 58
77 98 100
77 99 72
77 100 2
77 101 4
77 102 85
77 103 39
77 104 36
77 105 26
77 106 12
77 107 72
77 108 64
77 109 48
77 110 7
77 111 45
77 112 18
77 113 39
77 114 1
77 115 65
77 116 58
77 117 40
77 118 4
77 119 30
78 79 75
78 80 97
78 81 96
78 82 0
78 83 84
78 84 78
78 85 77
78 86 30
78 87 45
78 88 95
78 89 8
78 90 92
78 91 57
78 92 52
78 93 16
78 94 16
78 95 79
78 96 80
78 97 30
78 98 32
78 99 29
78 100 17
78 101 91
78 102 97
78 103 21
78 104 86
78 105 91
78 106 40
78 107 38
78 108 74
78 109 10
78 110 0
78 111 26
78 112 5
78 113 15
78 114 9
78 115 99
78 116 55
78 117 17
78 118 4
78 119 29
79 80 99
79 81 12
79 82 59
79 83 19
79 84 65
79 85 26
79 86 2
79 87 56
79 88 90
79 89 56
79 90 13
79 91 85
79 92 4
79 93 45
79 94 45
79 95 31
79 96 61
79 97 9
79 98 100
79 99 82
79 100 88
79 101 64
79 102 86
79 103 47
79 104 77
79 105 56
79 106 68
79 107 0
79 108 36
79 109 12
79 110 60
79 111 62
79 112 23
79 113 75
79 114 41
79 115 17
79 116 86
79 117 51
79 118 62
79 119 92
80 81 86
80 82 86
80 83 56
80 84 14
80 85 11
80 86 80
80 87 6
80 88 72
80 89 66
80 90 78
80 91 63
80 92 42
80 93 44
80 94 22
80 95 66
80 96 17
80 97 67
80 98 51
80 99 23
80 100 2
80 101 58
80 102 81
80 103 54
80 104 47
80 105 53
80 106 68
80 107 1
80 108 0
80 109 22
80 110 42
80 111 76
80 112 24
80 113 99
80 114 27
80 115 88
80 116 55
80 117 27
80 118 27
80 119 64
81 82 98
81 83 33
81 84 91
81 85 77
81 86 91
81 87 82
81 88 78
81 89 71
81 90 44
81 91 86
81 92 75
81 93 52
81 94 38
81 95 65
81 96 93
81 97 14
81 98 80
81 99 31
81 100 73
81 101 68
81 102 94
81 103 71
81 104 1
81 105 72
81 106 92
81 107 51
81 108 30
81 109 29
81 110 42
81 111 24
81 112 24
81 113 10
81 114 62
81 115 50
81 116 73
81 117 4
81 118 74
81 119 23
82 83 76
82 84 69
82 85 41
82 86 29
82 87 83
82 88 68
82 89 31
82 90 80
82 91 27
82 92 6
82 93 46
82 94 36
82 95 38
82 96 6
82 97 87
82 98 51
82 99 58
82 100 82
82 101 83
82 102 20
82 103 28
82 104 3
82 105 9
82 106 49
82 107 55
82 108 36
82 109 19
82 110 89
82 111 25
82 112 96
82 113 46
82 114 38
82 115 91
82 116 28
82 117 99
82 118 82
82 119 95
83 84 47
83 85 2
83 86 63
83 87 1
83 88 92
83 89 48
83 90 65
83 91 91
83 92 51
83 93 43
83 94 8
83 95 58
83 96 19
83 97 38
83 98 38
83 99 69
83 100 64
83 101 51
83 102 95
83 103 79
83 104 91
83 105 99
83 106 64
83 107 42
83 108 86
83 109 5
83 110 15
83 111 45
83 112 11
83 113 18
83 114 34
83 115 87
83 116 67
83 117 2
83 118 39
83 119 89
84 85 3
84 86 84
84 87 23
84 88 69
84 89 33
84 90 82
84 91 36
84 92 29
84 93 69
84 94 66
84 95 39
84 96 85
84 97 55
84 98 38
84 99 69
84 100 54
84 101 88
84 102 29
84 103 3
84 104 48
84 105 43
84 106 60
84 107 56
84 108 29
84 109 8
84 110 29
84 111 55
84 112 92
84 113 69
84 114 87
84 115 87
84 116 45
84 117 25
84 118 21
84 119 39
85 86 10
85 87 45
85 88 8
85 89 90
85 90 62
85 91 48
85 92 8
85 93 36
85 94 60
85 95 24
85 96 63
85 97 32
85 98 78
85 99 7
85 100 35
85 101 40
85 102 72
85 103 44
85 104 8
85 105 51
85 106 25
85 107 41
85 108 16
85 109 6
85 110 42
85 111 36
85 112 44
85 113 50
85 114 26
85 115 68
85 116 52
85 117 35
85 118 62
85 119 55
86 87 53
86 88 29
86 89 22
86 90 18
86 91 97
86 92 81
86 93 39
86 94 6
86 95 33
86 96 53
86 97 24
86 98 21
86 99 3
86 100 87
86 101 9
86 102 0
86 103 13
86 104 72
86 105 27
86 106 29
86 107 53
86 108 7
86 109 52
86 110 50
86 111 38
86 112 92
86 113 42
86 114 82
86 115 7
86 116 26
86 117 4
86 118 1
86 119 25
87 88 15
87 89 95
87 90 43
87 91 56
87 92 51
87 93 58
87 94 77
87 95 69
87 96 49
87 97 99
87 98 7
87 99 96
87 100 31
87 101 28
87 102 39
87 103 19
87 104 78
87 105 40
87 106 38
87 107 9
87 108 46
87 109 48
87 110 10
87 111 68
87 112 93
87 113 69
87 114 60
87 115 61
87 116 19
87 117 45
87 118 37
87 119 11
88 89 67
88 90 16
88 91 47
88 92 96
88 93 24
88 94 86
88 95 98
88 96 47
88 97 79
88 98 49
88 99 55
88 100 44
88 101 86
88 102 85
88 103 43
88 104 68
88 105 44
88 106 1
88 107 53
88 108 16
88 109 69
88 110 35
88 111 59
88 112 75
88 113 62
88 114 70
88 115 18
88 116 23
88 117 61
88 118 51
88 119 48
89 90 53
89 91 43
89 92 0
89 93 30
89 94 44
89 95 10
89 96 57
89 97 53
89 98 41
89 99 28
89 100 79
89 101 61
89 102 97
89 103 50
89 104 22
89 105 8
89 106 90
89 107 69
89 108 90
89 109 27
89 110 54
89 111 28
89 112 9
89 113 30
89 114 70
89 115 69
89 116 4
89 117 95
89 118 51
89 119 93
90 91 12
90 92 22
90 93 30
90 94 82
90 95 68
90 96 92
90 97 18
90 98 38
90 99 17
90 100 47
90 101 86
90 102 83
90 103 28
90 104 86
90 105 37
90 106 97
90 107 82
90 108 27
90 109 96
90 110 62
90 111 18
90 112 97
90 113 97
90 114 30
90 115 6
90 116 17
90 117 36
90 118 69
90 119 6
91 92 27
91 93 22
91 94 15
91 95 20
91 96 96
91 97 34
91 98 96
91 99 91
91 100 60
91 101 23
91 102 99
91 103 54
91 104 22
91 105 98
91 106 45
91 107 35
91 108 25
91 109 93
91 110 41
91 111 59
91 112 91
91 113 71
91 114 59
91 115 7
91 116 7
91 117 31
91 118 75
91 119 1
92 93 53
92 94 23
92 95 97
92 96 63
92 97 50
92 98 25
92 99 69
92 100 74
92 101 54
92 102 7
92 103 100
92 104 37
92 105 36
92 106 22
92 107 79
92 108 75
92 109 75
92 110 56
92 111 86
92 112 67
92 113 18
92 114 82
92 115 25
92 116 5
92 117 43
92 118 75
92 119 74
93 94 25
93 95 94
93 96 15
93 97 4
93 98 11
93 99 74
93 100 82
93 101 50
93 102 91
93 103 74
93 104 6
93 105 17
93 106 2
93 107 98
93 108 6
93 109 21
93 110 81
93 111 20
93 112 11
93 113 17
93 114 40
93 115 34
93 116 2
93 117 75
93 118 26
93 119 97
94 95 14
94 96 66
94 97 14
94 98 1
94 99 82
94 100 77
94 101 27
94 102 84
94 103 14
94 104 72
94 105 39
94 106 14
94 107 58
94 108 10
94 109 0
94 110 38
94 111 43
94 112 14
94 113 11
94 114 42
94 115 66
94 116 5
94 117 95
94 118 43
94 119 20
95 96 48
95 97 11
95 98 85
95 99 5
95 100 64
95 101 97
95 102 42
95 103 39
95 104 72
95 105 80
95 106 16
95 107 77
95 108 50
95 109 70
95 110 51
95 111 52
95 112 83
95 113 61
95 114 30
95 115 92
95 116 16
95 117 48
95 118 63
95 119 0
96 97 9
96 98 79
96 99 40
96 100 83
96 101 50
96 102 49
96 103 10
96 104 59
96 105 69
96 106 81
96 107 38
96 108 45
96 109 68
96 110 23
96 111 87
96 112 65
96 113 26
96 114 3
96 115 70
96 116 10
96 117 63
96 118 20
96 119 52
97 98 59
97 99 92
97 100 93
97 101 96
97 102 8
97 103 72
97 104 94
97 105 28
97 106 43
97 107 33
97 108 15
97 109 43
97 110 5
97 111 55
97 112 96
97 113 60
97 114 57
97 115 66
97 116 56
97 117 72
97 118 53
97 119 17
98 99 12
98 100 77
98 101 73
98 102 45
98 103 92
98 104 79
98 105 3
98 106 95
98 107 43
98 108 29
98 109 47
98 110 41
98 111 57
98 112 34
98 113 85
98 114 51
98 115 74
98 116 91
98 117 46
98 118 23
98 119 67
99 100 20
99 101 43
99 102 43
99 103 87
99 104 32
99 105 42
99 106 97
99 107 24
99 108 84
99 109 54
99 110 80
99 111 56
99 112 28
99 113 35
99 114 63
99 115 75
99 116 67
99 117 35
99 118 45
99 119 49
100 101 42
100 102 46
100 103 59
100 104 70
100 105 74
100 106 40
100 107 59
100 108 70
100 109 98
100 110 46
100 111 1
100 112 85
100 113 73
100 114 11
100 115 23
100 116 79
100 117 77
100 118 17
100 119 85
101 102 33
101 103 21
101 104 47
101 105 60
101 106 76
101 107 68
101 108 49
101 109 31
101 110 2
101 111 51
101 112 59
101 113 54
101 114 17
101 115 84
101 116 62
101 117 14
101 118 22
101 119 23
102 103 33
102 104 65
102 105 34
102 106 96
102 107 62
102 108 15
102 109 70
102 110 19
102 111 31
102 112 28
102 113 75
102 114 83
102 115 78
102 116 56
102 117 63
102 118 84
102 119 66
103 104 89
103 105 30
103 106 1
103 107 88
103 108 33
103 109 58
103 110 89
103 111 34
103 112 12
103 113 86
103 114 19
103 115 64
103 116 55
103 117 20
103 118 25
103 119 83
104 105 88
104 106 93
104 107 10
104 108 28
104 109 69
104 110 87
104 111 1
104 112 63
104 113 100
104 114 52
104 115 40
104 116 89
104 117 44
104 118 70
104 119 37
105 106 10
105 107 37
105 108 71
105 109 77
105 110 61
105 111 58
105 112 6
105 113 34
105 114 8
105 115 17
105 116 6
105 117 65
105 118 65
105 119 54
106 107 83
106 108 34
106 109 33
106 110 48
106 111 67
106 112 57
106 113 90
106 114 23
106 115 81
106 116 98
106 117 0
106 118 67
106 119 18
107 108 28
107 109 37
107 110 3
107 111 26
107 112 68
107 113 51
107 114 77
107 115 30
107 116 91
107 117 26
107 118 92
107 119 76
108 109 36
108 110 60
108 111 77
108 112 15
108 113 10
108 114 99
108 115 74
108 116 99
108 117 4
108 118 5
108 119 87
109 110 5
109 111 49
109 112 80
109 113 45
109 114 37
109 115 86
109 116 92
109 117 88
109 118 72
109 119 64
110 111 82
110 112 64
110 113 1
110 114 18
110 115 14
110 116 36
110 117 90
110 118 67
110 119 12
111 112 50
111 113 58
111 114 39
111 115 93
111 116 72
111 117 87
111 118 100
111 119 10
112 113 49
112 114 77
112 115 0
112 116 64
112 117 38
112 118 38
112 119 68
113 114 30
113 115 24
113 116 8
113 117 84
113 118 90
113 119 7
114 115 72
114 116 11
114 117 7
114 118 17
114 119 65
115 116 93
115 117 0
115 118 36
115 119 14
116 117 53
116 118 56
116 119 13
117 118 15
117 119 85
118 119 74
