12 4 ss 3 3 3 3 3 3 3 3 
0 1 38
0 2 25
0 3 82
0 4 60
0 5 60
0 6 50
0 7 26
0 8 13
0 9 10
0 10 10
0 11 14
1 2 89
1 3 16
1 4 10
1 5 83
1 6 23
1 7 74
1 8 81
1 9 5
1 10 39
1 11 41
2 3 85
2 4 2
2 5 21
2 6 30
2 7 48
2 8 66
2 9 20
2 10 53
2 11 4
3 4 1
3 5 74
3 6 78
3 7 5
3 8 60
3 9 69
3 10 41
3 11 35
4 5 31
4 6 49
4 7 3
4 8 59
4 9 90
4 10 92
4 11 68
5 6 85
5 7 77
5 8 99
5 9 10
5 10 19
5 11 38
6 7 40
6 8 57
6 9 48
6 10 24
6 11 87
7 8 89
7 9 86
7 10 51
7 11 55
8 9 7
8 10 35
8 11 12
9 10 95
9 11 18
10 11 26
