120 10 ds 10 14 10 14 11 13 9 14 9 16 9 15 12 16 8 13 11 16 10 14 
0 1 51
0 2 71
0 3 74
0 4 49
0 5 17
0 6 84
0 7 8
0 8 74
0 9 0
0 10 86
0 11 82
0 12 32
0 13 62
0 14 13
0 15 6
0 16 80
0 17 16
0 18 85
0 19 85
0 20 76
0 21 50
0 22 71
0 23 16
0 24 50
0 25 21
0 26 0
0 27 28
0 28 71
0 29 9
0 30 65
0 31 45
0 32 45
0 33 4
0 34 65
0 35 93
0 36 33
0 37 47
0 38 97
0 39 60
0 40 89
0 41 14
0 42 99
0 43 96
0 44 69
0 45 2
0 46 66
0 47 83
0 48 87
0 49 59
0 50 16
0 51 32
0 52 62
0 53 75
0 54 87
0 55 71
0 56 20
0 57 72
0 58 20
0 59 82
0 60 100
0 61 17
0 62 28
0 63 23
0 64 51
0 65 86
0 66 83
0 67 96
0 68 26
0 69 97
0 70 87
0 71 95
0 72 33
0 73 12
0 74 7
0 75 94
0 76 77
0 77 89
0 78 32
0 79 7
0 80 40
0 81 52
0 82 88
0 83 51
0 84 3
0 85 2
0 86 84
0 87 92
0 88 34
0 89 77
0 90 12
0 91 11
0 92 38
0 93 87
0 94 44
0 95 26
0 96 12
0 97 77
0 98 1
0 99 64
0 100 73
0 101 95
0 102 88
0 103 6
0 104 19
0 105 36
0 106 58
0 107 60
0 108 74
0 109 47
0 110 85
0 111 72
0 112 55
0 113 73
0 114 91
0 115 1
0 116 6
0 117 27
0 118 62
0 119 91
1 2 94
1 3 39
1 4 40
1 5 28
1 6 28
1 7 33
1 8 56
1 9 20
1 10 55
1 11 26
1 12 34
1 13 57
1 14 97
1 15 11
1 16 68
1 17 57
1 18 46
1 19 93
1 20 94
1 21 42
1 22 0
1 23 82
1 24 51
1 25 33
1 26 79
1 27 69
1 28 94
1 29 53
1 30 26
1 31 10
1 32 21
1 33 34
1 34 47
1 35 81
1 36 68
1 37 38
1 38 36
1 39 60
1 40 14
1 41 73
1 42 78
1 43 46
1 44 42
1 45 41
1 46 82
1 47 90
1 48 67
1 49 5
1 50 82
1 51 61
1 52 57
1 53 88
1 54 83
1 55 4
1 56 23
1 57 63
1 58 19
1 59 51
1 60 62
1 61 70
1 62 30
1 63 29
1 64 35
1 65 76
1 66 42
1 67 7
1 68 8
1 69 74
1 70 19
1 71 40
1 72 95
1 73 38
1 74 99
1 75 13
1 76 99
1 77 99
1 78 33
1 79 66
1 80 93
1 81 35
1 82 81
1 83 69
1 84 100
1 85 97
1 86 36
1 87 47
1 88 30
1 89 99
1 90 47
1 91 94
1 92 51
1 93 34
1 94 39
1 95 20
1 96 2
1 97 7
1 98 10
1 99 42
1 100 34
1 101 71
1 102 91
1 103 62
1 104 77
1 105 89
1 106 97
1 107 86
1 108 51
1 109 28
1 110 56
1 111 77
1 112 96
1 113 46
1 114 97
1 115 50
1 116 28
1 117 54
1 118 86
1 119 64
2 3 80
2 4 14
2 5 73
2 6 3
2 7 64
2 8 61
2 9 48
2 10 54
2 11 76
2 12 42
2 13 63
2 14 90
2 15 72
2 16 79
2 17 62
2 18 64
2 19 16
2 20 29
2 21 69
2 22 100
2 23 87
2 24 88
2 25 41
2 26 49
2 27 47
2 28 21
2 29 63
2 30 6
2 31 47
2 32 10
2 33 91
2 34 65
2 35 92
2 36 44
2 37 69
2 38 2
2 39 1
2 40 35
2 41 79
2 42 30
2 43 75
2 44 58
2 45 51
2 46 70
2 47 97
2 48 18
2 49 83
2 50 95
2 51 70
2 52 82
2 53 38
2 54 49
2 55 10
2 56 80
2 57 17
2 58 8
2 59 81
2 60 81
2 61 94
2 62 19
2 63 35
2 64 52
2 65 66
2 66 83
2 67 36
2 68 58
2 69 5
2 70 2
2 71 48
2 72 22
2 73 48
2 74 41
2 75 30
2 76 85
2 77 13
2 78 52
2 79 18
2 80 15
2 81 24
2 82 85
2 83 79
2 84 3
2 85 79
2 86 70
2 87 51
2 88 95
2 89 38
2 90 48
2 91 72
2 92 33
2 93 66
2 94 23
2 95 62
2 96 43
2 97 87
2 98 75
2 99 6
2 100 8
2 101 22
2 102 27
2 103 46
2 104 98
2 105 77
2 106 54
2 107 23
2 108 20
2 109 12
2 110 53
2 111 96
2 112 62
2 113 93
2 114 96
2 115 14
2 116 59
2 117 34
2 118 11
2 119 17
3 4 35
3 5 63
3 6 4
3 7 94
3 8 80
3 9 83
3 10 35
3 11 63
3 12 32
3 13 72
3 14 82
3 15 49
3 16 44
3 17 55
3 18 98
3 19 39
3 20 77
3 21 38
3 22 65
3 23 86
3 24 84
3 25 61
3 26 42
3 27 64
3 28 5
3 29 90
3 30 38
3 31 70
3 32 69
3 33 75
3 34 20
3 35 17
3 36 73
3 37 78
3 38 98
3 39 67
3 40 87
3 41 16
3 42 51
3 43 25
3 44 54
3 45 21
3 46 95
3 47 62
3 48 31
3 49 88
3 50 100
3 51 13
3 52 70
3 53 78
3 54 2
3 55 94
3 56 38
3 57 36
3 58 69
3 59 7
3 60 94
3 61 96
3 62 26
3 63 55
3 64 79
3 65 90
3 66 96
3 67 84
3 68 39
3 69 79
3 70 47
3 71 17
3 72 43
3 73 1
3 74 20
3 75 35
3 76 3
3 77 78
3 78 9
3 79 66
3 80 87
3 81 8
3 82 8
3 83 100
3 84 2
3 85 57
3 86 68
3 87 95
3 88 44
3 89 85
3 90 72
3 91 40
3 92 6
3 93 78
3 94 52
3 95 70
3 96 65
3 97 44
3 98 1
3 99 10
3 100 93
3 101 22
3 102 13
3 103 69
3 104 21
3 105 36
3 106 30
3 107 92
3 108 9
3 109 62
3 110 92
3 111 30
3 112 4
3 113 11
3 114 0
3 115 6
3 116 93
3 117 44
3 118 28
3 119 85
4 5 88
4 6 55
4 7 43
4 8 62
4 9 20
4 10 46
4 11 13
4 12 15
4 13 66
4 14 13
4 15 51
4 16 85
4 17 53
4 18 42
4 19 58
4 20 43
4 21 48
4 22 78
4 23 97
4 24 95
4 25 62
4 26 30
4 27 60
4 28 38
4 29 33
4 30 71
4 31 88
4 32 78
4 33 65
4 34 10
4 35 80
4 36 62
4 37 98
4 38 41
4 39 100
4 40 93
4 41 90
4 42 99
4 43 4
4 44 43
4 45 51
4 46 8
4 47 77
4 48 33
4 49 1
4 50 3
4 51 53
4 52 52
4 53 56
4 54 99
4 55 61
4 56 25
4 57 93
4 58 61
4 59 81
4 60 48
4 61 53
4 62 2
4 63 31
4 64 94
4 65 83
4 66 81
4 67 25
4 68 25
4 69 83
4 70 96
4 71 14
4 72 40
4 73 58
4 74 92
4 75 56
4 76 20
4 77 12
4 78 11
4 79 4
4 80 36
4 81 97
4 82 15
4 83 45
4 84 70
4 85 6
4 86 18
4 87 9
4 88 34
4 89 1
4 90 35
4 91 16
4 92 20
4 93 90
4 94 18
4 95 31
4 96 20
4 97 85
4 98 99
4 99 97
4 100 49
4 101 50
4 102 52
4 103 95
4 104 94
4 105 54
4 106 58
4 107 73
4 108 55
4 109 27
4 110 77
4 111 84
4 112 43
4 113 41
4 114 53
4 115 6
4 116 75
4 117 28
4 118 51
4 119 11
5 6 63
5 7 64
5 8 57
5 9 81
5 10 43
5 11 8
5 12 15
5 13 40
5 14 67
5 15 41
5 16 32
5 17 87
5 18 43
5 19 7
5 20 19
5 21 42
5 22 43
5 23 18
5 24 47
5 25 21
5 26 77
5 27 11
5 28 1
5 29 56
5 30 68
5 31 8
5 32 70
5 33 32
5 34 19
5 35 26
5 36 62
5 37 89
5 38 94
5 39 59
5 40 17
5 41 86
5 42 61
5 43 40
5 44 79
5 45 60
5 46 31
5 47 86
5 48 94
5 49 24
5 50 77
5 51 62
5 52 48
5 53 0
5 54 53
5 55 16
5 56 92
5 57 76
5 58 43
5 59 6
5 60 27
5 61 9
5 62 14
5 63 55
5 64 16
5 65 68
5 66 40
5 67 36
5 68 23
5 69 14
5 70 41
5 71 78
5 72 77
5 73 95
5 74 58
5 75 9
5 76 28
5 77 7
5 78 18
5 79 20
5 80 90
5 81 94
5 82 99
5 83 80
5 84 4
5 85 50
5 86 70
5 87 48
5 88 53
5 89 62
5 90 38
5 91 69
5 92 88
5 93 74
5 94 80
5 95 42
5 96 25
5 97 46
5 98 45
5 99 93
5 100 18
5 101 24
5 102 7
5 103 48
5 104 54
5 105 27
5 106 90
5 107 53
5 108 7
5 109 13
5 110 43
5 111 41
5 112 24
5 113 1
5 114 49
5 115 93
5 116 12
5 117 54
5 118 14
5 119 6
6 7 26
6 8 74
6 9 54
6 10 12
6 11 9
6 12 66
6 13 29
6 14 27
6 15 93
6 16 45
6 17 24
6 18 64
6 19 100
6 20 33
6 21 39
6 22 71
6 23 27
6 24 48
6 25 62
6 26 18
6 27 13
6 28 97
6 29 46
6 30 8
6 31 68
6 32 52
6 33 68
6 34 98
6 35 44
6 36 23
6 37 41
6 38 71
6 39 99
6 40 67
6 41 37
6 42 57
6 43 63
6 44 46
6 45 66
6 46 33
6 47 26
6 48 2
6 49 6
6 50 41
6 51 28
6 52 69
6 53 16
6 54 50
6 55 23
6 56 34
6 57 25
6 58 91
6 59 47
6 60 41
6 61 88
6 62 48
6 63 7
6 64 28
6 65 68
6 66 93
6 67 73
6 68 28
6 69 47
6 70 80
6 71 94
6 72 58
6 73 59
6 74 6
6 75 72
6 76 87
6 77 91
6 78 38
6 79 68
6 80 82
6 81 14
6 82 98
6 83 82
6 84 4
6 85 85
6 86 91
6 87 39
6 88 24
6 89 90
6 90 39
6 91 60
6 92 84
6 93 53
6 94 21
6 95 65
6 96 64
6 97 26
6 98 16
6 99 6
6 100 32
6 101 88
6 102 75
6 103 69
6 104 60
6 105 2
6 106 15
6 107 97
6 108 23
6 109 85
6 110 51
6 111 66
6 112 14
6 113 58
6 114 56
6 115 95
6 116 74
6 117 71
6 118 62
6 119 52
7 8 83
7 9 78
7 10 25
7 11 56
7 12 56
7 13 82
7 14 49
7 15 4
7 16 41
7 17 46
7 18 89
7 19 91
7 20 70
7 21 31
7 22 56
7 23 39
7 24 68
7 25 14
7 26 37
7 27 52
7 28 83
7 29 70
7 30 49
7 31 71
7 32 47
7 33 62
7 34 41
7 35 0
7 36 88
7 37 89
7 38 29
7 39 7
7 40 48
7 41 40
7 42 91
7 43 95
7 44 57
7 45 29
7 46 34
7 47 56
7 48 86
7 49 45
7 50 84
7 51 51
7 52 82
7 53 97
7 54 4
7 55 81
7 56 1
7 57 40
7 58 79
7 59 21
7 60 21
7 61 39
7 62 90
7 63 72
7 64 52
7 65 1
7 66 62
7 67 61
7 68 3
7 69 88
7 70 44
7 71 82
7 72 96
7 73 39
7 74 69
7 75 81
7 76 37
7 77 54
7 78 19
7 79 10
7 80 53
7 81 36
7 82 38
7 83 10
7 84 59
7 85 28
7 86 21
7 87 25
7 88 37
7 89 92
7 90 13
7 91 52
7 92 19
7 93 28
7 94 16
7 95 92
7 96 46
7 97 99
7 98 84
7 99 4
7 100 24
7 101 62
7 102 44
7 103 26
7 104 6
7 105 95
7 106 66
7 107 57
7 108 72
7 109 39
7 110 21
7 111 32
7 112 79
7 113 99
7 114 98
7 115 73
7 116 47
7 117 83
7 118 99
7 119 79
8 9 70
8 10 65
8 11 98
8 12 4
8 13 43
8 14 59
8 15 21
8 16 57
8 17 73
8 18 33
8 19 68
8 20 52
8 21 18
8 22 2
8 23 45
8 24 62
8 25 4
8 26 35
8 27 40
8 28 6
8 29 65
8 30 43
8 31 17
8 32 96
8 33 85
8 34 23
8 35 25
8 36 60
8 37 26
8 38 53
8 39 77
8 40 19
8 41 87
8 42 16
8 43 39
8 44 47
8 45 29
8 46 48
8 47 87
8 48 57
8 49 90
8 50 9
8 51 94
8 52 19
8 53 2
8 54 35
8 55 70
8 56 9
8 57 49
8 58 69
8 59 95
8 60 3
8 61 58
8 62 84
8 63 7
8 64 84
8 65 86
8 66 6
8 67 88
8 68 35
8 69 45
8 70 45
8 71 96
8 72 25
8 73 77
8 74 99
8 75 84
8 76 49
8 77 4
8 78 96
8 79 15
8 80 50
8 81 30
8 82 75
8 83 48
8 84 38
8 85 80
8 86 48
8 87 3
8 88 40
8 89 2
8 90 36
8 91 37
8 92 10
8 93 45
8 94 75
8 95 17
8 96 6
8 97 52
8 98 78
8 99 64
8 100 19
8 101 69
8 102 21
8 103 30
8 104 80
8 105 19
8 106 54
8 107 36
8 108 43
8 109 68
8 110 10
8 111 91
8 112 21
8 113 56
8 114 61
8 115 38
8 116 16
8 117 72
8 118 94
8 119 24
9 10 37
9 11 55
9 12 46
9 13 85
9 14 69
9 15 60
9 16 74
9 17 88
9 18 53
9 19 32
9 20 54
9 21 31
9 22 62
9 23 17
9 24 93
9 25 94
9 26 77
9 27 38
9 28 58
9 29 14
9 30 19
9 31 69
9 32 64
9 33 73
9 34 93
9 35 55
9 36 71
9 37 34
9 38 60
9 39 10
9 40 20
9 41 22
9 42 68
9 43 20
9 44 56
9 45 100
9 46 24
9 47 25
9 48 12
9 49 69
9 50 23
9 51 43
9 52 59
9 53 82
9 54 1
9 55 14
9 56 80
9 57 92
9 58 31
9 59 71
9 60 31
9 61 97
9 62 31
9 63 10
9 64 35
9 65 65
9 66 37
9 67 74
9 68 29
9 69 97
9 70 94
9 71 19
9 72 75
9 73 32
9 74 33
9 75 24
9 76 77
9 77 33
9 78 10
9 79 61
9 80 41
9 81 66
9 82 31
9 83 48
9 84 62
9 85 11
9 86 88
9 87 52
9 88 22
9 89 71
9 90 58
9 91 3
9 92 63
9 93 98
9 94 90
9 95 22
9 96 7
9 97 24
9 98 62
9 99 49
9 100 73
9 101 8
9 102 44
9 103 19
9 104 72
9 105 15
9 106 71
9 107 61
9 108 80
9 109 53
9 110 49
9 111 1
9 112 13
9 113 89
9 114 83
9 115 64
9 116 86
9 117 70
9 118 9
9 119 83
10 11 34
10 12 15
10 13 28
10 14 50
10 15 3
10 16 52
10 17 3
10 18 25
10 19 83
10 20 93
10 21 58
10 22 7
10 23 43
10 24 57
10 25 92
10 26 67
10 27 27
10 28 89
10 29 59
10 30 87
10 31 68
10 32 87
10 33 60
10 34 10
10 35 25
10 36 89
10 37 0
10 38 94
10 39 10
10 40 18
10 41 69
10 42 17
10 43 20
10 44 57
10 45 89
10 46 72
10 47 39
10 48 16
10 49 51
10 50 95
10 51 98
10 52 19
10 53 11
10 54 9
10 55 47
10 56 51
10 57 79
10 58 76
10 59 31
10 60 75
10 61 12
10 62 96
10 63 13
10 64 61
10 65 21
10 66 50
10 67 100
10 68 68
10 69 50
10 70 94
10 71 60
10 72 85
10 73 62
10 74 44
10 75 56
10 76 80
10 77 53
10 78 2
10 79 27
10 80 44
10 81 20
10 82 51
10 83 9
10 84 67
10 85 89
10 86 84
10 87 25
10 88 86
10 89 93
10 90 36
10 91 21
10 92 96
10 93 7
10 94 48
10 95 27
10 96 98
10 97 89
10 98 30
10 99 78
10 100 69
10 101 43
10 102 93
10 103 100
10 104 93
10 105 52
10 106 31
10 107 92
10 108 43
10 109 38
10 110 79
10 111 17
10 112 18
10 113 82
10 114 48
10 115 19
10 116 6
10 117 44
10 118 11
10 119 48
11 12 48
11 13 5
11 14 88
11 15 14
11 16 24
11 17 75
11 18 44
11 19 27
11 20 89
11 21 51
11 22 22
11 23 64
11 24 43
11 25 20
11 26 44
11 27 49
11 28 81
11 29 0
11 30 86
11 31 7
11 32 8
11 33 27
11 34 77
11 35 42
11 36 51
11 37 5
11 38 24
11 39 45
11 40 26
11 41 11
11 42 29
11 43 58
11 44 39
11 45 15
11 46 92
11 47 56
11 48 73
11 49 81
11 50 82
11 51 3
11 52 40
11 53 34
11 54 86
11 55 18
11 56 99
11 57 68
11 58 5
11 59 93
11 60 4
11 61 94
11 62 83
11 63 80
11 64 38
11 65 75
11 66 26
11 67 48
11 68 80
11 69 34
11 70 85
11 71 79
11 72 72
11 73 73
11 74 18
11 75 42
11 76 23
11 77 84
11 78 91
11 79 87
11 80 76
11 81 7
11 82 25
11 83 22
11 84 62
11 85 75
11 86 22
11 87 91
11 88 25
11 89 83
11 90 75
11 91 61
11 92 28
11 93 6
11 94 91
11 95 52
11 96 42
11 97 88
11 98 31
11 99 63
11 100 98
11 101 36
11 102 5
11 103 72
11 104 97
11 105 49
11 106 16
11 107 6
11 108 78
11 109 4
11 110 90
11 111 23
11 112 50
11 113 32
11 114 58
11 115 84
11 116 15
11 117 85
11 118 13
11 119 0
12 13 63
12 14 71
12 15 23
12 16 53
12 17 21
12 18 17
12 19 11
12 20 47
12 21 54
12 22 32
12 23 18
12 24 48
12 25 37
12 26 19
12 27 47
12 28 74
12 29 70
12 30 74
12 31 75
12 32 60
12 33 95
12 34 36
12 35 6
12 36 62
12 37 69
12 38 93
12 39 86
12 40 58
12 41 54
12 42 3
12 43 18
12 44 6
12 45 53
12 46 65
12 47 27
12 48 79
12 49 28
12 50 48
12 51 95
12 52 100
12 53 32
12 54 91
12 55 81
12 56 12
12 57 0
12 58 52
12 59 19
12 60 21
12 61 5
12 62 43
12 63 44
12 64 96
12 65 73
12 66 37
12 67 39
12 68 30
12 69 91
12 70 29
12 71 17
12 72 12
12 73 82
12 74 23
12 75 80
12 76 80
12 77 100
12 78 75
12 79 47
12 80 40
12 81 66
12 82 54
12 83 86
12 84 12
12 85 16
12 86 43
12 87 75
12 88 6
12 89 72
12 90 83
12 91 15
12 92 24
12 93 76
12 94 30
12 95 69
12 96 76
12 97 87
12 98 90
12 99 24
12 100 21
12 101 68
12 102 73
12 103 98
12 104 72
12 105 98
12 106 26
12 107 74
12 108 60
12 109 3
12 110 50
12 111 88
12 112 19
12 113 88
12 114 85
12 115 73
12 116 74
12 117 39
12 118 99
12 119 32
13 14 91
13 15 2
13 16 97
13 17 36
13 18 97
13 19 49
13 20 29
13 21 8
13 22 54
13 23 60
13 24 31
13 25 31
13 26 13
13 27 1
13 28 12
13 29 50
13 30 9
13 31 76
13 32 31
13 33 87
13 34 27
13 35 58
13 36 78
13 37 98
13 38 97
13 39 64
13 40 76
13 41 99
13 42 41
13 43 35
13 44 55
13 45 15
13 46 74
13 47 23
13 48 38
13 49 87
13 50 54
13 51 5
13 52 72
13 53 76
13 54 72
13 55 11
13 56 6
13 57 68
13 58 48
13 59 22
13 60 74
13 61 8
13 62 47
13 63 16
13 64 80
13 65 4
13 66 51
13 67 97
13 68 70
13 69 47
13 70 49
13 71 42
13 72 30
13 73 14
13 74 33
13 75 37
13 76 34
13 77 71
13 78 31
13 79 58
13 80 41
13 81 94
13 82 88
13 83 85
13 84 38
13 85 27
13 86 80
13 87 28
13 88 31
13 89 88
13 90 11
13 91 74
13 92 43
13 93 56
13 94 4
13 95 65
13 96 11
13 97 8
13 98 54
13 99 16
13 100 7
13 101 20
13 102 96
13 103 27
13 104 87
13 105 89
13 106 71
13 107 30
13 108 17
13 109 62
13 110 55
13 111 26
13 112 21
13 113 91
13 114 3
13 115 80
13 116 2
13 117 37
13 118 38
13 119 92
14 15 7
14 16 91
14 17 76
14 18 54
14 19 43
14 20 19
14 21 26
14 22 17
14 23 100
14 24 97
14 25 91
14 26 53
14 27 40
14 28 80
14 29 57
14 30 15
14 31 78
14 32 95
14 33 55
14 34 29
14 35 88
14 36 10
14 37 51
14 38 89
14 39 41
14 40 94
14 41 44
14 42 84
14 43 17
14 44 98
14 45 22
14 46 0
14 47 40
14 48 38
14 49 93
14 50 7
14 51 75
14 52 71
14 53 35
14 54 80
14 55 44
14 56 26
14 57 35
14 58 22
14 59 50
14 60 43
14 61 11
14 62 45
14 63 77
14 64 58
14 65 22
14 66 17
14 67 44
14 68 34
14 69 79
14 70 76
14 71 43
14 72 85
14 73 33
14 74 27
14 75 52
14 76 92
14 77 86
14 78 23
14 79 22
14 80 37
14 81 34
14 82 60
14 83 22
14 84 88
14 85 58
14 86 14
14 87 1
14 88 80
14 89 88
14 90 54
14 91 36
14 92 9
14 93 91
14 94 65
14 95 74
14 96 70
14 97 11
14 98 73
14 99 48
14 100 73
14 101 90
14 102 57
14 103 50
14 104 76
14 105 77
14 106 69
14 107 14
14 108 2
14 109 5
14 110 68
14 111 85
14 112 83
14 113 83
14 114 38
14 115 19
14 116 12
14 117 37
14 118 84
14 119 26
15 16 44
15 17 55
15 18 57
15 19 93
15 20 56
15 21 81
15 22 86
15 23 63
15 24 78
15 25 1
15 26 19
15 27 48
15 28 38
15 29 46
15 30 6
15 31 33
15 32 18
15 33 50
15 34 3
15 35 55
15 36 95
15 37 58
15 38 22
15 39 99
15 40 17
15 41 45
15 42 80
15 43 41
15 44 82
15 45 91
15 46 35
15 47 58
15 48 57
15 49 86
15 50 80
15 51 8
15 52 82
15 53 13
15 54 20
15 55 29
15 56 94
15 57 100
15 58 71
15 59 67
15 60 85
15 61 76
15 62 95
15 63 87
15 64 61
15 65 43
15 66 57
15 67 86
15 68 18
15 69 30
15 70 13
15 71 60
15 72 24
15 73 41
15 74 45
15 75 1
15 76 50
15 77 55
15 78 59
15 79 12
15 80 64
15 81 78
15 82 61
15 83 100
15 84 95
15 85 91
15 86 72
15 87 88
15 88 20
15 89 62
15 90 99
15 91 98
15 92 75
15 93 79
15 94 46
15 95 65
15 96 16
15 97 26
15 98 5
15 99 88
15 100 71
15 101 37
15 102 65
15 103 94
15 104 76
15 105 58
15 106 92
15 107 0
15 108 76
15 109 42
15 110 87
15 111 25
15 112 69
15 113 36
15 114 49
15 115 85
15 116 45
15 117 23
15 118 77
15 119 79
16 17 62
16 18 67
16 19 89
16 20 36
16 21 100
16 22 18
16 23 99
16 24 31
16 25 46
16 26 0
16 27 78
16 28 94
16 29 39
16 30 39
16 31 73
16 32 22
16 33 78
16 34 70
16 35 90
16 36 45
16 37 43
16 38 15
16 39 56
16 40 99
16 41 99
16 42 12
16 43 80
16 44 38
16 45 0
16 46 56
16 47 62
16 48 83
16 49 15
16 50 92
16 51 23
16 52 87
16 53 17
16 54 48
16 55 82
16 56 24
16 57 88
16 58 45
16 59 77
16 60 30
16 61 57
16 62 32
16 63 19
16 64 71
16 65 29
16 66 24
16 67 26
16 68 87
16 69 16
16 70 73
16 71 55
16 72 100
16 73 1
16 74 53
16 75 82
16 76 21
16 77 34
16 78 90
16 79 22
16 80 35
16 81 17
16 82 97
16 83 23
16 84 0
16 85 21
16 86 20
16 87 45
16 88 83
16 89 62
16 90 8
16 91 29
16 92 67
16 93 98
16 94 37
16 95 71
16 96 3
16 97 87
16 98 5
16 99 48
16 100 73
16 101 57
16 102 25
16 103 65
16 104 87
16 105 23
16 106 99
16 107 44
16 108 41
16 109 86
16 110 95
16 111 15
16 112 49
16 113 65
16 114 59
16 115 13
16 116 18
16 117 66
16 118 85
16 119 91
17 18 83
17 19 28
17 20 69
17 21 73
17 22 55
17 23 28
17 24 33
17 25 71
17 26 14
17 27 79
17 28 86
17 29 6
17 30 38
17 31 0
17 32 41
17 33 85
17 34 34
17 35 70
17 36 97
17 37 49
17 38 100
17 39 7
17 40 91
17 41 45
17 42 6
17 43 5
17 44 45
17 45 5
17 46 57
17 47 73
17 48 19
17 49 32
17 50 32
17 51 86
17 52 99
17 53 18
17 54 46
17 55 77
17 56 79
17 57 62
17 58 98
17 59 16
17 60 17
17 61 95
17 62 78
17 63 13
17 64 23
17 65 81
17 66 15
17 67 36
17 68 89
17 69 63
17 70 43
17 71 80
17 72 18
17 73 52
17 74 33
17 75 17
17 76 18
17 77 89
17 78 23
17 79 74
17 80 76
17 81 58
17 82 12
17 83 82
17 84 0
17 85 44
17 86 32
17 87 25
17 88 57
17 89 100
17 90 0
17 91 95
17 92 61
17 93 53
17 94 38
17 95 28
17 96 21
17 97 24
17 98 76
17 99 75
17 100 19
17 101 22
17 102 92
17 103 78
17 104 5
17 105 41
17 106 30
17 107 0
17 108 75
17 109 54
17 110 44
17 111 98
17 112 22
17 113 11
17 114 39
17 115 78
17 116 58
17 117 30
17 118 94
17 119 80
18 19 1
18 20 57
18 21 22
18 22 17
18 23 11
18 24 81
18 25 76
18 26 98
18 27 99
18 28 55
18 29 72
18 30 67
18 31 50
18 32 17
18 33 99
18 34 43
18 35 58
18 36 36
18 37 98
18 38 96
18 39 66
18 40 69
18 41 21
18 42 91
18 43 3
18 44 57
18 45 48
18 46 19
18 47 70
18 48 92
18 49 40
18 50 37
18 51 79
18 52 26
18 53 30
18 54 19
18 55 57
18 56 36
18 57 71
18 58 93
18 59 15
18 60 95
18 61 64
18 62 34
18 63 62
18 64 3
18 65 1
18 66 0
18 67 58
18 68 78
18 69 40
18 70 42
18 71 49
18 72 21
18 73 99
18 74 86
18 75 97
18 76 80
18 77 56
18 78 51
18 79 50
18 80 54
18 81 60
18 82 57
18 83 93
18 84 42
18 85 85
18 86 74
18 87 10
18 88 10
18 89 86
18 90 54
18 91 92
18 92 18
18 93 45
18 94 14
18 95 29
18 96 75
18 97 34
18 98 28
18 99 5
18 100 16
18 101 76
18 102 94
18 103 66
18 104 35
18 105 29
18 106 68
18 107 88
18 108 19
18 109 15
18 110 88
18 111 8
18 112 98
18 113 92
18 114 71
18 115 64
18 116 73
18 117 20
18 118 98
18 119 34
19 20 99
19 21 97
19 22 54
19 23 19
19 24 49
19 25 19
19 26 93
19 27 14
19 28 62
19 29 55
19 30 88
19 31 35
19 32 13
19 33 85
19 34 45
19 35 78
19 36 3
19 37 54
19 38 23
19 39 12
19 40 97
19 41 16
19 42 21
19 43 20
19 44 100
19 45 72
19 46 92
19 47 47
19 48 24
19 49 99
19 50 80
19 51 12
19 52 0
19 53 75
19 54 10
19 55 24
19 56 44
19 57 83
19 58 42
19 59 39
19 60 99
19 61 12
19 62 14
19 63 53
19 64 99
19 65 26
19 66 85
19 67 27
19 68 49
19 69 70
19 70 53
19 71 72
19 72 68
19 73 44
19 74 10
19 75 23
19 76 60
19 77 82
19 78 24
19 79 48
19 80 21
19 81 52
19 82 65
19 83 3
19 84 26
19 85 18
19 86 45
19 87 13
19 88 58
19 89 92
19 90 36
19 91 0
19 92 46
19 93 53
19 94 76
19 95 77
19 96 45
19 97 7
19 98 20
19 99 61
19 100 5
19 101 86
19 102 33
19 103 91
19 104 89
19 105 49
19 106 56
19 107 60
19 108 9
19 109 53
19 110 14
19 111 80
19 112 31
19 113 65
19 114 37
19 115 85
19 116 98
19 117 17
19 118 92
19 119 26
20 21 16
20 22 64
20 23 99
20 24 39
20 25 44
20 26 74
20 27 49
20 28 23
20 29 65
20 30 74
20 31 99
20 32 7
20 33 29
20 34 65
20 35 45
20 36 53
20 37 94
20 38 78
20 39 10
20 40 88
20 41 13
20 42 10
20 43 0
20 44 17
20 45 63
20 46 46
20 47 56
20 48 7
20 49 84
20 50 14
20 51 59
20 52 18
20 53 87
20 54 66
20 55 88
20 56 17
20 57 99
20 58 46
20 59 63
20 60 75
20 61 80
20 62 55
20 63 65
20 64 87
20 65 94
20 66 59
20 67 43
20 68 67
20 69 18
20 70 13
20 71 48
20 72 62
20 73 55
20 74 23
20 75 0
20 76 99
20 77 77
20 78 72
20 79 53
20 80 74
20 81 32
20 82 90
20 83 27
20 84 77
20 85 23
20 86 70
20 87 26
20 88 42
20 89 86
20 90 46
20 91 99
20 92 89
20 93 62
20 94 41
20 95 18
20 96 6
20 97 52
20 98 89
20 99 70
20 100 84
20 101 78
20 102 74
20 103 32
20 104 27
20 105 77
20 106 75
20 107 100
20 108 78
20 109 70
20 110 57
20 111 17
20 112 31
20 113 73
20 114 86
20 115 42
20 116 100
20 117 59
20 118 93
20 119 29
21 22 40
21 23 96
21 24 35
21 25 57
21 26 51
21 27 32
21 28 3
21 29 71
21 30 55
21 31 46
21 32 19
21 33 40
21 34 12
21 35 45
21 36 61
21 37 45
21 38 39
21 39 70
21 40 76
21 41 6
21 42 70
21 43 76
21 44 90
21 45 15
21 46 47
21 47 83
21 48 14
21 49 11
21 50 45
21 51 28
21 52 77
21 53 4
21 54 40
21 55 64
21 56 3
21 57 77
21 58 15
21 59 8
21 60 13
21 61 71
21 62 54
21 63 16
21 64 85
21 65 58
21 66 52
21 67 26
21 68 26
21 69 82
21 70 100
21 71 24
21 72 38
21 73 52
21 74 13
21 75 97
21 76 33
21 77 28
21 78 6
21 79 83
21 80 3
21 81 63
21 82 5
21 83 93
21 84 80
21 85 23
21 86 43
21 87 36
21 88 34
21 89 59
21 90 37
21 91 41
21 92 14
21 93 63
21 94 30
21 95 27
21 96 33
21 97 91
21 98 86
21 99 34
21 100 93
21 101 4
21 102 95
21 103 95
21 104 23
21 105 13
21 106 77
21 107 25
21 108 25
21 109 45
21 110 22
21 111 6
21 112 1
21 113 33
21 114 56
21 115 84
21 116 41
21 117 37
21 118 28
21 119 26
22 23 62
22 24 73
22 25 73
22 26 29
22 27 17
22 28 75
22 29 91
22 30 24
22 31 33
22 32 66
22 33 62
22 34 26
22 35 87
22 36 98
22 37 30
22 38 51
22 39 12
22 40 19
22 41 38
22 42 65
22 43 68
22 44 95
22 45 68
22 46 28
22 47 43
22 48 89
22 49 24
22 50 75
22 51 33
22 52 83
22 53 51
22 54 33
22 55 18
22 56 1
22 57 71
22 58 57
22 59 15
22 60 88
22 61 11
22 62 80
22 63 87
22 64 50
22 65 38
22 66 3
22 67 100
22 68 77
22 69 88
22 70 22
22 71 55
22 72 78
22 73 27
22 74 71
22 75 32
22 76 53
22 77 90
22 78 63
22 79 81
22 80 83
22 81 41
22 82 60
22 83 43
22 84 11
22 85 14
22 86 25
22 87 16
22 88 70
22 89 91
22 90 14
22 91 98
22 92 82
22 93 34
22 94 28
22 95 14
22 96 68
22 97 38
22 98 76
22 99 97
22 100 6
22 101 69
22 102 90
22 103 74
22 104 53
22 105 9
22 106 53
22 107 35
22 108 59
22 109 39
22 110 57
22 111 10
22 112 4
22 113 35
22 114 12
22 115 75
22 116 4
22 117 18
22 118 87
22 119 3
23 24 11
23 25 21
23 26 40
23 27 37
23 28 40
23 29 36
23 30 90
23 31 44
23 32 23
23 33 47
23 34 90
23 35 72
23 36 38
23 37 59
23 38 33
23 39 9
23 40 0
23 41 67
23 42 4
23 43 46
23 44 72
23 45 59
23 46 24
23 47 58
23 48 30
23 49 88
23 50 34
23 51 55
23 52 8
23 53 97
23 54 14
23 55 25
23 56 86
23 57 84
23 58 4
23 59 21
23 60 72
23 61 80
23 62 98
23 63 99
23 64 0
23 65 85
23 66 88
23 67 66
23 68 47
23 69 15
23 70 32
23 71 96
23 72 9
23 73 26
23 74 95
23 75 57
23 76 5
23 77 78
23 78 0
23 79 63
23 80 71
23 81 53
23 82 63
23 83 26
23 84 62
23 85 59
23 86 28
23 87 7
23 88 100
23 89 8
23 90 60
23 91 46
23 92 70
23 93 35
23 94 62
23 95 99
23 96 96
23 97 9
23 98 0
23 99 91
23 100 97
23 101 42
23 102 21
23 103 2
23 104 50
23 105 42
23 106 14
23 107 13
23 108 72
23 109 67
23 110 45
23 111 94
23 112 54
23 113 45
23 114 35
23 115 0
23 116 39
23 117 53
23 118 23
23 119 97
24 25 9
24 26 95
24 27 61
24 28 32
24 29 11
24 30 14
24 31 82
24 32 89
24 33 33
24 34 40
24 35 31
24 36 53
24 37 74
24 38 92
24 39 28
24 40 78
24 41 87
24 42 27
24 43 86
24 44 93
24 45 58
24 46 75
24 47 28
24 48 52
24 49 99
24 50 60
24 51 30
24 52 42
24 53 19
24 54 4
24 55 40
24 56 20
24 57 36
24 58 41
24 59 83
24 60 29
24 61 49
24 62 49
24 63 94
24 64 14
24 65 79
24 66 16
24 67 39
24 68 82
24 69 40
24 70 8
24 71 75
24 72 23
24 73 23
24 74 52
24 75 97
24 76 81
24 77 66
24 78 42
24 79 28
24 80 82
24 81 31
24 82 21
24 83 52
24 84 76
24 85 40
24 86 34
24 87 71
24 88 50
24 89 89
24 90 32
24 91 42
24 92 39
24 93 4
24 94 1
24 95 26
24 96 61
24 97 65
24 98 22
24 99 93
24 100 55
24 101 96
24 102 48
24 103 52
24 104 2
24 105 63
24 106 38
24 107 33
24 108 22
24 109 98
24 110 81
24 111 90
24 112 62
24 113 85
24 114 67
24 115 49
24 116 54
24 117 8
24 118 94
24 119 16
25 26 11
25 27 97
25 28 20
25 29 19
25 30 8
25 31 36
25 32 2
25 33 73
25 34 64
25 35 21
25 36 34
25 37 7
25 38 32
25 39 54
25 40 95
25 41 25
25 42 15
25 43 52
25 44 68
25 45 94
25 46 31
25 47 49
25 48 55
25 49 79
25 50 75
25 51 16
25 52 67
25 53 34
25 54 56
25 55 61
25 56 75
25 57 59
25 58 27
25 59 22
25 60 36
25 61 87
25 62 55
25 63 95
25 64 11
25 65 53
25 66 60
25 67 10
25 68 95
25 69 63
25 70 14
25 71 67
25 72 55
25 73 57
25 74 76
25 75 81
25 76 85
25 77 9
25 78 56
25 79 13
25 80 59
25 81 45
25 82 29
25 83 70
25 84 98
25 85 93
25 86 74
25 87 89
25 88 74
25 89 2
25 90 79
25 91 51
25 92 28
25 93 95
25 94 12
25 95 94
25 96 72
25 97 3
25 98 43
25 99 39
25 100 1
25 101 38
25 102 55
25 103 25
25 104 26
25 105 45
25 106 84
25 107 71
25 108 38
25 109 50
25 110 61
25 111 55
25 112 38
25 113 45
25 114 13
25 115 85
25 116 95
25 117 41
25 118 99
25 119 73
26 27 63
26 28 69
26 29 33
26 30 61
26 31 27
26 32 3
26 33 99
26 34 32
26 35 24
26 36 58
26 37 85
26 38 10
26 39 33
26 40 49
26 41 16
26 42 7
26 43 25
26 44 90
26 45 67
26 46 69
26 47 28
26 48 56
26 49 25
26 50 68
26 51 30
26 52 94
26 53 6
26 54 62
26 55 97
26 56 12
26 57 28
26 58 14
26 59 75
26 60 0
26 61 51
26 62 59
26 63 79
26 64 9
26 65 40
26 66 66
26 67 9
26 68 17
26 69 99
26 70 11
26 71 18
26 72 88
26 73 55
26 74 41
26 75 3
26 76 73
26 77 25
26 78 49
26 79 19
26 80 36
26 81 7
26 82 2
26 83 90
26 84 96
26 85 33
26 86 29
26 87 83
26 88 27
26 89 73
26 90 79
26 91 6
26 92 41
26 93 31
26 94 81
26 95 92
26 96 11
26 97 55
26 98 98
26 99 76
26 100 44
26 101 38
26 102 76
26 103 76
26 104 46
26 105 15
26 106 10
26 107 21
26 108 61
26 109 69
26 110 42
26 111 59
26 112 52
26 113 80
26 114 100
26 115 69
26 116 56
26 117 96
26 118 41
26 119 97
27 28 25
27 29 14
27 30 7
27 31 29
27 32 64
27 33 40
27 34 44
27 35 94
27 36 1
27 37 17
27 38 82
27 39 92
27 40 82
27 41 32
27 42 25
27 43 62
27 44 19
27 45 83
27 46 77
27 47 37
27 48 66
27 49 26
27 50 42
27 51 30
27 52 94
27 53 28
27 54 75
27 55 70
27 56 45
27 57 14
27 58 79
27 59 3
27 60 81
27 61 39
27 62 0
27 63 18
27 64 47
27 65 68
27 66 5
27 67 77
27 68 40
27 69 24
27 70 84
27 71 42
27 72 68
27 73 95
27 74 75
27 75 66
27 76 95
27 77 17
27 78 11
27 79 94
27 80 79
27 81 17
27 82 6
27 83 46
27 84 98
27 85 70
27 86 5
27 87 33
27 88 45
27 89 91
27 90 34
27 91 81
27 92 72
27 93 80
27 94 38
27 95 59
27 96 85
27 97 36
27 98 1
27 99 69
27 100 16
27 101 73
27 102 15
27 103 60
27 104 30
27 105 67
27 106 54
27 107 64
27 108 11
27 109 10
27 110 10
27 111 48
27 112 43
27 113 68
27 114 69
27 115 3
27 116 67
27 117 87
27 118 22
27 119 58
28 29 77
28 30 4
28 31 85
28 32 12
28 33 18
28 34 66
28 35 5
28 36 99
28 37 24
28 38 81
28 39 60
28 40 99
28 41 57
28 42 34
28 43 99
28 44 39
28 45 88
28 46 66
28 47 25
28 48 27
28 49 9
28 50 90
28 51 15
28 52 73
28 53 64
28 54 5
28 55 79
28 56 19
28 57 73
28 58 45
28 59 91
28 60 19
28 61 8
28 62 0
28 63 69
28 64 32
28 65 21
28 66 94
28 67 22
28 68 84
28 69 36
28 70 6
28 71 96
28 72 64
28 73 21
28 74 79
28 75 69
28 76 88
28 77 21
28 78 74
28 79 89
28 80 1
28 81 88
28 82 74
28 83 25
28 84 92
28 85 19
28 86 10
28 87 16
28 88 90
28 89 33
28 90 85
28 91 82
28 92 31
28 93 87
28 94 79
28 95 91
28 96 62
28 97 80
28 98 26
28 99 47
28 100 3
28 101 36
28 102 46
28 103 44
28 104 51
28 105 50
28 106 66
28 107 3
28 108 88
28 109 96
28 110 53
28 111 9
28 112 21
28 113 49
28 114 91
28 115 44
28 116 92
28 117 40
28 118 17
28 119 39
29 30 66
29 31 67
29 32 100
29 33 38
29 34 97
29 35 78
29 36 38
29 37 28
29 38 42
29 39 8
29 40 48
29 41 12
29 42 21
29 43 81
29 44 71
29 45 47
29 46 22
29 47 27
29 48 13
29 49 57
29 50 5
29 51 13
29 52 19
29 53 33
29 54 99
29 55 12
29 56 30
29 57 13
29 58 38
29 59 65
29 60 21
29 61 99
29 62 88
29 63 57
29 64 92
29 65 31
29 66 5
29 67 24
29 68 90
29 69 99
29 70 40
29 71 68
29 72 25
29 73 72
29 74 76
29 75 81
29 76 67
29 77 1
29 78 60
29 79 68
29 80 26
29 81 97
29 82 65
29 83 82
29 84 60
29 85 2
29 86 100
29 87 26
29 88 99
29 89 87
29 90 96
29 91 97
29 92 23
29 93 100
29 94 95
29 95 19
29 96 49
29 97 38
29 98 86
29 99 57
29 100 96
29 101 98
29 102 46
29 103 61
29 104 78
29 105 80
29 106 45
29 107 23
29 108 92
29 109 78
29 110 76
29 111 82
29 112 85
29 113 68
29 114 82
29 115 14
29 116 11
29 117 13
29 118 0
29 119 71
30 31 13
30 32 92
30 33 83
30 34 90
30 35 99
30 36 46
30 37 70
30 38 63
30 39 94
30 40 95
30 41 35
30 42 84
30 43 71
30 44 57
30 45 3
30 46 30
30 47 22
30 48 13
30 49 34
30 50 4
30 51 2
30 52 80
30 53 15
30 54 94
30 55 18
30 56 64
30 57 18
30 58 83
30 59 64
30 60 10
30 61 18
30 62 67
30 63 92
30 64 60
30 65 74
30 66 90
30 67 37
30 68 76
30 69 54
30 70 37
30 71 22
30 72 11
30 73 43
30 74 64
30 75 82
30 76 92
30 77 80
30 78 81
30 79 74
30 80 58
30 81 71
30 82 75
30 83 26
30 84 88
30 85 50
30 86 48
30 87 5
30 88 63
30 89 67
30 90 70
30 91 100
30 92 93
30 93 84
30 94 9
30 95 81
30 96 85
30 97 2
30 98 87
30 99 87
30 100 13
30 101 96
30 102 79
30 103 11
30 104 47
30 105 94
30 106 97
30 107 36
30 108 43
30 109 92
30 110 48
30 111 37
30 112 76
30 113 85
30 114 66
30 115 9
30 116 44
30 117 72
30 118 29
30 119 60
31 32 22
31 33 31
31 34 29
31 35 12
31 36 87
31 37 42
31 38 98
31 39 22
31 40 6
31 41 29
31 42 31
31 43 89
31 44 38
31 45 39
31 46 46
31 47 62
31 48 84
31 49 52
31 50 28
31 51 44
31 52 57
31 53 69
31 54 27
31 55 60
31 56 36
31 57 62
31 58 89
31 59 35
31 60 79
31 61 47
31 62 73
31 63 72
31 64 94
31 65 57
31 66 59
31 67 94
31 68 69
31 69 19
31 70 70
31 71 16
31 72 31
31 73 59
31 74 31
31 75 88
31 76 16
31 77 83
31 78 21
31 79 97
31 80 39
31 81 99
31 82 7
31 83 68
31 84 66
31 85 14
31 86 63
31 87 52
31 88 53
31 89 91
31 90 90
31 91 19
31 92 56
31 93 64
31 94 18
31 95 46
31 96 11
31 97 94
31 98 43
31 99 46
31 100 80
31 101 66
31 102 25
31 103 20
31 104 77
31 105 88
31 106 35
31 107 32
31 108 67
31 109 100
31 110 31
31 111 62
31 112 64
31 113 94
31 114 20
31 115 31
31 116 20
31 117 0
31 118 81
31 119 54
32 33 59
32 34 0
32 35 1
32 36 84
32 37 83
32 38 40
32 39 89
32 40 86
32 41 79
32 42 51
32 43 40
32 44 55
32 45 30
32 46 68
32 47 17
32 48 91
32 49 14
32 50 33
32 51 42
32 52 89
32 53 65
32 54 40
32 55 59
32 56 96
32 57 76
32 58 75
32 59 79
32 60 69
32 61 70
32 62 56
32 63 24
32 64 42
32 65 23
32 66 74
32 67 22
32 68 64
32 69 43
32 70 58
32 71 19
32 72 44
32 73 56
32 74 45
32 75 71
32 76 7
32 77 66
32 78 41
32 79 7
32 80 47
32 81 41
32 82 50
32 83 56
32 84 72
32 85 19
32 86 28
32 87 99
32 88 53
32 89 68
32 90 55
32 91 28
32 92 93
32 93 29
32 94 60
32 95 69
32 96 56
32 97 67
32 98 77
32 99 26
32 100 36
32 101 1
32 102 4
32 103 66
32 104 84
32 105 42
32 106 36
32 107 24
32 108 36
32 109 10
32 110 24
32 111 84
32 112 52
32 113 49
32 114 8
32 115 68
32 116 57
32 117 42
32 118 27
32 119 80
33 34 71
33 35 29
33 36 58
33 37 24
33 38 64
33 39 84
33 40 100
33 41 95
33 42 55
33 43 53
33 44 98
33 45 33
33 46 70
33 47 20
33 48 18
33 49 40
33 50 42
33 51 8
33 52 29
33 53 64
33 54 48
33 55 50
33 56 86
33 57 11
33 58 48
33 59 90
33 60 90
33 61 53
33 62 49
33 63 100
33 64 49
33 65 4
33 66 22
33 67 42
33 68 84
33 69 41
33 70 87
33 71 57
33 72 90
33 73 54
33 74 33
33 75 11
33 76 38
33 77 41
33 78 5
33 79 51
33 80 91
33 81 23
33 82 43
33 83 5
33 84 94
33 85 8
33 86 43
33 87 58
33 88 95
33 89 79
33 90 4
33 91 65
33 92 67
33 93 25
33 94 54
33 95 53
33 96 94
33 97 67
33 98 76
33 99 8
33 100 79
33 101 88
33 102 3
33 103 42
33 104 92
33 105 48
33 106 61
33 107 9
33 108 48
33 109 86
33 110 64
33 111 43
33 112 38
33 113 98
33 114 28
33 115 63
33 116 57
33 117 92
33 118 55
33 119 52
34 35 17
34 36 40
34 37 26
34 38 23
34 39 50
34 40 9
34 41 19
34 42 48
34 43 60
34 44 68
34 45 81
34 46 43
34 47 6
34 48 41
34 49 10
34 50 32
34 51 71
34 52 7
34 53 55
34 54 82
34 55 3
34 56 32
34 57 32
34 58 22
34 59 49
34 60 3
34 61 58
34 62 71
34 63 34
34 64 93
34 65 36
34 66 6
34 67 60
34 68 58
34 69 7
34 70 75
34 71 43
34 72 36
34 73 41
34 74 95
34 75 93
34 76 24
34 77 24
34 78 11
34 79 48
34 80 98
34 81 82
34 82 86
34 83 12
34 84 21
34 85 46
34 86 44
34 87 40
34 88 56
34 89 22
34 90 51
34 91 59
34 92 68
34 93 87
34 94 79
34 95 7
34 96 9
34 97 44
34 98 84
34 99 51
34 100 73
34 101 7
34 102 44
34 103 63
34 104 18
34 105 28
34 106 91
34 107 35
34 108 7
34 109 4
34 110 8
34 111 77
34 112 36
34 113 10
34 114 51
34 115 72
34 116 84
34 117 62
34 118 67
34 119 58
35 36 96
35 37 80
35 38 67
35 39 77
35 40 67
35 41 3
35 42 73
35 43 49
35 44 36
35 45 37
35 46 64
35 47 100
35 48 42
35 49 77
35 50 78
35 51 8
35 52 22
35 53 83
35 54 46
35 55 45
35 56 97
35 57 89
35 58 81
35 59 94
35 60 68
35 61 20
35 62 62
35 63 90
35 64 3
35 65 16
35 66 27
35 67 45
35 68 53
35 69 58
35 70 31
35 71 52
35 72 59
35 73 61
35 74 78
35 75 12
35 76 87
35 77 100
35 78 21
35 79 87
35 80 3
35 81 34
35 82 60
35 83 23
35 84 83
35 85 98
35 86 43
35 87 53
35 88 44
35 89 49
35 90 86
35 91 3
35 92 3
35 93 0
35 94 60
35 95 43
35 96 36
35 97 50
35 98 67
35 99 81
35 100 37
35 101 3
35 102 84
35 103 95
35 104 82
35 105 20
35 106 38
35 107 3
35 108 57
35 109 79
35 110 64
35 111 9
35 112 5
35 113 1
35 114 42
35 115 77
35 116 84
35 117 34
35 118 95
35 119 57
36 37 81
36 38 48
36 39 74
36 40 56
36 41 61
36 42 9
36 43 15
36 44 89
36 45 100
36 46 5
36 47 45
36 48 14
36 49 90
36 50 50
36 51 51
36 52 90
36 53 18
36 54 0
36 55 54
36 56 32
36 57 58
36 58 50
36 59 99
36 60 51
36 61 71
36 62 14
36 63 19
36 64 64
36 65 81
36 66 86
36 67 48
36 68 13
36 69 93
36 70 71
36 71 21
36 72 16
36 73 1
36 74 29
36 75 52
36 76 13
36 77 80
36 78 54
36 79 73
36 80 64
36 81 19
36 82 58
36 83 19
36 84 80
36 85 1
36 86 63
36 87 89
36 88 67
36 89 0
36 90 33
36 91 41
36 92 40
36 93 83
36 94 93
36 95 56
36 96 2
36 97 50
36 98 24
36 99 10
36 100 73
36 101 58
36 102 70
36 103 70
36 104 14
36 105 39
36 106 69
36 107 98
36 108 39
36 109 100
36 110 25
36 111 49
36 112 90
36 113 18
36 114 86
36 115 68
36 116 1
36 117 85
36 118 74
36 119 49
37 38 99
37 39 69
37 40 96
37 41 31
37 42 34
37 43 78
37 44 94
37 45 10
37 46 45
37 47 89
37 48 63
37 49 94
37 50 81
37 51 4
37 52 98
37 53 7
37 54 14
37 55 3
37 56 39
37 57 100
37 58 73
37 59 96
37 60 55
37 61 63
37 62 17
37 63 80
37 64 14
37 65 98
37 66 25
37 67 73
37 68 72
37 69 87
37 70 86
37 71 94
37 72 75
37 73 27
37 74 97
37 75 31
37 76 83
37 77 99
37 78 42
37 79 73
37 80 32
37 81 14
37 82 81
37 83 63
37 84 44
37 85 24
37 86 32
37 87 16
37 88 43
37 89 46
37 90 11
37 91 67
37 92 100
37 93 40
37 94 76
37 95 16
37 96 70
37 97 12
37 98 39
37 99 7
37 100 70
37 101 16
37 102 4
37 103 40
37 104 95
37 105 28
37 106 88
37 107 70
37 108 93
37 109 71
37 110 41
37 111 27
37 112 81
37 113 34
37 114 23
37 115 81
37 116 97
37 117 15
37 118 41
37 119 55
38 39 52
38 40 71
38 41 52
38 42 65
38 43 75
38 44 58
38 45 7
38 46 95
38 47 61
38 48 10
38 49 88
38 50 29
38 51 3
38 52 17
38 53 8
38 54 95
38 55 26
38 56 15
38 57 29
38 58 26
38 59 95
38 60 71
38 61 93
38 62 93
38 63 49
38 64 8
38 65 42
38 66 27
38 67 77
38 68 86
38 69 27
38 70 57
38 71 11
38 72 43
38 73 60
38 74 18
38 75 56
38 76 67
38 77 71
38 78 75
38 79 52
38 80 16
38 81 44
38 82 61
38 83 16
38 84 80
38 85 62
38 86 1
38 87 13
38 88 58
38 89 7
38 90 74
38 91 29
38 92 71
38 93 54
38 94 34
38 95 36
38 96 59
38 97 35
38 98 30
38 99 27
38 100 99
38 101 24
38 102 21
38 103 81
38 104 37
38 105 83
38 106 0
38 107 2
38 108 44
38 109 11
38 110 43
38 111 56
38 112 63
38 113 32
38 114 79
38 115 83
38 116 86
38 117 27
38 118 65
38 119 5
39 40 2
39 41 49
39 42 43
39 43 52
39 44 18
39 45 41
39 46 52
39 47 7
39 48 62
39 49 47
39 50 30
39 51 46
39 52 38
39 53 41
39 54 75
39 55 62
39 56 77
39 57 12
39 58 31
39 59 12
39 60 93
39 61 53
39 62 69
39 63 52
39 64 76
39 65 94
39 66 1
39 67 39
39 68 79
39 69 78
39 70 38
39 71 59
39 72 19
39 73 45
39 74 89
39 75 0
39 76 75
39 77 46
39 78 60
39 79 25
39 80 27
39 81 58
39 82 1
39 83 64
39 84 75
39 85 31
39 86 70
39 87 65
39 88 10
39 89 31
39 90 26
39 91 35
39 92 73
39 93 69
39 94 63
39 95 57
39 96 46
39 97 62
39 98 55
39 99 54
39 100 84
39 101 31
39 102 34
39 103 51
39 104 73
39 105 69
39 106 98
39 107 37
39 108 45
39 109 27
39 110 39
39 111 93
39 112 22
39 113 67
39 114 66
39 115 43
39 116 38
39 117 89
39 118 19
39 119 60
40 41 51
40 42 68
40 43 6
40 44 85
40 45 9
40 46 95
40 47 23
40 48 1
40 49 68
40 50 24
40 51 69
40 52 34
40 53 11
40 54 57
40 55 4
40 56 14
40 57 53
40 58 82
40 59 81
40 60 61
40 61 9
40 62 3
40 63 56
40 64 16
40 65 58
40 66 58
40 67 26
40 68 58
40 69 75
40 70 21
40 71 62
40 72 33
40 73 74
40 74 45
40 75 58
40 76 28
40 77 65
40 78 61
40 79 89
40 80 51
40 81 100
40 82 81
40 83 15
40 84 47
40 85 7
40 86 94
40 87 24
40 88 92
40 89 22
40 90 34
40 91 12
40 92 51
40 93 49
40 94 95
40 95 57
40 96 84
40 97 17
40 98 89
40 99 37
40 100 79
40 101 1
40 102 78
40 103 57
40 104 33
40 105 95
40 106 68
40 107 56
40 108 59
40 109 89
40 110 67
40 111 71
40 112 91
40 113 25
40 114 58
40 115 100
40 116 1
40 117 96
40 118 35
40 119 24
41 42 86
41 43 94
41 44 51
41 45 87
41 46 17
41 47 5
41 48 54
41 49 25
41 50 25
41 51 47
41 52 26
41 53 59
41 54 17
41 55 47
41 56 25
41 57 49
41 58 17
41 59 60
41 60 98
41 61 69
41 62 47
41 63 67
41 64 39
41 65 29
41 66 67
41 67 34
41 68 3
41 69 9
41 70 80
41 71 96
41 72 38
41 73 26
41 74 19
41 75 23
41 76 48
41 77 9
41 78 82
41 79 26
41 80 49
41 81 49
41 82 91
41 83 52
41 84 81
41 85 76
41 86 41
41 87 58
41 88 44
41 89 37
41 90 21
41 91 57
41 92 41
41 93 22
41 94 85
41 95 15
41 96 100
41 97 1
41 98 91
41 99 6
41 100 77
41 101 37
41 102 37
41 103 30
41 104 27
41 105 20
41 106 23
41 107 37
41 108 30
41 109 91
41 110 26
41 111 17
41 112 10
41 113 90
41 114 44
41 115 2
41 116 42
41 117 44
41 118 50
41 119 54
42 43 43
42 44 92
42 45 33
42 46 33
42 47 54
42 48 85
42 49 99
42 50 67
42 51 19
42 52 26
42 53 94
42 54 78
42 55 3
42 56 99
42 57 42
42 58 42
42 59 17
42 60 48
42 61 39
42 62 38
42 63 20
42 64 25
42 65 88
42 66 19
42 67 55
42 68 84
42 69 73
42 70 93
42 71 53
42 72 54
42 73 83
42 74 89
42 75 50
42 76 29
42 77 52
42 78 66
42 79 64
42 80 45
42 81 21
42 82 82
42 83 8
42 84 2
42 85 82
42 86 84
42 87 61
42 88 63
42 89 53
42 90 6
42 91 42
42 92 98
42 93 85
42 94 73
42 95 79
42 96 83
42 97 38
42 98 83
42 99 42
42 100 56
42 101 21
42 102 51
42 103 55
42 104 5
42 105 23
42 106 23
42 107 4
42 108 28
42 109 51
42 110 54
42 111 67
42 112 69
42 113 11
42 114 37
42 115 34
42 116 4
42 117 37
42 118 79
42 119 79
43 44 68
43 45 9
43 46 47
43 47 90
43 48 71
43 49 30
43 50 93
43 51 75
43 52 51
43 53 81
43 54 2
43 55 42
43 56 95
43 57 94
43 58 78
43 59 100
43 60 87
43 61 0
43 62 99
43 63 8
43 64 35
43 65 1
43 66 76
43 67 51
43 68 61
43 69 87
43 70 45
43 71 36
43 72 58
43 73 96
43 74 0
43 75 88
43 76 24
43 77 17
43 78 49
43 79 87
43 80 22
43 81 70
43 82 32
43 83 84
43 84 14
43 85 74
43 86 20
43 87 34
43 88 4
43 89 50
43 90 54
43 91 30
43 92 65
43 93 29
43 94 32
43 95 56
43 96 81
43 97 19
43 98 10
43 99 57
43 100 65
43 101 2
43 102 28
43 103 72
43 104 54
43 105 60
43 106 75
43 107 74
43 108 34
43 109 17
43 110 8
43 111 17
43 112 10
43 113 76
43 114 13
43 115 80
43 116 66
43 117 26
43 118 52
43 119 90
44 45 54
44 46 87
44 47 89
44 48 6
44 49 91
44 50 69
44 51 6
44 52 94
44 53 43
44 54 53
44 55 69
44 56 67
44 57 97
44 58 27
44 59 37
44 60 59
44 61 74
44 62 93
44 63 7
44 64 49
44 65 89
44 66 88
44 67 48
44 68 59
44 69 54
44 70 41
44 71 8
44 72 45
44 73 77
44 74 94
44 75 47
44 76 7
44 77 2
44 78 28
44 79 97
44 80 18
44 81 74
44 82 57
44 83 11
44 84 38
44 85 75
44 86 51
44 87 35
44 88 59
44 89 29
44 90 81
44 91 69
44 92 80
44 93 65
44 94 83
44 95 7
44 96 63
44 97 3
44 98 21
44 99 65
44 100 23
44 101 64
44 102 77
44 103 51
44 104 75
44 105 33
44 106 42
44 107 77
44 108 79
44 109 92
44 110 33
44 111 81
44 112 86
44 113 5
44 114 2
44 115 25
44 116 49
44 117 92
44 118 11
44 119 28
45 46 30
45 47 74
45 48 2
45 49 32
45 50 51
45 51 90
45 52 87
45 53 0
45 54 64
45 55 45
45 56 6
45 57 82
45 58 4
45 59 12
45 60 65
45 61 86
45 62 1
45 63 38
45 64 50
45 65 87
45 66 97
45 67 10
45 68 27
45 69 22
45 70 13
45 71 88
45 72 78
45 73 70
45 74 14
45 75 96
45 76 71
45 77 46
45 78 52
45 79 98
45 80 35
45 81 5
45 82 21
45 83 90
45 84 46
45 85 7
45 86 63
45 87 67
45 88 87
45 89 98
45 90 10
45 91 49
45 92 61
45 93 26
45 94 84
45 95 75
45 96 13
45 97 8
45 98 31
45 99 88
45 100 41
45 101 30
45 102 94
45 103 7
45 104 77
45 105 7
45 106 86
45 107 3
45 108 12
45 109 52
45 110 15
45 111 57
45 112 49
45 113 44
45 114 70
45 115 25
45 116 74
45 117 12
45 118 53
45 119 10
46 47 50
46 48 67
46 49 60
46 50 89
46 51 89
46 52 77
46 53 7
46 54 3
46 55 10
46 56 73
46 57 17
46 58 8
46 59 41
46 60 2
46 61 5
46 62 53
46 63 65
46 64 20
46 65 36
46 66 60
46 67 13
46 68 51
46 69 23
46 70 96
46 71 81
46 72 17
46 73 26
46 74 63
46 75 92
46 76 98
46 77 96
46 78 40
46 79 69
46 80 90
46 81 33
46 82 37
46 83 52
46 84 10
46 85 58
46 86 86
46 87 47
46 88 81
46 89 72
46 90 7
46 91 35
46 92 49
46 93 84
46 94 6
46 95 70
46 96 14
46 97 0
46 98 71
46 99 47
46 100 39
46 101 35
46 102 48
46 103 80
46 104 50
46 105 70
46 106 75
46 107 3
46 108 64
46 109 29
46 110 17
46 111 70
46 112 26
46 113 21
46 114 62
46 115 68
46 116 69
46 117 1
46 118 40
46 119 26
47 48 42
47 49 28
47 50 58
47 51 69
47 52 24
47 53 27
47 54 51
47 55 94
47 56 25
47 57 63
47 58 48
47 59 86
47 60 42
47 61 51
47 62 55
47 63 31
47 64 11
47 65 35
47 66 45
47 67 10
47 68 23
47 69 13
47 70 3
47 71 17
47 72 50
47 73 64
47 74 38
47 75 24
47 76 88
47 77 39
47 78 31
47 79 66
47 80 70
47 81 24
47 82 75
47 83 30
47 84 22
47 85 8
47 86 45
47 87 33
47 88 69
47 89 97
47 90 2
47 91 59
47 92 28
47 93 25
47 94 75
47 95 59
47 96 28
47 97 8
47 98 100
47 99 29
47 100 39
47 101 90
47 102 37
47 103 96
47 104 96
47 105 11
47 106 65
47 107 53
47 108 41
47 109 69
47 110 17
47 111 35
47 112 49
47 113 85
47 114 75
47 115 47
47 116 9
47 117 85
47 118 81
47 119 16
48 49 66
48 50 97
48 51 64
48 52 53
48 53 45
48 54 80
48 55 78
48 56 32
48 57 16
48 58 98
48 59 96
48 60 35
48 61 7
48 62 85
48 63 3
48 64 39
48 65 84
48 66 52
48 67 23
48 68 24
48 69 83
48 70 51
48 71 36
48 72 44
48 73 21
48 74 20
48 75 27
48 76 93
48 77 64
48 78 52
48 79 83
48 80 21
48 81 10
48 82 83
48 83 63
48 84 90
48 85 61
48 86 48
48 87 71
48 88 60
48 89 69
48 90 44
48 91 44
48 92 94
48 93 88
48 94 59
48 95 18
48 96 59
48 97 71
48 98 62
48 99 79
48 100 69
48 101 34
48 102 59
48 103 13
48 104 87
48 105 45
48 106 84
48 107 76
48 108 80
48 109 48
48 110 23
48 111 15
48 112 77
48 113 74
48 114 28
48 115 53
48 116 50
48 117 65
48 118 54
48 119 99
49 50 49
49 51 96
49 52 30
49 53 61
49 54 79
49 55 32
49 56 32
49 57 33
49 58 20
49 59 36
49 60 41
49 61 90
49 62 76
49 63 8
49 64 50
49 65 39
49 66 28
49 67 10
49 68 44
49 69 38
49 70 35
49 71 78
49 72 55
49 73 38
49 74 41
49 75 67
49 76 6
49 77 28
49 78 48
49 79 39
49 80 87
49 81 50
49 82 51
49 83 28
49 84 50
49 85 9
49 86 60
49 87 80
49 88 59
49 89 87
49 90 47
49 91 32
49 92 59
49 93 18
49 94 88
49 95 12
49 96 68
49 97 44
49 98 90
49 99 49
49 100 61
49 101 1
49 102 27
49 103 40
49 104 38
49 105 64
49 106 32
49 107 85
49 108 87
49 109 8
49 110 47
49 111 54
49 112 45
49 113 70
49 114 46
49 115 24
49 116 4
49 117 4
49 118 6
49 119 5
50 51 3
50 52 48
50 53 42
50 54 79
50 55 5
50 56 96
50 57 80
50 58 9
50 59 29
50 60 31
50 61 42
50 62 85
50 63 95
50 64 24
50 65 0
50 66 97
50 67 59
50 68 98
50 69 33
50 70 59
50 71 45
50 72 51
50 73 50
50 74 72
50 75 73
50 76 38
50 77 4
50 78 90
50 79 69
50 80 18
50 81 19
50 82 98
50 83 76
50 84 71
50 85 41
50 86 43
50 87 17
50 88 11
50 89 57
50 90 48
50 91 37
50 92 15
50 93 55
50 94 68
50 95 92
50 96 76
50 97 80
50 98 43
50 99 96
50 100 51
50 101 22
50 102 86
50 103 32
50 104 73
50 105 14
50 106 39
50 107 37
50 108 35
50 109 29
50 110 55
50 111 51
50 112 76
50 113 20
50 114 65
50 115 94
50 116 40
50 117 46
50 118 34
50 119 53
51 52 54
51 53 76
51 54 95
51 55 19
51 56 87
51 57 65
51 58 9
51 59 9
51 60 11
51 61 32
51 62 19
51 63 83
51 64 69
51 65 39
51 66 91
51 67 16
51 68 63
51 69 100
51 70 83
51 71 28
51 72 59
51 73 68
51 74 5
51 75 82
51 76 76
51 77 1
51 78 4
51 79 76
51 80 25
51 81 53
51 82 86
51 83 71
51 84 62
51 85 53
51 86 74
51 87 18
51 88 3
51 89 96
51 90 86
51 91 74
51 92 86
51 93 0
51 94 30
51 95 23
51 96 93
51 97 5
51 98 49
51 99 26
51 100 96
51 101 38
51 102 37
51 103 33
51 104 36
51 105 76
51 106 5
51 107 98
51 108 17
51 109 94
51 110 94
51 111 26
51 112 67
51 113 69
51 114 51
51 115 52
51 116 6
51 117 58
51 118 92
51 119 13
52 53 92
52 54 92
52 55 25
52 56 49
52 57 99
52 58 40
52 59 39
52 60 52
52 61 7
52 62 28
52 63 97
52 64 55
52 65 51
52 66 77
52 67 37
52 68 4
52 69 84
52 70 52
52 71 32
52 72 33
52 73 45
52 74 0
52 75 81
52 76 19
52 77 64
52 78 51
52 79 52
52 80 30
52 81 52
52 82 29
52 83 48
52 84 24
52 85 25
52 86 50
52 87 5
52 88 5
52 89 53
52 90 48
52 91 89
52 92 16
52 93 93
52 94 12
52 95 100
52 96 72
52 97 18
52 98 34
52 99 38
52 100 93
52 101 67
52 102 88
52 103 10
52 104 91
52 105 95
52 106 22
52 107 70
52 108 1
52 109 0
52 110 100
52 111 6
52 112 7
52 113 99
52 114 47
52 115 72
52 116 80
52 117 91
52 118 85
52 119 3
53 54 67
53 55 71
53 56 29
53 57 31
53 58 20
53 59 56
53 60 55
53 61 54
53 62 36
53 63 53
53 64 6
53 65 72
53 66 49
53 67 4
53 68 21
53 69 27
53 70 25
53 71 97
53 72 1
53 73 56
53 74 1
53 75 33
53 76 10
53 77 19
53 78 93
53 79 19
53 80 53
53 81 85
53 82 73
53 83 97
53 84 100
53 85 49
53 86 53
53 87 96
53 88 32
53 89 57
53 90 10
53 91 34
53 92 62
53 93 2
53 94 37
53 95 12
53 96 13
53 97 34
53 98 22
53 99 31
53 100 10
53 101 32
53 102 81
53 103 12
53 104 90
53 105 38
53 106 90
53 107 85
53 108 83
53 109 69
53 110 6
53 111 82
53 112 29
53 113 82
53 114 5
53 115 63
53 116 21
53 117 32
53 118 75
53 119 79
54 55 78
54 56 62
54 57 88
54 58 15
54 59 65
54 60 17
54 61 41
54 62 10
54 63 60
54 64 69
54 65 57
54 66 60
54 67 70
54 68 37
54 69 96
54 70 100
54 71 21
54 72 14
54 73 42
54 74 37
54 75 53
54 76 99
54 77 77
54 78 40
54 79 66
54 80 75
54 81 27
54 82 93
54 83 8
54 84 53
54 85 82
54 86 55
54 87 60
54 88 81
54 89 35
54 90 59
54 91 3
54 92 39
54 93 39
54 94 51
54 95 78
54 96 17
54 97 93
54 98 14
54 99 35
54 100 88
54 101 67
54 102 30
54 103 62
54 104 73
54 105 25
54 106 62
54 107 71
54 108 46
54 109 19
54 110 33
54 111 77
54 112 17
54 113 27
54 114 55
54 115 96
54 116 86
54 117 70
54 118 38
54 119 79
55 56 94
55 57 3
55 58 5
55 59 34
55 60 40
55 61 28
55 62 15
55 63 43
55 64 100
55 65 20
55 66 0
55 67 54
55 68 6
55 69 19
55 70 83
55 71 90
55 72 48
55 73 12
55 74 84
55 75 20
55 76 95
55 77 57
55 78 95
55 79 43
55 80 65
55 81 19
55 82 21
55 83 28
55 84 19
55 85 39
55 86 3
55 87 71
55 88 30
55 89 43
55 90 46
55 91 46
55 92 82
55 93 91
55 94 64
55 95 40
55 96 96
55 97 51
55 98 54
55 99 100
55 100 8
55 101 27
55 102 26
55 103 33
55 104 100
55 105 59
55 106 44
55 107 41
55 108 69
55 109 53
55 110 68
55 111 1
55 112 11
55 113 87
55 114 71
55 115 50
55 116 53
55 117 78
55 118 91
55 119 41
56 57 78
56 58 99
56 59 86
56 60 97
56 61 96
56 62 46
56 63 48
56 64 9
56 65 54
56 66 100
56 67 92
56 68 20
56 69 17
56 70 75
56 71 21
56 72 3
56 73 53
56 74 43
56 75 34
56 76 94
56 77 61
56 78 46
56 79 97
56 80 68
56 81 96
56 82 7
56 83 62
56 84 81
56 85 90
56 86 66
56 87 22
56 88 98
56 89 34
56 90 9
56 91 4
56 92 19
56 93 55
56 94 65
56 95 88
56 96 100
56 97 38
56 98 52
56 99 0
56 100 74
56 101 59
56 102 78
56 103 67
56 104 12
56 105 74
56 106 63
56 107 30
56 108 93
56 109 88
56 110 69
56 111 19
56 112 62
56 113 52
56 114 51
56 115 91
56 116 63
56 117 27
56 118 31
56 119 20
57 58 80
57 59 10
57 60 9
57 61 32
57 62 96
57 63 46
57 64 59
57 65 40
57 66 71
57 67 65
57 68 51
57 69 63
57 70 59
57 71 83
57 72 98
57 73 32
57 74 56
57 75 57
57 76 64
57 77 97
57 78 15
57 79 52
57 80 73
57 81 78
57 82 73
57 83 29
57 84 17
57 85 95
57 86 82
57 87 82
57 88 0
57 89 60
57 90 23
57 91 22
57 92 8
57 93 0
57 94 51
57 95 55
57 96 92
57 97 77
57 98 10
57 99 77
57 100 21
57 101 32
57 102 9
57 103 5
57 104 26
57 105 86
57 106 45
57 107 57
57 108 98
57 109 55
57 110 54
57 111 36
57 112 25
57 113 29
57 114 96
57 115 23
57 116 15
57 117 75
57 118 89
57 119 25
58 59 65
58 60 96
58 61 62
58 62 71
58 63 58
58 64 71
58 65 28
58 66 52
58 67 40
58 68 25
58 69 24
58 70 52
58 71 53
58 72 31
58 73 45
58 74 1
58 75 94
58 76 19
58 77 12
58 78 68
58 79 66
58 80 24
58 81 97
58 82 28
58 83 57
58 84 98
58 85 68
58 86 38
58 87 80
58 88 20
58 89 14
58 90 15
58 91 39
58 92 90
58 93 21
58 94 4
58 95 2
58 96 38
58 97 76
58 98 34
58 99 6
58 100 68
58 101 79
58 102 33
58 103 32
58 104 70
58 105 14
58 106 22
58 107 44
58 108 68
58 109 21
58 110 6
58 111 72
58 112 26
58 113 93
58 114 84
58 115 76
58 116 75
58 117 47
58 118 3
58 119 36
59 60 32
59 61 34
59 62 18
59 63 5
59 64 75
59 65 54
59 66 67
59 67 91
59 68 78
59 69 17
59 70 59
59 71 82
59 72 22
59 73 80
59 74 100
59 75 50
59 76 27
59 77 74
59 78 67
59 79 42
59 80 91
59 81 87
59 82 84
59 83 21
59 84 95
59 85 16
59 86 20
59 87 100
59 88 81
59 89 93
59 90 48
59 91 60
59 92 73
59 93 23
59 94 65
59 95 86
59 96 24
59 97 64
59 98 98
59 99 65
59 100 34
59 101 36
59 102 1
59 103 27
59 104 5
59 105 11
59 106 68
59 107 26
59 108 9
59 109 46
59 110 9
59 111 36
59 112 49
59 113 41
59 114 72
59 115 27
59 116 86
59 117 8
59 118 12
59 119 59
60 61 50
60 62 83
60 63 28
60 64 58
60 65 15
60 66 19
60 67 35
60 68 90
60 69 26
60 70 47
60 71 55
60 72 79
60 73 93
60 74 4
60 75 12
60 76 71
60 77 41
60 78 71
60 79 86
60 80 91
60 81 9
60 82 90
60 83 76
60 84 62
60 85 76
60 86 0
60 87 98
60 88 65
60 89 88
60 90 17
60 91 87
60 92 75
60 93 42
60 94 34
60 95 13
60 96 76
60 97 23
60 98 83
60 99 34
60 100 34
60 101 88
60 102 46
60 103 55
60 104 86
60 105 47
60 106 36
60 107 86
60 108 25
60 109 60
60 110 97
60 111 97
60 112 36
60 113 47
60 114 6
60 115 48
60 116 31
60 117 11
60 118 13
60 119 1
61 62 41
61 63 35
61 64 56
61 65 86
61 66 85
61 67 4
61 68 100
61 69 100
61 70 92
61 71 62
61 72 30
61 73 46
61 74 1
61 75 17
61 76 88
61 77 30
61 78 4
61 79 65
61 80 36
61 81 71
61 82 18
61 83 5
61 84 30
61 85 2
61 86 94
61 87 68
61 88 68
61 89 18
61 90 63
61 91 66
61 92 77
61 93 84
61 94 96
61 95 87
61 96 53
61 97 96
61 98 4
61 99 6
61 100 59
61 101 41
61 102 42
61 103 5
61 104 69
61 105 59
61 106 67
61 107 41
61 108 41
61 109 6
61 110 12
61 111 38
61 112 91
61 113 24
61 114 48
61 115 100
61 116 70
61 117 53
61 118 52
61 119 67
62 63 82
62 64 69
62 65 65
62 66 73
62 67 34
62 68 51
62 69 98
62 70 78
62 71 92
62 72 11
62 73 5
62 74 76
62 75 60
62 76 2
62 77 25
62 78 76
62 79 98
62 80 49
62 81 71
62 82 55
62 83 89
62 84 3
62 85 46
62 86 95
62 87 7
62 88 3
62 89 81
62 90 46
62 91 54
62 92 40
62 93 0
62 94 92
62 95 29
62 96 0
62 97 94
62 98 11
62 99 47
62 100 52
62 101 40
62 102 2
62 103 1
62 104 64
62 105 28
62 106 18
62 107 47
62 108 14
62 109 77
62 110 76
62 111 76
62 112 100
62 113 52
62 114 46
62 115 46
62 116 12
62 117 36
62 118 81
62 119 34
63 64 9
63 65 73
63 66 28
63 67 76
63 68 51
63 69 74
63 70 48
63 71 58
63 72 89
63 73 59
63 74 25
63 75 2
63 76 12
63 77 47
63 78 28
63 79 11
63 80 89
63 81 49
63 82 76
63 83 15
63 84 31
63 85 20
63 86 92
63 87 34
63 88 5
63 89 66
63 90 21
63 91 38
63 92 4
63 93 48
63 94 53
63 95 99
63 96 54
63 97 41
63 98 79
63 99 58
63 100 59
63 101 25
63 102 19
63 103 71
63 104 22
63 105 46
63 106 53
63 107 32
63 108 25
63 109 5
63 110 57
63 111 59
63 112 20
63 113 3
63 114 15
63 115 78
63 116 4
63 117 25
63 118 86
63 119 77
64 65 23
64 66 61
64 67 3
64 68 84
64 69 47
64 70 88
64 71 41
64 72 51
64 73 93
64 74 16
64 75 74
64 76 89
64 77 38
64 78 12
64 79 73
64 80 76
64 81 0
64 82 51
64 83 80
64 84 80
64 85 71
64 86 18
64 87 71
64 88 82
64 89 94
64 90 12
64 91 11
64 92 58
64 93 51
64 94 2
64 95 63
64 96 31
64 97 70
64 98 38
64 99 66
64 100 34
64 101 78
64 102 18
64 103 3
64 104 4
64 105 47
64 106 16
64 107 72
64 108 59
64 109 87
64 110 90
64 111 94
64 112 27
64 113 15
64 114 54
64 115 27
64 116 98
64 117 34
64 118 95
64 119 29
65 66 75
65 67 35
65 68 21
65 69 15
65 70 7
65 71 7
65 72 48
65 73 56
65 74 20
65 75 54
65 76 78
65 77 66
65 78 31
65 79 68
65 80 69
65 81 3
65 82 34
65 83 13
65 84 37
65 85 5
65 86 88
65 87 3
65 88 31
65 89 42
65 90 94
65 91 90
65 92 55
65 93 56
65 94 60
65 95 13
65 96 30
65 97 84
65 98 60
65 99 40
65 100 42
65 101 17
65 102 96
65 103 47
65 104 13
65 105 84
65 106 14
65 107 12
65 108 34
65 109 90
65 110 40
65 111 65
65 112 88
65 113 16
65 114 18
65 115 41
65 116 21
65 117 49
65 118 15
65 119 75
66 67 55
66 68 61
66 69 24
66 70 70
66 71 8
66 72 82
66 73 14
66 74 86
66 75 10
66 76 83
66 77 93
66 78 27
66 79 85
66 80 4
66 81 43
66 82 74
66 83 67
66 84 71
66 85 76
66 86 66
66 87 40
66 88 62
66 89 41
66 90 90
66 91 99
66 92 65
66 93 65
66 94 89
66 95 25
66 96 10
66 97 25
66 98 48
66 99 38
66 100 5
66 101 0
66 102 7
66 103 80
66 104 36
66 105 45
66 106 74
66 107 22
66 108 19
66 109 40
66 110 47
66 111 77
66 112 61
66 113 16
66 114 98
66 115 47
66 116 27
66 117 16
66 118 4
66 119 86
67 68 91
67 69 100
67 70 21
67 71 21
67 72 37
67 73 79
67 74 90
67 75 20
67 76 1
67 77 25
67 78 14
67 79 11
67 80 72
67 81 55
67 82 57
67 83 43
67 84 71
67 85 71
67 86 37
67 87 46
67 88 32
67 89 68
67 90 8
67 91 16
67 92 83
67 93 3
67 94 64
67 95 1
67 96 32
67 97 76
67 98 81
67 99 27
67 100 21
67 101 19
67 102 66
67 103 33
67 104 14
67 105 88
67 106 25
67 107 58
67 108 93
67 109 58
67 110 11
67 111 34
67 112 98
67 113 16
67 114 36
67 115 68
67 116 43
67 117 26
67 118 24
67 119 84
68 69 71
68 70 61
68 71 53
68 72 45
68 73 93
68 74 51
68 75 44
68 76 54
68 77 43
68 78 86
68 79 83
68 80 77
68 81 25
68 82 80
68 83 48
68 84 27
68 85 42
68 86 37
68 87 36
68 88 46
68 89 44
68 90 47
68 91 4
68 92 90
68 93 70
68 94 45
68 95 2
68 96 72
68 97 45
68 98 45
68 99 14
68 100 11
68 101 55
68 102 28
68 103 48
68 104 50
68 105 66
68 106 44
68 107 21
68 108 94
68 109 37
68 110 85
68 111 86
68 112 86
68 113 22
68 114 26
68 115 78
68 116 89
68 117 75
68 118 9
68 119 21
69 70 43
69 71 32
69 72 61
69 73 54
69 74 56
69 75 6
69 76 64
69 77 51
69 78 33
69 79 45
69 80 53
69 81 31
69 82 99
69 83 43
69 84 66
69 85 63
69 86 58
69 87 64
69 88 54
69 89 15
69 90 91
69 91 86
69 92 83
69 93 52
69 94 83
69 95 77
69 96 2
69 97 89
69 98 19
69 99 100
69 100 52
69 101 61
69 102 3
69 103 43
69 104 51
69 105 90
69 106 0
69 107 39
69 108 85
69 109 99
69 110 79
69 111 39
69 112 1
69 113 39
69 114 45
69 115 35
69 116 72
69 117 29
69 118 19
69 119 9
70 71 61
70 72 18
70 73 64
70 74 18
70 75 87
70 76 42
70 77 32
70 78 63
70 79 42
70 80 37
70 81 49
70 82 68
70 83 90
70 84 100
70 85 14
70 86 32
70 87 9
70 88 40
70 89 46
70 90 5
70 91 55
70 92 30
70 93 51
70 94 16
70 95 85
70 96 39
70 97 59
70 98 2
70 99 93
70 100 50
70 101 58
70 102 67
70 103 45
70 104 39
70 105 11
70 106 28
70 107 98
70 108 74
70 109 49
70 110 65
70 111 36
70 112 48
70 113 40
70 114 7
70 115 11
70 116 59
70 117 0
70 118 51
70 119 94
71 72 76
71 73 32
71 74 77
71 75 43
71 76 90
71 77 84
71 78 4
71 79 15
71 80 26
71 81 83
71 82 31
71 83 47
71 84 63
71 85 70
71 86 64
71 87 7
71 88 45
71 89 58
71 90 100
71 91 72
71 92 89
71 93 100
71 94 88
71 95 87
71 96 53
71 97 4
71 98 37
71 99 53
71 100 96
71 101 32
71 102 0
71 103 79
71 104 0
71 105 44
71 106 65
71 107 37
71 108 0
71 109 6
71 110 23
71 111 21
71 112 38
71 113 27
71 114 90
71 115 88
71 116 83
71 117 93
71 118 29
71 119 11
72 73 90
72 74 68
72 75 38
72 76 29
72 77 42
72 78 23
72 79 60
72 80 77
72 81 38
72 82 43
72 83 66
72 84 6
72 85 74
72 86 70
72 87 94
72 88 42
72 89 85
72 90 38
72 91 23
72 92 14
72 93 66
72 94 44
72 95 17
72 96 47
72 97 31
72 98 53
72 99 2
72 100 65
72 101 98
72 102 94
72 103 19
72 104 11
72 105 33
72 106 9
72 107 58
72 108 9
72 109 63
72 110 88
72 111 85
72 112 93
72 113 90
72 114 72
72 115 96
72 116 68
72 117 34
72 118 32
72 119 8
73 74 3
73 75 96
73 76 2
73 77 33
73 78 66
73 79 0
73 80 76
73 81 3
73 82 33
73 83 26
73 84 97
73 85 59
73 86 42
73 87 78
73 88 50
73 89 43
73 90 65
73 91 51
73 92 45
73 93 9
73 94 91
73 95 64
73 96 76
73 97 16
73 98 56
73 99 46
73 100 66
73 101 3
73 102 40
73 103 55
73 104 83
73 105 48
73 106 3
73 107 88
73 108 83
73 109 51
73 110 51
73 111 38
73 112 0
73 113 62
73 114 24
73 115 96
73 116 35
73 117 90
73 118 30
73 119 45
74 75 62
74 76 37
74 77 5
74 78 34
74 79 42
74 80 96
74 81 81
74 82 61
74 83 22
74 84 56
74 85 14
74 86 49
74 87 24
74 88 67
74 89 41
74 90 69
74 91 65
74 92 57
74 93 68
74 94 33
74 95 0
74 96 37
74 97 39
74 98 74
74 99 88
74 100 2
74 101 72
74 102 70
74 103 75
74 104 76
74 105 22
74 106 43
74 107 47
74 108 6
74 109 93
74 110 43
74 111 84
74 112 89
74 113 3
74 114 47
74 115 15
74 116 65
74 117 41
74 118 63
74 119 92
75 76 31
75 77 45
75 78 76
75 79 90
75 80 82
75 81 7
75 82 40
75 83 82
75 84 14
75 85 91
75 86 44
75 87 35
75 88 16
75 89 95
75 90 80
75 91 68
75 92 61
75 93 36
75 94 8
75 95 8
75 96 82
75 97 100
75 98 23
75 99 87
75 100 81
75 101 36
75 102 72
75 103 100
75 104 99
75 105 55
75 106 40
75 107 90
75 108 53
75 109 44
75 110 12
75 111 5
75 112 53
75 113 11
75 114 13
75 115 75
75 116 8
75 117 50
75 118 83
75 119 51
76 77 66
76 78 24
76 79 47
76 80 57
76 81 36
76 82 25
76 83 13
76 84 46
76 85 69
76 86 66
76 87 71
76 88 31
76 89 90
76 90 55
76 91 65
76 92 97
76 93 65
76 94 58
76 95 4
76 96 10
76 97 21
76 98 17
76 99 76
76 100 52
76 101 79
76 102 5
76 103 71
76 104 34
76 105 19
76 106 77
76 107 42
76 108 31
76 109 93
76 110 22
76 111 87
76 112 53
76 113 80
76 114 79
76 115 65
76 116 42
76 117 33
76 118 92
76 119 29
77 78 25
77 79 74
77 80 14
77 81 84
77 82 50
77 83 61
77 84 86
77 85 53
77 86 96
77 87 53
77 88 93
77 89 88
77 90 37
77 91 57
77 92 67
77 93 96
77 94 79
77 95 69
77 96 67
77 97 18
77 98 74
77 99 64
77 100 1
77 101 51
77 102 62
77 103 82
77 104 62
77 105 15
77 106 29
77 107 24
77 108 38
77 109 33
77 110 46
77 111 68
77 112 36
77 113 63
77 114 18
77 115 77
77 116 42
77 117 85
77 118 97
77 119 37
78 79 80
78 80 27
78 81 24
78 82 66
78 83 42
78 84 59
78 85 4
78 86 22
78 87 33
78 88 28
78 89 48
78 90 4
78 91 65
78 92 18
78 93 22
78 94 58
78 95 3
78 96 34
78 97 87
78 98 39
78 99 26
78 100 87
78 101 26
78 102 51
78 103 15
78 104 45
78 105 3
78 106 2
78 107 23
78 108 39
78 109 22
78 110 81
78 111 89
78 112 13
78 113 78
78 114 79
78 115 54
78 116 94
78 117 36
78 118 41
78 119 44
79 80 99
79 81 1
79 82 66
79 83 44
79 84 92
79 85 55
79 86 2
79 87 20
79 88 81
79 89 32
79 90 37
79 91 75
79 92 22
79 93 68
79 94 53
79 95 20
79 96 34
79 97 49
79 98 3
79 99 78
79 100 26
79 101 81
79 102 37
79 103 61
79 104 58
79 105 46
79 106 87
79 107 44
79 108 81
79 109 75
79 110 19
79 111 99
79 112 55
79 113 26
79 114 86
79 115 82
79 116 12
79 117 21
79 118 12
79 119 72
80 81 46
80 82 38
80 83 11
80 84 82
80 85 18
80 86 77
80 87 13
80 88 0
80 89 12
80 90 77
80 91 72
80 92 68
80 93 70
80 94 29
80 95 73
80 96 52
80 97 34
80 98 84
80 99 6
80 100 68
80 101 57
80 102 14
80 103 81
80 104 48
80 105 24
80 106 21
80 107 11
80 108 59
80 109 79
80 110 97
80 111 70
80 112 2
80 113 27
80 114 71
80 115 56
80 116 66
80 117 80
80 118 100
80 119 45
81 82 89
81 83 50
81 84 70
81 85 43
81 86 30
81 87 81
81 88 19
81 89 86
81 90 55
81 91 8
81 92 2
81 93 41
81 94 32
81 95 32
81 96 16
81 97 60
81 98 23
81 99 61
81 100 55
81 101 47
81 102 93
81 103 13
81 104 21
81 105 72
81 106 82
81 107 98
81 108 57
81 109 54
81 110 87
81 111 34
81 112 32
81 113 26
81 114 50
81 115 25
81 116 46
81 117 82
81 118 32
81 119 69
82 83 21
82 84 86
82 85 11
82 86 59
82 87 56
82 88 52
82 89 83
82 90 55
82 91 95
82 92 75
82 93 82
82 94 30
82 95 19
82 96 38
82 97 13
82 98 72
82 99 89
82 100 18
82 101 12
82 102 92
82 103 16
82 104 54
82 105 1
82 106 18
82 107 1
82 108 90
82 109 83
82 110 16
82 111 19
82 112 43
82 113 71
82 114 87
82 115 45
82 116 1
82 117 68
82 118 32
82 119 64
83 84 16
83 85 29
83 86 61
83 87 18
83 88 87
83 89 18
83 90 39
83 91 20
83 92 9
83 93 7
83 94 64
83 95 60
83 96 43
83 97 25
83 98 68
83 99 42
83 100 48
83 101 55
83 102 97
83 103 61
83 104 78
83 105 11
83 106 81
83 107 19
83 108 67
83 109 93
83 110 15
83 111 100
83 112 84
83 113 84
83 114 40
83 115 30
83 116 65
83 117 61
83 118 5
83 119 63
84 85 21
84 86 100
84 87 28
84 88 96
84 89 3
84 90 83
84 91 17
84 92 37
84 93 68
84 94 32
84 95 95
84 96 13
84 97 26
84 98 76
84 99 92
84 100 54
84 101 58
84 102 18
84 103 83
84 104 93
84 105 43
84 106 26
84 107 79
84 108 20
84 109 27
84 110 40
84 111 69
84 112 2
84 113 5
84 114 26
84 115 5
84 116 76
84 117 32
84 118 99
84 119 51
85 86 59
85 87 9
85 88 30
85 89 89
85 90 34
85 91 5
85 92 28
85 93 55
85 94 70
85 95 34
85 96 81
85 97 10
85 98 17
85 99 38
85 100 45
85 101 22
85 102 32
85 103 80
85 104 3
85 105 0
85 106 3
85 107 27
85 108 52
85 109 93
85 110 28
85 111 95
85 112 77
85 113 37
85 114 26
85 115 8
85 116 79
85 117 2
85 118 78
85 119 61
86 87 65
86 88 80
86 89 10
86 90 87
86 91 97
86 92 92
86 93 70
86 94 47
86 95 7
86 96 63
86 97 63
86 98 79
86 99 24
86 100 90
86 101 58
86 102 76
86 103 21
86 104 24
86 105 5
86 106 22
86 107 4
86 108 0
86 109 78
86 110 54
86 111 37
86 112 6
86 113 37
86 114 9
86 115 19
86 116 76
86 117 53
86 118 52
86 119 8
87 88 38
87 89 91
87 90 94
87 91 50
87 92 13
87 93 54
87 94 40
87 95 96
87 96 63
87 97 32
87 98 33
87 99 19
87 100 56
87 101 94
87 102 32
87 103 32
87 104 77
87 105 14
87 106 38
87 107 93
87 108 62
87 109 38
87 110 49
87 111 71
87 112 43
87 113 94
87 114 51
87 115 86
87 116 1
87 117 17
87 118 62
87 119 78
88 89 62
88 90 59
88 91 93
88 92 88
88 93 12
88 94 55
88 95 82
88 96 96
88 97 96
88 98 85
88 99 93
88 100 99
88 101 56
88 102 15
88 103 26
88 104 73
88 105 20
88 106 24
88 107 16
88 108 89
88 109 69
88 110 72
88 111 99
88 112 80
88 113 2
88 114 43
88 115 90
88 116 5
88 117 79
88 118 38
88 119 61
89 90 88
89 91 56
89 92 68
89 93 38
89 94 77
89 95 38
89 96 73
89 97 81
89 98 83
89 99 66
89 100 37
89 101 17
89 102 5
89 103 100
89 104 6
89 105 35
89 106 53
89 107 61
89 108 81
89 109 40
89 110 71
89 111 21
89 112 44
89 113 17
89 114 58
89 115 89
89 116 71
89 117 47
89 118 29
89 119 58
90 91 16
90 92 22
90 93 87
90 94 54
90 95 87
90 96 74
90 97 25
90 98 39
90 99 78
90 100 96
90 101 19
90 102 72
90 103 68
90 104 7
90 105 71
90 106 11
90 107 26
90 108 83
90 109 51
90 110 6
90 111 90
90 112 88
90 113 29
90 114 51
90 115 20
90 116 96
90 117 18
90 118 87
90 119 93
91 92 10
91 93 29
91 94 76
91 95 14
91 96 54
91 97 40
91 98 1
91 99 69
91 100 37
91 101 39
91 102 82
91 103 3
91 104 38
91 105 40
91 106 46
91 107 36
91 108 35
91 109 25
91 110 10
91 111 30
91 112 33
91 113 37
91 114 7
91 115 5
91 116 75
91 117 52
91 118 27
91 119 24
92 93 70
92 94 68
92 95 16
92 96 60
92 97 67
92 98 9
92 99 55
92 100 12
92 101 36
92 102 21
92 103 33
92 104 54
92 105 67
92 106 11
92 107 92
92 108 98
92 109 20
92 110 16
92 111 66
92 112 0
92 113 70
92 114 8
92 115 1
92 116 20
92 117 48
92 118 30
92 119 53
93 94 48
93 95 63
93 96 22
93 97 27
93 98 72
93 99 40
93 100 25
93 101 90
93 102 91
93 103 42
93 104 27
93 105 13
93 106 65
93 107 41
93 108 74
93 109 74
93 110 25
93 111 44
93 112 22
93 113 98
93 114 2
93 115 79
93 116 86
93 117 6
93 118 85
93 119 42
94 95 25
94 96 83
94 97 9
94 98 53
94 99 61
94 100 56
94 101 25
94 102 54
94 103 42
94 104 29
94 105 32
94 106 99
94 107 97
94 108 0
94 109 1
94 110 24
94 111 58
94 112 35
94 113 86
94 114 94
94 115 54
94 116 2
94 117 34
94 118 31
94 119 4
95 96 85
95 97 90
95 98 39
95 99 98
95 100 75
95 101 41
95 102 30
95 103 89
95 104 98
95 105 46
95 106 37
95 107 93
95 108 54
95 109 89
95 110 16
95 111 54
95 112 2
95 113 64
95 114 81
95 115 7
95 116 46
95 117 2
95 118 5
95 119 0
96 97 57
96 98 28
96 99 83
96 100 76
96 101 47
96 102 15
96 103 20
96 104 96
96 105 66
96 106 61
96 107 85
96 108 41
96 109 67
96 110 7
96 111 49
96 112 79
96 113 99
96 114 60
96 115 22
96 116 46
96 117 23
96 118 38
96 119 33
97 98 23
97 99 12
97 100 41
97 101 35
97 102 38
97 103 7
97 104 95
97 105 85
97 106 67
97 107 50
97 108 28
97 109 78
97 110 34
97 111 71
97 112 98
97 113 7
97 114 46
97 115 4
97 116 33
97 117 4
97 118 70
97 119 83
98 99 41
98 100 36
98 101 94
98 102 27
98 103 58
98 104 4
98 105 61
98 106 28
98 107 39
98 108 50
98 109 63
98 110 63
98 111 64
98 112 93
98 113 51
98 114 68
98 115 92
98 116 55
98 117 6
98 118 85
98 119 20
99 100 68
99 101 38
99 102 79
99 103 77
99 104 78
99 105 79
99 106 88
99 107 27
99 108 47
99 109 76
99 110 34
99 111 93
99 112 28
99 113 75
99 114 70
99 115 49
99 116 37
99 117 51
99 118 69
99 119 38
100 101 77
100 102 74
100 103 21
100 104 13
100 105 8
100 106 83
100 107 97
100 108 88
100 109 86
100 110 82
100 111 83
100 112 68
100 113 31
100 114 13
100 115 3
100 116 84
100 117 12
100 118 84
100 119 45
101 102 66
101 103 11
101 104 11
101 105 70
101 106 94
101 107 81
101 108 66
101 109 97
101 110 18
101 111 0
101 112 27
101 113 69
101 114 21
101 115 12
101 116 29
101 117 12
101 118 1
101 119 34
102 103 97
102 104 94
102 105 76
102 106 53
102 107 12
102 108 24
102 109 34
102 110 97
102 111 85
102 112 95
102 113 13
102 114 12
102 115 87
102 116 96
102 117 86
102 118 52
102 119 14
103 104 33
103 105 67
103 106 71
103 107 3
103 108 41
103 109 60
103 110 99
103 111 26
103 112 65
103 113 65
103 114 45
103 115 17
103 116 54
103 117 93
103 118 50
103 119 61
104 105 31
104 106 44
104 107 61
104 108 75
104 109 83
104 110 84
104 111 74
104 112 97
104 113 94
104 114 76
104 115 44
104 116 86
104 117 100
104 118 88
104 119 58
105 106 69
105 107 29
105 108 75
105 109 11
105 110 86
105 111 68
105 112 31
105 113 5
105 114 30
105 115 93
105 116 2
105 117 59
105 118 50
105 119 9
106 107 88
106 108 6
106 109 36
106 110 72
106 111 26
106 112 62
106 113 69
106 114 0
106 115 42
106 116 3
106 117 11
106 118 46
106 119 88
107 108 97
107 109 73
107 110 68
107 111 97
107 112 28
107 113 67
107 114 63
107 115 66
107 116 13
107 117 63
107 118 79
107 119 24
108 109 63
108 110 26
108 111 52
108 112 13
108 113 83
108 114 100
108 115 36
108 116 87
108 117 58
108 118 35
108 119 99
109 110 94
109 111 12
109 112 29
109 113 36
109 114 20
109 115 12
109 116 17
109 117 26
109 118 14
109 119 28
110 111 10
110 112 17
110 113 64
110 114 7
110 115 85
110 116 58
110 117 43
110 118 96
110 119 43
111 112 3
111 113 67
111 114 3
111 115 98
111 116 1
111 117 31
111 118 19
111 119 7
112 113 91
112 114 66
112 115 98
112 116 4
112 117 0
112 118 39
112 119 74
113 114 84
113 115 49
113 116 40
113 117 20
113 118 68
113 119 47
114 115 78
114 116 30
114 117 34
114 118 84
114 119 16
115 116 10
115 117 80
115 118 3
115 119 95
116 117 11
116 118 57
116 119 97
117 118 4
117 119 90
118 119 12
