60 6 ss 10 10 10 10 10 10 10 10 10 10 10 10 
0 1 55
0 2 68
0 3 57
0 4 28
0 5 57
0 6 88
0 7 36
0 8 18
0 9 98
0 10 56
0 11 76
0 12 69
0 13 28
0 14 19
0 15 27
0 16 83
0 17 8
0 18 15
0 19 79
0 20 26
0 21 31
0 22 30
0 23 54
0 24 100
0 25 28
0 26 34
0 27 86
0 28 17
0 29 98
0 30 43
0 31 44
0 32 73
0 33 100
0 34 32
0 35 55
0 36 90
0 37 28
0 38 18
0 39 9
0 40 16
0 41 99
0 42 22
0 43 58
0 44 86
0 45 17
0 46 63
0 47 11
0 48 4
0 49 49
0 50 80
0 51 50
0 52 43
0 53 58
0 54 72
0 55 35
0 56 71
0 57 81
0 58 93
0 59 49
1 2 83
1 3 32
1 4 5
1 5 53
1 6 13
1 7 13
1 8 69
1 9 65
1 10 57
1 11 93
1 12 16
1 13 19
1 14 33
1 15 81
1 16 8
1 17 84
1 18 92
1 19 67
1 20 80
1 21 32
1 22 19
1 23 59
1 24 48
1 25 38
1 26 50
1 27 69
1 28 96
1 29 41
1 30 82
1 31 26
1 32 16
1 33 70
1 34 22
1 35 37
1 36 99
1 37 94
1 38 97
1 39 23
1 40 16
1 41 81
1 42 86
1 43 6
1 44 84
1 45 47
1 46 31
1 47 50
1 48 47
1 49 65
1 50 31
1 51 18
1 52 67
1 53 14
1 54 55
1 55 91
1 56 14
1 57 58
1 58 70
1 59 39
2 3 85
2 4 28
2 5 67
2 6 18
2 7 83
2 8 62
2 9 22
2 10 1
2 11 73
2 12 79
2 13 8
2 14 6
2 15 50
2 16 35
2 17 41
2 18 0
2 19 20
2 20 18
2 21 49
2 22 66
2 23 72
2 24 84
2 25 67
2 26 19
2 27 77
2 28 49
2 29 41
2 30 9
2 31 91
2 32 81
2 33 75
2 34 22
2 35 4
2 36 78
2 37 53
2 38 25
2 39 43
2 40 34
2 41 32
2 42 35
2 43 95
2 44 21
2 45 78
2 46 49
2 47 87
2 48 74
2 49 63
2 50 97
2 51 25
2 52 55
2 53 50
2 54 81
2 55 93
2 56 25
2 57 92
2 58 24
2 59 44
3 4 78
3 5 74
3 6 20
3 7 9
3 8 53
3 9 83
3 10 20
3 11 95
3 12 54
3 13 80
3 14 73
3 15 59
3 16 29
3 17 26
3 18 61
3 19 28
3 20 79
3 21 7
3 22 41
3 23 35
3 24 19
3 25 74
3 26 47
3 27 75
3 28 24
3 29 20
3 30 65
3 31 17
3 32 23
3 33 39
3 34 9
3 35 29
3 36 86
3 37 56
3 38 81
3 39 12
3 40 83
3 41 3
3 42 84
3 43 80
3 44 54
3 45 63
3 46 98
3 47 85
3 48 45
3 49 55
3 50 94
3 51 80
3 52 72
3 53 51
3 54 3
3 55 20
3 56 13
3 57 100
3 58 2
3 59 65
4 5 64
4 6 94
4 7 68
4 8 95
4 9 89
4 10 77
4 11 7
4 12 6
4 13 84
4 14 27
4 15 45
4 16 69
4 17 20
4 18 58
4 19 82
4 20 55
4 21 97
4 22 54
4 23 32
4 24 27
4 25 91
4 26 70
4 27 22
4 28 24
4 29 88
4 30 37
4 31 51
4 32 72
4 33 79
4 34 23
4 35 40
4 36 66
4 37 49
4 38 33
4 39 4
4 40 44
4 41 43
4 42 85
4 43 66
4 44 80
4 45 13
4 46 47
4 47 5
4 48 66
4 49 52
4 50 1
4 51 0
4 52 52
4 53 35
4 54 1
4 55 5
4 56 80
4 57 40
4 58 35
4 59 74
5 6 64
5 7 47
5 8 62
5 9 21
5 10 28
5 11 0
5 12 95
5 13 35
5 14 4
5 15 63
5 16 72
5 17 15
5 18 2
5 19 8
5 20 65
5 21 24
5 22 31
5 23 1
5 24 34
5 25 47
5 26 59
5 27 0
5 28 80
5 29 49
5 30 54
5 31 41
5 32 0
5 33 38
5 34 69
5 35 72
5 36 79
5 37 61
5 38 45
5 39 71
5 40 40
5 41 81
5 42 72
5 43 19
5 44 35
5 45 45
5 46 26
5 47 7
5 48 72
5 49 79
5 50 55
5 51 34
5 52 33
5 53 44
5 54 38
5 55 30
5 56 83
5 57 11
5 58 54
5 59 74
6 7 47
6 8 15
6 9 85
6 10 51
6 11 25
6 12 86
6 13 78
6 14 62
6 15 31
6 16 33
6 17 27
6 18 33
6 19 54
6 20 14
6 21 82
6 22 13
6 23 65
6 24 64
6 25 20
6 26 96
6 27 84
6 28 61
6 29 21
6 30 10
6 31 61
6 32 57
6 33 28
6 34 65
6 35 76
6 36 7
6 37 19
6 38 43
6 39 30
6 40 42
6 41 77
6 42 11
6 43 6
6 44 12
6 45 9
6 46 29
6 47 68
6 48 11
6 49 49
6 50 42
6 51 59
6 52 7
6 53 44
6 54 26
6 55 28
6 56 84
6 57 21
6 58 100
6 59 83
7 8 95
7 9 58
7 10 23
7 11 21
7 12 72
7 13 55
7 14 1
7 15 47
7 16 25
7 17 67
7 18 81
7 19 44
7 20 86
7 21 27
7 22 55
7 23 95
7 24 47
7 25 67
7 26 45
7 27 13
7 28 1
7 29 19
7 30 24
7 31 55
7 32 4
7 33 85
7 34 16
7 35 36
7 36 34
7 37 77
7 38 25
7 39 77
7 40 25
7 41 42
7 42 60
7 43 5
7 44 32
7 45 84
7 46 94
7 47 25
7 48 32
7 49 56
7 50 89
7 51 24
7 52 14
7 53 83
7 54 40
7 55 6
7 56 100
7 57 71
7 58 49
7 59 5
8 9 14
8 10 28
8 11 58
8 12 82
8 13 18
8 14 25
8 15 20
8 16 48
8 17 60
8 18 58
8 19 78
8 20 58
8 21 44
8 22 20
8 23 18
8 24 41
8 25 56
8 26 76
8 27 73
8 28 73
8 29 40
8 30 36
8 31 84
8 32 17
8 33 73
8 34 92
8 35 27
8 36 12
8 37 28
8 38 63
8 39 35
8 40 94
8 41 39
8 42 55
8 43 39
8 44 14
8 45 39
8 46 93
8 47 64
8 48 61
8 49 41
8 50 35
8 51 11
8 52 58
8 53 0
8 54 92
8 55 79
8 56 21
8 57 9
8 58 73
8 59 15
9 10 37
9 11 24
9 12 89
9 13 48
9 14 40
9 15 11
9 16 79
9 17 85
9 18 85
9 19 71
9 20 69
9 21 81
9 22 34
9 23 21
9 24 65
9 25 79
9 26 49
9 27 73
9 28 59
9 29 70
9 30 13
9 31 51
9 32 95
9 33 10
9 34 15
9 35 29
9 36 23
9 37 4
9 38 70
9 39 46
9 40 39
9 41 33
9 42 92
9 43 5
9 44 86
9 45 28
9 46 77
9 47 47
9 48 22
9 49 50
9 50 81
9 51 86
9 52 95
9 53 32
9 54 7
9 55 92
9 56 97
9 57 54
9 58 46
9 59 13
10 11 57
10 12 61
10 13 92
10 14 27
10 15 24
10 16 54
10 17 74
10 18 57
10 19 80
10 20 67
10 21 77
10 22 57
10 23 50
10 24 11
10 25 97
10 26 90
10 27 34
10 28 70
10 29 75
10 30 60
10 31 88
10 32 45
10 33 90
10 34 29
10 35 11
10 36 88
10 37 14
10 38 100
10 39 13
10 40 55
10 41 13
10 42 63
10 43 39
10 44 2
10 45 51
10 46 78
10 47 35
10 48 6
10 49 1
10 50 55
10 51 100
10 52 44
10 53 37
10 54 53
10 55 76
10 56 39
10 57 10
10 58 39
10 59 67
11 12 3
11 13 72
11 14 54
11 15 93
11 16 95
11 17 84
11 18 73
11 19 3
11 20 85
11 21 86
11 22 0
11 23 33
11 24 34
11 25 7
11 26 33
11 27 100
11 28 80
11 29 79
11 30 69
11 31 94
11 32 63
11 33 70
11 34 8
11 35 2
11 36 70
11 37 38
11 38 52
11 39 22
11 40 51
11 41 91
11 42 30
11 43 76
11 44 95
11 45 94
11 46 49
11 47 1
11 48 71
11 49 21
11 50 94
11 51 75
11 52 94
11 53 34
11 54 50
11 55 3
11 56 67
11 57 30
11 58 0
11 59 79
12 13 0
12 14 27
12 15 11
12 16 15
12 17 55
12 18 52
12 19 68
12 20 34
12 21 57
12 22 39
12 23 35
12 24 88
12 25 30
12 26 46
12 27 41
12 28 67
12 29 82
12 30 58
12 31 75
12 32 84
12 33 44
12 34 35
12 35 2
12 36 47
12 37 16
12 38 94
12 39 75
12 40 79
12 41 59
12 42 59
12 43 49
12 44 6
12 45 8
12 46 100
12 47 64
12 48 36
12 49 9
12 50 18
12 51 5
12 52 73
12 53 42
12 54 27
12 55 7
12 56 9
12 57 22
12 58 6
12 59 98
13 14 89
13 15 43
13 16 0
13 17 97
13 18 29
13 19 23
13 20 31
13 21 45
13 22 60
13 23 19
13 24 34
13 25 27
13 26 74
13 27 62
13 28 100
13 29 57
13 30 38
13 31 90
13 32 65
13 33 100
13 34 83
13 35 0
13 36 46
13 37 99
13 38 89
13 39 64
13 40 17
13 41 65
13 42 7
13 43 38
13 44 87
13 45 17
13 46 20
13 47 50
13 48 11
13 49 74
13 50 34
13 51 36
13 52 75
13 53 9
13 54 18
13 55 10
13 56 89
13 57 82
13 58 33
13 59 66
14 15 69
14 16 44
14 17 19
14 18 83
14 19 35
14 20 31
14 21 56
14 22 16
14 23 100
14 24 14
14 25 8
14 26 2
14 27 84
14 28 56
14 29 75
14 30 46
14 31 56
14 32 70
14 33 25
14 34 88
14 35 69
14 36 52
14 37 40
14 38 100
14 39 20
14 40 69
14 41 13
14 42 77
14 43 32
14 44 45
14 45 58
14 46 75
14 47 72
14 48 30
14 49 68
14 50 22
14 51 26
14 52 52
14 53 36
14 54 33
14 55 51
14 56 54
14 57 18
14 58 55
14 59 64
15 16 96
15 17 16
15 18 12
15 19 78
15 20 42
15 21 35
15 22 26
15 23 44
15 24 13
15 25 42
15 26 99
15 27 63
15 28 37
15 29 26
15 30 46
15 31 35
15 32 40
15 33 31
15 34 87
15 35 11
15 36 80
15 37 46
15 38 82
15 39 17
15 40 80
15 41 78
15 42 93
15 43 76
15 44 30
15 45 71
15 46 21
15 47 5
15 48 61
15 49 72
15 50 28
15 51 55
15 52 53
15 53 64
15 54 56
15 55 32
15 56 42
15 57 25
15 58 47
15 59 63
16 17 19
16 18 69
16 19 92
16 20 1
16 21 77
16 22 64
16 23 20
16 24 46
16 25 36
16 26 59
16 27 50
16 28 42
16 29 82
16 30 54
16 31 17
16 32 23
16 33 73
16 34 15
16 35 17
16 36 45
16 37 15
16 38 58
16 39 54
16 40 67
16 41 4
16 42 26
16 43 78
16 44 96
16 45 9
16 46 90
16 47 6
16 48 64
16 49 47
16 50 38
16 51 71
16 52 82
16 53 24
16 54 26
16 55 17
16 56 28
16 57 68
16 58 68
16 59 47
17 18 24
17 19 98
17 20 97
17 21 7
17 22 22
17 23 5
17 24 46
17 25 49
17 26 68
17 27 81
17 28 52
17 29 23
17 30 96
17 31 13
17 32 42
17 33 90
17 34 97
17 35 93
17 36 20
17 37 2
17 38 18
17 39 5
17 40 15
17 41 77
17 42 6
17 43 42
17 44 17
17 45 95
17 46 53
17 47 31
17 48 5
17 49 93
17 50 18
17 51 80
17 52 46
17 53 65
17 54 72
17 55 37
17 56 71
17 57 85
17 58 59
17 59 28
18 19 73
18 20 89
18 21 67
18 22 83
18 23 51
18 24 91
18 25 73
18 26 0
18 27 64
18 28 74
18 29 60
18 30 16
18 31 6
18 32 18
18 33 27
18 34 6
18 35 47
18 36 32
18 37 13
18 38 31
18 39 100
18 40 27
18 41 4
18 42 99
18 43 67
18 44 7
18 45 88
18 46 42
18 47 64
18 48 89
18 49 74
18 50 98
18 51 29
18 52 31
18 53 47
18 54 91
18 55 83
18 56 24
18 57 79
18 58 25
18 59 90
19 20 22
19 21 2
19 22 7
19 23 94
19 24 10
19 25 4
19 26 30
19 27 21
19 28 13
19 29 73
19 30 81
19 31 68
19 32 86
19 33 79
19 34 1
19 35 5
19 36 39
19 37 44
19 38 77
19 39 3
19 40 82
19 41 38
19 42 25
19 43 29
19 44 79
19 45 90
19 46 42
19 47 30
19 48 63
19 49 88
19 50 27
19 51 66
19 52 22
19 53 77
19 54 5
19 55 96
19 56 30
19 57 47
19 58 15
19 59 34
20 21 69
20 22 47
20 23 64
20 24 50
20 25 79
20 26 30
20 27 97
20 28 10
20 29 7
20 30 72
20 31 12
20 32 25
20 33 78
20 34 93
20 35 37
20 36 72
20 37 85
20 38 42
20 39 80
20 40 18
20 41 34
20 42 74
20 43 23
20 44 67
20 45 5
20 46 20
20 47 17
20 48 44
20 49 22
20 50 28
20 51 65
20 52 79
20 53 37
20 54 31
20 55 66
20 56 18
20 57 4
20 58 85
20 59 60
21 22 74
21 23 88
21 24 39
21 25 27
21 26 72
21 27 25
21 28 64
21 29 84
21 30 78
21 31 87
21 32 95
21 33 91
21 34 1
21 35 29
21 36 48
21 37 71
21 38 48
21 39 93
21 40 17
21 41 35
21 42 27
21 43 25
21 44 13
21 45 91
21 46 18
21 47 99
21 48 70
21 49 38
21 50 94
21 51 97
21 52 67
21 53 36
21 54 82
21 55 92
21 56 4
21 57 27
21 58 43
21 59 76
22 23 59
22 24 40
22 25 52
22 26 24
22 27 95
22 28 67
22 29 99
22 30 35
22 31 40
22 32 53
22 33 81
22 34 78
22 35 51
22 36 64
22 37 87
22 38 54
22 39 70
22 40 46
22 41 9
22 42 22
22 43 6
22 44 35
22 45 22
22 46 67
22 47 33
22 48 97
22 49 73
22 50 93
22 51 75
22 52 25
22 53 54
22 54 17
22 55 48
22 56 84
22 57 22
22 58 34
22 59 67
23 24 99
23 25 85
23 26 5
23 27 8
23 28 60
23 29 43
23 30 62
23 31 76
23 32 68
23 33 53
23 34 69
23 35 29
23 36 28
23 37 31
23 38 56
23 39 7
23 40 45
23 41 49
23 42 94
23 43 78
23 44 84
23 45 94
23 46 17
23 47 7
23 48 36
23 49 18
23 50 32
23 51 97
23 52 100
23 53 88
23 54 5
23 55 36
23 56 55
23 57 93
23 58 72
23 59 50
24 25 8
24 26 84
24 27 94
24 28 32
24 29 77
24 30 55
24 31 0
24 32 15
24 33 66
24 34 51
24 35 29
24 36 39
24 37 98
24 38 35
24 39 63
24 40 23
24 41 20
24 42 95
24 43 17
24 44 16
24 45 11
24 46 77
24 47 94
24 48 27
24 49 97
24 50 66
24 51 82
24 52 85
24 53 99
24 54 24
24 55 61
24 56 17
24 57 90
24 58 76
24 59 35
25 26 82
25 27 76
25 28 51
25 29 96
25 30 3
25 31 13
25 32 42
25 33 62
25 34 46
25 35 28
25 36 41
25 37 54
25 38 78
25 39 4
25 40 33
25 41 6
25 42 86
25 43 91
25 44 60
25 45 49
25 46 66
25 47 21
25 48 73
25 49 89
25 50 48
25 51 85
25 52 54
25 53 1
25 54 27
25 55 84
25 56 100
25 57 1
25 58 59
25 59 26
26 27 54
26 28 15
26 29 9
26 30 28
26 31 94
26 32 59
26 33 17
26 34 93
26 35 29
26 36 84
26 37 40
26 38 100
26 39 42
26 40 79
26 41 29
26 42 40
26 43 43
26 44 6
26 45 7
26 46 82
26 47 1
26 48 73
26 49 81
26 50 59
26 51 3
26 52 47
26 53 47
26 54 75
26 55 51
26 56 54
26 57 33
26 58 32
26 59 85
27 28 93
27 29 40
27 30 21
27 31 49
27 32 36
27 33 86
27 34 66
27 35 53
27 36 27
27 37 17
27 38 76
27 39 6
27 40 27
27 41 11
27 42 91
27 43 49
27 44 9
27 45 39
27 46 3
27 47 69
27 48 64
27 49 53
27 50 45
27 51 36
27 52 74
27 53 76
27 54 99
27 55 59
27 56 3
27 57 57
27 58 2
27 59 84
28 29 72
28 30 78
28 31 57
28 32 32
28 33 7
28 34 83
28 35 56
28 36 77
28 37 63
28 38 70
28 39 51
28 40 74
28 41 42
28 42 26
28 43 6
28 44 12
28 45 87
28 46 25
28 47 57
28 48 96
28 49 93
28 50 94
28 51 66
28 52 66
28 53 86
28 54 58
28 55 57
28 56 79
28 57 99
28 58 24
28 59 65
29 30 84
29 31 8
29 32 89
29 33 31
29 34 31
29 35 100
29 36 97
29 37 84
29 38 7
29 39 60
29 40 90
29 41 12
29 42 72
29 43 70
29 44 30
29 45 55
29 46 11
29 47 84
29 48 30
29 49 20
29 50 54
29 51 22
29 52 60
29 53 44
29 54 74
29 55 62
29 56 6
29 57 26
29 58 69
29 59 29
30 31 93
30 32 41
30 33 78
30 34 50
30 35 3
30 36 27
30 37 47
30 38 57
30 39 18
30 40 18
30 41 95
30 42 22
30 43 63
30 44 43
30 45 27
30 46 71
30 47 68
30 48 33
30 49 43
30 50 39
30 51 84
30 52 83
30 53 41
30 54 68
30 55 49
30 56 78
30 57 86
30 58 15
30 59 14
31 32 6
31 33 76
31 34 45
31 35 28
31 36 33
31 37 44
31 38 48
31 39 86
31 40 10
31 41 91
31 42 78
31 43 84
31 44 33
31 45 7
31 46 13
31 47 65
31 48 92
31 49 60
31 50 81
31 51 58
31 52 97
31 53 90
31 54 74
31 55 17
31 56 82
31 57 32
31 58 67
31 59 73
32 33 66
32 34 49
32 35 88
32 36 14
32 37 99
32 38 68
32 39 85
32 40 29
32 41 47
32 42 73
32 43 13
32 44 1
32 45 53
32 46 79
32 47 44
32 48 77
32 49 15
32 50 79
32 51 33
32 52 7
32 53 8
32 54 41
32 55 82
32 56 59
32 57 83
32 58 95
32 59 27
33 34 35
33 35 45
33 36 19
33 37 74
33 38 19
33 39 96
33 40 36
33 41 28
33 42 26
33 43 45
33 44 47
33 45 24
33 46 74
33 47 92
33 48 2
33 49 70
33 50 89
33 51 45
33 52 20
33 53 82
33 54 66
33 55 83
33 56 63
33 57 76
33 58 50
33 59 69
34 35 97
34 36 16
34 37 8
34 38 4
34 39 71
34 40 7
34 41 96
34 42 0
34 43 63
34 44 100
34 45 54
34 46 60
34 47 88
34 48 4
34 49 52
34 50 14
34 51 40
34 52 74
34 53 96
34 54 44
34 55 39
34 56 84
34 57 47
34 58 42
34 59 23
35 36 35
35 37 91
35 38 68
35 39 25
35 40 8
35 41 4
35 42 94
35 43 5
35 44 4
35 45 34
35 46 96
35 47 80
35 48 84
35 49 25
35 50 60
35 51 33
35 52 79
35 53 59
35 54 98
35 55 76
35 56 66
35 57 55
35 58 32
35 59 66
36 37 91
36 38 11
36 39 25
36 40 15
36 41 30
36 42 70
36 43 5
36 44 65
36 45 26
36 46 90
36 47 38
36 48 79
36 49 97
36 50 97
36 51 16
36 52 43
36 53 33
36 54 6
36 55 33
36 56 77
36 57 98
36 58 12
36 59 71
37 38 89
37 39 46
37 40 46
37 41 21
37 42 79
37 43 75
37 44 61
37 45 1
37 46 21
37 47 97
37 48 49
37 49 45
37 50 60
37 51 64
37 52 98
37 53 34
37 54 86
37 55 12
37 56 76
37 57 82
37 58 86
37 59 16
38 39 55
38 40 54
38 41 94
38 42 54
38 43 35
38 44 48
38 45 22
38 46 78
38 47 95
38 48 71
38 49 58
38 50 43
38 51 55
38 52 91
38 53 2
38 54 45
38 55 70
38 56 35
38 57 74
38 58 96
38 59 76
39 40 59
39 41 80
39 42 60
39 43 0
39 44 66
39 45 71
39 46 67
39 47 90
39 48 95
39 49 5
39 50 14
39 51 87
39 52 56
39 53 29
39 54 23
39 55 97
39 56 74
39 57 39
39 58 49
39 59 0
40 41 47
40 42 48
40 43 32
40 44 54
40 45 53
40 46 52
40 47 0
40 48 25
40 49 4
40 50 66
40 51 56
40 52 30
40 53 18
40 54 80
40 55 95
40 56 70
40 57 64
40 58 65
40 59 95
41 42 27
41 43 6
41 44 8
41 45 55
41 46 92
41 47 91
41 48 97
41 49 43
41 50 49
41 51 81
41 52 24
41 53 5
41 54 9
41 55 0
41 56 56
41 57 75
41 58 34
41 59 0
42 43 53
42 44 30
42 45 100
42 46 70
42 47 7
42 48 15
42 49 69
42 50 74
42 51 70
42 52 29
42 53 22
42 54 79
42 55 98
42 56 96
42 57 50
42 58 35
42 59 39
43 44 44
43 45 55
43 46 11
43 47 44
43 48 50
43 49 74
43 50 22
43 51 74
43 52 74
43 53 38
43 54 78
43 55 50
43 56 86
43 57 86
43 58 33
43 59 14
44 45 22
44 46 23
44 47 97
44 48 1
44 49 69
44 50 10
44 51 39
44 52 3
44 53 66
44 54 48
44 55 22
44 56 88
44 57 78
44 58 39
44 59 84
45 46 39
45 47 48
45 48 78
45 49 56
45 50 41
45 51 67
45 52 35
45 53 1
45 54 36
45 55 14
45 56 78
45 57 5
45 58 78
45 59 80
46 47 1
46 48 3
46 49 11
46 50 43
46 51 11
46 52 86
46 53 22
46 54 32
46 55 1
46 56 72
46 57 36
46 58 40
46 59 17
47 48 17
47 49 83
47 50 66
47 51 89
47 52 98
47 53 89
47 54 84
47 55 21
47 56 62
47 57 20
47 58 73
47 59 41
48 49 37
48 50 6
48 51 79
48 52 24
48 53 66
48 54 43
48 55 0
48 56 16
48 57 66
48 58 78
48 59 25
49 50 95
49 51 85
49 52 76
49 53 62
49 54 98
49 55 10
49 56 90
49 57 20
49 58 81
49 59 70
50 51 77
50 52 5
50 53 53
50 54 95
50 55 45
50 56 70
50 57 25
50 58 47
50 59 2
51 52 3
51 53 12
51 54 62
51 55 48
51 56 73
51 57 61
51 58 40
51 59 89
52 53 34
52 54 64
52 55 66
52 56 89
52 57 58
52 58 44
52 59 86
53 54 31
53 55 82
53 56 28
53 57 37
53 58 95
53 59 75
54 55 69
54 56 34
54 57 37
54 58 33
54 59 97
55 56 95
55 57 28
55 58 54
55 59 68
56 57 78
56 58 10
56 59 98
57 58 27
57 59 52
58 59 61
