12 4 ds 2 5 3 5 3 4 3 4 
0 1 25
0 2 57
0 3 0
0 4 98
0 5 75
0 6 66
0 7 23
0 8 14
0 9 78
0 10 36
0 11 76
1 2 31
1 3 73
1 4 54
1 5 27
1 6 48
1 7 61
1 8 60
1 9 32
1 10 95
1 11 86
2 3 47
2 4 70
2 5 81
2 6 93
2 7 25
2 8 35
2 9 83
2 10 92
2 11 52
3 4 42
3 5 26
3 6 5
3 7 34
3 8 34
3 9 76
3 10 88
3 11 34
4 5 84
4 6 24
4 7 9
4 8 44
4 9 66
4 10 38
4 11 79
5 6 86
5 7 46
5 8 88
5 9 75
5 10 84
5 11 55
6 7 38
6 8 97
6 9 5
6 10 2
6 11 48
7 8 43
7 9 91
7 10 32
7 11 86
8 9 42
8 10 33
8 11 83
9 10 57
9 11 60
10 11 32
