30 5 ss 6 6 6 6 6 6 6 6 6 6 
0 1 18
0 2 14
0 3 57
0 4 30
0 5 19
0 6 54
0 7 79
0 8 93
0 9 88
0 10 45
0 11 70
0 12 2
0 13 65
0 14 48
0 15 73
0 16 76
0 17 75
0 18 85
0 19 7
0 20 41
0 21 87
0 22 86
0 23 85
0 24 41
0 25 90
0 26 4
0 27 51
0 28 94
0 29 27
1 2 71
1 3 61
1 4 32
1 5 72
1 6 81
1 7 41
1 8 22
1 9 70
1 10 7
1 11 92
1 12 48
1 13 82
1 14 74
1 15 72
1 16 28
1 17 30
1 18 26
1 19 95
1 20 54
1 21 97
1 22 60
1 23 71
1 24 4
1 25 67
1 26 12
1 27 67
1 28 93
1 29 17
2 3 41
2 4 48
2 5 79
2 6 53
2 7 53
2 8 28
2 9 23
2 10 9
2 11 54
2 12 73
2 13 33
2 14 94
2 15 63
2 16 1
2 17 86
2 18 95
2 19 100
2 20 67
2 21 60
2 22 14
2 23 29
2 24 17
2 25 17
2 26 50
2 27 20
2 28 27
2 29 85
3 4 61
3 5 49
3 6 77
3 7 64
3 8 60
3 9 45
3 10 72
3 11 3
3 12 94
3 13 89
3 14 93
3 15 66
3 16 94
3 17 28
3 18 63
3 19 52
3 20 8
3 21 91
3 22 42
3 23 14
3 24 100
3 25 21
3 26 61
3 27 67
3 28 72
3 29 13
4 5 1
4 6 68
4 7 25
4 8 90
4 9 94
4 10 34
4 11 55
4 12 97
4 13 36
4 14 72
4 15 90
4 16 22
4 17 80
4 18 97
4 19 66
4 20 74
4 21 89
4 22 72
4 23 99
4 24 0
4 25 17
4 26 2
4 27 31
4 28 5
4 29 6
5 6 28
5 7 56
5 8 38
5 9 46
5 10 80
5 11 99
5 12 72
5 13 87
5 14 98
5 15 32
5 16 64
5 17 33
5 18 88
5 19 51
5 20 70
5 21 97
5 22 6
5 23 81
5 24 91
5 25 76
5 26 70
5 27 6
5 28 45
5 29 37
6 7 1
6 8 94
6 9 63
6 10 19
6 11 86
6 12 26
6 13 77
6 14 86
6 15 99
6 16 4
6 17 18
6 18 16
6 19 65
6 20 91
6 21 21
6 22 12
6 23 97
6 24 40
6 25 42
6 26 44
6 27 18
6 28 9
6 29 55
7 8 17
7 9 30
7 10 25
7 11 24
7 12 36
7 13 82
7 14 9
7 15 0
7 16 38
7 17 67
7 18 17
7 19 55
7 20 39
7 21 4
7 22 94
7 23 29
7 24 28
7 25 68
7 26 17
7 27 53
7 28 57
7 29 8
8 9 71
8 10 62
8 11 16
8 12 73
8 13 68
8 14 90
8 15 22
8 16 49
8 17 21
8 18 99
8 19 3
8 20 59
8 21 56
8 22 49
8 23 57
8 24 95
8 25 67
8 26 85
8 27 68
8 28 51
8 29 99
9 10 59
9 11 27
9 12 34
9 13 6
9 14 53
9 15 75
9 16 91
9 17 32
9 18 23
9 19 32
9 20 46
9 21 49
9 22 87
9 23 49
9 24 38
9 25 79
9 26 98
9 27 85
9 28 54
9 29 21
10 11 49
10 12 68
10 13 4
10 14 74
10 15 72
10 16 11
10 17 43
10 18 96
10 19 63
10 20 42
10 21 41
10 22 35
10 23 22
10 24 50
10 25 7
10 26 73
10 27 33
10 28 50
10 29 93
11 12 58
11 13 49
11 14 84
11 15 68
11 16 32
11 17 6
11 18 95
11 19 9
11 20 94
11 21 6
11 22 71
11 23 13
11 24 63
11 25 1
11 26 52
11 27 33
11 28 75
11 29 87
12 13 94
12 14 30
12 15 35
12 16 82
12 17 85
12 18 79
12 19 21
12 20 67
12 21 69
12 22 83
12 23 34
12 24 69
12 25 34
12 26 67
12 27 74
12 28 25
12 29 2
13 14 34
13 15 57
13 16 14
13 17 5
13 18 17
13 19 38
13 20 9
13 21 2
13 22 96
13 23 61
13 24 18
13 25 33
13 26 6
13 27 36
13 28 21
13 29 65
14 15 2
14 16 67
14 17 13
14 18 34
14 19 31
14 20 63
14 21 81
14 22 89
14 23 54
14 24 7
14 25 38
14 26 83
14 27 91
14 28 100
14 29 96
15 16 99
15 17 98
15 18 42
15 19 74
15 20 21
15 21 52
15 22 80
15 23 12
15 24 53
15 25 63
15 26 66
15 27 96
15 28 29
15 29 55
16 17 16
16 18 90
16 19 98
16 20 46
16 21 7
16 22 100
16 23 20
16 24 38
16 25 44
16 26 26
16 27 100
16 28 20
16 29 0
17 18 13
17 19 95
17 20 13
17 21 57
17 22 90
17 23 54
17 24 13
17 25 65
17 26 9
17 27 18
17 28 91
17 29 29
18 19 17
18 20 76
18 21 91
18 22 14
18 23 35
18 24 57
18 25 61
18 26 56
18 27 85
18 28 14
18 29 68
19 20 54
19 21 70
19 22 76
19 23 46
19 24 82
19 25 81
19 26 5
19 27 86
19 28 74
19 29 99
20 21 1
20 22 30
20 23 37
20 24 61
20 25 5
20 26 77
20 27 21
20 28 53
20 29 91
21 22 90
21 23 31
21 24 8
21 25 80
21 26 88
21 27 1
21 28 63
21 29 83
22 23 38
22 24 25
22 25 16
22 26 87
22 27 24
22 28 67
22 29 65
23 24 86
23 25 97
23 26 93
23 27 15
23 28 51
23 29 29
24 25 67
24 26 15
24 27 69
24 28 100
24 29 25
25 26 89
25 27 74
25 28 89
25 29 13
26 27 34
26 28 58
26 29 68
27 28 24
27 29 26
28 29 60
