60 6 ss 10 10 10 10 10 10 10 10 10 10 10 10 
0 1 54
0 2 40
0 3 1
0 4 73
0 5 18
0 6 14
0 7 87
0 8 69
0 9 37
0 10 23
0 11 1
0 12 36
0 13 60
0 14 37
0 15 70
0 16 7
0 17 92
0 18 73
0 19 55
0 20 28
0 21 96
0 22 39
0 23 92
0 24 7
0 25 23
0 26 31
0 27 47
0 28 91
0 29 100
0 30 100
0 31 74
0 32 7
0 33 7
0 34 64
0 35 16
0 36 3
0 37 77
0 38 61
0 39 87
0 40 22
0 41 58
0 42 26
0 43 50
0 44 24
0 45 40
0 46 16
0 47 2
0 48 29
0 49 21
0 50 69
0 51 32
0 52 71
0 53 38
0 54 60
0 55 75
0 56 78
0 57 88
0 58 84
0 59 64
1 2 17
1 3 33
1 4 97
1 5 31
1 6 47
1 7 9
1 8 1
1 9 34
1 10 93
1 11 78
1 12 72
1 13 45
1 14 63
1 15 74
1 16 81
1 17 56
1 18 59
1 19 55
1 20 36
1 21 26
1 22 11
1 23 51
1 24 27
1 25 41
1 26 57
1 27 79
1 28 49
1 29 42
1 30 9
1 31 30
1 32 24
1 33 3
1 34 27
1 35 25
1 36 49
1 37 8
1 38 3
1 39 49
1 40 57
1 41 49
1 42 26
1 43 87
1 44 93
1 45 21
1 46 73
1 47 23
1 48 94
1 49 70
1 50 98
1 51 32
1 52 25
1 53 17
1 54 64
1 55 3
1 56 99
1 57 29
1 58 57
1 59 65
2 3 51
2 4 96
2 5 47
2 6 100
2 7 81
2 8 78
2 9 58
2 10 8
2 11 14
2 12 44
2 13 80
2 14 37
2 15 68
2 16 38
2 17 4
2 18 35
2 19 39
2 20 76
2 21 48
2 22 70
2 23 70
2 24 16
2 25 64
2 26 96
2 27 0
2 28 25
2 29 36
2 30 68
2 31 67
2 32 25
2 33 51
2 34 22
2 35 7
2 36 59
2 37 85
2 38 19
2 39 44
2 40 67
2 41 100
2 42 61
2 43 65
2 44 49
2 45 31
2 46 97
2 47 22
2 48 29
2 49 17
2 50 35
2 51 6
2 52 97
2 53 29
2 54 12
2 55 91
2 56 21
2 57 30
2 58 46
2 59 59
3 4 35
3 5 31
3 6 17
3 7 62
3 8 83
3 9 27
3 10 71
3 11 100
3 12 36
3 13 79
3 14 72
3 15 32
3 16 94
3 17 32
3 18 30
3 19 46
3 20 52
3 21 63
3 22 4
3 23 16
3 24 52
3 25 59
3 26 68
3 27 95
3 28 73
3 29 8
3 30 67
3 31 9
3 32 27
3 33 27
3 34 71
3 35 0
3 36 87
3 37 9
3 38 19
3 39 4
3 40 4
3 41 48
3 42 75
3 43 0
3 44 22
3 45 39
3 46 31
3 47 97
3 48 73
3 49 64
3 50 96
3 51 41
3 52 66
3 53 24
3 54 5
3 55 35
3 56 71
3 57 47
3 58 14
3 59 62
4 5 78
4 6 10
4 7 92
4 8 50
4 9 15
4 10 22
4 11 69
4 12 28
4 13 20
4 14 12
4 15 100
4 16 38
4 17 36
4 18 10
4 19 26
4 20 78
4 21 30
4 22 45
4 23 50
4 24 94
4 25 62
4 26 27
4 27 23
4 28 46
4 29 72
4 30 41
4 31 11
4 32 74
4 33 96
4 34 49
4 35 33
4 36 86
4 37 38
4 38 30
4 39 84
4 40 25
4 41 5
4 42 76
4 43 9
4 44 37
4 45 23
4 46 50
4 47 58
4 48 17
4 49 75
4 50 5
4 51 33
4 52 32
4 53 16
4 54 9
4 55 25
4 56 62
4 57 53
4 58 36
4 59 86
5 6 19
5 7 50
5 8 5
5 9 6
5 10 48
5 11 45
5 12 44
5 13 79
5 14 30
5 15 44
5 16 100
5 17 23
5 18 91
5 19 69
5 20 50
5 21 37
5 22 76
5 23 51
5 24 43
5 25 38
5 26 21
5 27 5
5 28 10
5 29 78
5 30 94
5 31 23
5 32 3
5 33 48
5 34 31
5 35 90
5 36 33
5 37 48
5 38 75
5 39 34
5 40 78
5 41 37
5 42 12
5 43 64
5 44 28
5 45 30
5 46 88
5 47 43
5 48 50
5 49 82
5 50 50
5 51 51
5 52 35
5 53 39
5 54 39
5 55 64
5 56 58
5 57 57
5 58 21
5 59 22
6 7 40
6 8 70
6 9 24
6 10 73
6 11 94
6 12 7
6 13 3
6 14 32
6 15 65
6 16 14
6 17 84
6 18 14
6 19 39
6 20 77
6 21 68
6 22 10
6 23 53
6 24 32
6 25 46
6 26 82
6 27 37
6 28 89
6 29 33
6 30 40
6 31 26
6 32 100
6 33 35
6 34 69
6 35 27
6 36 12
6 37 4
6 38 21
6 39 31
6 40 77
6 41 39
6 42 87
6 43 76
6 44 72
6 45 70
6 46 56
6 47 18
6 48 13
6 49 79
6 50 50
6 51 57
6 52 74
6 53 41
6 54 71
6 55 79
6 56 46
6 57 10
6 58 19
6 59 62
7 8 86
7 9 51
7 10 16
7 11 91
7 12 7
7 13 39
7 14 35
7 15 3
7 16 85
7 17 63
7 18 31
7 19 24
7 20 14
7 21 94
7 22 100
7 23 85
7 24 21
7 25 97
7 26 45
7 27 14
7 28 5
7 29 80
7 30 51
7 31 73
7 32 44
7 33 58
7 34 43
7 35 20
7 36 8
7 37 14
7 38 35
7 39 13
7 40 42
7 41 67
7 42 35
7 43 10
7 44 93
7 45 98
7 46 22
7 47 61
7 48 59
7 49 89
7 50 14
7 51 77
7 52 15
7 53 73
7 54 11
7 55 100
7 56 1
7 57 44
7 58 0
7 59 31
8 9 26
8 10 16
8 11 25
8 12 99
8 13 35
8 14 53
8 15 92
8 16 78
8 17 37
8 18 46
8 19 1
8 20 84
8 21 97
8 22 9
8 23 39
8 24 86
8 25 84
8 26 83
8 27 89
8 28 100
8 29 64
8 30 10
8 31 88
8 32 72
8 33 26
8 34 4
8 35 83
8 36 94
8 37 88
8 38 24
8 39 78
8 40 51
8 41 29
8 42 31
8 43 54
8 44 71
8 45 50
8 46 67
8 47 18
8 48 1
8 49 80
8 50 40
8 51 14
8 52 72
8 53 86
8 54 88
8 55 62
8 56 49
8 57 83
8 58 29
8 59 65
9 10 94
9 11 0
9 12 78
9 13 2
9 14 91
9 15 40
9 16 65
9 17 99
9 18 19
9 19 34
9 20 29
9 21 61
9 22 33
9 23 57
9 24 60
9 25 16
9 26 43
9 27 36
9 28 27
9 29 51
9 30 22
9 31 32
9 32 12
9 33 33
9 34 81
9 35 67
9 36 1
9 37 60
9 38 34
9 39 69
9 40 25
9 41 43
9 42 43
9 43 94
9 44 100
9 45 9
9 46 17
9 47 33
9 48 91
9 49 70
9 50 27
9 51 10
9 52 21
9 53 42
9 54 16
9 55 39
9 56 78
9 57 61
9 58 40
9 59 65
10 11 75
10 12 53
10 13 1
10 14 18
10 15 25
10 16 31
10 17 86
10 18 69
10 19 79
10 20 12
10 21 0
10 22 59
10 23 49
10 24 44
10 25 40
10 26 60
10 27 45
10 28 23
10 29 8
10 30 72
10 31 15
10 32 44
10 33 90
10 34 13
10 35 3
10 36 2
10 37 11
10 38 35
10 39 70
10 40 32
10 41 16
10 42 14
10 43 69
10 44 61
10 45 72
10 46 21
10 47 97
10 48 66
10 49 83
10 50 95
10 51 32
10 52 71
10 53 32
10 54 48
10 55 58
10 56 24
10 57 2
10 58 64
10 59 99
11 12 65
11 13 54
11 14 50
11 15 65
11 16 81
11 17 97
11 18 72
11 19 50
11 20 98
11 21 90
11 22 57
11 23 99
11 24 17
11 25 43
11 26 2
11 27 45
11 28 7
11 29 29
11 30 20
11 31 11
11 32 89
11 33 16
11 34 86
11 35 61
11 36 10
11 37 31
11 38 89
11 39 30
11 40 22
11 41 89
11 42 68
11 43 7
11 44 77
11 45 10
11 46 67
11 47 21
11 48 8
11 49 51
11 50 24
11 51 5
11 52 8
11 53 60
11 54 4
11 55 79
11 56 99
11 57 98
11 58 33
11 59 22
12 13 47
12 14 55
12 15 10
12 16 9
12 17 8
12 18 21
12 19 80
12 20 91
12 21 47
12 22 23
12 23 9
12 24 19
12 25 88
12 26 10
12 27 58
12 28 12
12 29 82
12 30 92
12 31 100
12 32 17
12 33 75
12 34 8
12 35 88
12 36 32
12 37 38
12 38 81
12 39 90
12 40 74
12 41 7
12 42 80
12 43 52
12 44 86
12 45 79
12 46 17
12 47 20
12 48 95
12 49 65
12 50 0
12 51 21
12 52 31
12 53 5
12 54 21
12 55 34
12 56 29
12 57 47
12 58 100
12 59 67
13 14 8
13 15 5
13 16 62
13 17 23
13 18 85
13 19 50
13 20 77
13 21 38
13 22 74
13 23 97
13 24 18
13 25 31
13 26 51
13 27 80
13 28 70
13 29 82
13 30 57
13 31 40
13 32 72
13 33 97
13 34 43
13 35 46
13 36 98
13 37 39
13 38 38
13 39 19
13 40 94
13 41 87
13 42 72
13 43 15
13 44 0
13 45 48
13 46 62
13 47 89
13 48 51
13 49 18
13 50 46
13 51 84
13 52 62
13 53 80
13 54 6
13 55 72
13 56 13
13 57 5
13 58 61
13 59 74
14 15 46
14 16 40
14 17 80
14 18 18
14 19 71
14 20 65
14 21 84
14 22 59
14 23 63
14 24 34
14 25 59
14 26 32
14 27 72
14 28 86
14 29 38
14 30 85
14 31 90
14 32 100
14 33 45
14 34 89
14 35 46
14 36 57
14 37 88
14 38 50
14 39 41
14 40 22
14 41 49
14 42 22
14 43 27
14 44 7
14 45 45
14 46 95
14 47 36
14 48 31
14 49 9
14 50 21
14 51 79
14 52 73
14 53 15
14 54 40
14 55 9
14 56 43
14 57 84
14 58 17
14 59 20
15 16 96
15 17 97
15 18 15
15 19 47
15 20 52
15 21 1
15 22 39
15 23 69
15 24 89
15 25 7
15 26 56
15 27 87
15 28 85
15 29 77
15 30 18
15 31 26
15 32 62
15 33 32
15 34 53
15 35 34
15 36 18
15 37 37
15 38 41
15 39 94
15 40 73
15 41 31
15 42 20
15 43 49
15 44 48
15 45 7
15 46 98
15 47 72
15 48 97
15 49 26
15 50 13
15 51 22
15 52 28
15 53 62
15 54 33
15 55 57
15 56 26
15 57 19
15 58 24
15 59 10
16 17 40
16 18 7
16 19 78
16 20 83
16 21 13
16 22 30
16 23 20
16 24 54
16 25 47
16 26 8
16 27 96
16 28 35
16 29 17
16 30 40
16 31 93
16 32 62
16 33 82
16 34 13
16 35 56
16 36 12
16 37 55
16 38 51
16 39 5
16 40 92
16 41 44
16 42 21
16 43 32
16 44 5
16 45 33
16 46 56
16 47 10
16 48 91
16 49 48
16 50 20
16 51 7
16 52 9
16 53 0
16 54 6
16 55 54
16 56 8
16 57 38
16 58 71
16 59 25
17 18 86
17 19 63
17 20 77
17 21 42
17 22 26
17 23 23
17 24 81
17 25 50
17 26 14
17 27 68
17 28 10
17 29 3
17 30 72
17 31 75
17 32 2
17 33 59
17 34 44
17 35 87
17 36 33
17 37 33
17 38 96
17 39 5
17 40 44
17 41 83
17 42 50
17 43 72
17 44 30
17 45 57
17 46 31
17 47 33
17 48 66
17 49 90
17 50 47
17 51 83
17 52 89
17 53 2
17 54 45
17 55 52
17 56 24
17 57 39
17 58 17
17 59 9
18 19 55
18 20 29
18 21 27
18 22 61
18 23 10
18 24 58
18 25 39
18 26 63
18 27 49
18 28 100
18 29 82
18 30 76
18 31 50
18 32 27
18 33 29
18 34 92
18 35 35
18 36 75
18 37 19
18 38 86
18 39 33
18 40 38
18 41 30
18 42 64
18 43 94
18 44 82
18 45 97
18 46 30
18 47 27
18 48 86
18 49 9
18 50 28
18 51 53
18 52 95
18 53 62
18 54 54
18 55 12
18 56 37
18 57 28
18 58 72
18 59 65
19 20 45
19 21 59
19 22 70
19 23 81
19 24 98
19 25 99
19 26 87
19 27 17
19 28 85
19 29 85
19 30 93
19 31 29
19 32 1
19 33 60
19 34 2
19 35 10
19 36 10
19 37 95
19 38 3
19 39 1
19 40 83
19 41 5
19 42 1
19 43 57
19 44 86
19 45 45
19 46 29
19 47 74
19 48 2
19 49 87
19 50 16
19 51 73
19 52 71
19 53 96
19 54 14
19 55 10
19 56 2
19 57 72
19 58 43
19 59 13
20 21 96
20 22 100
20 23 80
20 24 39
20 25 57
20 26 69
20 27 58
20 28 19
20 29 97
20 30 49
20 31 67
20 32 74
20 33 68
20 34 27
20 35 42
20 36 41
20 37 25
20 38 50
20 39 35
20 40 12
20 41 21
20 42 25
20 43 62
20 44 31
20 45 25
20 46 88
20 47 59
20 48 10
20 49 29
20 50 59
20 51 51
20 52 47
20 53 75
20 54 47
20 55 88
20 56 16
20 57 87
20 58 50
20 59 98
21 22 8
21 23 69
21 24 91
21 25 82
21 26 33
21 27 76
21 28 93
21 29 72
21 30 3
21 31 69
21 32 65
21 33 20
21 34 86
21 35 70
21 36 15
21 37 64
21 38 93
21 39 54
21 40 6
21 41 85
21 42 54
21 43 31
21 44 21
21 45 66
21 46 91
21 47 82
21 48 26
21 49 87
21 50 92
21 51 8
21 52 32
21 53 74
21 54 43
21 55 85
21 56 90
21 57 58
21 58 9
21 59 80
22 23 25
22 24 70
22 25 70
22 26 26
22 27 78
22 28 22
22 29 87
22 30 75
22 31 80
22 32 46
22 33 32
22 34 21
22 35 12
22 36 40
22 37 16
22 38 97
22 39 16
22 40 43
22 41 100
22 42 31
22 43 74
22 44 52
22 45 80
22 46 95
22 47 39
22 48 95
22 49 83
22 50 75
22 51 34
22 52 54
22 53 39
22 54 57
22 55 82
22 56 89
22 57 61
22 58 9
22 59 35
23 24 99
23 25 84
23 26 8
23 27 14
23 28 29
23 29 97
23 30 39
23 31 35
23 32 82
23 33 18
23 34 44
23 35 19
23 36 98
23 37 59
23 38 58
23 39 66
23 40 34
23 41 85
23 42 38
23 43 42
23 44 47
23 45 62
23 46 73
23 47 40
23 48 43
23 49 0
23 50 31
23 51 33
23 52 22
23 53 39
23 54 36
23 55 45
23 56 30
23 57 30
23 58 83
23 59 6
24 25 78
24 26 35
24 27 66
24 28 30
24 29 80
24 30 31
24 31 56
24 32 81
24 33 4
24 34 63
24 35 20
24 36 6
24 37 64
24 38 67
24 39 32
24 40 67
24 41 90
24 42 52
24 43 22
24 44 89
24 45 66
24 46 0
24 47 18
24 48 61
24 49 29
24 50 66
24 51 63
24 52 81
24 53 22
24 54 41
24 55 54
24 56 53
24 57 72
24 58 98
24 59 10
25 26 41
25 27 23
25 28 92
25 29 21
25 30 97
25 31 83
25 32 48
25 33 98
25 34 57
25 35 11
25 36 78
25 37 2
25 38 55
25 39 31
25 40 15
25 41 100
25 42 23
25 43 4
25 44 64
25 45 61
25 46 5
25 47 78
25 48 19
25 49 75
25 50 3
25 51 53
25 52 61
25 53 63
25 54 71
25 55 18
25 56 28
25 57 77
25 58 15
25 59 26
26 27 79
26 28 8
26 29 95
26 30 93
26 31 60
26 32 60
26 33 26
26 34 13
26 35 62
26 36 85
26 37 85
26 38 80
26 39 44
26 40 15
26 41 79
26 42 24
26 43 43
26 44 1
26 45 66
26 46 21
26 47 26
26 48 74
26 49 47
26 50 77
26 51 13
26 52 61
26 53 8
26 54 65
26 55 59
26 56 76
26 57 17
26 58 32
26 59 68
27 28 7
27 29 83
27 30 50
27 31 100
27 32 7
27 33 2
27 34 29
27 35 85
27 36 52
27 37 42
27 38 5
27 39 55
27 40 61
27 41 6
27 42 32
27 43 62
27 44 95
27 45 21
27 46 83
27 47 3
27 48 12
27 49 87
27 50 20
27 51 18
27 52 95
27 53 53
27 54 43
27 55 56
27 56 48
27 57 49
27 58 19
27 59 78
28 29 46
28 30 92
28 31 48
28 32 44
28 33 68
28 34 100
28 35 90
28 36 64
28 37 96
28 38 18
28 39 74
28 40 6
28 41 6
28 42 18
28 43 32
28 44 80
28 45 50
28 46 62
28 47 13
28 48 61
28 49 41
28 50 72
28 51 59
28 52 20
28 53 74
28 54 2
28 55 92
28 56 10
28 57 52
28 58 65
28 59 37
29 30 98
29 31 75
29 32 79
29 33 6
29 34 41
29 35 7
29 36 98
29 37 8
29 38 62
29 39 77
29 40 25
29 41 70
29 42 34
29 43 76
29 44 8
29 45 68
29 46 59
29 47 92
29 48 83
29 49 19
29 50 46
29 51 91
29 52 16
29 53 50
29 54 20
29 55 77
29 56 70
29 57 68
29 58 14
29 59 98
30 31 79
30 32 16
30 33 38
30 34 16
30 35 85
30 36 20
30 37 49
30 38 99
30 39 50
30 40 96
30 41 48
30 42 42
30 43 41
30 44 13
30 45 44
30 46 29
30 47 88
30 48 57
30 49 79
30 50 25
30 51 17
30 52 99
30 53 49
30 54 70
30 55 43
30 56 92
30 57 16
30 58 69
30 59 79
31 32 73
31 33 31
31 34 75
31 35 71
31 36 0
31 37 28
31 38 56
31 39 26
31 40 100
31 41 49
31 42 62
31 43 17
31 44 56
31 45 18
31 46 4
31 47 35
31 48 38
31 49 58
31 50 42
31 51 59
31 52 91
31 53 64
31 54 24
31 55 36
31 56 87
31 57 73
31 58 6
31 59 18
32 33 55
32 34 82
32 35 80
32 36 30
32 37 37
32 38 76
32 39 4
32 40 8
32 41 23
32 42 42
32 43 5
32 44 6
32 45 88
32 46 65
32 47 8
32 48 51
32 49 58
32 50 90
32 51 94
32 52 21
32 53 96
32 54 81
32 55 79
32 56 77
32 57 48
32 58 86
32 59 10
33 34 44
33 35 66
33 36 14
33 37 19
33 38 51
33 39 26
33 40 88
33 41 8
33 42 61
33 43 48
33 44 43
33 45 70
33 46 99
33 47 8
33 48 66
33 49 92
33 50 95
33 51 95
33 52 32
33 53 43
33 54 18
33 55 31
33 56 50
33 57 30
33 58 64
33 59 17
34 35 58
34 36 26
34 37 16
34 38 75
34 39 76
34 40 73
34 41 86
34 42 91
34 43 2
34 44 19
34 45 78
34 46 76
34 47 88
34 48 82
34 49 37
34 50 71
34 51 72
34 52 12
34 53 72
34 54 8
34 55 29
34 56 26
34 57 84
34 58 72
34 59 1
35 36 46
35 37 19
35 38 55
35 39 79
35 40 72
35 41 11
35 42 80
35 43 80
35 44 32
35 45 18
35 46 53
35 47 15
35 48 67
35 49 49
35 50 43
35 51 36
35 52 33
35 53 2
35 54 75
35 55 0
35 56 4
35 57 75
35 58 84
35 59 42
36 37 12
36 38 14
36 39 78
36 40 40
36 41 41
36 42 31
36 43 16
36 44 87
36 45 79
36 46 78
36 47 45
36 48 99
36 49 60
36 50 42
36 51 12
36 52 54
36 53 67
36 54 83
36 55 61
36 56 6
36 57 22
36 58 99
36 59 73
37 38 1
37 39 53
37 40 1
37 41 76
37 42 62
37 43 36
37 44 26
37 45 67
37 46 26
37 47 18
37 48 62
37 49 75
37 50 26
37 51 22
37 52 63
37 53 3
37 54 87
37 55 65
37 56 21
37 57 73
37 58 91
37 59 25
38 39 43
38 40 57
38 41 52
38 42 85
38 43 41
38 44 23
38 45 19
38 46 99
38 47 89
38 48 62
38 49 5
38 50 12
38 51 82
38 52 31
38 53 22
38 54 17
38 55 27
38 56 40
38 57 82
38 58 12
38 59 0
39 40 65
39 41 44
39 42 55
39 43 68
39 44 84
39 45 23
39 46 64
39 47 12
39 48 40
39 49 41
39 50 31
39 51 71
39 52 25
39 53 53
39 54 45
39 55 4
39 56 25
39 57 42
39 58 45
39 59 31
40 41 45
40 42 95
40 43 53
40 44 98
40 45 22
40 46 54
40 47 64
40 48 51
40 49 28
40 50 92
40 51 83
40 52 67
40 53 94
40 54 14
40 55 31
40 56 94
40 57 17
40 58 77
40 59 94
41 42 83
41 43 23
41 44 88
41 45 76
41 46 5
41 47 45
41 48 0
41 49 42
41 50 60
41 51 44
41 52 59
41 53 53
41 54 11
41 55 54
41 56 23
41 57 57
41 58 89
41 59 47
42 43 53
42 44 73
42 45 9
42 46 63
42 47 49
42 48 28
42 49 26
42 50 22
42 51 47
42 52 99
42 53 52
42 54 97
42 55 40
42 56 98
42 57 35
42 58 40
42 59 96
43 44 70
43 45 20
43 46 76
43 47 92
43 48 76
43 49 72
43 50 42
43 51 51
43 52 70
43 53 91
43 54 12
43 55 2
43 56 30
43 57 48
43 58 95
43 59 96
44 45 99
44 46 37
44 47 89
44 48 99
44 49 76
44 50 45
44 51 30
44 52 77
44 53 7
44 54 43
44 55 41
44 56 38
44 57 39
44 58 80
44 59 84
45 46 4
45 47 37
45 48 51
45 49 71
45 50 74
45 51 46
45 52 74
45 53 21
45 54 63
45 55 35
45 56 24
45 57 100
45 58 75
45 59 87
46 47 13
46 48 39
46 49 21
46 50 7
46 51 23
46 52 100
46 53 35
46 54 32
46 55 43
46 56 21
46 57 59
46 58 70
46 59 39
47 48 86
47 49 70
47 50 39
47 51 28
47 52 48
47 53 27
47 54 89
47 55 77
47 56 18
47 57 79
47 58 89
47 59 97
48 49 97
48 50 25
48 51 89
48 52 39
48 53 16
48 54 30
48 55 79
48 56 75
48 57 20
48 58 2
48 59 65
49 50 21
49 51 19
49 52 42
49 53 40
49 54 40
49 55 58
49 56 12
49 57 6
49 58 98
49 59 3
50 51 8
50 52 2
50 53 65
50 54 56
50 55 32
50 56 51
50 57 96
50 58 51
50 59 25
51 52 88
51 53 7
51 54 33
51 55 44
51 56 64
51 57 51
51 58 1
51 59 43
52 53 6
52 54 21
52 55 16
52 56 6
52 57 40
52 58 7
52 59 6
53 54 22
53 55 76
53 56 12
53 57 98
53 58 19
53 59 48
54 55 69
54 56 54
54 57 96
54 58 95
54 59 73
55 56 74
55 57 37
55 58 73
55 59 88
56 57 80
56 58 30
56 59 9
57 58 33
57 59 33
58 59 78
