30 5 ds 6 6 5 9 5 10 6 7 6 9 
0 1 21
0 2 97
0 3 8
0 4 16
0 5 39
0 6 73
0 7 49
0 8 70
0 9 23
0 10 83
0 11 85
0 12 76
0 13 53
0 14 44
0 15 93
0 16 94
0 17 42
0 18 76
0 19 56
0 20 96
0 21 52
0 22 84
0 23 70
0 24 29
0 25 20
0 26 97
0 27 22
0 28 55
0 29 97
1 2 33
1 3 41
1 4 31
1 5 10
1 6 9
1 7 16
1 8 90
1 9 68
1 10 79
1 11 26
1 12 19
1 13 76
1 14 30
1 15 43
1 16 33
1 17 80
1 18 8
1 19 24
1 20 15
1 21 82
1 22 69
1 23 96
1 24 21
1 25 50
1 26 74
1 27 43
1 28 69
1 29 68
2 3 10
2 4 84
2 5 1
2 6 58
2 7 83
2 8 91
2 9 21
2 10 89
2 11 54
2 12 75
2 13 87
2 14 44
2 15 4
2 16 40
2 17 80
2 18 12
2 19 26
2 20 51
2 21 61
2 22 66
2 23 18
2 24 62
2 25 55
2 26 74
2 27 98
2 28 28
2 29 74
3 4 96
3 5 13
3 6 84
3 7 55
3 8 71
3 9 53
3 10 72
3 11 34
3 12 28
3 13 19
3 14 24
3 15 49
3 16 11
3 17 55
3 18 54
3 19 1
3 20 37
3 21 84
3 22 73
3 23 39
3 24 14
3 25 72
3 26 99
3 27 55
3 28 99
3 29 56
4 5 53
4 6 79
4 7 10
4 8 58
4 9 13
4 10 7
4 11 47
4 12 51
4 13 88
4 14 94
4 15 89
4 16 75
4 17 62
4 18 91
4 19 74
4 20 19
4 21 66
4 22 78
4 23 94
4 24 46
4 25 62
4 26 96
4 27 84
4 28 14
4 29 32
5 6 23
5 7 20
5 8 12
5 9 25
5 10 38
5 11 39
5 12 96
5 13 70
5 14 3
5 15 10
5 16 59
5 17 86
5 18 91
5 19 92
5 20 87
5 21 12
5 22 66
5 23 45
5 24 15
5 25 3
5 26 98
5 27 47
5 28 11
5 29 43
6 7 84
6 8 68
6 9 29
6 10 54
6 11 30
6 12 28
6 13 17
6 14 72
6 15 94
6 16 31
6 17 35
6 18 61
6 19 35
6 20 62
6 21 82
6 22 47
6 23 73
6 24 9
6 25 98
6 26 68
6 27 17
6 28 61
6 29 36
7 8 43
7 9 71
7 10 25
7 11 25
7 12 58
7 13 87
7 14 29
7 15 83
7 16 31
7 17 69
7 18 9
7 19 90
7 20 4
7 21 92
7 22 61
7 23 71
7 24 51
7 25 59
7 26 3
7 27 46
7 28 92
7 29 34
8 9 19
8 10 60
8 11 77
8 12 5
8 13 97
8 14 42
8 15 100
8 16 44
8 17 64
8 18 46
8 19 7
8 20 63
8 21 72
8 22 68
8 23 73
8 24 63
8 25 41
8 26 28
8 27 28
8 28 43
8 29 73
9 10 80
9 11 34
9 12 62
9 13 52
9 14 89
9 15 50
9 16 69
9 17 36
9 18 51
9 19 67
9 20 24
9 21 9
9 22 6
9 23 68
9 24 35
9 25 71
9 26 81
9 27 22
9 28 82
9 29 14
10 11 94
10 12 56
10 13 73
10 14 3
10 15 9
10 16 70
10 17 1
10 18 67
10 19 94
10 20 100
10 21 77
10 22 72
10 23 100
10 24 95
10 25 40
10 26 23
10 27 53
10 28 95
10 29 30
11 12 68
11 13 26
11 14 10
11 15 45
11 16 100
11 17 4
11 18 68
11 19 81
11 20 15
11 21 58
11 22 4
11 23 89
11 24 79
11 25 9
11 26 23
11 27 29
11 28 47
11 29 23
12 13 21
12 14 25
12 15 98
12 16 86
12 17 93
12 18 55
12 19 39
12 20 75
12 21 19
12 22 52
12 23 16
12 24 81
12 25 30
12 26 57
12 27 49
12 28 50
12 29 72
13 14 54
13 15 76
13 16 63
13 17 44
13 18 69
13 19 96
13 20 99
13 21 97
13 22 79
13 23 54
13 24 54
13 25 23
13 26 95
13 27 50
13 28 54
13 29 60
14 15 46
14 16 32
14 17 44
14 18 90
14 19 34
14 20 91
14 21 98
14 22 24
14 23 5
14 24 29
14 25 14
14 26 54
14 27 88
14 28 14
14 29 90
15 16 10
15 17 5
15 18 100
15 19 5
15 20 90
15 21 67
15 22 60
15 23 87
15 24 88
15 25 0
15 26 29
15 27 17
15 28 19
15 29 30
16 17 36
16 18 24
16 19 48
16 20 83
16 21 31
16 22 96
16 23 94
16 24 40
16 25 68
16 26 2
16 27 6
16 28 68
16 29 80
17 18 45
17 19 7
17 20 0
17 21 61
17 22 96
17 23 92
17 24 7
17 25 11
17 26 37
17 27 58
17 28 25
17 29 16
18 19 8
18 20 64
18 21 97
18 22 83
18 23 0
18 24 70
18 25 84
18 26 83
18 27 0
18 28 46
18 29 17
19 20 55
19 21 90
19 22 16
19 23 26
19 24 24
19 25 38
19 26 29
19 27 94
19 28 8
19 29 99
20 21 7
20 22 93
20 23 37
20 24 3
20 25 81
20 26 96
20 27 40
20 28 56
20 29 31
21 22 66
21 23 30
21 24 72
21 25 31
21 26 34
21 27 89
21 28 58
21 29 48
22 23 0
22 24 0
22 25 74
22 26 7
22 27 86
22 28 88
22 29 10
23 24 35
23 25 45
23 26 25
23 27 34
23 28 41
23 29 99
24 25 13
24 26 47
24 27 7
24 28 31
24 29 3
25 26 83
25 27 79
25 28 49
25 29 69
26 27 30
26 28 4
26 29 85
27 28 38
27 29 28
28 29 41
