120 10 ss 12 12 12 12 12 12 12 12 12 12 12 12 12 12 12 12 12 12 12 12 
0 1 69
0 2 68
0 3 63
0 4 64
0 5 26
0 6 93
0 7 50
0 8 45
0 9 57
0 10 8
0 11 35
0 12 82
0 13 9
0 14 78
0 15 54
0 16 61
0 17 18
0 18 11
0 19 100
0 20 70
0 21 1
0 22 62
0 23 33
0 24 100
0 25 28
0 26 55
0 27 31
0 28 71
0 29 50
0 30 8
0 31 12
0 32 48
0 33 83
0 34 6
0 35 63
0 36 4
0 37 20
0 38 25
0 39 15
0 40 54
0 41 91
0 42 84
0 43 89
0 44 13
0 45 75
0 46 47
0 47 36
0 48 34
0 49 72
0 50 52
0 51 21
0 52 30
0 53 24
0 54 54
0 55 67
0 56 10
0 57 93
0 58 26
0 59 85
0 60 87
0 61 31
0 62 99
0 63 79
0 64 93
0 65 86
0 66 24
0 67 94
0 68 65
0 69 73
0 70 75
0 71 58
0 72 98
0 73 82
0 74 12
0 75 38
0 76 59
0 77 32
0 78 2
0 79 70
0 80 56
0 81 15
0 82 19
0 83 11
0 84 13
0 85 38
0 86 20
0 87 42
0 88 44
0 89 8
0 90 93
0 91 71
0 92 0
0 93 51
0 94 95
0 95 99
0 96 26
0 97 49
0 98 91
0 99 95
0 100 91
0 101 43
0 102 21
0 103 67
0 104 66
0 105 69
0 106 97
0 107 59
0 108 2
0 109 62
0 110 85
0 111 12
0 112 12
0 113 60
0 114 86
0 115 19
0 116 94
0 117 89
0 118 63
0 119 69
1 2 90
1 3 84
1 4 99
1 5 37
1 6 75
1 7 15
1 8 29
1 9 73
1 10 95
1 11 91
1 12 76
1 13 22
1 14 92
1 15 100
1 16 30
1 17 81
1 18 13
1 19 45
1 20 69
1 21 38
1 22 82
1 23 69
1 24 99
1 25 23
1 26 59
1 27 14
1 28 23
1 29 34
1 30 55
1 31 19
1 32 15
1 33 55
1 34 85
1 35 40
1 36 32
1 37 32
1 38 59
1 39 92
1 40 8
1 41 26
1 42 98
1 43 18
1 44 94
1 45 58
1 46 63
1 47 43
1 48 14
1 49 64
1 50 13
1 51 97
1 52 62
1 53 53
1 54 55
1 55 2
1 56 15
1 57 92
1 58 34
1 59 43
1 60 19
1 61 21
1 62 21
1 63 53
1 64 19
1 65 81
1 66 99
1 67 48
1 68 91
1 69 28
1 70 99
1 71 3
1 72 76
1 73 18
1 74 40
1 75 81
1 76 34
1 77 32
1 78 74
1 79 33
1 80 11
1 81 49
1 82 60
1 83 14
1 84 50
1 85 89
1 86 81
1 87 45
1 88 51
1 89 93
1 90 4
1 91 76
1 92 33
1 93 92
1 94 96
1 95 97
1 96 62
1 97 50
1 98 59
1 99 98
1 100 15
1 101 16
1 102 29
1 103 38
1 104 67
1 105 25
1 106 92
1 107 85
1 108 23
1 109 40
1 110 2
1 111 54
1 112 90
1 113 11
1 114 21
1 115 30
1 116 57
1 117 95
1 118 55
1 119 3
2 3 1
2 4 3
2 5 39
2 6 51
2 7 12
2 8 75
2 9 10
2 10 61
2 11 57
2 12 71
2 13 17
2 14 7
2 15 53
2 16 63
2 17 69
2 18 25
2 19 57
2 20 69
2 21 10
2 22 40
2 23 45
2 24 93
2 25 92
2 26 20
2 27 9
2 28 9
2 29 9
2 30 56
2 31 39
2 32 76
2 33 55
2 34 68
2 35 65
2 36 14
2 37 12
2 38 4
2 39 88
2 40 86
2 41 98
2 42 58
2 43 68
2 44 55
2 45 70
2 46 71
2 47 45
2 48 92
2 49 91
2 50 95
2 51 80
2 52 58
2 53 56
2 54 45
2 55 14
2 56 37
2 57 89
2 58 61
2 59 9
2 60 83
2 61 50
2 62 73
2 63 81
2 64 22
2 65 41
2 66 42
2 67 49
2 68 96
2 69 15
2 70 71
2 71 19
2 72 62
2 73 94
2 74 51
2 75 100
2 76 77
2 77 74
2 78 75
2 79 21
2 80 25
2 81 72
2 82 87
2 83 63
2 84 54
2 85 22
2 86 1
2 87 54
2 88 95
2 89 87
2 90 1
2 91 48
2 92 14
2 93 40
2 94 97
2 95 46
2 96 5
2 97 71
2 98 75
2 99 64
2 100 27
2 101 48
2 102 85
2 103 99
2 104 28
2 105 70
2 106 16
2 107 77
2 108 49
2 109 53
2 110 55
2 111 80
2 112 65
2 113 13
2 114 57
2 115 100
2 116 54
2 117 59
2 118 2
2 119 18
3 4 66
3 5 36
3 6 62
3 7 3
3 8 37
3 9 29
3 10 31
3 11 81
3 12 49
3 13 100
3 14 58
3 15 6
3 16 53
3 17 97
3 18 99
3 19 93
3 20 1
3 21 93
3 22 89
3 23 1
3 24 59
3 25 6
3 26 24
3 27 44
3 28 86
3 29 70
3 30 75
3 31 41
3 32 52
3 33 54
3 34 77
3 35 22
3 36 43
3 37 87
3 38 53
3 39 68
3 40 49
3 41 20
3 42 24
3 43 51
3 44 2
3 45 25
3 46 4
3 47 54
3 48 100
3 49 17
3 50 75
3 51 49
3 52 18
3 53 45
3 54 19
3 55 2
3 56 89
3 57 98
3 58 100
3 59 31
3 60 42
3 61 89
3 62 24
3 63 62
3 64 63
3 65 68
3 66 44
3 67 85
3 68 73
3 69 46
3 70 17
3 71 54
3 72 11
3 73 43
3 74 11
3 75 50
3 76 47
3 77 59
3 78 43
3 79 57
3 80 10
3 81 11
3 82 47
3 83 46
3 84 76
3 85 17
3 86 88
3 87 79
3 88 33
3 89 16
3 90 49
3 91 6
3 92 49
3 93 89
3 94 49
3 95 69
3 96 20
3 97 29
3 98 99
3 99 40
3 100 78
3 101 32
3 102 78
3 103 75
3 104 33
3 105 99
3 106 30
3 107 11
3 108 78
3 109 1
3 110 69
3 111 73
3 112 89
3 113 42
3 114 33
3 115 58
3 116 55
3 117 81
3 118 19
3 119 55
4 5 93
4 6 26
4 7 18
4 8 10
4 9 47
4 10 13
4 11 43
4 12 56
4 13 35
4 14 41
4 15 27
4 16 71
4 17 1
4 18 35
4 19 22
4 20 0
4 21 57
4 22 6
4 23 27
4 24 31
4 25 53
4 26 76
4 27 47
4 28 30
4 29 85
4 30 65
4 31 48
4 32 13
4 33 58
4 34 37
4 35 25
4 36 57
4 37 6
4 38 44
4 39 21
4 40 41
4 41 47
4 42 97
4 43 54
4 44 41
4 45 28
4 46 27
4 47 29
4 48 100
4 49 15
4 50 46
4 51 31
4 52 43
4 53 73
4 54 78
4 55 96
4 56 86
4 57 15
4 58 11
4 59 69
4 60 34
4 61 56
4 62 9
4 63 63
4 64 61
4 65 68
4 66 89
4 67 95
4 68 93
4 69 87
4 70 38
4 71 50
4 72 73
4 73 73
4 74 98
4 75 29
4 76 75
4 77 61
4 78 22
4 79 69
4 80 41
4 81 43
4 82 63
4 83 45
4 84 71
4 85 3
4 86 72
4 87 75
4 88 70
4 89 11
4 90 69
4 91 21
4 92 75
4 93 75
4 94 72
4 95 6
4 96 60
4 97 18
4 98 70
4 99 84
4 100 60
4 101 64
4 102 1
4 103 33
4 104 32
4 105 70
4 106 46
4 107 70
4 108 32
4 109 68
4 110 19
4 111 94
4 112 18
4 113 51
4 114 55
4 115 99
4 116 38
4 117 6
4 118 42
4 119 47
5 6 55
5 7 21
5 8 98
5 9 17
5 10 65
5 11 40
5 12 95
5 13 78
5 14 55
5 15 80
5 16 51
5 17 43
5 18 29
5 19 35
5 20 68
5 21 23
5 22 15
5 23 42
5 24 33
5 25 65
5 26 43
5 27 28
5 28 44
5 29 23
5 30 59
5 31 88
5 32 14
5 33 44
5 34 43
5 35 55
5 36 92
5 37 30
5 38 67
5 39 90
5 40 89
5 41 40
5 42 25
5 43 76
5 44 51
5 45 58
5 46 24
5 47 99
5 48 26
5 49 76
5 50 11
5 51 83
5 52 4
5 53 67
5 54 49
5 55 10
5 56 2
5 57 73
5 58 39
5 59 32
5 60 53
5 61 68
5 62 66
5 63 22
5 64 29
5 65 62
5 66 8
5 67 72
5 68 24
5 69 33
5 70 29
5 71 26
5 72 100
5 73 74
5 74 30
5 75 89
5 76 23
5 77 41
5 78 99
5 79 16
5 80 2
5 81 52
5 82 5
5 83 3
5 84 82
5 85 66
5 86 5
5 87 42
5 88 89
5 89 72
5 90 14
5 91 53
5 92 13
5 93 84
5 94 0
5 95 99
5 96 74
5 97 27
5 98 90
5 99 2
5 100 71
5 101 72
5 102 48
5 103 74
5 104 42
5 105 90
5 106 92
5 107 26
5 108 82
5 109 3
5 110 9
5 111 40
5 112 19
5 113 72
5 114 65
5 115 39
5 116 19
5 117 90
5 118 28
5 119 70
6 7 65
6 8 99
6 9 52
6 10 84
6 11 14
6 12 27
6 13 3
6 14 57
6 15 59
6 16 35
6 17 64
6 18 8
6 19 80
6 20 21
6 21 59
6 22 19
6 23 72
6 24 46
6 25 18
6 26 83
6 27 88
6 28 79
6 29 75
6 30 23
6 31 94
6 32 72
6 33 44
6 34 46
6 35 49
6 36 16
6 37 100
6 38 8
6 39 59
6 40 19
6 41 11
6 42 49
6 43 93
6 44 78
6 45 64
6 46 72
6 47 96
6 48 18
6 49 88
6 50 1
6 51 46
6 52 57
6 53 97
6 54 1
6 55 7
6 56 47
6 57 3
6 58 77
6 59 9
6 60 81
6 61 15
6 62 38
6 63 96
6 64 49
6 65 26
6 66 5
6 67 9
6 68 45
6 69 26
6 70 30
6 71 50
6 72 24
6 73 83
6 74 11
6 75 93
6 76 55
6 77 90
6 78 87
6 79 17
6 80 47
6 81 40
6 82 36
6 83 1
6 84 98
6 85 85
6 86 32
6 87 92
6 88 47
6 89 88
6 90 48
6 91 50
6 92 29
6 93 7
6 94 24
6 95 88
6 96 72
6 97 35
6 98 76
6 99 27
6 100 22
6 101 78
6 102 73
6 103 6
6 104 54
6 105 17
6 106 9
6 107 69
6 108 82
6 109 0
6 110 99
6 111 92
6 112 28
6 113 17
6 114 2
6 115 21
6 116 2
6 117 45
6 118 36
6 119 40
7 8 15
7 9 87
7 10 85
7 11 21
7 12 22
7 13 76
7 14 22
7 15 58
7 16 60
7 17 65
7 18 6
7 19 36
7 20 26
7 21 87
7 22 4
7 23 27
7 24 48
7 25 19
7 26 47
7 27 89
7 28 69
7 29 44
7 30 48
7 31 46
7 32 54
7 33 64
7 34 9
7 35 14
7 36 45
7 37 99
7 38 55
7 39 35
7 40 11
7 41 98
7 42 3
7 43 9
7 44 81
7 45 71
7 46 21
7 47 81
7 48 62
7 49 82
7 50 38
7 51 47
7 52 31
7 53 18
7 54 60
7 55 100
7 56 90
7 57 89
7 58 95
7 59 18
7 60 40
7 61 77
7 62 11
7 63 52
7 64 11
7 65 83
7 66 77
7 67 67
7 68 4
7 69 89
7 70 24
7 71 9
7 72 52
7 73 95
7 74 33
7 75 2
7 76 4
7 77 4
7 78 93
7 79 12
7 80 99
7 81 57
7 82 31
7 83 84
7 84 45
7 85 2
7 86 91
7 87 19
7 88 49
7 89 39
7 90 12
7 91 36
7 92 52
7 93 32
7 94 43
7 95 33
7 96 46
7 97 41
7 98 13
7 99 72
7 100 93
7 101 20
7 102 11
7 103 70
7 104 30
7 105 40
7 106 84
7 107 92
7 108 34
7 109 92
7 110 4
7 111 8
7 112 69
7 113 31
7 114 36
7 115 76
7 116 39
7 117 55
7 118 24
7 119 2
8 9 15
8 10 67
8 11 58
8 12 98
8 13 59
8 14 18
8 15 87
8 16 18
8 17 84
8 18 100
8 19 33
8 20 6
8 21 38
8 22 26
8 23 11
8 24 85
8 25 53
8 26 61
8 27 8
8 28 92
8 29 58
8 30 55
8 31 50
8 32 78
8 33 92
8 34 78
8 35 7
8 36 82
8 37 67
8 38 75
8 39 76
8 40 21
8 41 23
8 42 15
8 43 80
8 44 90
8 45 61
8 46 9
8 47 92
8 48 22
8 49 42
8 50 31
8 51 97
8 52 68
8 53 78
8 54 94
8 55 17
8 56 38
8 57 60
8 58 22
8 59 1
8 60 100
8 61 25
8 62 74
8 63 97
8 64 21
8 65 38
8 66 1
8 67 49
8 68 100
8 69 35
8 70 25
8 71 97
8 72 96
8 73 8
8 74 42
8 75 26
8 76 17
8 77 72
8 78 22
8 79 14
8 80 82
8 81 96
8 82 99
8 83 57
8 84 23
8 85 63
8 86 93
8 87 57
8 88 54
8 89 69
8 90 50
8 91 38
8 92 56
8 93 34
8 94 81
8 95 82
8 96 80
8 97 75
8 98 94
8 99 34
8 100 45
8 101 61
8 102 56
8 103 72
8 104 49
8 105 92
8 106 4
8 107 71
8 108 64
8 109 35
8 110 63
8 111 9
8 112 72
8 113 74
8 114 85
8 115 91
8 116 80
8 117 43
8 118 54
8 119 4
9 10 9
9 11 35
9 12 43
9 13 28
9 14 20
9 15 67
9 16 20
9 17 55
9 18 36
9 19 92
9 20 66
9 21 39
9 22 54
9 23 26
9 24 13
9 25 30
9 26 16
9 27 91
9 28 49
9 29 33
9 30 54
9 31 92
9 32 54
9 33 51
9 34 81
9 35 67
9 36 91
9 37 44
9 38 4
9 39 66
9 40 11
9 41 61
9 42 31
9 43 2
9 44 31
9 45 13
9 46 65
9 47 61
9 48 10
9 49 42
9 50 13
9 51 72
9 52 38
9 53 67
9 54 9
9 55 75
9 56 54
9 57 35
9 58 45
9 59 17
9 60 80
9 61 35
9 62 0
9 63 63
9 64 0
9 65 6
9 66 8
9 67 71
9 68 6
9 69 23
9 70 2
9 71 87
9 72 47
9 73 69
9 74 76
9 75 94
9 76 98
9 77 1
9 78 19
9 79 26
9 80 73
9 81 25
9 82 100
9 83 86
9 84 32
9 85 60
9 86 65
9 87 5
9 88 85
9 89 76
9 90 26
9 91 53
9 92 79
9 93 22
9 94 41
9 95 87
9 96 38
9 97 37
9 98 12
9 99 42
9 100 61
9 101 62
9 102 68
9 103 59
9 104 16
9 105 32
9 106 55
9 107 74
9 108 74
9 109 50
9 110 83
9 111 66
9 112 92
9 113 60
9 114 14
9 115 89
9 116 23
9 117 69
9 118 61
9 119 46
10 11 99
10 12 55
10 13 42
10 14 0
10 15 30
10 16 96
10 17 32
10 18 69
10 19 11
10 20 88
10 21 78
10 22 58
10 23 73
10 24 51
10 25 4
10 26 38
10 27 70
10 28 42
10 29 19
10 30 9
10 31 36
10 32 56
10 33 69
10 34 83
10 35 83
10 36 63
10 37 55
10 38 47
10 39 70
10 40 9
10 41 66
10 42 58
10 43 78
10 44 2
10 45 76
10 46 5
10 47 58
10 48 31
10 49 96
10 50 85
10 51 77
10 52 1
10 53 43
10 54 12
10 55 47
10 56 27
10 57 13
10 58 65
10 59 20
10 60 66
10 61 80
10 62 4
10 63 71
10 64 24
10 65 51
10 66 12
10 67 19
10 68 28
10 69 46
10 70 35
10 71 61
10 72 11
10 73 17
10 74 89
10 75 93
10 76 19
10 77 16
10 78 40
10 79 42
10 80 82
10 81 27
10 82 66
10 83 36
10 84 98
10 85 44
10 86 91
10 87 44
10 88 29
10 89 14
10 90 27
10 91 7
10 92 18
10 93 62
10 94 29
10 95 48
10 96 12
10 97 63
10 98 50
10 99 69
10 100 7
10 101 85
10 102 49
10 103 76
10 104 85
10 105 47
10 106 43
10 107 23
10 108 20
10 109 48
10 110 8
10 111 79
10 112 37
10 113 24
10 114 33
10 115 21
10 116 26
10 117 77
10 118 84
10 119 17
11 12 84
11 13 72
11 14 36
11 15 13
11 16 89
11 17 58
11 18 97
11 19 21
11 20 15
11 21 75
11 22 70
11 23 92
11 24 96
11 25 50
11 26 8
11 27 62
11 28 46
11 29 75
11 30 87
11 31 93
11 32 24
11 33 5
11 34 18
11 35 55
11 36 56
11 37 35
11 38 89
11 39 47
11 40 2
11 41 88
11 42 37
11 43 69
11 44 57
11 45 89
11 46 11
11 47 97
11 48 16
11 49 46
11 50 28
11 51 9
11 52 64
11 53 22
11 54 60
11 55 4
11 56 12
11 57 68
11 58 65
11 59 58
11 60 28
11 61 93
11 62 89
11 63 14
11 64 95
11 65 76
11 66 43
11 67 27
11 68 98
11 69 35
11 70 15
11 71 43
11 72 38
11 73 43
11 74 48
11 75 66
11 76 35
11 77 72
11 78 20
11 79 90
11 80 61
11 81 13
11 82 69
11 83 69
11 84 96
11 85 15
11 86 4
11 87 56
11 88 80
11 89 80
11 90 99
11 91 73
11 92 55
11 93 75
11 94 69
11 95 81
11 96 55
11 97 77
11 98 43
11 99 19
11 100 60
11 101 89
11 102 0
11 103 33
11 104 58
11 105 28
11 106 60
11 107 43
11 108 64
11 109 21
11 110 23
11 111 42
11 112 19
11 113 4
11 114 60
11 115 81
11 116 9
11 117 27
11 118 62
11 119 90
12 13 40
12 14 68
12 15 58
12 16 73
12 17 91
12 18 82
12 19 51
12 20 45
12 21 47
12 22 38
12 23 93
12 24 95
12 25 79
12 26 66
12 27 1
12 28 83
12 29 18
12 30 87
12 31 40
12 32 37
12 33 67
12 34 39
12 35 31
12 36 59
12 37 1
12 38 43
12 39 85
12 40 32
12 41 20
12 42 27
12 43 30
12 44 51
12 45 67
12 46 11
12 47 86
12 48 55
12 49 64
12 50 63
12 51 47
12 52 30
12 53 6
12 54 27
12 55 48
12 56 7
12 57 99
12 58 92
12 59 75
12 60 28
12 61 2
12 62 34
12 63 53
12 64 33
12 65 74
12 66 59
12 67 50
12 68 27
12 69 87
12 70 86
12 71 59
12 72 71
12 73 94
12 74 74
12 75 18
12 76 58
12 77 78
12 78 74
12 79 57
12 80 66
12 81 61
12 82 43
12 83 28
12 84 36
12 85 81
12 86 19
12 87 29
12 88 60
12 89 78
12 90 3
12 91 77
12 92 44
12 93 17
12 94 3
12 95 53
12 96 11
12 97 66
12 98 84
12 99 99
12 100 23
12 101 7
12 102 5
12 103 5
12 104 30
12 105 100
12 106 37
12 107 51
12 108 4
12 109 48
12 110 16
12 111 63
12 112 10
12 113 20
12 114 78
12 115 44
12 116 86
12 117 58
12 118 3
12 119 51
13 14 16
13 15 98
13 16 9
13 17 51
13 18 20
13 19 76
13 20 63
13 21 38
13 22 82
13 23 37
13 24 56
13 25 37
13 26 20
13 27 79
13 28 11
13 29 48
13 30 54
13 31 57
13 32 57
13 33 31
13 34 67
13 35 49
13 36 73
13 37 89
13 38 29
13 39 82
13 40 66
13 41 73
13 42 15
13 43 41
13 44 99
13 45 17
13 46 15
13 47 1
13 48 31
13 49 40
13 50 58
13 51 78
13 52 76
13 53 16
13 54 41
13 55 28
13 56 6
13 57 19
13 58 73
13 59 25
13 60 70
13 61 65
13 62 28
13 63 41
13 64 61
13 65 95
13 66 16
13 67 66
13 68 27
13 69 52
13 70 7
13 71 52
13 72 57
13 73 15
13 74 17
13 75 70
13 76 49
13 77 76
13 78 34
13 79 72
13 80 5
13 81 1
13 82 88
13 83 32
13 84 90
13 85 48
13 86 52
13 87 18
13 88 83
13 89 9
13 90 32
13 91 82
13 92 86
13 93 19
13 94 45
13 95 20
13 96 47
13 97 52
13 98 84
13 99 5
13 100 7
13 101 10
13 102 84
13 103 30
13 104 12
13 105 54
13 106 96
13 107 53
13 108 88
13 109 5
13 110 30
13 111 39
13 112 2
13 113 55
13 114 55
13 115 61
13 116 34
13 117 90
13 118 52
13 119 89
14 15 77
14 16 27
14 17 8
14 18 26
14 19 26
14 20 46
14 21 77
14 22 42
14 23 69
14 24 68
14 25 45
14 26 1
14 27 93
14 28 39
14 29 23
14 30 59
14 31 7
14 32 57
14 33 58
14 34 9
14 35 45
14 36 22
14 37 24
14 38 34
14 39 11
14 40 33
14 41 61
14 42 36
14 43 59
14 44 79
14 45 14
14 46 73
14 47 56
14 48 25
14 49 34
14 50 55
14 51 66
14 52 91
14 53 6
14 54 93
14 55 47
14 56 17
14 57 93
14 58 95
14 59 97
14 60 25
14 61 90
14 62 52
14 63 10
14 64 47
14 65 40
14 66 61
14 67 34
14 68 88
14 69 98
14 70 25
14 71 35
14 72 95
14 73 23
14 74 97
14 75 70
14 76 96
14 77 34
14 78 48
14 79 58
14 80 25
14 81 28
14 82 59
14 83 14
14 84 69
14 85 11
14 86 5
14 87 14
14 88 81
14 89 13
14 90 5
14 91 29
14 92 11
14 93 52
14 94 61
14 95 0
14 96 81
14 97 93
14 98 64
14 99 39
14 100 71
14 101 37
14 102 43
14 103 87
14 104 78
14 105 10
14 106 66
14 107 3
14 108 90
14 109 38
14 110 16
14 111 65
14 112 20
14 113 7
14 114 35
14 115 58
14 116 41
14 117 71
14 118 35
14 119 57
15 16 84
15 17 68
15 18 73
15 19 78
15 20 57
15 21 83
15 22 17
15 23 76
15 24 56
15 25 23
15 26 91
15 27 49
15 28 12
15 29 46
15 30 58
15 31 100
15 32 77
15 33 19
15 34 53
15 35 45
15 36 28
15 37 22
15 38 56
15 39 95
15 40 6
15 41 96
15 42 70
15 43 18
15 44 80
15 45 10
15 46 21
15 47 56
15 48 14
15 49 2
15 50 97
15 51 90
15 52 40
15 53 68
15 54 3
15 55 54
15 56 5
15 57 20
15 58 86
15 59 33
15 60 7
15 61 85
15 62 2
15 63 68
15 64 37
15 65 92
15 66 56
15 67 75
15 68 31
15 69 2
15 70 26
15 71 53
15 72 42
15 73 74
15 74 65
15 75 0
15 76 12
15 77 60
15 78 50
15 79 21
15 80 77
15 81 63
15 82 43
15 83 11
15 84 21
15 85 65
15 86 43
15 87 31
15 88 46
15 89 49
15 90 69
15 91 56
15 92 91
15 93 36
15 94 52
15 95 34
15 96 58
15 97 14
15 98 71
15 99 95
15 100 33
15 101 5
15 102 51
15 103 91
15 104 70
15 105 73
15 106 83
15 107 80
15 108 96
15 109 2
15 110 35
15 111 32
15 112 59
15 113 75
15 114 84
15 115 32
15 116 36
15 117 45
15 118 85
15 119 77
16 17 12
16 18 100
16 19 87
16 20 67
16 21 8
16 22 100
16 23 52
16 24 78
16 25 60
16 26 17
16 27 47
16 28 12
16 29 2
16 30 31
16 31 19
16 32 96
16 33 73
16 34 94
16 35 20
16 36 14
16 37 98
16 38 32
16 39 66
16 40 33
16 41 40
16 42 96
16 43 98
16 44 9
16 45 22
16 46 54
16 47 35
16 48 74
16 49 83
16 50 54
16 51 0
16 52 68
16 53 58
16 54 86
16 55 70
16 56 47
16 57 54
16 58 59
16 59 48
16 60 15
16 61 75
16 62 58
16 63 95
16 64 84
16 65 21
16 66 13
16 67 61
16 68 38
16 69 7
16 70 13
16 71 42
16 72 34
16 73 5
16 74 59
16 75 10
16 76 74
16 77 48
16 78 76
16 79 51
16 80 4
16 81 90
16 82 50
16 83 66
16 84 19
16 85 15
16 86 92
16 87 20
16 88 28
16 89 73
16 90 48
16 91 53
16 92 94
16 93 61
16 94 88
16 95 7
16 96 63
16 97 87
16 98 83
16 99 17
16 100 2
16 101 93
16 102 13
16 103 7
16 104 35
16 105 6
16 106 61
16 107 100
16 108 82
16 109 98
16 110 98
16 111 57
16 112 77
16 113 87
16 114 46
16 115 74
16 116 57
16 117 96
16 118 90
16 119 56
17 18 17
17 19 81
17 20 74
17 21 63
17 22 86
17 23 22
17 24 62
17 25 97
17 26 67
17 27 11
17 28 7
17 29 0
17 30 67
17 31 75
17 32 97
17 33 73
17 34 60
17 35 27
17 36 81
17 37 26
17 38 73
17 39 99
17 40 3
17 41 8
17 42 28
17 43 36
17 44 15
17 45 56
17 46 77
17 47 36
17 48 92
17 49 30
17 50 76
17 51 0
17 52 83
17 53 21
17 54 82
17 55 94
17 56 27
17 57 26
17 58 82
17 59 55
17 60 90
17 61 24
17 62 45
17 63 65
17 64 95
17 65 99
17 66 8
17 67 27
17 68 96
17 69 74
17 70 18
17 71 0
17 72 70
17 73 90
17 74 42
17 75 84
17 76 98
17 77 51
17 78 77
17 79 46
17 80 58
17 81 23
17 82 45
17 83 25
17 84 64
17 85 72
17 86 38
17 87 72
17 88 26
17 89 26
17 90 86
17 91 51
17 92 89
17 93 87
17 94 26
17 95 9
17 96 16
17 97 73
17 98 79
17 99 92
17 100 3
17 101 14
17 102 36
17 103 70
17 104 55
17 105 92
17 106 40
17 107 90
17 108 56
17 109 66
17 110 52
17 111 73
17 112 22
17 113 5
17 114 43
17 115 17
17 116 4
17 117 86
17 118 62
17 119 81
18 19 12
18 20 1
18 21 14
18 22 49
18 23 1
18 24 19
18 25 89
18 26 60
18 27 14
18 28 13
18 29 89
18 30 94
18 31 41
18 32 45
18 33 93
18 34 65
18 35 98
18 36 15
18 37 83
18 38 80
18 39 58
18 40 96
18 41 52
18 42 80
18 43 18
18 44 0
18 45 66
18 46 77
18 47 98
18 48 11
18 49 61
18 50 16
18 51 24
18 52 29
18 53 5
18 54 62
18 55 1
18 56 67
18 57 84
18 58 59
18 59 36
18 60 0
18 61 30
18 62 25
18 63 43
18 64 84
18 65 49
18 66 23
18 67 31
18 68 67
18 69 16
18 70 48
18 71 91
18 72 79
18 73 98
18 74 1
18 75 30
18 76 56
18 77 25
18 78 86
18 79 49
18 80 10
18 81 73
18 82 83
18 83 78
18 84 1
18 85 69
18 86 0
18 87 68
18 88 49
18 89 55
18 90 16
18 91 69
18 92 63
18 93 9
18 94 13
18 95 60
18 96 39
18 97 18
18 98 70
18 99 49
18 100 65
18 101 30
18 102 23
18 103 33
18 104 9
18 105 85
18 106 33
18 107 6
18 108 70
18 109 93
18 110 5
18 111 2
18 112 56
18 113 91
18 114 18
18 115 26
18 116 84
18 117 95
18 118 48
18 119 58
19 20 48
19 21 52
19 22 70
19 23 56
19 24 96
19 25 1
19 26 37
19 27 19
19 28 76
19 29 34
19 30 35
19 31 51
19 32 51
19 33 51
19 34 11
19 35 68
19 36 10
19 37 48
19 38 51
19 39 36
19 40 100
19 41 90
19 42 89
19 43 100
19 44 89
19 45 28
19 46 15
19 47 96
19 48 17
19 49 33
19 50 52
19 51 88
19 52 8
19 53 13
19 54 90
19 55 18
19 56 67
19 57 60
19 58 89
19 59 12
19 60 75
19 61 37
19 62 22
19 63 37
19 64 78
19 65 63
19 66 36
19 67 49
19 68 40
19 69 21
19 70 56
19 71 82
19 72 27
19 73 7
19 74 12
19 75 22
19 76 62
19 77 95
19 78 60
19 79 60
19 80 34
19 81 75
19 82 60
19 83 48
19 84 64
19 85 55
19 86 19
19 87 76
19 88 92
19 89 55
19 90 42
19 91 91
19 92 73
19 93 30
19 94 93
19 95 23
19 96 94
19 97 81
19 98 91
19 99 33
19 100 89
19 101 47
19 102 6
19 103 15
19 104 70
19 105 39
19 106 86
19 107 75
19 108 10
19 109 60
19 110 61
19 111 59
19 112 97
19 113 30
19 114 34
19 115 55
19 116 13
19 117 8
19 118 86
19 119 42
20 21 53
20 22 83
20 23 71
20 24 91
20 25 81
20 26 95
20 27 32
20 28 93
20 29 6
20 30 63
20 31 23
20 32 47
20 33 42
20 34 50
20 35 62
20 36 4
20 37 78
20 38 51
20 39 60
20 40 4
20 41 11
20 42 11
20 43 69
20 44 20
20 45 0
20 46 16
20 47 83
20 48 85
20 49 19
20 50 18
20 51 70
20 52 85
20 53 29
20 54 41
20 55 29
20 56 58
20 57 59
20 58 32
20 59 23
20 60 80
20 61 16
20 62 71
20 63 30
20 64 80
20 65 33
20 66 36
20 67 63
20 68 37
20 69 84
20 70 58
20 71 61
20 72 74
20 73 74
20 74 24
20 75 24
20 76 27
20 77 77
20 78 37
20 79 100
20 80 28
20 81 27
20 82 10
20 83 64
20 84 94
20 85 43
20 86 53
20 87 88
20 88 13
20 89 1
20 90 10
20 91 85
20 92 53
20 93 59
20 94 98
20 95 84
20 96 35
20 97 97
20 98 80
20 99 33
20 100 35
20 101 74
20 102 39
20 103 72
20 104 70
20 105 7
20 106 22
20 107 18
20 108 16
20 109 90
20 110 46
20 111 53
20 112 35
20 113 70
20 114 54
20 115 77
20 116 11
20 117 29
20 118 16
20 119 66
21 22 47
21 23 42
21 24 60
21 25 35
21 26 27
21 27 44
21 28 92
21 29 66
21 30 95
21 31 48
21 32 5
21 33 13
21 34 94
21 35 100
21 36 93
21 37 65
21 38 16
21 39 67
21 40 30
21 41 56
21 42 65
21 43 34
21 44 93
21 45 84
21 46 54
21 47 23
21 48 66
21 49 93
21 50 44
21 51 77
21 52 52
21 53 53
21 54 12
21 55 2
21 56 42
21 57 64
21 58 14
21 59 80
21 60 27
21 61 8
21 62 92
21 63 23
21 64 89
21 65 84
21 66 91
21 67 24
21 68 64
21 69 83
21 70 80
21 71 65
21 72 4
21 73 64
21 74 33
21 75 96
21 76 88
21 77 91
21 78 76
21 79 55
21 80 35
21 81 57
21 82 28
21 83 15
21 84 12
21 85 90
21 86 95
21 87 99
21 88 76
21 89 61
21 90 97
21 91 57
21 92 56
21 93 68
21 94 32
21 95 50
21 96 27
21 97 57
21 98 15
21 99 36
21 100 12
21 101 8
21 102 64
21 103 34
21 104 63
21 105 65
21 106 33
21 107 1
21 108 94
21 109 53
21 110 24
21 111 56
21 112 97
21 113 65
21 114 49
21 115 76
21 116 32
21 117 6
21 118 72
21 119 23
22 23 28
22 24 77
22 25 43
22 26 84
22 27 98
22 28 6
22 29 3
22 30 13
22 31 21
22 32 14
22 33 64
22 34 59
22 35 23
22 36 80
22 37 97
22 38 23
22 39 86
22 40 35
22 41 89
22 42 53
22 43 55
22 44 73
22 45 41
22 46 59
22 47 90
22 48 22
22 49 49
22 50 66
22 51 93
22 52 91
22 53 17
22 54 45
22 55 69
22 56 88
22 57 80
22 58 11
22 59 9
22 60 11
22 61 46
22 62 16
22 63 92
22 64 31
22 65 92
22 66 78
22 67 44
22 68 25
22 69 46
22 70 73
22 71 26
22 72 22
22 73 79
22 74 99
22 75 25
22 76 21
22 77 51
22 78 76
22 79 28
22 80 40
22 81 46
22 82 47
22 83 74
22 84 8
22 85 31
22 86 64
22 87 44
22 88 88
22 89 5
22 90 16
22 91 33
22 92 52
22 93 58
22 94 32
22 95 15
22 96 60
22 97 31
22 98 81
22 99 46
22 100 78
22 101 96
22 102 24
22 103 84
22 104 18
22 105 85
22 106 26
22 107 39
22 108 13
22 109 29
22 110 61
22 111 29
22 112 63
22 113 20
22 114 65
22 115 42
22 116 55
22 117 76
22 118 1
22 119 29
23 24 79
23 25 60
23 26 6
23 27 18
23 28 40
23 29 69
23 30 25
23 31 25
23 32 43
23 33 68
23 34 48
23 35 13
23 36 15
23 37 39
23 38 82
23 39 85
23 40 23
23 41 44
23 42 100
23 43 40
23 44 43
23 45 71
23 46 85
23 47 81
23 48 5
23 49 70
23 50 9
23 51 1
23 52 62
23 53 79
23 54 26
23 55 27
23 56 96
23 57 0
23 58 6
23 59 53
23 60 95
23 61 93
23 62 30
23 63 23
23 64 92
23 65 16
23 66 9
23 67 38
23 68 40
23 69 78
23 70 71
23 71 72
23 72 98
23 73 13
23 74 45
23 75 56
23 76 83
23 77 4
23 78 42
23 79 33
23 80 55
23 81 35
23 82 0
23 83 78
23 84 65
23 85 100
23 86 10
23 87 44
23 88 92
23 89 1
23 90 51
23 91 77
23 92 48
23 93 100
23 94 22
23 95 4
23 96 46
23 97 13
23 98 28
23 99 27
23 100 20
23 101 0
23 102 9
23 103 56
23 104 8
23 105 36
23 106 50
23 107 33
23 108 79
23 109 3
23 110 97
23 111 42
23 112 40
23 113 29
23 114 34
23 115 94
23 116 93
23 117 71
23 118 81
23 119 78
24 25 58
24 26 35
24 27 75
24 28 71
24 29 54
24 30 69
24 31 94
24 32 84
24 33 83
24 34 19
24 35 60
24 36 83
24 37 69
24 38 65
24 39 20
24 40 76
24 41 56
24 42 55
24 43 76
24 44 48
24 45 44
24 46 15
24 47 60
24 48 51
24 49 72
24 50 37
24 51 56
24 52 18
24 53 21
24 54 66
24 55 49
24 56 21
24 57 44
24 58 63
24 59 52
24 60 80
24 61 32
24 62 41
24 63 44
24 64 65
24 65 24
24 66 4
24 67 80
24 68 41
24 69 21
24 70 98
24 71 84
24 72 32
24 73 6
24 74 91
24 75 50
24 76 10
24 77 45
24 78 41
24 79 48
24 80 40
24 81 90
24 82 46
24 83 93
24 84 74
24 85 16
24 86 6
24 87 91
24 88 74
24 89 73
24 90 44
24 91 34
24 92 97
24 93 85
24 94 7
24 95 81
24 96 24
24 97 33
24 98 67
24 99 69
24 100 7
24 101 47
24 102 24
24 103 99
24 104 86
24 105 30
24 106 3
24 107 75
24 108 81
24 109 19
24 110 14
24 111 0
24 112 4
24 113 70
24 114 22
24 115 4
24 116 43
24 117 33
24 118 71
24 119 5
25 26 37
25 27 87
25 28 100
25 29 62
25 30 42
25 31 21
25 32 89
25 33 68
25 34 27
25 35 18
25 36 7
25 37 17
25 38 11
25 39 29
25 40 95
25 41 80
25 42 96
25 43 11
25 44 23
25 45 84
25 46 11
25 47 23
25 48 56
25 49 40
25 50 38
25 51 78
25 52 12
25 53 15
25 54 74
25 55 76
25 56 64
25 57 31
25 58 52
25 59 28
25 60 82
25 61 86
25 62 95
25 63 17
25 64 48
25 65 47
25 66 57
25 67 10
25 68 81
25 69 12
25 70 8
25 71 77
25 72 22
25 73 72
25 74 32
25 75 100
25 76 50
25 77 7
25 78 64
25 79 8
25 80 61
25 81 34
25 82 12
25 83 81
25 84 25
25 85 45
25 86 15
25 87 54
25 88 64
25 89 34
25 90 81
25 91 86
25 92 99
25 93 19
25 94 27
25 95 79
25 96 98
25 97 16
25 98 21
25 99 91
25 100 47
25 101 44
25 102 88
25 103 34
25 104 33
25 105 65
25 106 87
25 107 71
25 108 6
25 109 91
25 110 59
25 111 29
25 112 37
25 113 97
25 114 23
25 115 38
25 116 9
25 117 55
25 118 15
25 119 88
26 27 59
26 28 94
26 29 40
26 30 100
26 31 86
26 32 38
26 33 26
26 34 41
26 35 1
26 36 35
26 37 27
26 38 91
26 39 51
26 40 94
26 41 89
26 42 34
26 43 94
26 44 48
26 45 90
26 46 89
26 47 85
26 48 21
26 49 28
26 50 7
26 51 24
26 52 56
26 53 72
26 54 87
26 55 36
26 56 76
26 57 58
26 58 51
26 59 100
26 60 83
26 61 43
26 62 7
26 63 63
26 64 44
26 65 48
26 66 16
26 67 49
26 68 60
26 69 1
26 70 40
26 71 1
26 72 43
26 73 17
26 74 74
26 75 3
26 76 13
26 77 34
26 78 45
26 79 76
26 80 10
26 81 70
26 82 3
26 83 18
26 84 94
26 85 12
26 86 36
26 87 87
26 88 31
26 89 82
26 90 93
26 91 66
26 92 55
26 93 52
26 94 45
26 95 98
26 96 46
26 97 25
26 98 29
26 99 51
26 100 82
26 101 55
26 102 56
26 103 94
26 104 39
26 105 40
26 106 64
26 107 11
26 108 60
26 109 65
26 110 36
26 111 35
26 112 47
26 113 100
26 114 41
26 115 66
26 116 89
26 117 31
26 118 92
26 119 5
27 28 21
27 29 88
27 30 31
27 31 88
27 32 65
27 33 48
27 34 90
27 35 61
27 36 63
27 37 41
27 38 76
27 39 66
27 40 41
27 41 82
27 42 79
27 43 92
27 44 97
27 45 14
27 46 73
27 47 33
27 48 8
27 49 10
27 50 50
27 51 90
27 52 37
27 53 50
27 54 0
27 55 31
27 56 65
27 57 61
27 58 54
27 59 61
27 60 70
27 61 16
27 62 60
27 63 55
27 64 73
27 65 8
27 66 57
27 67 30
27 68 16
27 69 27
27 70 34
27 71 61
27 72 28
27 73 74
27 74 16
27 75 64
27 76 1
27 77 64
27 78 81
27 79 43
27 80 55
27 81 16
27 82 54
27 83 86
27 84 90
27 85 57
27 86 1
27 87 32
27 88 41
27 89 26
27 90 49
27 91 41
27 92 86
27 93 47
27 94 92
27 95 98
27 96 5
27 97 66
27 98 7
27 99 31
27 100 18
27 101 23
27 102 32
27 103 68
27 104 87
27 105 37
27 106 67
27 107 93
27 108 56
27 109 51
27 110 24
27 111 14
27 112 68
27 113 11
27 114 63
27 115 47
27 116 82
27 117 58
27 118 94
27 119 51
28 29 15
28 30 23
28 31 96
28 32 82
28 33 4
28 34 47
28 35 15
28 36 67
28 37 28
28 38 45
28 39 40
28 40 10
28 41 66
28 42 95
28 43 36
28 44 32
28 45 6
28 46 22
28 47 87
28 48 34
28 49 45
28 50 31
28 51 81
28 52 32
28 53 27
28 54 92
28 55 75
28 56 98
28 57 41
28 58 22
28 59 63
28 60 50
28 61 93
28 62 69
28 63 44
28 64 34
28 65 30
28 66 90
28 67 26
28 68 21
28 69 99
28 70 47
28 71 95
28 72 10
28 73 46
28 74 47
28 75 90
28 76 99
28 77 18
28 78 56
28 79 69
28 80 8
28 81 51
28 82 41
28 83 13
28 84 14
28 85 64
28 86 24
28 87 84
28 88 36
28 89 72
28 90 84
28 91 79
28 92 25
28 93 44
28 94 39
28 95 50
28 96 7
28 97 98
28 98 70
28 99 99
28 100 37
28 101 6
28 102 48
28 103 78
28 104 1
28 105 75
28 106 97
28 107 15
28 108 19
28 109 1
28 110 58
28 111 30
28 112 58
28 113 59
28 114 95
28 115 95
28 116 9
28 117 53
28 118 69
28 119 97
29 30 44
29 31 62
29 32 39
29 33 33
29 34 33
29 35 37
29 36 94
29 37 80
29 38 3
29 39 73
29 40 87
29 41 63
29 42 32
29 43 27
29 44 65
29 45 59
29 46 25
29 47 39
29 48 75
29 49 98
29 50 1
29 51 48
29 52 87
29 53 43
29 54 59
29 55 75
29 56 18
29 57 49
29 58 41
29 59 1
29 60 60
29 61 56
29 62 3
29 63 72
29 64 57
29 65 3
29 66 80
29 67 71
29 68 77
29 69 22
29 70 96
29 71 60
29 72 86
29 73 70
29 74 46
29 75 61
29 76 18
29 77 62
29 78 55
29 79 93
29 80 47
29 81 56
29 82 40
29 83 55
29 84 72
29 85 15
29 86 65
29 87 96
29 88 27
29 89 44
29 90 89
29 91 82
29 92 40
29 93 78
29 94 50
29 95 39
29 96 9
29 97 25
29 98 34
29 99 82
29 100 38
29 101 5
29 102 38
29 103 22
29 104 69
29 105 50
29 106 30
29 107 48
29 108 26
29 109 21
29 110 37
29 111 0
29 112 46
29 113 36
29 114 25
29 115 41
29 116 46
29 117 79
29 118 76
29 119 71
30 31 3
30 32 68
30 33 80
30 34 82
30 35 42
30 36 13
30 37 44
30 38 61
30 39 50
30 40 79
30 41 93
30 42 15
30 43 5
30 44 41
30 45 91
30 46 49
30 47 2
30 48 91
30 49 97
30 50 8
30 51 86
30 52 74
30 53 17
30 54 13
30 55 4
30 56 64
30 57 40
30 58 73
30 59 23
30 60 12
30 61 7
30 62 1
30 63 85
30 64 19
30 65 60
30 66 47
30 67 67
30 68 1
30 69 4
30 70 86
30 71 21
30 72 20
30 73 30
30 74 74
30 75 69
30 76 14
30 77 94
30 78 24
30 79 87
30 80 14
30 81 80
30 82 56
30 83 96
30 84 46
30 85 47
30 86 26
30 87 42
30 88 45
30 89 89
30 90 62
30 91 48
30 92 100
30 93 79
30 94 75
30 95 24
30 96 21
30 97 38
30 98 72
30 99 47
30 100 48
30 101 93
30 102 1
30 103 32
30 104 96
30 105 47
30 106 67
30 107 23
30 108 37
30 109 30
30 110 77
30 111 57
30 112 44
30 113 83
30 114 39
30 115 24
30 116 34
30 117 36
30 118 28
30 119 24
31 32 91
31 33 22
31 34 52
31 35 27
31 36 32
31 37 39
31 38 2
31 39 60
31 40 46
31 41 72
31 42 72
31 43 21
31 44 20
31 45 58
31 46 16
31 47 39
31 48 24
31 49 94
31 50 56
31 51 45
31 52 100
31 53 47
31 54 43
31 55 92
31 56 96
31 57 10
31 58 17
31 59 97
31 60 30
31 61 28
31 62 42
31 63 66
31 64 60
31 65 99
31 66 44
31 67 58
31 68 90
31 69 79
31 70 16
31 71 10
31 72 94
31 73 99
31 74 48
31 75 48
31 76 7
31 77 36
31 78 6
31 79 90
31 80 18
31 81 95
31 82 86
31 83 76
31 84 6
31 85 88
31 86 96
31 87 99
31 88 61
31 89 83
31 90 67
31 91 51
31 92 65
31 93 48
31 94 48
31 95 45
31 96 33
31 97 97
31 98 35
31 99 44
31 100 1
31 101 79
31 102 18
31 103 99
31 104 16
31 105 6
31 106 6
31 107 52
31 108 32
31 109 82
31 110 60
31 111 12
31 112 82
31 113 22
31 114 2
31 115 63
31 116 95
31 117 15
31 118 63
31 119 87
32 33 85
32 34 2
32 35 57
32 36 13
32 37 89
32 38 10
32 39 72
32 40 57
32 41 59
32 42 1
32 43 100
32 44 76
32 45 78
32 46 7
32 47 76
32 48 58
32 49 2
32 50 84
32 51 10
32 52 9
32 53 52
32 54 9
32 55 20
32 56 97
32 57 21
32 58 22
32 59 56
32 60 71
32 61 70
32 62 22
32 63 78
32 64 57
32 65 32
32 66 8
32 67 89
32 68 87
32 69 20
32 70 99
32 71 48
32 72 22
32 73 4
32 74 84
32 75 20
32 76 56
32 77 62
32 78 0
32 79 4
32 80 0
32 81 35
32 82 77
32 83 13
32 84 76
32 85 51
32 86 77
32 87 92
32 88 49
32 89 45
32 90 35
32 91 92
32 92 30
32 93 41
32 94 58
32 95 83
32 96 94
32 97 82
32 98 38
32 99 70
32 100 11
32 101 20
32 102 67
32 103 91
32 104 23
32 105 79
32 106 80
32 107 65
32 108 38
32 109 79
32 110 73
32 111 71
32 112 4
32 113 39
32 114 88
32 115 55
32 116 39
32 117 94
32 118 0
32 119 3
33 34 16
33 35 97
33 36 66
33 37 98
33 38 44
33 39 86
33 40 43
33 41 96
33 42 52
33 43 79
33 44 19
33 45 49
33 46 78
33 47 71
33 48 51
33 49 31
33 50 98
33 51 24
33 52 24
33 53 100
33 54 65
33 55 18
33 56 23
33 57 42
33 58 21
33 59 73
33 60 88
33 61 81
33 62 95
33 63 26
33 64 93
33 65 54
33 66 43
33 67 44
33 68 14
33 69 98
33 70 37
33 71 24
33 72 75
33 73 69
33 74 47
33 75 45
33 76 70
33 77 60
33 78 85
33 79 78
33 80 76
33 81 3
33 82 34
33 83 85
33 84 59
33 85 24
33 86 53
33 87 63
33 88 3
33 89 27
33 90 84
33 91 16
33 92 62
33 93 58
33 94 2
33 95 6
33 96 26
33 97 98
33 98 28
33 99 73
33 100 57
33 101 6
33 102 60
33 103 60
33 104 75
33 105 46
33 106 72
33 107 49
33 108 87
33 109 85
33 110 72
33 111 81
33 112 22
33 113 60
33 114 85
33 115 67
33 116 96
33 117 49
33 118 20
33 119 26
34 35 11
34 36 97
34 37 89
34 38 59
34 39 15
34 40 67
34 41 72
34 42 59
34 43 46
34 44 47
34 45 94
34 46 3
34 47 84
34 48 72
34 49 74
34 50 54
34 51 100
34 52 66
34 53 46
34 54 34
34 55 19
34 56 33
34 57 67
34 58 21
34 59 97
34 60 92
34 61 77
34 62 95
34 63 52
34 64 48
34 65 85
34 66 11
34 67 52
34 68 88
34 69 47
34 70 55
34 71 63
34 72 38
34 73 95
34 74 16
34 75 86
34 76 24
34 77 41
34 78 76
34 79 26
34 80 55
34 81 23
34 82 40
34 83 35
34 84 12
34 85 64
34 86 39
34 87 56
34 88 3
34 89 51
34 90 9
34 91 4
34 92 69
34 93 51
34 94 37
34 95 69
34 96 24
34 97 5
34 98 95
34 99 48
34 100 98
34 101 51
34 102 83
34 103 52
34 104 27
34 105 0
34 106 83
34 107 25
34 108 94
34 109 88
34 110 25
34 111 37
34 112 91
34 113 16
34 114 7
34 115 43
34 116 33
34 117 2
34 118 11
34 119 1
35 36 24
35 37 91
35 38 65
35 39 13
35 40 0
35 41 61
35 42 5
35 43 78
35 44 59
35 45 35
35 46 40
35 47 61
35 48 62
35 49 1
35 50 59
35 51 82
35 52 62
35 53 68
35 54 27
35 55 58
35 56 71
35 57 34
35 58 59
35 59 63
35 60 7
35 61 32
35 62 13
35 63 22
35 64 78
35 65 70
35 66 7
35 67 31
35 68 84
35 69 98
35 70 73
35 71 89
35 72 14
35 73 25
35 74 100
35 75 80
35 76 63
35 77 44
35 78 45
35 79 56
35 80 43
35 81 17
35 82 42
35 83 2
35 84 73
35 85 90
35 86 26
35 87 25
35 88 49
35 89 0
35 90 94
35 91 97
35 92 89
35 93 68
35 94 39
35 95 68
35 96 4
35 97 40
35 98 29
35 99 2
35 100 69
35 101 82
35 102 20
35 103 22
35 104 36
35 105 89
35 106 70
35 107 1
35 108 53
35 109 85
35 110 36
35 111 80
35 112 48
35 113 80
35 114 76
35 115 17
35 116 48
35 117 20
35 118 32
35 119 67
36 37 4
36 38 61
36 39 88
36 40 33
36 41 5
36 42 46
36 43 81
36 44 39
36 45 32
36 46 61
36 47 76
36 48 50
36 49 29
36 50 41
36 51 92
36 52 2
36 53 74
36 54 26
36 55 76
36 56 68
36 57 59
36 58 3
36 59 72
36 60 47
36 61 60
36 62 86
36 63 56
36 64 75
36 65 84
36 66 53
36 67 69
36 68 36
36 69 16
36 70 24
36 71 40
36 72 27
36 73 14
36 74 25
36 75 69
36 76 55
36 77 74
36 78 90
36 79 21
36 80 22
36 81 12
36 82 4
36 83 25
36 84 69
36 85 77
36 86 52
36 87 28
36 88 21
36 89 21
36 90 20
36 91 94
36 92 78
36 93 46
36 94 33
36 95 86
36 96 87
36 97 91
36 98 9
36 99 13
36 100 32
36 101 3
36 102 36
36 103 48
36 104 61
36 105 35
36 106 44
36 107 35
36 108 31
36 109 38
36 110 59
36 111 27
36 112 53
36 113 25
36 114 41
36 115 7
36 116 82
36 117 2
36 118 86
36 119 87
37 38 26
37 39 91
37 40 88
37 41 19
37 42 68
37 43 31
37 44 96
37 45 66
37 46 0
37 47 17
37 48 85
37 49 97
37 50 60
37 51 69
37 52 93
37 53 31
37 54 78
37 55 52
37 56 99
37 57 3
37 58 56
37 59 79
37 60 78
37 61 71
37 62 99
37 63 39
37 64 35
37 65 31
37 66 76
37 67 46
37 68 11
37 69 76
37 70 70
37 71 17
37 72 24
37 73 45
37 74 86
37 75 81
37 76 14
37 77 56
37 78 76
37 79 48
37 80 21
37 81 7
37 82 46
37 83 96
37 84 87
37 85 49
37 86 94
37 87 30
37 88 82
37 89 60
37 90 63
37 91 54
37 92 56
37 93 65
37 94 10
37 95 44
37 96 51
37 97 80
37 98 26
37 99 22
37 100 98
37 101 31
37 102 65
37 103 6
37 104 88
37 105 24
37 106 64
37 107 3
37 108 14
37 109 32
37 110 37
37 111 39
37 112 55
37 113 72
37 114 49
37 115 89
37 116 21
37 117 50
37 118 10
37 119 63
38 39 32
38 40 16
38 41 11
38 42 27
38 43 69
38 44 48
38 45 73
38 46 91
38 47 96
38 48 87
38 49 67
38 50 7
38 51 79
38 52 83
38 53 81
38 54 97
38 55 57
38 56 68
38 57 52
38 58 71
38 59 85
38 60 44
38 61 74
38 62 90
38 63 34
38 64 29
38 65 82
38 66 34
38 67 27
38 68 16
38 69 66
38 70 23
38 71 35
38 72 52
38 73 0
38 74 47
38 75 46
38 76 84
38 77 75
38 78 77
38 79 81
38 80 48
38 81 86
38 82 98
38 83 92
38 84 51
38 85 72
38 86 5
38 87 24
38 88 72
38 89 69
38 90 95
38 91 69
38 92 47
38 93 6
38 94 8
38 95 39
38 96 35
38 97 75
38 98 33
38 99 83
38 100 1
38 101 27
38 102 20
38 103 42
38 104 49
38 105 21
38 106 66
38 107 67
38 108 1
38 109 26
38 110 14
38 111 41
38 112 78
38 113 79
38 114 26
38 115 48
38 116 2
38 117 2
38 118 100
38 119 93
39 40 37
39 41 36
39 42 8
39 43 20
39 44 93
39 45 71
39 46 24
39 47 7
39 48 11
39 49 82
39 50 20
39 51 29
39 52 74
39 53 84
39 54 93
39 55 37
39 56 4
39 57 43
39 58 5
39 59 36
39 60 81
39 61 55
39 62 92
39 63 17
39 64 17
39 65 37
39 66 2
39 67 25
39 68 22
39 69 95
39 70 0
39 71 84
39 72 57
39 73 26
39 74 56
39 75 11
39 76 89
39 77 11
39 78 0
39 79 32
39 80 30
39 81 18
39 82 28
39 83 66
39 84 41
39 85 49
39 86 68
39 87 86
39 88 6
39 89 76
39 90 30
39 91 14
39 92 42
39 93 62
39 94 34
39 95 74
39 96 56
39 97 68
39 98 76
39 99 57
39 100 12
39 101 56
39 102 74
39 103 53
39 104 22
39 105 84
39 106 36
39 107 65
39 108 60
39 109 77
39 110 66
39 111 25
39 112 79
39 113 83
39 114 32
39 115 71
39 116 89
39 117 1
39 118 68
39 119 39
40 41 47
40 42 90
40 43 98
40 44 58
40 45 16
40 46 19
40 47 24
40 48 0
40 49 1
40 50 83
40 51 49
40 52 80
40 53 70
40 54 53
40 55 91
40 56 45
40 57 31
40 58 94
40 59 62
40 60 8
40 61 47
40 62 29
40 63 5
40 64 59
40 65 20
40 66 82
40 67 46
40 68 29
40 69 66
40 70 92
40 71 74
40 72 81
40 73 74
40 74 15
40 75 87
40 76 40
40 77 50
40 78 95
40 79 42
40 80 20
40 81 30
40 82 9
40 83 86
40 84 40
40 85 3
40 86 27
40 87 10
40 88 60
40 89 47
40 90 98
40 91 45
40 92 53
40 93 62
40 94 65
40 95 49
40 96 3
40 97 77
40 98 91
40 99 92
40 100 27
40 101 77
40 102 61
40 103 98
40 104 99
40 105 42
40 106 13
40 107 100
40 108 91
40 109 100
40 110 20
40 111 10
40 112 90
40 113 24
40 114 47
40 115 37
40 116 69
40 117 10
40 118 32
40 119 69
41 42 94
41 43 34
41 44 79
41 45 87
41 46 22
41 47 56
41 48 8
41 49 100
41 50 76
41 51 63
41 52 99
41 53 88
41 54 84
41 55 29
41 56 61
41 57 0
41 58 26
41 59 0
41 60 73
41 61 75
41 62 7
41 63 79
41 64 46
41 65 27
41 66 93
41 67 15
41 68 45
41 69 98
41 70 37
41 71 7
41 72 9
41 73 47
41 74 16
41 75 38
41 76 3
41 77 2
41 78 14
41 79 14
41 80 46
41 81 43
41 82 85
41 83 91
41 84 18
41 85 83
41 86 79
41 87 21
41 88 14
41 89 31
41 90 89
41 91 48
41 92 19
41 93 42
41 94 98
41 95 5
41 96 83
41 97 89
41 98 30
41 99 83
41 100 88
41 101 68
41 102 50
41 103 17
41 104 85
41 105 45
41 106 34
41 107 67
41 108 96
41 109 80
41 110 43
41 111 82
41 112 42
41 113 62
41 114 57
41 115 77
41 116 35
41 117 74
41 118 93
41 119 10
42 43 79
42 44 82
42 45 40
42 46 96
42 47 52
42 48 60
42 49 15
42 50 7
42 51 20
42 52 81
42 53 79
42 54 100
42 55 3
42 56 93
42 57 95
42 58 72
42 59 8
42 60 53
42 61 14
42 62 36
42 63 68
42 64 38
42 65 43
42 66 66
42 67 60
42 68 87
42 69 23
42 70 95
42 71 79
42 72 32
42 73 3
42 74 63
42 75 82
42 76 38
42 77 39
42 78 28
42 79 66
42 80 18
42 81 96
42 82 11
42 83 10
42 84 30
42 85 33
42 86 93
42 87 81
42 88 38
42 89 84
42 90 78
42 91 4
42 92 74
42 93 95
42 94 72
42 95 82
42 96 93
42 97 58
42 98 62
42 99 25
42 100 61
42 101 84
42 102 65
42 103 9
42 104 10
42 105 0
42 106 14
42 107 98
42 108 39
42 109 26
42 110 97
42 111 22
42 112 62
42 113 93
42 114 67
42 115 14
42 116 36
42 117 58
42 118 83
42 119 4
43 44 37
43 45 28
43 46 95
43 47 42
43 48 51
43 49 28
43 50 33
43 51 76
43 52 14
43 53 92
43 54 86
43 55 32
43 56 45
43 57 37
43 58 84
43 59 74
43 60 8
43 61 45
43 62 42
43 63 92
43 64 8
43 65 26
43 66 95
43 67 72
43 68 14
43 69 73
43 70 24
43 71 91
43 72 51
43 73 23
43 74 74
43 75 79
43 76 77
43 77 61
43 78 8
43 79 12
43 80 54
43 81 78
43 82 16
43 83 41
43 84 66
43 85 72
43 86 75
43 87 65
43 88 58
43 89 19
43 90 99
43 91 9
43 92 100
43 93 58
43 94 23
43 95 40
43 96 42
43 97 64
43 98 83
43 99 74
43 100 24
43 101 18
43 102 73
43 103 78
43 104 2
43 105 77
43 106 60
43 107 19
43 108 90
43 109 4
43 110 56
43 111 24
43 112 56
43 113 5
43 114 59
43 115 7
43 116 65
43 117 19
43 118 80
43 119 17
44 45 31
44 46 6
44 47 43
44 48 72
44 49 92
44 50 20
44 51 98
44 52 85
44 53 21
44 54 28
44 55 6
44 56 90
44 57 69
44 58 44
44 59 3
44 60 16
44 61 19
44 62 6
44 63 79
44 64 43
44 65 89
44 66 13
44 67 67
44 68 44
44 69 48
44 70 53
44 71 32
44 72 76
44 73 48
44 74 51
44 75 71
44 76 64
44 77 38
44 78 69
44 79 96
44 80 32
44 81 16
44 82 62
44 83 49
44 84 97
44 85 9
44 86 92
44 87 57
44 88 36
44 89 89
44 90 66
44 91 98
44 92 4
44 93 80
44 94 6
44 95 74
44 96 96
44 97 31
44 98 57
44 99 71
44 100 14
44 101 71
44 102 82
44 103 69
44 104 60
44 105 83
44 106 68
44 107 98
44 108 2
44 109 53
44 110 7
44 111 96
44 112 76
44 113 86
44 114 67
44 115 30
44 116 75
44 117 65
44 118 39
44 119 61
45 46 57
45 47 15
45 48 84
45 49 7
45 50 78
45 51 28
45 52 96
45 53 55
45 54 62
45 55 68
45 56 54
45 57 79
45 58 58
45 59 90
45 60 98
45 61 9
45 62 78
45 63 94
45 64 99
45 65 91
45 66 78
45 67 2
45 68 50
45 69 14
45 70 18
45 71 76
45 72 97
45 73 70
45 74 85
45 75 49
45 76 85
45 77 48
45 78 81
45 79 21
45 80 6
45 81 62
45 82 44
45 83 37
45 84 6
45 85 84
45 86 68
45 87 52
45 88 10
45 89 67
45 90 20
45 91 81
45 92 83
45 93 20
45 94 42
45 95 76
45 96 65
45 97 95
45 98 38
45 99 42
45 100 98
45 101 51
45 102 87
45 103 4
45 104 38
45 105 53
45 106 68
45 107 82
45 108 2
45 109 74
45 110 30
45 111 32
45 112 66
45 113 31
45 114 64
45 115 81
45 116 100
45 117 99
45 118 20
45 119 32
46 47 75
46 48 66
46 49 69
46 50 94
46 51 30
46 52 21
46 53 47
46 54 30
46 55 12
46 56 72
46 57 46
46 58 16
46 59 30
46 60 83
46 61 9
46 62 54
46 63 27
46 64 59
46 65 28
46 66 50
46 67 11
46 68 35
46 69 53
46 70 99
46 71 70
46 72 84
46 73 45
46 74 92
46 75 72
46 76 32
46 77 0
46 78 71
46 79 22
46 80 55
46 81 95
46 82 1
46 83 25
46 84 70
46 85 81
46 86 40
46 87 13
46 88 27
46 89 89
46 90 54
46 91 95
46 92 76
46 93 87
46 94 2
46 95 66
46 96 65
46 97 9
46 98 41
46 99 40
46 100 22
46 101 8
46 102 65
46 103 47
46 104 35
46 105 70
46 106 77
46 107 30
46 108 62
46 109 6
46 110 50
46 111 70
46 112 62
46 113 38
46 114 47
46 115 2
46 116 35
46 117 32
46 118 79
46 119 47
47 48 21
47 49 37
47 50 10
47 51 12
47 52 13
47 53 93
47 54 9
47 55 20
47 56 8
47 57 31
47 58 97
47 59 70
47 60 75
47 61 64
47 62 53
47 63 28
47 64 22
47 65 17
47 66 31
47 67 32
47 68 99
47 69 46
47 70 36
47 71 20
47 72 25
47 73 22
47 74 87
47 75 71
47 76 38
47 77 27
47 78 57
47 79 11
47 80 96
47 81 46
47 82 80
47 83 15
47 84 56
47 85 56
47 86 41
47 87 74
47 88 89
47 89 46
47 90 7
47 91 40
47 92 40
47 93 23
47 94 55
47 95 54
47 96 1
47 97 23
47 98 55
47 99 9
47 100 24
47 101 71
47 102 93
47 103 17
47 104 83
47 105 63
47 106 95
47 107 88
47 108 50
47 109 62
47 110 33
47 111 54
47 112 45
47 113 26
47 114 51
47 115 27
47 116 79
47 117 79
47 118 86
47 119 58
48 49 12
48 50 10
48 51 51
48 52 25
48 53 70
48 54 35
48 55 38
48 56 80
48 57 10
48 58 16
48 59 1
48 60 97
48 61 17
48 62 72
48 63 59
48 64 55
48 65 100
48 66 1
48 67 93
48 68 71
48 69 88
48 70 55
48 71 94
48 72 60
48 73 87
48 74 34
48 75 32
48 76 39
48 77 15
48 78 36
48 79 74
48 80 84
48 81 29
48 82 27
48 83 90
48 84 68
48 85 80
48 86 16
48 87 88
48 88 53
48 89 79
48 90 0
48 91 92
48 92 22
48 93 18
48 94 42
48 95 7
48 96 16
48 97 100
48 98 11
48 99 18
48 100 87
48 101 31
48 102 40
48 103 34
48 104 58
48 105 62
48 106 60
48 107 95
48 108 66
48 109 42
48 110 35
48 111 84
48 112 73
48 113 0
48 114 88
48 115 47
48 116 93
48 117 82
48 118 6
48 119 30
49 50 45
49 51 78
49 52 98
49 53 24
49 54 96
49 55 49
49 56 70
49 57 1
49 58 33
49 59 7
49 60 16
49 61 4
49 62 9
49 63 39
49 64 44
49 65 78
49 66 28
49 67 39
49 68 35
49 69 75
49 70 29
49 71 66
49 72 99
49 73 60
49 74 55
49 75 93
49 76 56
49 77 55
49 78 71
49 79 56
49 80 0
49 81 98
49 82 19
49 83 18
49 84 2
49 85 26
49 86 46
49 87 12
49 88 69
49 89 26
49 90 86
49 91 89
49 92 63
49 93 8
49 94 30
49 95 94
49 96 63
49 97 26
49 98 84
49 99 51
49 100 45
49 101 35
49 102 56
49 103 54
49 104 39
49 105 12
49 106 10
49 107 74
49 108 98
49 109 91
49 110 31
49 111 50
49 112 1
49 113 40
49 114 31
49 115 41
49 116 19
49 117 63
49 118 74
49 119 8
50 51 99
50 52 59
50 53 42
50 54 97
50 55 97
50 56 82
50 57 31
50 58 32
50 59 30
50 60 46
50 61 52
50 62 99
50 63 46
50 64 84
50 65 74
50 66 39
50 67 24
50 68 31
50 69 68
50 70 95
50 71 64
50 72 39
50 73 34
50 74 23
50 75 28
50 76 2
50 77 23
50 78 6
50 79 59
50 80 13
50 81 84
50 82 27
50 83 91
50 84 16
50 85 86
50 86 89
50 87 62
50 88 23
50 89 40
50 90 84
50 91 20
50 92 88
50 93 44
50 94 55
50 95 36
50 96 78
50 97 11
50 98 30
50 99 29
50 100 78
50 101 52
50 102 88
50 103 1
50 104 71
50 105 5
50 106 17
50 107 13
50 108 97
50 109 87
50 110 38
50 111 73
50 112 53
50 113 56
50 114 94
50 115 74
50 116 98
50 117 37
50 118 54
50 119 6
51 52 71
51 53 96
51 54 21
51 55 36
51 56 9
51 57 10
51 58 68
51 59 89
51 60 66
51 61 100
51 62 22
51 63 86
51 64 94
51 65 81
51 66 63
51 67 49
51 68 73
51 69 45
51 70 6
51 71 42
51 72 25
51 73 51
51 74 87
51 75 53
51 76 93
51 77 41
51 78 30
51 79 95
51 80 8
51 81 68
51 82 34
51 83 4
51 84 44
51 85 79
51 86 19
51 87 70
51 88 35
51 89 57
51 90 69
51 91 40
51 92 3
51 93 22
51 94 96
51 95 47
51 96 54
51 97 23
51 98 5
51 99 85
51 100 6
51 101 98
51 102 5
51 103 93
51 104 11
51 105 76
51 106 67
51 107 70
51 108 92
51 109 17
51 110 94
51 111 34
51 112 86
51 113 15
51 114 63
51 115 25
51 116 99
51 117 95
51 118 27
51 119 44
52 53 13
52 54 43
52 55 9
52 56 11
52 57 75
52 58 91
52 59 72
52 60 83
52 61 40
52 62 66
52 63 98
52 64 37
52 65 5
52 66 26
52 67 92
52 68 15
52 69 75
52 70 37
52 71 35
52 72 6
52 73 96
52 74 83
52 75 1
52 76 67
52 77 66
52 78 45
52 79 60
52 80 13
52 81 51
52 82 58
52 83 17
52 84 95
52 85 3
52 86 79
52 87 34
52 88 82
52 89 60
52 90 94
52 91 52
52 92 98
52 93 18
52 94 36
52 95 35
52 96 77
52 97 12
52 98 83
52 99 18
52 100 46
52 101 78
52 102 14
52 103 9
52 104 29
52 105 83
52 106 69
52 107 66
52 108 76
52 109 84
52 110 55
52 111 48
52 112 86
52 113 66
52 114 20
52 115 11
52 116 5
52 117 84
52 118 74
52 119 84
53 54 23
53 55 4
53 56 86
53 57 63
53 58 36
53 59 71
53 60 12
53 61 85
53 62 0
53 63 84
53 64 13
53 65 41
53 66 23
53 67 23
53 68 37
53 69 0
53 70 57
53 71 99
53 72 20
53 73 16
53 74 70
53 75 22
53 76 59
53 77 56
53 78 38
53 79 97
53 80 42
53 81 85
53 82 46
53 83 34
53 84 5
53 85 7
53 86 30
53 87 5
53 88 15
53 89 1
53 90 49
53 91 41
53 92 80
53 93 57
53 94 69
53 95 27
53 96 30
53 97 38
53 98 39
53 99 53
53 100 2
53 101 48
53 102 6
53 103 38
53 104 6
53 105 65
53 106 67
53 107 57
53 108 75
53 109 11
53 110 35
53 111 31
53 112 67
53 113 45
53 114 61
53 115 44
53 116 49
53 117 99
53 118 76
53 119 23
54 55 16
54 56 60
54 57 43
54 58 90
54 59 14
54 60 14
54 61 67
54 62 91
54 63 48
54 64 36
54 65 1
54 66 34
54 67 15
54 68 36
54 69 58
54 70 9
54 71 88
54 72 23
54 73 42
54 74 43
54 75 99
54 76 52
54 77 80
54 78 95
54 79 9
54 80 61
54 81 63
54 82 69
54 83 24
54 84 4
54 85 16
54 86 86
54 87 13
54 88 26
54 89 3
54 90 68
54 91 8
54 92 14
54 93 53
54 94 30
54 95 93
54 96 41
54 97 18
54 98 38
54 99 72
54 100 77
54 101 1
54 102 12
54 103 20
54 104 100
54 105 6
54 106 47
54 107 81
54 108 28
54 109 59
54 110 48
54 111 82
54 112 98
54 113 44
54 114 7
54 115 76
54 116 64
54 117 9
54 118 54
54 119 51
55 56 45
55 57 53
55 58 36
55 59 58
55 60 7
55 61 93
55 62 10
55 63 98
55 64 70
55 65 0
55 66 88
55 67 93
55 68 14
55 69 41
55 70 41
55 71 45
55 72 80
55 73 91
55 74 42
55 75 84
55 76 25
55 77 10
55 78 14
55 79 98
55 80 96
55 81 95
55 82 95
55 83 94
55 84 88
55 85 35
55 86 100
55 87 12
55 88 37
55 89 50
55 90 64
55 91 92
55 92 31
55 93 21
55 94 82
55 95 87
55 96 48
55 97 23
55 98 14
55 99 67
55 100 28
55 101 41
55 102 54
55 103 89
55 104 82
55 105 15
55 106 42
55 107 82
55 108 1
55 109 93
55 110 34
55 111 13
55 112 28
55 113 38
55 114 76
55 115 6
55 116 60
55 117 94
55 118 23
55 119 88
56 57 6
56 58 70
56 59 7
56 60 61
56 61 45
56 62 54
56 63 84
56 64 100
56 65 80
56 66 97
56 67 62
56 68 53
56 69 14
56 70 32
56 71 79
56 72 73
56 73 75
56 74 77
56 75 90
56 76 72
56 77 28
56 78 79
56 79 86
56 80 17
56 81 5
56 82 33
56 83 79
56 84 17
56 85 21
56 86 83
56 87 51
56 88 30
56 89 36
56 90 85
56 91 42
56 92 79
56 93 78
56 94 89
56 95 97
56 96 38
56 97 54
56 98 98
56 99 0
56 100 47
56 101 43
56 102 61
56 103 16
56 104 5
56 105 95
56 106 14
56 107 92
56 108 91
56 109 69
56 110 58
56 111 60
56 112 53
56 113 21
56 114 2
56 115 86
56 116 72
56 117 4
56 118 50
56 119 28
57 58 40
57 59 80
57 60 85
57 61 68
57 62 72
57 63 55
57 64 66
57 65 19
57 66 65
57 67 21
57 68 89
57 69 7
57 70 45
57 71 22
57 72 96
57 73 72
57 74 89
57 75 22
57 76 24
57 77 53
57 78 87
57 79 89
57 80 82
57 81 5
57 82 56
57 83 36
57 84 59
57 85 38
57 86 6
57 87 16
57 88 83
57 89 0
57 90 59
57 91 38
57 92 44
57 93 27
57 94 30
57 95 73
57 96 42
57 97 31
57 98 10
57 99 63
57 100 82
57 101 9
57 102 12
57 103 9
57 104 78
57 105 65
57 106 25
57 107 98
57 108 63
57 109 59
57 110 49
57 111 13
57 112 97
57 113 97
57 114 29
57 115 57
57 116 51
57 117 19
57 118 0
57 119 10
58 59 45
58 60 27
58 61 90
58 62 26
58 63 57
58 64 18
58 65 28
58 66 52
58 67 63
58 68 35
58 69 42
58 70 81
58 71 64
58 72 46
58 73 37
58 74 93
58 75 67
58 76 18
58 77 59
58 78 29
58 79 88
58 80 84
58 81 41
58 82 84
58 83 85
58 84 32
58 85 30
58 86 2
58 87 85
58 88 56
58 89 99
58 90 32
58 91 96
58 92 71
58 93 74
58 94 29
58 95 48
58 96 33
58 97 74
58 98 4
58 99 45
58 100 36
58 101 32
58 102 68
58 103 38
58 104 26
58 105 94
58 106 80
58 107 55
58 108 38
58 109 3
58 110 8
58 111 59
58 112 56
58 113 13
58 114 19
58 115 20
58 116 61
58 117 62
58 118 38
58 119 21
59 60 72
59 61 9
59 62 97
59 63 99
59 64 28
59 65 50
59 66 55
59 67 95
59 68 64
59 69 39
59 70 42
59 71 98
59 72 55
59 73 67
59 74 38
59 75 49
59 76 90
59 77 64
59 78 39
59 79 49
59 80 70
59 81 2
59 82 5
59 83 11
59 84 73
59 85 20
59 86 18
59 87 75
59 88 72
59 89 76
59 90 64
59 91 89
59 92 96
59 93 76
59 94 1
59 95 99
59 96 42
59 97 2
59 98 66
59 99 45
59 100 73
59 101 11
59 102 41
59 103 75
59 104 4
59 105 10
59 106 100
59 107 67
59 108 41
59 109 59
59 110 33
59 111 23
59 112 70
59 113 95
59 114 56
59 115 89
59 116 80
59 117 98
59 118 96
59 119 62
60 61 10
60 62 81
60 63 5
60 64 2
60 65 11
60 66 46
60 67 0
60 68 19
60 69 2
60 70 100
60 71 80
60 72 26
60 73 26
60 74 96
60 75 10
60 76 39
60 77 93
60 78 78
60 79 92
60 80 52
60 81 98
60 82 72
60 83 46
60 84 98
60 85 34
60 86 52
60 87 84
60 88 80
60 89 95
60 90 54
60 91 24
60 92 38
60 93 57
60 94 58
60 95 88
60 96 3
60 97 73
60 98 98
60 99 21
60 100 85
60 101 13
60 102 47
60 103 47
60 104 41
60 105 26
60 106 97
60 107 77
60 108 69
60 109 31
60 110 72
60 111 29
60 112 10
60 113 11
60 114 89
60 115 35
60 116 63
60 117 67
60 118 43
60 119 84
61 62 46
61 63 66
61 64 77
61 65 86
61 66 76
61 67 34
61 68 59
61 69 15
61 70 62
61 71 92
61 72 18
61 73 39
61 74 39
61 75 80
61 76 2
61 77 65
61 78 25
61 79 31
61 80 67
61 81 13
61 82 56
61 83 74
61 84 83
61 85 6
61 86 32
61 87 6
61 88 12
61 89 7
61 90 94
61 91 3
61 92 1
61 93 9
61 94 28
61 95 39
61 96 77
61 97 17
61 98 23
61 99 81
61 100 69
61 101 3
61 102 71
61 103 86
61 104 71
61 105 60
61 106 86
61 107 48
61 108 71
61 109 36
61 110 23
61 111 27
61 112 57
61 113 88
61 114 20
61 115 9
61 116 64
61 117 92
61 118 17
61 119 17
62 63 99
62 64 56
62 65 41
62 66 15
62 67 66
62 68 16
62 69 0
62 70 65
62 71 45
62 72 6
62 73 3
62 74 7
62 75 82
62 76 7
62 77 48
62 78 1
62 79 57
62 80 32
62 81 94
62 82 13
62 83 57
62 84 96
62 85 64
62 86 4
62 87 29
62 88 15
62 89 93
62 90 0
62 91 92
62 92 23
62 93 59
62 94 73
62 95 37
62 96 55
62 97 82
62 98 98
62 99 88
62 100 49
62 101 76
62 102 74
62 103 22
62 104 13
62 105 68
62 106 30
62 107 55
62 108 81
62 109 45
62 110 1
62 111 28
62 112 60
62 113 87
62 114 11
62 115 4
62 116 81
62 117 12
62 118 87
62 119 51
63 64 61
63 65 38
63 66 84
63 67 76
63 68 13
63 69 1
63 70 67
63 71 94
63 72 12
63 73 43
63 74 73
63 75 22
63 76 13
63 77 61
63 78 90
63 79 3
63 80 76
63 81 93
63 82 22
63 83 98
63 84 60
63 85 38
63 86 58
63 87 98
63 88 85
63 89 4
63 90 33
63 91 26
63 92 6
63 93 94
63 94 72
63 95 11
63 96 25
63 97 77
63 98 52
63 99 95
63 100 86
63 101 33
63 102 20
63 103 43
63 104 81
63 105 27
63 106 10
63 107 93
63 108 94
63 109 20
63 110 60
63 111 68
63 112 36
63 113 18
63 114 66
63 115 71
63 116 6
63 117 97
63 118 5
63 119 88
64 65 66
64 66 5
64 67 4
64 68 46
64 69 50
64 70 100
64 71 58
64 72 48
64 73 37
64 74 55
64 75 92
64 76 94
64 77 49
64 78 20
64 79 4
64 80 47
64 81 98
64 82 97
64 83 95
64 84 47
64 85 18
64 86 67
64 87 73
64 88 67
64 89 97
64 90 79
64 91 97
64 92 33
64 93 81
64 94 28
64 95 5
64 96 25
64 97 95
64 98 16
64 99 17
64 100 8
64 101 37
64 102 48
64 103 78
64 104 72
64 105 94
64 106 8
64 107 39
64 108 19
64 109 4
64 110 98
64 111 61
64 112 13
64 113 13
64 114 71
64 115 43
64 116 36
64 117 15
64 118 20
64 119 32
65 66 43
65 67 50
65 68 1
65 69 8
65 70 87
65 71 9
65 72 2
65 73 70
65 74 10
65 75 77
65 76 20
65 77 88
65 78 56
65 79 5
65 80 13
65 81 47
65 82 96
65 83 18
65 84 79
65 85 95
65 86 30
65 87 57
65 88 82
65 89 4
65 90 36
65 91 81
65 92 15
65 93 42
65 94 39
65 95 100
65 96 99
65 97 92
65 98 70
65 99 8
65 100 58
65 101 93
65 102 69
65 103 9
65 104 88
65 105 28
65 106 76
65 107 15
65 108 90
65 109 69
65 110 53
65 111 74
65 112 100
65 113 100
65 114 65
65 115 58
65 116 51
65 117 85
65 118 23
65 119 100
66 67 0
66 68 100
66 69 18
66 70 63
66 71 36
66 72 61
66 73 95
66 74 59
66 75 38
66 76 67
66 77 57
66 78 16
66 79 62
66 80 0
66 81 21
66 82 50
66 83 95
66 84 52
66 85 74
66 86 58
66 87 63
66 88 26
66 89 3
66 90 21
66 91 12
66 92 95
66 93 53
66 94 64
66 95 44
66 96 11
66 97 5
66 98 57
66 99 77
66 100 19
66 101 37
66 102 48
66 103 41
66 104 87
66 105 13
66 106 10
66 107 50
66 108 16
66 109 86
66 110 16
66 111 12
66 112 1
66 113 30
66 114 92
66 115 5
66 116 94
66 117 55
66 118 82
66 119 24
67 68 68
67 69 10
67 70 60
67 71 17
67 72 13
67 73 64
67 74 88
67 75 34
67 76 95
67 77 28
67 78 78
67 79 29
67 80 34
67 81 36
67 82 74
67 83 100
67 84 9
67 85 10
67 86 78
67 87 7
67 88 37
67 89 59
67 90 43
67 91 18
67 92 73
67 93 73
67 94 4
67 95 37
67 96 13
67 97 24
67 98 8
67 99 2
67 100 66
67 101 43
67 102 70
67 103 63
67 104 63
67 105 4
67 106 82
67 107 84
67 108 28
67 109 24
67 110 84
67 111 34
67 112 28
67 113 44
67 114 88
67 115 41
67 116 46
67 117 2
67 118 48
67 119 61
68 69 83
68 70 91
68 71 27
68 72 68
68 73 15
68 74 47
68 75 32
68 76 96
68 77 88
68 78 0
68 79 56
68 80 2
68 81 100
68 82 100
68 83 52
68 84 13
68 85 29
68 86 48
68 87 88
68 88 1
68 89 24
68 90 38
68 91 31
68 92 93
68 93 42
68 94 36
68 95 23
68 96 14
68 97 61
68 98 65
68 99 43
68 100 27
68 101 71
68 102 48
68 103 30
68 104 81
68 105 30
68 106 66
68 107 97
68 108 26
68 109 71
68 110 88
68 111 90
68 112 53
68 113 96
68 114 17
68 115 33
68 116 18
68 117 44
68 118 14
68 119 37
69 70 93
69 71 80
69 72 67
69 73 33
69 74 36
69 75 39
69 76 80
69 77 83
69 78 27
69 79 94
69 80 92
69 81 4
69 82 2
69 83 18
69 84 61
69 85 97
69 86 72
69 87 60
69 88 0
69 89 17
69 90 24
69 91 73
69 92 13
69 93 70
69 94 92
69 95 22
69 96 74
69 97 77
69 98 3
69 99 37
69 100 5
69 101 24
69 102 93
69 103 62
69 104 52
69 105 26
69 106 31
69 107 68
69 108 54
69 109 26
69 110 67
69 111 40
69 112 4
69 113 32
69 114 81
69 115 90
69 116 49
69 117 28
69 118 95
69 119 27
70 71 96
70 72 33
70 73 12
70 74 62
70 75 77
70 76 76
70 77 69
70 78 39
70 79 44
70 80 29
70 81 81
70 82 93
70 83 22
70 84 33
70 85 56
70 86 82
70 87 59
70 88 64
70 89 91
70 90 15
70 91 64
70 92 73
70 93 75
70 94 14
70 95 73
70 96 32
70 97 27
70 98 40
70 99 84
70 100 11
70 101 67
70 102 90
70 103 26
70 104 18
70 105 33
70 106 39
70 107 99
70 108 19
70 109 77
70 110 42
70 111 6
70 112 10
70 113 82
70 114 28
70 115 2
70 116 6
70 117 3
70 118 83
70 119 33
71 72 54
71 73 19
71 74 57
71 75 53
71 76 76
71 77 79
71 78 58
71 79 21
71 80 16
71 81 71
71 82 12
71 83 74
71 84 68
71 85 6
71 86 76
71 87 30
71 88 21
71 89 88
71 90 46
71 91 86
71 92 35
71 93 43
71 94 32
71 95 72
71 96 75
71 97 58
71 98 50
71 99 10
71 100 99
71 101 92
71 102 24
71 103 75
71 104 59
71 105 28
71 106 29
71 107 12
71 108 72
71 109 92
71 110 71
71 111 97
71 112 47
71 113 71
71 114 93
71 115 45
71 116 92
71 117 51
71 118 98
71 119 48
72 73 100
72 74 49
72 75 44
72 76 55
72 77 60
72 78 44
72 79 39
72 80 3
72 81 82
72 82 61
72 83 90
72 84 75
72 85 0
72 86 64
72 87 81
72 88 2
72 89 71
72 90 92
72 91 62
72 92 87
72 93 8
72 94 49
72 95 88
72 96 37
72 97 36
72 98 33
72 99 15
72 100 13
72 101 42
72 102 22
72 103 38
72 104 38
72 105 86
72 106 23
72 107 57
72 108 48
72 109 28
72 110 16
72 111 36
72 112 51
72 113 68
72 114 84
72 115 58
72 116 21
72 117 18
72 118 29
72 119 24
73 74 90
73 75 80
73 76 27
73 77 74
73 78 51
73 79 42
73 80 81
73 81 35
73 82 72
73 83 51
73 84 17
73 85 63
73 86 87
73 87 20
73 88 69
73 89 92
73 90 31
73 91 74
73 92 22
73 93 18
73 94 95
73 95 83
73 96 59
73 97 18
73 98 44
73 99 34
73 100 60
73 101 39
73 102 78
73 103 95
73 104 0
73 105 36
73 106 63
73 107 60
73 108 97
73 109 91
73 110 76
73 111 53
73 112 11
73 113 44
73 114 36
73 115 40
73 116 83
73 117 16
73 118 53
73 119 9
74 75 94
74 76 10
74 77 67
74 78 73
74 79 74
74 80 51
74 81 80
74 82 38
74 83 91
74 84 28
74 85 68
74 86 97
74 87 19
74 88 73
74 89 74
74 90 8
74 91 4
74 92 64
74 93 68
74 94 75
74 95 26
74 96 95
74 97 98
74 98 60
74 99 1
74 100 40
74 101 37
74 102 75
74 103 55
74 104 70
74 105 11
74 106 26
74 107 89
74 108 96
74 109 28
74 110 17
74 111 91
74 112 53
74 113 50
74 114 92
74 115 74
74 116 53
74 117 37
74 118 15
74 119 67
75 76 43
75 77 91
75 78 59
75 79 3
75 80 37
75 81 73
75 82 62
75 83 76
75 84 95
75 85 84
75 86 17
75 87 18
75 88 50
75 89 59
75 90 72
75 91 7
75 92 19
75 93 74
75 94 0
75 95 56
75 96 38
75 97 26
75 98 11
75 99 66
75 100 77
75 101 55
75 102 21
75 103 24
75 104 63
75 105 73
75 106 0
75 107 22
75 108 91
75 109 61
75 110 57
75 111 16
75 112 65
75 113 66
75 114 84
75 115 32
75 116 92
75 117 63
75 118 46
75 119 79
76 77 93
76 78 15
76 79 58
76 80 90
76 81 92
76 82 20
76 83 36
76 84 6
76 85 1
76 86 21
76 87 19
76 88 66
76 89 86
76 90 74
76 91 66
76 92 85
76 93 57
76 94 85
76 95 85
76 96 40
76 97 97
76 98 56
76 99 66
76 100 45
76 101 59
76 102 54
76 103 84
76 104 92
76 105 74
76 106 50
76 107 86
76 108 85
76 109 91
76 110 20
76 111 97
76 112 39
76 113 46
76 114 20
76 115 69
76 116 34
76 117 85
76 118 54
76 119 4
77 78 82
77 79 71
77 80 98
77 81 20
77 82 24
77 83 85
77 84 95
77 85 38
77 86 3
77 87 47
77 88 20
77 89 21
77 90 11
77 91 8
77 92 0
77 93 35
77 94 50
77 95 31
77 96 78
77 97 76
77 98 8
77 99 15
77 100 61
77 101 9
77 102 13
77 103 45
77 104 74
77 105 37
77 106 80
77 107 93
77 108 84
77 109 41
77 110 10
77 111 43
77 112 69
77 113 52
77 114 91
77 115 40
77 116 20
77 117 91
77 118 56
77 119 91
78 79 66
78 80 98
78 81 90
78 82 70
78 83 83
78 84 77
78 85 28
78 86 73
78 87 46
78 88 55
78 89 23
78 90 3
78 91 23
78 92 37
78 93 58
78 94 1
78 95 89
78 96 12
78 97 64
78 98 93
78 99 5
78 100 74
78 101 0
78 102 84
78 103 8
78 104 64
78 105 99
78 106 68
78 107 81
78 108 28
78 109 75
78 110 58
78 111 78
78 112 52
78 113 55
78 114 23
78 115 37
78 116 62
78 117 73
78 118 94
78 119 48
79 80 95
79 81 26
79 82 70
79 83 31
79 84 95
79 85 74
79 86 25
79 87 41
79 88 79
79 89 77
79 90 43
79 91 68
79 92 49
79 93 47
79 94 7
79 95 35
79 96 11
79 97 0
79 98 67
79 99 84
79 100 60
79 101 89
79 102 80
79 103 46
79 104 49
79 105 61
79 106 29
79 107 11
79 108 0
79 109 42
79 110 9
79 111 21
79 112 84
79 113 4
79 114 84
79 115 92
79 116 84
79 117 49
79 118 20
79 119 42
80 81 10
80 82 42
80 83 38
80 84 75
80 85 66
80 86 100
80 87 87
80 88 39
80 89 96
80 90 25
80 91 83
80 92 3
80 93 28
80 94 25
80 95 34
80 96 3
80 97 68
80 98 96
80 99 28
80 100 43
80 101 13
80 102 95
80 103 78
80 104 30
80 105 12
80 106 58
80 107 15
80 108 90
80 109 21
80 110 23
80 111 70
80 112 13
80 113 55
80 114 61
80 115 58
80 116 21
80 117 95
80 118 15
80 119 43
81 82 12
81 83 57
81 84 38
81 85 26
81 86 82
81 87 88
81 88 82
81 89 63
81 90 66
81 91 85
81 92 5
81 93 39
81 94 48
81 95 46
81 96 3
81 97 20
81 98 83
81 99 7
81 100 39
81 101 82
81 102 98
81 103 46
81 104 20
81 105 80
81 106 48
81 107 91
81 108 40
81 109 40
81 110 73
81 111 82
81 112 14
81 113 81
81 114 68
81 115 61
81 116 58
81 117 48
81 118 78
81 119 67
82 83 85
82 84 79
82 85 74
82 86 36
82 87 92
82 88 99
82 89 27
82 90 95
82 91 87
82 92 60
82 93 38
82 94 100
82 95 4
82 96 19
82 97 92
82 98 9
82 99 71
82 100 45
82 101 36
82 102 17
82 103 60
82 104 23
82 105 91
82 106 93
82 107 30
82 108 47
82 109 50
82 110 93
82 111 40
82 112 73
82 113 45
82 114 21
82 115 40
82 116 35
82 117 69
82 118 28
82 119 11
83 84 30
83 85 24
83 86 87
83 87 67
83 88 32
83 89 54
83 90 77
83 91 93
83 92 64
83 93 16
83 94 11
83 95 14
83 96 34
83 97 45
83 98 55
83 99 66
83 100 34
83 101 58
83 102 32
83 103 85
83 104 61
83 105 29
83 106 48
83 107 45
83 108 52
83 109 85
83 110 73
83 111 80
83 112 41
83 113 6
83 114 62
83 115 89
83 116 60
83 117 67
83 118 89
83 119 28
84 85 43
84 86 29
84 87 2
84 88 11
84 89 27
84 90 32
84 91 90
84 92 17
84 93 100
84 94 70
84 95 12
84 96 94
84 97 60
84 98 53
84 99 86
84 100 26
84 101 21
84 102 97
84 103 60
84 104 6
84 105 17
84 106 38
84 107 19
84 108 86
84 109 18
84 110 33
84 111 33
84 112 20
84 113 28
84 114 58
84 115 50
84 116 97
84 117 97
84 118 71
84 119 53
85 86 82
85 87 66
85 88 68
85 89 86
85 90 74
85 91 7
85 92 64
85 93 27
85 94 24
85 95 27
85 96 63
85 97 86
85 98 98
85 99 67
85 100 34
85 101 25
85 102 83
85 103 18
85 104 43
85 105 15
85 106 54
85 107 42
85 108 9
85 109 84
85 110 31
85 111 73
85 112 9
85 113 49
85 114 93
85 115 8
85 116 69
85 117 87
85 118 32
85 119 30
86 87 90
86 88 93
86 89 86
86 90 30
86 91 43
86 92 11
86 93 66
86 94 63
86 95 3
86 96 7
86 97 26
86 98 47
86 99 20
86 100 96
86 101 79
86 102 83
86 103 100
86 104 59
86 105 0
86 106 62
86 107 52
86 108 24
86 109 27
86 110 55
86 111 40
86 112 83
86 113 54
86 114 83
86 115 60
86 116 97
86 117 38
86 118 28
86 119 18
87 88 94
87 89 33
87 90 47
87 91 7
87 92 29
87 93 37
87 94 94
87 95 82
87 96 1
87 97 20
87 98 63
87 99 16
87 100 72
87 101 19
87 102 41
87 103 75
87 104 89
87 105 4
87 106 5
87 107 98
87 108 49
87 109 91
87 110 76
87 111 77
87 112 76
87 113 99
87 114 48
87 115 31
87 116 67
87 117 55
87 118 45
87 119 19
88 89 31
88 90 12
88 91 51
88 92 96
88 93 25
88 94 76
88 95 34
88 96 2
88 97 32
88 98 8
88 99 2
88 100 15
88 101 65
88 102 82
88 103 75
88 104 37
88 105 50
88 106 97
88 107 93
88 108 12
88 109 16
88 110 77
88 111 81
88 112 46
88 113 11
88 114 9
88 115 19
88 116 79
88 117 10
88 118 25
88 119 1
89 90 45
89 91 77
89 92 74
89 93 29
89 94 93
89 95 9
89 96 81
89 97 44
89 98 45
89 99 1
89 100 27
89 101 14
89 102 5
89 103 57
89 104 92
89 105 44
89 106 69
89 107 7
89 108 48
89 109 32
89 110 26
89 111 22
89 112 89
89 113 83
89 114 81
89 115 48
89 116 47
89 117 56
89 118 41
89 119 5
90 91 45
90 92 1
90 93 82
90 94 70
90 95 58
90 96 80
90 97 44
90 98 24
90 99 19
90 100 38
90 101 50
90 102 14
90 103 89
90 104 19
90 105 2
90 106 29
90 107 45
90 108 26
90 109 47
90 110 85
90 111 77
90 112 98
90 113 21
90 114 5
90 115 81
90 116 40
90 117 41
90 118 53
90 119 4
91 92 41
91 93 52
91 94 84
91 95 13
91 96 100
91 97 84
91 98 43
91 99 62
91 100 0
91 101 13
91 102 74
91 103 57
91 104 68
91 105 86
91 106 85
91 107 50
91 108 81
91 109 23
91 110 24
91 111 82
91 112 90
91 113 94
91 114 63
91 115 13
91 116 86
91 117 24
91 118 15
91 119 13
92 93 84
92 94 86
92 95 23
92 96 56
92 97 88
92 98 69
92 99 89
92 100 22
92 101 6
92 102 16
92 103 27
92 104 79
92 105 19
92 106 81
92 107 1
92 108 93
92 109 21
92 110 13
92 111 93
92 112 5
92 113 89
92 114 59
92 115 70
92 116 30
92 117 14
92 118 97
92 119 36
93 94 90
93 95 55
93 96 37
93 97 76
93 98 32
93 99 3
93 100 35
93 101 25
93 102 52
93 103 14
93 104 90
93 105 81
93 106 83
93 107 89
93 108 43
93 109 76
93 110 20
93 111 64
93 112 95
93 113 95
93 114 16
93 115 60
93 116 35
93 117 10
93 118 14
93 119 34
94 95 36
94 96 53
94 97 32
94 98 53
94 99 5
94 100 12
94 101 89
94 102 78
94 103 40
94 104 42
94 105 29
94 106 20
94 107 67
94 108 55
94 109 79
94 110 31
94 111 77
94 112 9
94 113 84
94 114 44
94 115 59
94 116 61
94 117 60
94 118 99
94 119 53
95 96 36
95 97 73
95 98 47
95 99 15
95 100 82
95 101 83
95 102 29
95 103 98
95 104 2
95 105 72
95 106 23
95 107 25
95 108 92
95 109 75
95 110 71
95 111 17
95 112 32
95 113 71
95 114 40
95 115 81
95 116 12
95 117 53
95 118 34
95 119 38
96 97 70
96 98 50
96 99 27
96 100 4
96 101 69
96 102 18
96 103 72
96 104 78
96 105 90
96 106 42
96 107 73
96 108 40
96 109 36
96 110 45
96 111 13
96 112 73
96 113 95
96 114 20
96 115 24
96 116 87
96 117 81
96 118 97
96 119 43
97 98 32
97 99 68
97 100 35
97 101 1
97 102 60
97 103 37
97 104 57
97 105 14
97 106 74
97 107 62
97 108 3
97 109 28
97 110 61
97 111 87
97 112 69
97 113 67
97 114 79
97 115 18
97 116 68
97 117 2
97 118 19
97 119 23
98 99 2
98 100 80
98 101 44
98 102 81
98 103 14
98 104 12
98 105 12
98 106 75
98 107 63
98 108 58
98 109 25
98 110 99
98 111 47
98 112 72
98 113 6
98 114 53
98 115 6
98 116 69
98 117 90
98 118 96
98 119 88
99 100 30
99 101 50
99 102 93
99 103 56
99 104 62
99 105 55
99 106 54
99 107 27
99 108 30
99 109 70
99 110 82
99 111 92
99 112 54
99 113 58
99 114 52
99 115 24
99 116 62
99 117 98
99 118 30
99 119 59
100 101 38
100 102 28
100 103 77
100 104 61
100 105 35
100 106 66
100 107 75
100 108 90
100 109 30
100 110 75
100 111 35
100 112 37
100 113 15
100 114 89
100 115 46
100 116 33
100 117 53
100 118 10
100 119 88
101 102 89
101 103 15
101 104 96
101 105 28
101 106 49
101 107 50
101 108 6
101 109 68
101 110 44
101 111 57
101 112 56
101 113 19
101 114 72
101 115 56
101 116 63
101 117 33
101 118 73
101 119 25
102 103 95
102 104 58
102 105 44
102 106 100
102 107 76
102 108 21
102 109 64
102 110 63
102 111 49
102 112 37
102 113 76
102 114 63
102 115 72
102 116 49
102 117 74
102 118 27
102 119 88
103 104 83
103 105 37
103 106 90
103 107 80
103 108 58
103 109 83
103 110 4
103 111 67
103 112 52
103 113 53
103 114 0
103 115 27
103 116 77
103 117 46
103 118 23
103 119 88
104 105 78
104 106 65
104 107 57
104 108 2
104 109 32
104 110 33
104 111 44
104 112 68
104 113 74
104 114 50
104 115 9
104 116 30
104 117 7
104 118 42
104 119 73
105 106 23
105 107 79
105 108 61
105 109 27
105 110 31
105 111 53
105 112 39
105 113 6
105 114 98
105 115 78
105 116 60
105 117 61
105 118 99
105 119 36
106 107 32
106 108 64
106 109 41
106 110 51
106 111 92
106 112 54
106 113 63
106 114 92
106 115 14
106 116 58
106 117 69
106 118 63
106 119 61
107 108 87
107 109 79
107 110 88
107 111 84
107 112 63
107 113 11
107 114 73
107 115 85
107 116 5
107 117 41
107 118 81
107 119 42
108 109 85
108 110 28
108 111 15
108 112 30
108 113 60
108 114 54
108 115 47
108 116 11
108 117 75
108 118 86
108 119 15
109 110 18
109 111 37
109 112 69
109 113 10
109 114 27
109 115 59
109 116 23
109 117 89
109 118 49
109 119 86
110 111 70
110 112 57
110 113 57
110 114 63
110 115 43
110 116 16
110 117 69
110 118 48
110 119 91
111 112 36
111 113 83
111 114 39
111 115 15
111 116 79
111 117 5
111 118 26
111 119 47
112 113 20
112 114 86
112 115 56
112 116 41
112 117 97
112 118 88
112 119 62
113 114 98
113 115 16
113 116 31
113 117 90
113 118 40
113 119 97
114 115 65
114 116 49
114 117 13
114 118 74
114 119 80
115 116 88
115 117 57
115 118 86
115 119 13
116 117 18
116 118 76
116 119 81
117 118 33
117 119 19
118 119 89
