30 5 ds 6 7 5 8 5 8 5 7 6 6 
0 1 80
0 2 20
0 3 85
0 4 32
0 5 19
0 6 3
0 7 67
0 8 92
0 9 34
0 10 19
0 11 48
0 12 87
0 13 13
0 14 57
0 15 20
0 16 24
0 17 69
0 18 67
0 19 29
0 20 64
0 21 4
0 22 16
0 23 8
0 24 37
0 25 43
0 26 13
0 27 45
0 28 12
0 29 96
1 2 0
1 3 24
1 4 47
1 5 30
1 6 17
1 7 58
1 8 19
1 9 67
1 10 2
1 11 74
1 12 68
1 13 71
1 14 71
1 15 8
1 16 38
1 17 11
1 18 60
1 19 22
1 20 60
1 21 54
1 22 1
1 23 60
1 24 53
1 25 46
1 26 88
1 27 82
1 28 69
1 29 61
2 3 24
2 4 75
2 5 68
2 6 17
2 7 87
2 8 35
2 9 44
2 10 42
2 11 46
2 12 93
2 13 49
2 14 82
2 15 13
2 16 22
2 17 13
2 18 93
2 19 29
2 20 47
2 21 48
2 22 58
2 23 3
2 24 54
2 25 52
2 26 100
2 27 83
2 28 87
2 29 92
3 4 84
3 5 29
3 6 80
3 7 84
3 8 2
3 9 16
3 10 32
3 11 31
3 12 86
3 13 37
3 14 39
3 15 3
3 16 23
3 17 71
3 18 80
3 19 87
3 20 41
3 21 67
3 22 23
3 23 96
3 24 70
3 25 5
3 26 95
3 27 40
3 28 27
3 29 47
4 5 77
4 6 33
4 7 28
4 8 60
4 9 44
4 10 36
4 11 17
4 12 45
4 13 4
4 14 26
4 15 91
4 16 31
4 17 24
4 18 6
4 19 97
4 20 15
4 21 18
4 22 56
4 23 62
4 24 62
4 25 18
4 26 66
4 27 59
4 28 42
4 29 15
5 6 39
5 7 19
5 8 31
5 9 34
5 10 75
5 11 54
5 12 45
5 13 70
5 14 86
5 15 21
5 16 95
5 17 19
5 18 32
5 19 88
5 20 1
5 21 28
5 22 0
5 23 2
5 24 70
5 25 51
5 26 28
5 27 1
5 28 73
5 29 4
6 7 37
6 8 77
6 9 19
6 10 62
6 11 30
6 12 61
6 13 44
6 14 57
6 15 37
6 16 0
6 17 82
6 18 88
6 19 19
6 20 98
6 21 55
6 22 30
6 23 23
6 24 29
6 25 88
6 26 41
6 27 93
6 28 6
6 29 48
7 8 48
7 9 98
7 10 29
7 11 67
7 12 97
7 13 100
7 14 31
7 15 34
7 16 69
7 17 80
7 18 66
7 19 96
7 20 76
7 21 6
7 22 32
7 23 50
7 24 23
7 25 65
7 26 58
7 27 10
7 28 68
7 29 86
8 9 82
8 10 18
8 11 67
8 12 71
8 13 40
8 14 54
8 15 50
8 16 15
8 17 85
8 18 8
8 19 55
8 20 24
8 21 17
8 22 70
8 23 82
8 24 13
8 25 61
8 26 88
8 27 12
8 28 10
8 29 13
9 10 16
9 11 27
9 12 76
9 13 28
9 14 12
9 15 58
9 16 87
9 17 25
9 18 3
9 19 34
9 20 93
9 21 84
9 22 91
9 23 89
9 24 95
9 25 99
9 26 24
9 27 60
9 28 87
9 29 54
10 11 37
10 12 34
10 13 50
10 14 88
10 15 37
10 16 48
10 17 98
10 18 5
10 19 30
10 20 22
10 21 52
10 22 54
10 23 62
10 24 27
10 25 51
10 26 46
10 27 97
10 28 77
10 29 31
11 12 49
11 13 99
11 14 58
11 15 96
11 16 30
11 17 72
11 18 58
11 19 42
11 20 75
11 21 97
11 22 59
11 23 47
11 24 28
11 25 85
11 26 53
11 27 11
11 28 97
11 29 94
12 13 71
12 14 18
12 15 28
12 16 95
12 17 33
12 18 53
12 19 71
12 20 51
12 21 41
12 22 53
12 23 42
12 24 79
12 25 73
12 26 30
12 27 36
12 28 57
12 29 52
13 14 14
13 15 12
13 16 46
13 17 30
13 18 65
13 19 46
13 20 89
13 21 73
13 22 80
13 23 83
13 24 1
13 25 4
13 26 9
13 27 96
13 28 37
13 29 32
14 15 29
14 16 7
14 17 24
14 18 29
14 19 1
14 20 78
14 21 55
14 22 82
14 23 13
14 24 66
14 25 0
14 26 52
14 27 96
14 28 59
14 29 41
15 16 14
15 17 51
15 18 71
15 19 36
15 20 95
15 21 41
15 22 14
15 23 33
15 24 67
15 25 67
15 26 31
15 27 40
15 28 41
15 29 95
16 17 47
16 18 92
16 19 63
16 20 17
16 21 13
16 22 3
16 23 3
16 24 24
16 25 62
16 26 40
16 27 0
16 28 30
16 29 73
17 18 30
17 19 73
17 20 84
17 21 10
17 22 69
17 23 34
17 24 79
17 25 32
17 26 91
17 27 41
17 28 55
17 29 51
18 19 40
18 20 72
18 21 88
18 22 15
18 23 31
18 24 30
18 25 78
18 26 9
18 27 52
18 28 7
18 29 71
19 20 61
19 21 64
19 22 0
19 23 7
19 24 67
19 25 11
19 26 31
19 27 3
19 28 96
19 29 76
20 21 74
20 22 38
20 23 15
20 24 51
20 25 71
20 26 88
20 27 52
20 28 17
20 29 84
21 22 84
21 23 48
21 24 41
21 25 31
21 26 67
21 27 74
21 28 33
21 29 5
22 23 98
22 24 88
22 25 75
22 26 90
22 27 97
22 28 85
22 29 46
23 24 15
23 25 1
23 26 45
23 27 86
23 28 36
23 29 86
24 25 85
24 26 36
24 27 13
24 28 20
24 29 42
25 26 61
25 27 11
25 28 68
25 29 79
26 27 27
26 28 13
26 29 90
27 28 35
27 29 96
28 29 18
