30 5 ds 6 9 5 6 5 6 6 9 6 7 
0 1 14
0 2 76
0 3 56
0 4 68
0 5 31
0 6 4
0 7 46
0 8 70
0 9 13
0 10 51
0 11 3
0 12 17
0 13 83
0 14 75
0 15 5
0 16 28
0 17 82
0 18 71
0 19 84
0 20 86
0 21 26
0 22 51
0 23 34
0 24 72
0 25 95
0 26 9
0 27 80
0 28 81
0 29 81
1 2 50
1 3 62
1 4 28
1 5 22
1 6 83
1 7 73
1 8 92
1 9 57
1 10 54
1 11 3
1 12 33
1 13 14
1 14 92
1 15 48
1 16 77
1 17 16
1 18 35
1 19 92
1 20 8
1 21 63
1 22 61
1 23 87
1 24 57
1 25 32
1 26 77
1 27 41
1 28 23
1 29 69
2 3 1
2 4 74
2 5 70
2 6 10
2 7 74
2 8 10
2 9 77
2 10 8
2 11 47
2 12 56
2 13 43
2 14 92
2 15 75
2 16 6
2 17 91
2 18 13
2 19 35
2 20 95
2 21 38
2 22 34
2 23 100
2 24 82
2 25 89
2 26 55
2 27 17
2 28 3
2 29 13
3 4 77
3 5 65
3 6 93
3 7 67
3 8 76
3 9 5
3 10 46
3 11 30
3 12 83
3 13 62
3 14 11
3 15 2
3 16 45
3 17 98
3 18 72
3 19 33
3 20 55
3 21 47
3 22 8
3 23 54
3 24 79
3 25 37
3 26 68
3 27 12
3 28 56
3 29 85
4 5 0
4 6 36
4 7 64
4 8 66
4 9 42
4 10 75
4 11 70
4 12 68
4 13 39
4 14 8
4 15 54
4 16 89
4 17 91
4 18 82
4 19 34
4 20 3
4 21 93
4 22 33
4 23 13
4 24 98
4 25 54
4 26 40
4 27 23
4 28 71
4 29 67
5 6 36
5 7 20
5 8 39
5 9 41
5 10 100
5 11 35
5 12 67
5 13 51
5 14 81
5 15 60
5 16 53
5 17 78
5 18 65
5 19 54
5 20 12
5 21 3
5 22 25
5 23 4
5 24 52
5 25 81
5 26 54
5 27 46
5 28 56
5 29 46
6 7 79
6 8 86
6 9 84
6 10 4
6 11 43
6 12 35
6 13 58
6 14 92
6 15 14
6 16 31
6 17 5
6 18 87
6 19 1
6 20 22
6 21 1
6 22 38
6 23 30
6 24 74
6 25 40
6 26 100
6 27 9
6 28 30
6 29 35
7 8 99
7 9 73
7 10 86
7 11 7
7 12 18
7 13 37
7 14 22
7 15 57
7 16 28
7 17 58
7 18 44
7 19 57
7 20 89
7 21 31
7 22 24
7 23 34
7 24 12
7 25 41
7 26 90
7 27 12
7 28 5
7 29 69
8 9 12
8 10 27
8 11 66
8 12 31
8 13 59
8 14 49
8 15 8
8 16 8
8 17 44
8 18 84
8 19 46
8 20 31
8 21 56
8 22 1
8 23 20
8 24 86
8 25 3
8 26 6
8 27 41
8 28 66
8 29 65
9 10 72
9 11 83
9 12 19
9 13 33
9 14 8
9 15 30
9 16 96
9 17 87
9 18 64
9 19 79
9 20 58
9 21 97
9 22 91
9 23 15
9 24 70
9 25 58
9 26 27
9 27 95
9 28 76
9 29 33
10 11 80
10 12 14
10 13 82
10 14 71
10 15 56
10 16 24
10 17 63
10 18 92
10 19 39
10 20 79
10 21 89
10 22 54
10 23 6
10 24 67
10 25 20
10 26 48
10 27 21
10 28 86
10 29 8
11 12 74
11 13 53
11 14 13
11 15 27
11 16 44
11 17 53
11 18 68
11 19 9
11 20 71
11 21 56
11 22 13
11 23 85
11 24 32
11 25 19
11 26 92
11 27 58
11 28 89
11 29 76
12 13 11
12 14 76
12 15 7
12 16 92
12 17 51
12 18 34
12 19 52
12 20 70
12 21 88
12 22 50
12 23 9
12 24 28
12 25 38
12 26 98
12 27 70
12 28 54
12 29 44
13 14 41
13 15 8
13 16 53
13 17 76
13 18 96
13 19 98
13 20 83
13 21 65
13 22 81
13 23 41
13 24 96
13 25 98
13 26 17
13 27 36
13 28 89
13 29 44
14 15 54
14 16 24
14 17 24
14 18 70
14 19 7
14 20 0
14 21 96
14 22 76
14 23 51
14 24 55
14 25 58
14 26 14
14 27 52
14 28 95
14 29 21
15 16 60
15 17 14
15 18 41
15 19 52
15 20 8
15 21 40
15 22 48
15 23 98
15 24 77
15 25 64
15 26 83
15 27 98
15 28 48
15 29 34
16 17 10
16 18 39
16 19 75
16 20 48
16 21 71
16 22 46
16 23 80
16 24 66
16 25 33
16 26 57
16 27 97
16 28 92
16 29 5
17 18 76
17 19 11
17 20 82
17 21 26
17 22 25
17 23 13
17 24 66
17 25 60
17 26 70
17 27 24
17 28 40
17 29 21
18 19 62
18 20 52
18 21 12
18 22 88
18 23 23
18 24 55
18 25 69
18 26 9
18 27 88
18 28 22
18 29 6
19 20 47
19 21 93
19 22 26
19 23 59
19 24 32
19 25 7
19 26 21
19 27 40
19 28 31
19 29 89
20 21 48
20 22 82
20 23 43
20 24 65
20 25 27
20 26 73
20 27 89
20 28 24
20 29 66
21 22 34
21 23 91
21 24 52
21 25 27
21 26 30
21 27 9
21 28 77
21 29 96
22 23 30
22 24 32
22 25 31
22 26 79
22 27 99
22 28 65
22 29 3
23 24 93
23 25 72
23 26 77
23 27 23
23 28 68
23 29 61
24 25 14
24 26 82
24 27 72
24 28 75
24 29 4
25 26 3
25 27 59
25 28 9
25 29 52
26 27 12
26 28 94
26 29 62
27 28 58
27 29 92
28 29 23
