30 5 ss 6 6 6 6 6 6 6 6 6 6 
0 1 0
0 2 64
0 3 70
0 4 29
0 5 46
0 6 95
0 7 17
0 8 66
0 9 26
0 10 75
0 11 100
0 12 57
0 13 60
0 14 77
0 15 28
0 16 15
0 17 48
0 18 46
0 19 28
0 20 26
0 21 44
0 22 87
0 23 63
0 24 54
0 25 56
0 26 29
0 27 38
0 28 65
0 29 14
1 2 1
1 3 52
1 4 18
1 5 97
1 6 38
1 7 5
1 8 36
1 9 89
1 10 8
1 11 76
1 12 97
1 13 10
1 14 69
1 15 31
1 16 10
1 17 19
1 18 72
1 19 97
1 20 45
1 21 62
1 22 50
1 23 65
1 24 37
1 25 25
1 26 55
1 27 51
1 28 80
1 29 15
2 3 1
2 4 27
2 5 8
2 6 1
2 7 31
2 8 51
2 9 98
2 10 42
2 11 19
2 12 15
2 13 21
2 14 64
2 15 67
2 16 62
2 17 40
2 18 86
2 19 93
2 20 86
2 21 49
2 22 78
2 23 38
2 24 38
2 25 55
2 26 87
2 27 66
2 28 44
2 29 18
3 4 18
3 5 61
3 6 19
3 7 72
3 8 35
3 9 32
3 10 79
3 11 38
3 12 7
3 13 38
3 14 75
3 15 42
3 16 80
3 17 72
3 18 19
3 19 29
3 20 100
3 21 60
3 22 17
3 23 53
3 24 60
3 25 73
3 26 75
3 27 91
3 28 45
3 29 7
4 5 90
4 6 62
4 7 97
4 8 6
4 9 25
4 10 3
4 11 6
4 12 6
4 13 1
4 14 90
4 15 65
4 16 45
4 17 64
4 18 90
4 19 63
4 20 61
4 21 5
4 22 26
4 23 64
4 24 99
4 25 3
4 26 85
4 27 61
4 28 98
4 29 87
5 6 83
5 7 24
5 8 34
5 9 89
5 10 85
5 11 68
5 12 37
5 13 57
5 14 7
5 15 95
5 16 10
5 17 3
5 18 92
5 19 27
5 20 13
5 21 10
5 22 26
5 23 37
5 24 41
5 25 67
5 26 78
5 27 95
5 28 53
5 29 15
6 7 51
6 8 40
6 9 49
6 10 59
6 11 1
6 12 41
6 13 63
6 14 61
6 15 60
6 16 25
6 17 52
6 18 96
6 19 76
6 20 87
6 21 52
6 22 42
6 23 76
6 24 61
6 25 19
6 26 97
6 27 89
6 28 67
6 29 50
7 8 93
7 9 68
7 10 98
7 11 6
7 12 9
7 13 91
7 14 52
7 15 52
7 16 14
7 17 38
7 18 33
7 19 22
7 20 70
7 21 28
7 22 5
7 23 0
7 24 13
7 25 25
7 26 92
7 27 51
7 28 28
7 29 50
8 9 3
8 10 43
8 11 98
8 12 36
8 13 70
8 14 95
8 15 42
8 16 12
8 17 71
8 18 42
8 19 68
8 20 78
8 21 85
8 22 1
8 23 50
8 24 61
8 25 19
8 26 76
8 27 6
8 28 51
8 29 73
9 10 68
9 11 92
9 12 70
9 13 83
9 14 94
9 15 57
9 16 64
9 17 20
9 18 77
9 19 45
9 20 41
9 21 68
9 22 90
9 23 94
9 24 23
9 25 68
9 26 69
9 27 34
9 28 3
9 29 20
10 11 34
10 12 5
10 13 16
10 14 29
10 15 40
10 16 49
10 17 16
10 18 58
10 19 93
10 20 97
10 21 2
10 22 81
10 23 9
10 24 73
10 25 14
10 26 10
10 27 97
10 28 58
10 29 5
11 12 23
11 13 9
11 14 41
11 15 75
11 16 31
11 17 68
11 18 41
11 19 15
11 20 40
11 21 0
11 22 8
11 23 87
11 24 0
11 25 44
11 26 0
11 27 78
11 28 64
11 29 3
12 13 10
12 14 6
12 15 27
12 16 3
12 17 68
12 18 89
12 19 78
12 20 3
12 21 33
12 22 66
12 23 94
12 24 1
12 25 45
12 26 33
12 27 21
12 28 81
12 29 76
13 14 84
13 15 30
13 16 48
13 17 5
13 18 78
13 19 20
13 20 0
13 21 3
13 22 12
13 23 23
13 24 83
13 25 85
13 26 8
13 27 77
13 28 19
13 29 28
14 15 5
14 16 28
14 17 41
14 18 11
14 19 19
14 20 61
14 21 19
14 22 59
14 23 49
14 24 84
14 25 90
14 26 8
14 27 64
14 28 7
14 29 72
15 16 40
15 17 17
15 18 35
15 19 46
15 20 34
15 21 45
15 22 63
15 23 27
15 24 56
15 25 80
15 26 11
15 27 14
15 28 31
15 29 66
16 17 62
16 18 40
16 19 75
16 20 95
16 21 43
16 22 50
16 23 94
16 24 31
16 25 33
16 26 81
16 27 19
16 28 89
16 29 70
17 18 13
17 19 50
17 20 26
17 21 17
17 22 73
17 23 48
17 24 99
17 25 86
17 26 29
17 27 5
17 28 97
17 29 93
18 19 46
18 20 54
18 21 39
18 22 79
18 23 84
18 24 31
18 25 24
18 26 30
18 27 53
18 28 86
18 29 13
19 20 15
19 21 39
19 22 49
19 23 36
19 24 34
19 25 43
19 26 57
19 27 90
19 28 96
19 29 4
20 21 6
20 22 14
20 23 6
20 24 33
20 25 0
20 26 37
20 27 70
20 28 86
20 29 6
21 22 67
21 23 14
21 24 4
21 25 19
21 26 50
21 27 89
21 28 66
21 29 98
22 23 65
22 24 58
22 25 25
22 26 29
22 27 36
22 28 1
22 29 59
23 24 30
23 25 81
23 26 59
23 27 90
23 28 14
23 29 69
24 25 17
24 26 2
24 27 40
24 28 82
24 29 3
25 26 33
25 27 31
25 28 86
25 29 52
26 27 65
26 28 85
26 29 95
27 28 68
27 29 26
28 29 79
