60 6 ss 10 10 10 10 10 10 10 10 10 10 10 10 
0 1 39
0 2 91
0 3 83
0 4 42
0 5 46
0 6 47
0 7 36
0 8 11
0 9 10
0 10 20
0 11 60
0 12 14
0 13 8
0 14 93
0 15 51
0 16 95
0 17 20
0 18 97
0 19 69
0 20 95
0 21 21
0 22 73
0 23 92
0 24 88
0 25 79
0 26 77
0 27 71
0 28 91
0 29 2
0 30 9
0 31 10
0 32 25
0 33 70
0 34 55
0 35 72
0 36 25
0 37 60
0 38 29
0 39 52
0 40 70
0 41 9
0 42 32
0 43 81
0 44 51
0 45 54
0 46 51
0 47 84
0 48 44
0 49 64
0 50 27
0 51 13
0 52 98
0 53 4
0 54 9
0 55 3
0 56 60
0 57 60
0 58 57
0 59 60
1 2 35
1 3 42
1 4 65
1 5 47
1 6 27
1 7 62
1 8 13
1 9 42
1 10 20
1 11 47
1 12 67
1 13 7
1 14 45
1 15 74
1 16 93
1 17 2
1 18 68
1 19 87
1 20 18
1 21 14
1 22 52
1 23 85
1 24 0
1 25 16
1 26 38
1 27 55
1 28 8
1 29 1
1 30 82
1 31 48
1 32 45
1 33 38
1 34 95
1 35 95
1 36 68
1 37 27
1 38 2
1 39 53
1 40 59
1 41 80
1 42 69
1 43 71
1 44 28
1 45 21
1 46 38
1 47 99
1 48 32
1 49 56
1 50 76
1 51 9
1 52 56
1 53 30
1 54 21
1 55 2
1 56 1
1 57 39
1 58 14
1 59 18
2 3 49
2 4 20
2 5 40
2 6 93
2 7 98
2 8 37
2 9 83
2 10 84
2 11 42
2 12 97
2 13 66
2 14 67
2 15 82
2 16 14
2 17 44
2 18 19
2 19 81
2 20 67
2 21 41
2 22 72
2 23 53
2 24 94
2 25 48
2 26 57
2 27 31
2 28 42
2 29 9
2 30 11
2 31 53
2 32 47
2 33 100
2 34 49
2 35 61
2 36 65
2 37 98
2 38 12
2 39 18
2 40 45
2 41 100
2 42 2
2 43 78
2 44 98
2 45 14
2 46 59
2 47 96
2 48 79
2 49 70
2 50 68
2 51 48
2 52 97
2 53 59
2 54 55
2 55 62
2 56 86
2 57 20
2 58 11
2 59 76
3 4 1
3 5 31
3 6 46
3 7 33
3 8 43
3 9 14
3 10 85
3 11 89
3 12 36
3 13 31
3 14 49
3 15 16
3 16 23
3 17 51
3 18 36
3 19 99
3 20 98
3 21 15
3 22 67
3 23 16
3 24 100
3 25 44
3 26 78
3 27 83
3 28 91
3 29 93
3 30 82
3 31 88
3 32 60
3 33 44
3 34 20
3 35 18
3 36 17
3 37 88
3 38 32
3 39 49
3 40 34
3 41 26
3 42 93
3 43 26
3 44 73
3 45 29
3 46 26
3 47 85
3 48 81
3 49 9
3 50 81
3 51 53
3 52 9
3 53 40
3 54 25
3 55 89
3 56 32
3 57 44
3 58 75
3 59 47
4 5 2
4 6 78
4 7 61
4 8 70
4 9 64
4 10 93
4 11 80
4 12 4
4 13 90
4 14 44
4 15 34
4 16 38
4 17 53
4 18 93
4 19 75
4 20 23
4 21 91
4 22 98
4 23 7
4 24 21
4 25 6
4 26 92
4 27 15
4 28 85
4 29 48
4 30 84
4 31 7
4 32 25
4 33 66
4 34 40
4 35 91
4 36 44
4 37 97
4 38 59
4 39 64
4 40 97
4 41 77
4 42 66
4 43 17
4 44 8
4 45 40
4 46 29
4 47 21
4 48 17
4 49 10
4 50 31
4 51 40
4 52 92
4 53 57
4 54 56
4 55 59
4 56 54
4 57 67
4 58 14
4 59 65
5 6 91
5 7 49
5 8 45
5 9 71
5 10 99
5 11 34
5 12 18
5 13 44
5 14 34
5 15 20
5 16 69
5 17 83
5 18 50
5 19 77
5 20 74
5 21 48
5 22 2
5 23 61
5 24 61
5 25 87
5 26 36
5 27 94
5 28 4
5 29 31
5 30 59
5 31 75
5 32 41
5 33 80
5 34 32
5 35 29
5 36 6
5 37 65
5 38 98
5 39 93
5 40 77
5 41 100
5 42 15
5 43 0
5 44 84
5 45 28
5 46 50
5 47 63
5 48 83
5 49 38
5 50 36
5 51 17
5 52 15
5 53 23
5 54 63
5 55 27
5 56 17
5 57 38
5 58 76
5 59 72
6 7 91
6 8 60
6 9 52
6 10 0
6 11 6
6 12 39
6 13 90
6 14 36
6 15 21
6 16 38
6 17 50
6 18 86
6 19 61
6 20 9
6 21 66
6 22 46
6 23 100
6 24 73
6 25 10
6 26 21
6 27 60
6 28 94
6 29 86
6 30 1
6 31 14
6 32 17
6 33 50
6 34 64
6 35 67
6 36 90
6 37 78
6 38 18
6 39 38
6 40 62
6 41 58
6 42 93
6 43 93
6 44 75
6 45 80
6 46 52
6 47 14
6 48 73
6 49 23
6 50 22
6 51 45
6 52 55
6 53 67
6 54 64
6 55 46
6 56 66
6 57 97
6 58 81
6 59 76
7 8 51
7 9 5
7 10 60
7 11 7
7 12 78
7 13 1
7 14 5
7 15 21
7 16 67
7 17 23
7 18 87
7 19 73
7 20 15
7 21 53
7 22 46
7 23 23
7 24 33
7 25 38
7 26 94
7 27 47
7 28 60
7 29 17
7 30 94
7 31 39
7 32 98
7 33 77
7 34 93
7 35 54
7 36 93
7 37 91
7 38 35
7 39 39
7 40 21
7 41 68
7 42 62
7 43 58
7 44 17
7 45 100
7 46 43
7 47 3
7 48 82
7 49 19
7 50 53
7 51 28
7 52 31
7 53 44
7 54 10
7 55 77
7 56 12
7 57 97
7 58 23
7 59 99
8 9 47
8 10 0
8 11 45
8 12 19
8 13 41
8 14 99
8 15 22
8 16 7
8 17 75
8 18 13
8 19 27
8 20 48
8 21 3
8 22 50
8 23 94
8 24 25
8 25 94
8 26 46
8 27 100
8 28 38
8 29 10
8 30 14
8 31 56
8 32 52
8 33 96
8 34 99
8 35 62
8 36 50
8 37 38
8 38 13
8 39 7
8 40 30
8 41 26
8 42 4
8 43 90
8 44 9
8 45 32
8 46 93
8 47 41
8 48 0
8 49 75
8 50 21
8 51 61
8 52 92
8 53 49
8 54 17
8 55 74
8 56 88
8 57 71
8 58 17
8 59 30
9 10 35
9 11 59
9 12 37
9 13 2
9 14 73
9 15 44
9 16 70
9 17 34
9 18 93
9 19 9
9 20 97
9 21 20
9 22 22
9 23 13
9 24 38
9 25 64
9 26 46
9 27 60
9 28 82
9 29 16
9 30 65
9 31 50
9 32 7
9 33 64
9 34 85
9 35 31
9 36 52
9 37 38
9 38 93
9 39 100
9 40 90
9 41 7
9 42 85
9 43 46
9 44 97
9 45 0
9 46 48
9 47 9
9 48 6
9 49 59
9 50 75
9 51 46
9 52 72
9 53 59
9 54 73
9 55 12
9 56 91
9 57 37
9 58 83
9 59 83
10 11 94
10 12 51
10 13 41
10 14 98
10 15 22
10 16 54
10 17 53
10 18 19
10 19 86
10 20 50
10 21 60
10 22 12
10 23 81
10 24 4
10 25 79
10 26 48
10 27 24
10 28 91
10 29 100
10 30 12
10 31 76
10 32 76
10 33 53
10 34 43
10 35 81
10 36 37
10 37 28
10 38 80
10 39 71
10 40 32
10 41 11
10 42 60
10 43 28
10 44 82
10 45 100
10 46 50
10 47 69
10 48 29
10 49 88
10 50 49
10 51 23
10 52 98
10 53 42
10 54 72
10 55 59
10 56 67
10 57 87
10 58 0
10 59 37
11 12 7
11 13 31
11 14 72
11 15 96
11 16 41
11 17 35
11 18 53
11 19 52
11 20 15
11 21 7
11 22 75
11 23 46
11 24 36
11 25 30
11 26 40
11 27 66
11 28 6
11 29 62
11 30 32
11 31 87
11 32 22
11 33 8
11 34 49
11 35 32
11 36 99
11 37 6
11 38 66
11 39 3
11 40 74
11 41 49
11 42 22
11 43 81
11 44 77
11 45 67
11 46 55
11 47 99
11 48 12
11 49 85
11 50 80
11 51 5
11 52 80
11 53 67
11 54 45
11 55 56
11 56 50
11 57 53
11 58 93
11 59 62
12 13 64
12 14 74
12 15 0
12 16 35
12 17 50
12 18 2
12 19 90
12 20 51
12 21 70
12 22 43
12 23 57
12 24 68
12 25 90
12 26 59
12 27 94
12 28 12
12 29 66
12 30 8
12 31 45
12 32 0
12 33 6
12 34 79
12 35 36
12 36 65
12 37 96
12 38 18
12 39 54
12 40 53
12 41 36
12 42 32
12 43 93
12 44 24
12 45 41
12 46 87
12 47 0
12 48 75
12 49 58
12 50 79
12 51 45
12 52 37
12 53 73
12 54 89
12 55 46
12 56 87
12 57 79
12 58 35
12 59 94
13 14 96
13 15 10
13 16 9
13 17 54
13 18 49
13 19 9
13 20 18
13 21 100
13 22 100
13 23 69
13 24 52
13 25 51
13 26 11
13 27 98
13 28 33
13 29 43
13 30 40
13 31 91
13 32 46
13 33 57
13 34 45
13 35 56
13 36 46
13 37 89
13 38 32
13 39 45
13 40 16
13 41 55
13 42 30
13 43 39
13 44 43
13 45 62
13 46 86
13 47 95
13 48 41
13 49 76
13 50 35
13 51 17
13 52 15
13 53 52
13 54 46
13 55 23
13 56 23
13 57 22
13 58 41
13 59 54
14 15 11
14 16 29
14 17 13
14 18 58
14 19 96
14 20 41
14 21 66
14 22 58
14 23 84
14 24 78
14 25 65
14 26 21
14 27 38
14 28 21
14 29 25
14 30 60
14 31 4
14 32 47
14 33 87
14 34 71
14 35 95
14 36 65
14 37 13
14 38 22
14 39 72
14 40 69
14 41 85
14 42 13
14 43 1
14 44 40
14 45 33
14 46 56
14 47 7
14 48 72
14 49 56
14 50 1
14 51 84
14 52 95
14 53 83
14 54 72
14 55 11
14 56 73
14 57 3
14 58 33
14 59 43
15 16 54
15 17 96
15 18 79
15 19 34
15 20 48
15 21 74
15 22 33
15 23 22
15 24 83
15 25 92
15 26 52
15 27 66
15 28 27
15 29 36
15 30 50
15 31 85
15 32 33
15 33 37
15 34 29
15 35 58
15 36 69
15 37 90
15 38 6
15 39 26
15 40 81
15 41 27
15 42 99
15 43 6
15 44 42
15 45 55
15 46 29
15 47 38
15 48 28
15 49 39
15 50 81
15 51 88
15 52 10
15 53 1
15 54 33
15 55 49
15 56 63
15 57 34
15 58 35
15 59 60
16 17 76
16 18 44
16 19 37
16 20 43
16 21 53
16 22 12
16 23 18
16 24 10
16 25 23
16 26 72
16 27 7
16 28 30
16 29 14
16 30 85
16 31 11
16 32 51
16 33 3
16 34 32
16 35 47
16 36 2
16 37 71
16 38 80
16 39 40
16 40 73
16 41 47
16 42 44
16 43 16
16 44 75
16 45 50
16 46 91
16 47 16
16 48 62
16 49 39
16 50 44
16 51 86
16 52 35
16 53 94
16 54 6
16 55 60
16 56 21
16 57 42
16 58 27
16 59 51
17 18 42
17 19 90
17 20 21
17 21 9
17 22 70
17 23 13
17 24 43
17 25 40
17 26 10
17 27 90
17 28 68
17 29 72
17 30 36
17 31 46
17 32 76
17 33 28
17 34 61
17 35 30
17 36 3
17 37 55
17 38 23
17 39 64
17 40 55
17 41 67
17 42 75
17 43 11
17 44 40
17 45 97
17 46 71
17 47 57
17 48 34
17 49 66
17 50 64
17 51 18
17 52 5
17 53 26
17 54 97
17 55 6
17 56 21
17 57 79
17 58 60
17 59 32
18 19 82
18 20 49
18 21 88
18 22 8
18 23 33
18 24 81
18 25 40
18 26 28
18 27 57
18 28 85
18 29 41
18 30 60
18 31 81
18 32 40
18 33 75
18 34 24
18 35 22
18 36 11
18 37 82
18 38 100
18 39 23
18 40 63
18 41 86
18 42 32
18 43 29
18 44 34
18 45 91
18 46 29
18 47 65
18 48 84
18 49 10
18 50 77
18 51 84
18 52 75
18 53 93
18 54 33
18 55 77
18 56 54
18 57 100
18 58 89
18 59 93
19 20 24
19 21 20
19 22 49
19 23 80
19 24 4
19 25 16
19 26 57
19 27 2
19 28 45
19 29 55
19 30 71
19 31 64
19 32 23
19 33 87
19 34 100
19 35 65
19 36 80
19 37 22
19 38 4
19 39 56
19 40 65
19 41 54
19 42 26
19 43 68
19 44 46
19 45 35
19 46 68
19 47 95
19 48 58
19 49 31
19 50 74
19 51 28
19 52 66
19 53 37
19 54 49
19 55 38
19 56 72
19 57 81
19 58 50
19 59 24
20 21 95
20 22 54
20 23 20
20 24 56
20 25 6
20 26 93
20 27 4
20 28 68
20 29 81
20 30 35
20 31 56
20 32 59
20 33 53
20 34 36
20 35 73
20 36 1
20 37 40
20 38 58
20 39 76
20 40 82
20 41 91
20 42 24
20 43 38
20 44 91
20 45 3
20 46 42
20 47 94
20 48 10
20 49 70
20 50 54
20 51 90
20 52 7
20 53 91
20 54 94
20 55 14
20 56 84
20 57 15
20 58 30
20 59 34
21 22 67
21 23 46
21 24 54
21 25 27
21 26 94
21 27 80
21 28 71
21 29 47
21 30 100
21 31 63
21 32 62
21 33 100
21 34 63
21 35 30
21 36 42
21 37 10
21 38 8
21 39 88
21 40 87
21 41 85
21 42 69
21 43 41
21 44 16
21 45 42
21 46 40
21 47 33
21 48 51
21 49 35
21 50 2
21 51 50
21 52 34
21 53 5
21 54 30
21 55 36
21 56 26
21 57 59
21 58 57
21 59 78
22 23 37
22 24 94
22 25 44
22 26 81
22 27 87
22 28 4
22 29 78
22 30 26
22 31 58
22 32 34
22 33 58
22 34 100
22 35 58
22 36 50
22 37 12
22 38 25
22 39 11
22 40 92
22 41 62
22 42 36
22 43 76
22 44 26
22 45 93
22 46 50
22 47 60
22 48 59
22 49 72
22 50 1
22 51 44
22 52 95
22 53 86
22 54 23
22 55 78
22 56 85
22 57 7
22 58 22
22 59 91
23 24 60
23 25 22
23 26 76
23 27 7
23 28 42
23 29 94
23 30 46
23 31 71
23 32 39
23 33 91
23 34 82
23 35 31
23 36 62
23 37 91
23 38 22
23 39 31
23 40 79
23 41 46
23 42 29
23 43 11
23 44 59
23 45 20
23 46 35
23 47 43
23 48 52
23 49 66
23 50 16
23 51 40
23 52 29
23 53 65
23 54 89
23 55 34
23 56 63
23 57 15
23 58 18
23 59 16
24 25 50
24 26 43
24 27 65
24 28 7
24 29 15
24 30 86
24 31 60
24 32 12
24 33 41
24 34 11
24 35 3
24 36 27
24 37 5
24 38 11
24 39 93
24 40 2
24 41 3
24 42 86
24 43 3
24 44 33
24 45 79
24 46 56
24 47 22
24 48 51
24 49 21
24 50 67
24 51 37
24 52 69
24 53 30
24 54 54
24 55 38
24 56 34
24 57 65
24 58 79
24 59 7
25 26 6
25 27 91
25 28 43
25 29 69
25 30 84
25 31 85
25 32 30
25 33 8
25 34 82
25 35 65
25 36 47
25 37 48
25 38 45
25 39 27
25 40 47
25 41 55
25 42 18
25 43 13
25 44 46
25 45 85
25 46 6
25 47 81
25 48 0
25 49 8
25 50 65
25 51 66
25 52 60
25 53 12
25 54 27
25 55 66
25 56 88
25 57 9
25 58 99
25 59 55
26 27 22
26 28 37
26 29 60
26 30 57
26 31 5
26 32 27
26 33 18
26 34 59
26 35 70
26 36 4
26 37 95
26 38 57
26 39 55
26 40 38
26 41 8
26 42 65
26 43 75
26 44 39
26 45 92
26 46 8
26 47 17
26 48 91
26 49 4
26 50 40
26 51 49
26 52 20
26 53 49
26 54 37
26 55 61
26 56 11
26 57 1
26 58 86
26 59 6
27 28 3
27 29 88
27 30 91
27 31 1
27 32 3
27 33 48
27 34 57
27 35 0
27 36 58
27 37 92
27 38 89
27 39 75
27 40 2
27 41 53
27 42 58
27 43 9
27 44 62
27 45 12
27 46 21
27 47 43
27 48 65
27 49 89
27 50 66
27 51 63
27 52 12
27 53 76
27 54 14
27 55 28
27 56 46
27 57 84
27 58 46
27 59 88
28 29 28
28 30 92
28 31 35
28 32 86
28 33 10
28 34 95
28 35 89
28 36 6
28 37 71
28 38 64
28 39 53
28 40 79
28 41 11
28 42 78
28 43 3
28 44 51
28 45 22
28 46 33
28 47 45
28 48 29
28 49 16
28 50 31
28 51 58
28 52 80
28 53 77
28 54 39
28 55 4
28 56 67
28 57 56
28 58 97
28 59 32
29 30 16
29 31 35
29 32 23
29 33 10
29 34 22
29 35 79
29 36 65
29 37 63
29 38 19
29 39 2
29 40 84
29 41 69
29 42 27
29 43 25
29 44 28
29 45 99
29 46 76
29 47 32
29 48 85
29 49 49
29 50 75
29 51 92
29 52 49
29 53 91
29 54 64
29 55 46
29 56 74
29 57 24
29 58 80
29 59 59
30 31 38
30 32 46
30 33 27
30 34 76
30 35 71
30 36 1
30 37 33
30 38 2
30 39 68
30 40 95
30 41 39
30 42 29
30 43 27
30 44 49
30 45 10
30 46 79
30 47 18
30 48 85
30 49 22
30 50 99
30 51 80
30 52 39
30 53 0
30 54 100
30 55 94
30 56 36
30 57 93
30 58 19
30 59 84
31 32 82
31 33 7
31 34 76
31 35 10
31 36 46
31 37 60
31 38 28
31 39 32
31 40 97
31 41 97
31 42 97
31 43 42
31 44 17
31 45 13
31 46 54
31 47 21
31 48 99
31 49 60
31 50 49
31 51 68
31 52 37
31 53 94
31 54 81
31 55 1
31 56 62
31 57 90
31 58 77
31 59 11
32 33 68
32 34 49
32 35 95
32 36 93
32 37 77
32 38 91
32 39 62
32 40 58
32 41 24
32 42 28
32 43 78
32 44 57
32 45 34
32 46 41
32 47 4
32 48 98
32 49 7
32 50 43
32 51 42
32 52 18
32 53 62
32 54 88
32 55 25
32 56 30
32 57 7
32 58 66
32 59 45
33 34 97
33 35 64
33 36 43
33 37 72
33 38 60
33 39 47
33 40 97
33 41 25
33 42 16
33 43 2
33 44 55
33 45 17
33 46 23
33 47 94
33 48 75
33 49 0
33 50 78
33 51 19
33 52 47
33 53 55
33 54 6
33 55 61
33 56 89
33 57 72
33 58 1
33 59 97
34 35 18
34 36 36
34 37 7
34 38 40
34 39 11
34 40 18
34 41 9
34 42 96
34 43 79
34 44 66
34 45 67
34 46 6
34 47 93
34 48 40
34 49 49
34 50 71
34 51 14
34 52 51
34 53 17
34 54 75
34 55 48
34 56 0
34 57 19
34 58 100
34 59 11
35 36 99
35 37 97
35 38 11
35 39 43
35 40 12
35 41 75
35 42 64
35 43 24
35 44 74
35 45 100
35 46 35
35 47 69
35 48 20
35 49 57
35 50 8
35 51 63
35 52 29
35 53 61
35 54 48
35 55 73
35 56 98
35 57 38
35 58 80
35 59 75
36 37 0
36 38 39
36 39 20
36 40 98
36 41 8
36 42 91
36 43 88
36 44 11
36 45 31
36 46 72
36 47 74
36 48 4
36 49 55
36 50 95
36 51 11
36 52 19
36 53 78
36 54 36
36 55 84
36 56 14
36 57 52
36 58 5
36 59 19
37 38 2
37 39 99
37 40 1
37 41 8
37 42 75
37 43 2
37 44 46
37 45 94
37 46 39
37 47 77
37 48 50
37 49 70
37 50 90
37 51 77
37 52 86
37 53 60
37 54 11
37 55 100
37 56 96
37 57 91
37 58 74
37 59 5
38 39 79
38 40 37
38 41 19
38 42 50
38 43 40
38 44 86
38 45 60
38 46 27
38 47 25
38 48 83
38 49 59
38 50 77
38 51 19
38 52 66
38 53 10
38 54 19
38 55 92
38 56 37
38 57 24
38 58 46
38 59 26
39 40 13
39 41 41
39 42 97
39 43 77
39 44 64
39 45 58
39 46 84
39 47 0
39 48 5
39 49 63
39 50 19
39 51 21
39 52 84
39 53 28
39 54 100
39 55 78
39 56 43
39 57 46
39 58 67
39 59 77
40 41 51
40 42 59
40 43 95
40 44 89
40 45 62
40 46 3
40 47 14
40 48 49
40 49 67
40 50 79
40 51 18
40 52 27
40 53 88
40 54 10
40 55 75
40 56 42
40 57 62
40 58 55
40 59 3
41 42 33
41 43 37
41 44 56
41 45 43
41 46 94
41 47 81
41 48 95
41 49 75
41 50 37
41 51 34
41 52 28
41 53 98
41 54 50
41 55 16
41 56 26
41 57 61
41 58 73
41 59 45
42 43 38
42 44 99
42 45 64
42 46 59
42 47 72
42 48 11
42 49 55
42 50 11
42 51 100
42 52 6
42 53 18
42 54 29
42 55 95
42 56 6
42 57 87
42 58 54
42 59 13
43 44 63
43 45 11
43 46 77
43 47 25
43 48 35
43 49 94
43 50 54
43 51 60
43 52 51
43 53 61
43 54 38
43 55 75
43 56 71
43 57 72
43 58 75
43 59 13
44 45 70
44 46 48
44 47 40
44 48 91
44 49 70
44 50 18
44 51 81
44 52 55
44 53 75
44 54 28
44 55 17
44 56 38
44 57 27
44 58 5
44 59 11
45 46 1
45 47 50
45 48 92
45 49 22
45 50 29
45 51 42
45 52 73
45 53 52
45 54 68
45 55 30
45 56 64
45 57 82
45 58 1
45 59 70
46 47 12
46 48 49
46 49 40
46 50 7
46 51 41
46 52 33
46 53 72
46 54 7
46 55 26
46 56 49
46 57 73
46 58 7
46 59 61
47 48 23
47 49 41
47 50 50
47 51 71
47 52 18
47 53 23
47 54 95
47 55 100
47 56 86
47 57 98
47 58 53
47 59 69
48 49 89
48 50 94
48 51 82
48 52 69
48 53 22
48 54 20
48 55 46
48 56 4
48 57 51
48 58 8
48 59 47
49 50 74
49 51 83
49 52 78
49 53 98
49 54 53
49 55 57
49 56 74
49 57 90
49 58 92
49 59 15
50 51 8
50 52 32
50 53 3
50 54 72
50 55 81
50 56 94
50 57 2
50 58 39
50 59 76
51 52 0
51 53 20
51 54 30
51 55 19
51 56 29
51 57 61
51 58 42
51 59 47
52 53 79
52 54 99
52 55 57
52 56 35
52 57 5
52 58 63
52 59 88
53 54 1
53 55 56
53 56 61
53 57 87
53 58 51
53 59 85
54 55 96
54 56 21
54 57 19
54 58 96
54 59 72
55 56 25
55 57 3
55 58 56
55 59 0
56 57 16
56 58 27
56 59 10
57 58 6
57 59 95
58 59 36
