12 4 ds 2 5 2 4 2 5 2 3 
0 1 93
0 2 13
0 3 71
0 4 72
0 5 19
0 6 94
0 7 2
0 8 8
0 9 68
0 10 3
0 11 32
1 2 96
1 3 23
1 4 18
1 5 39
1 6 70
1 7 8
1 8 63
1 9 64
1 10 12
1 11 60
2 3 49
2 4 100
2 5 82
2 6 12
2 7 99
2 8 95
2 9 87
2 10 46
2 11 78
3 4 18
3 5 70
3 6 37
3 7 63
3 8 60
3 9 26
3 10 69
3 11 87
4 5 89
4 6 24
4 7 94
4 8 61
4 9 53
4 10 13
4 11 18
5 6 82
5 7 21
5 8 58
5 9 99
5 10 7
5 11 22
6 7 0
6 8 99
6 9 24
6 10 24
6 11 38
7 8 44
7 9 83
7 10 75
7 11 23
8 9 55
8 10 97
8 11 38
9 10 95
9 11 96
10 11 3
