60 6 ds 9 12 9 13 8 11 8 14 9 10 8 14 
0 1 67
0 2 76
0 3 91
0 4 21
0 5 22
0 6 20
0 7 3
0 8 71
0 9 91
0 10 28
0 11 35
0 12 77
0 13 82
0 14 42
0 15 62
0 16 60
0 17 41
0 18 77
0 19 83
0 20 91
0 21 18
0 22 92
0 23 44
0 24 29
0 25 35
0 26 61
0 27 82
0 28 38
0 29 28
0 30 15
0 31 8
0 32 56
0 33 33
0 34 87
0 35 6
0 36 18
0 37 69
0 38 84
0 39 7
0 40 7
0 41 22
0 42 14
0 43 7
0 44 53
0 45 17
0 46 35
0 47 17
0 48 69
0 49 41
0 50 92
0 51 14
0 52 89
0 53 6
0 54 62
0 55 1
0 56 18
0 57 65
0 58 51
0 59 62
1 2 6
1 3 50
1 4 49
1 5 11
1 6 27
1 7 31
1 8 37
1 9 50
1 10 9
1 11 1
1 12 83
1 13 42
1 14 85
1 15 53
1 16 25
1 17 71
1 18 87
1 19 84
1 20 10
1 21 8
1 22 24
1 23 44
1 24 21
1 25 85
1 26 97
1 27 14
1 28 18
1 29 86
1 30 28
1 31 76
1 32 7
1 33 1
1 34 77
1 35 24
1 36 7
1 37 64
1 38 26
1 39 48
1 40 66
1 41 44
1 42 13
1 43 58
1 44 84
1 45 45
1 46 36
1 47 96
1 48 17
1 49 21
1 50 85
1 51 43
1 52 23
1 53 59
1 54 65
1 55 57
1 56 71
1 57 52
1 58 59
1 59 82
2 3 91
2 4 27
2 5 61
2 6 83
2 7 63
2 8 68
2 9 53
2 10 76
2 11 28
2 12 65
2 13 56
2 14 41
2 15 63
2 16 84
2 17 49
2 18 51
2 19 84
2 20 42
2 21 79
2 22 47
2 23 53
2 24 15
2 25 39
2 26 85
2 27 41
2 28 58
2 29 95
2 30 30
2 31 69
2 32 29
2 33 44
2 34 29
2 35 2
2 36 4
2 37 35
2 38 88
2 39 20
2 40 14
2 41 73
2 42 19
2 43 14
2 44 59
2 45 8
2 46 19
2 47 34
2 48 94
2 49 31
2 50 39
2 51 39
2 52 36
2 53 10
2 54 71
2 55 8
2 56 75
2 57 58
2 58 64
2 59 18
3 4 17
3 5 31
3 6 3
3 7 82
3 8 77
3 9 5
3 10 16
3 11 43
3 12 9
3 13 78
3 14 44
3 15 13
3 16 45
3 17 67
3 18 80
3 19 13
3 20 20
3 21 20
3 22 22
3 23 1
3 24 32
3 25 89
3 26 6
3 27 50
3 28 4
3 29 77
3 30 27
3 31 87
3 32 77
3 33 97
3 34 59
3 35 63
3 36 95
3 37 75
3 38 29
3 39 12
3 40 17
3 41 56
3 42 26
3 43 44
3 44 91
3 45 95
3 46 81
3 47 27
3 48 87
3 49 70
3 50 22
3 51 35
3 52 24
3 53 21
3 54 46
3 55 28
3 56 69
3 57 40
3 58 4
3 59 23
4 5 86
4 6 25
4 7 63
4 8 68
4 9 75
4 10 34
4 11 3
4 12 73
4 13 30
4 14 39
4 15 80
4 16 50
4 17 75
4 18 4
4 19 75
4 20 1
4 21 61
4 22 41
4 23 14
4 24 51
4 25 96
4 26 6
4 27 81
4 28 33
4 29 31
4 30 84
4 31 30
4 32 31
4 33 87
4 34 94
4 35 28
4 36 55
4 37 42
4 38 71
4 39 37
4 40 35
4 41 8
4 42 12
4 43 38
4 44 96
4 45 19
4 46 53
4 47 22
4 48 77
4 49 99
4 50 65
4 51 5
4 52 38
4 53 50
4 54 7
4 55 57
4 56 29
4 57 65
4 58 100
4 59 91
5 6 33
5 7 59
5 8 11
5 9 14
5 10 92
5 11 22
5 12 84
5 13 29
5 14 89
5 15 91
5 16 47
5 17 9
5 18 6
5 19 50
5 20 21
5 21 66
5 22 86
5 23 35
5 24 35
5 25 16
5 26 82
5 27 88
5 28 82
5 29 93
5 30 69
5 31 15
5 32 68
5 33 4
5 34 7
5 35 31
5 36 80
5 37 36
5 38 24
5 39 2
5 40 3
5 41 41
5 42 60
5 43 0
5 44 77
5 45 98
5 46 36
5 47 100
5 48 100
5 49 90
5 50 68
5 51 64
5 52 14
5 53 71
5 54 53
5 55 9
5 56 86
5 57 49
5 58 39
5 59 23
6 7 52
6 8 84
6 9 83
6 10 41
6 11 47
6 12 63
6 13 80
6 14 27
6 15 13
6 16 94
6 17 20
6 18 64
6 19 3
6 20 14
6 21 14
6 22 32
6 23 62
6 24 71
6 25 95
6 26 77
6 27 3
6 28 99
6 29 12
6 30 73
6 31 69
6 32 93
6 33 11
6 34 83
6 35 60
6 36 49
6 37 28
6 38 69
6 39 51
6 40 86
6 41 22
6 42 91
6 43 15
6 44 48
6 45 62
6 46 54
6 47 80
6 48 14
6 49 33
6 50 46
6 51 4
6 52 8
6 53 86
6 54 80
6 55 48
6 56 83
6 57 2
6 58 86
6 59 48
7 8 48
7 9 62
7 10 43
7 11 45
7 12 9
7 13 89
7 14 31
7 15 1
7 16 10
7 17 8
7 18 55
7 19 11
7 20 33
7 21 46
7 22 77
7 23 35
7 24 28
7 25 99
7 26 68
7 27 90
7 28 85
7 29 34
7 30 82
7 31 74
7 32 31
7 33 37
7 34 15
7 35 61
7 36 18
7 37 24
7 38 32
7 39 60
7 40 94
7 41 76
7 42 0
7 43 55
7 44 73
7 45 92
7 46 61
7 47 76
7 48 40
7 49 14
7 50 55
7 51 61
7 52 86
7 53 58
7 54 26
7 55 69
7 56 36
7 57 30
7 58 97
7 59 14
8 9 50
8 10 37
8 11 57
8 12 96
8 13 72
8 14 40
8 15 52
8 16 66
8 17 86
8 18 35
8 19 32
8 20 77
8 21 17
8 22 85
8 23 35
8 24 62
8 25 14
8 26 11
8 27 89
8 28 95
8 29 58
8 30 32
8 31 46
8 32 63
8 33 85
8 34 17
8 35 52
8 36 41
8 37 97
8 38 100
8 39 95
8 40 7
8 41 21
8 42 35
8 43 44
8 44 29
8 45 7
8 46 41
8 47 96
8 48 13
8 49 45
8 50 4
8 51 96
8 52 33
8 53 9
8 54 48
8 55 9
8 56 62
8 57 14
8 58 79
8 59 23
9 10 34
9 11 6
9 12 92
9 13 35
9 14 57
9 15 37
9 16 54
9 17 100
9 18 21
9 19 82
9 20 41
9 21 93
9 22 19
9 23 37
9 24 91
9 25 87
9 26 92
9 27 55
9 28 62
9 29 69
9 30 7
9 31 52
9 32 80
9 33 15
9 34 36
9 35 51
9 36 26
9 37 80
9 38 94
9 39 26
9 40 23
9 41 24
9 42 16
9 43 9
9 44 55
9 45 30
9 46 66
9 47 86
9 48 92
9 49 24
9 50 37
9 51 53
9 52 17
9 53 28
9 54 46
9 55 15
9 56 74
9 57 0
9 58 93
9 59 82
10 11 42
10 12 30
10 13 11
10 14 48
10 15 37
10 16 7
10 17 14
10 18 23
10 19 88
10 20 24
10 21 53
10 22 44
10 23 88
10 24 97
10 25 81
10 26 98
10 27 74
10 28 77
10 29 38
10 30 83
10 31 41
10 32 42
10 33 40
10 34 37
10 35 72
10 36 64
10 37 5
10 38 64
10 39 98
10 40 31
10 41 15
10 42 31
10 43 33
10 44 92
10 45 61
10 46 77
10 47 62
10 48 98
10 49 51
10 50 87
10 51 92
10 52 90
10 53 22
10 54 54
10 55 43
10 56 74
10 57 21
10 58 95
10 59 46
11 12 45
11 13 56
11 14 45
11 15 44
11 16 89
11 17 55
11 18 39
11 19 24
11 20 90
11 21 39
11 22 72
11 23 33
11 24 46
11 25 94
11 26 75
11 27 95
11 28 33
11 29 54
11 30 76
11 31 31
11 32 80
11 33 32
11 34 96
11 35 34
11 36 68
11 37 60
11 38 59
11 39 31
11 40 25
11 41 47
11 42 64
11 43 44
11 44 43
11 45 7
11 46 43
11 47 79
11 48 40
11 49 34
11 50 73
11 51 16
11 52 75
11 53 55
11 54 26
11 55 77
11 56 61
11 57 31
11 58 7
11 59 67
12 13 13
12 14 84
12 15 27
12 16 28
12 17 65
12 18 81
12 19 71
12 20 18
12 21 33
12 22 29
12 23 25
12 24 64
12 25 22
12 26 39
12 27 51
12 28 74
12 29 81
12 30 35
12 31 79
12 32 22
12 33 82
12 34 88
12 35 89
12 36 37
12 37 9
12 38 86
12 39 87
12 40 10
12 41 33
12 42 81
12 43 40
12 44 30
12 45 49
12 46 77
12 47 18
12 48 23
12 49 30
12 50 96
12 51 38
12 52 39
12 53 6
12 54 41
12 55 4
12 56 23
12 57 62
12 58 34
12 59 86
13 14 41
13 15 67
13 16 7
13 17 56
13 18 70
13 19 0
13 20 75
13 21 14
13 22 98
13 23 32
13 24 89
13 25 45
13 26 78
13 27 90
13 28 3
13 29 67
13 30 22
13 31 22
13 32 82
13 33 27
13 34 84
13 35 90
13 36 85
13 37 76
13 38 59
13 39 42
13 40 54
13 41 33
13 42 60
13 43 13
13 44 37
13 45 84
13 46 79
13 47 82
13 48 31
13 49 42
13 50 9
13 51 35
13 52 58
13 53 100
13 54 16
13 55 35
13 56 29
13 57 73
13 58 16
13 59 82
14 15 21
14 16 33
14 17 19
14 18 57
14 19 16
14 20 54
14 21 24
14 22 2
14 23 1
14 24 14
14 25 84
14 26 50
14 27 93
14 28 17
14 29 38
14 30 31
14 31 57
14 32 65
14 33 50
14 34 55
14 35 24
14 36 32
14 37 30
14 38 4
14 39 36
14 40 3
14 41 54
14 42 64
14 43 76
14 44 93
14 45 71
14 46 16
14 47 12
14 48 5
14 49 44
14 50 80
14 51 12
14 52 37
14 53 12
14 54 76
14 55 40
14 56 79
14 57 9
14 58 70
14 59 57
15 16 65
15 17 63
15 18 82
15 19 9
15 20 16
15 21 41
15 22 14
15 23 100
15 24 19
15 25 3
15 26 64
15 27 11
15 28 87
15 29 26
15 30 25
15 31 12
15 32 5
15 33 35
15 34 45
15 35 33
15 36 11
15 37 92
15 38 67
15 39 51
15 40 90
15 41 54
15 42 19
15 43 34
15 44 21
15 45 69
15 46 11
15 47 17
15 48 53
15 49 53
15 50 69
15 51 42
15 52 32
15 53 6
15 54 43
15 55 4
15 56 14
15 57 13
15 58 85
15 59 38
16 17 50
16 18 37
16 19 30
16 20 86
16 21 2
16 22 43
16 23 21
16 24 23
16 25 56
16 26 29
16 27 100
16 28 83
16 29 52
16 30 63
16 31 77
16 32 17
16 33 27
16 34 36
16 35 18
16 36 0
16 37 96
16 38 86
16 39 46
16 40 58
16 41 99
16 42 61
16 43 81
16 44 35
16 45 5
16 46 87
16 47 39
16 48 31
16 49 68
16 50 15
16 51 68
16 52 77
16 53 32
16 54 43
16 55 66
16 56 99
16 57 25
16 58 8
16 59 3
17 18 52
17 19 60
17 20 75
17 21 14
17 22 18
17 23 80
17 24 45
17 25 62
17 26 22
17 27 3
17 28 96
17 29 99
17 30 58
17 31 21
17 32 30
17 33 85
17 34 10
17 35 89
17 36 99
17 37 31
17 38 37
17 39 78
17 40 10
17 41 84
17 42 14
17 43 33
17 44 0
17 45 82
17 46 24
17 47 45
17 48 16
17 49 70
17 50 69
17 51 99
17 52 90
17 53 96
17 54 50
17 55 98
17 56 0
17 57 22
17 58 21
17 59 41
18 19 76
18 20 63
18 21 93
18 22 38
18 23 45
18 24 77
18 25 25
18 26 51
18 27 27
18 28 87
18 29 48
18 30 100
18 31 24
18 32 63
18 33 33
18 34 68
18 35 81
18 36 59
18 37 50
18 38 62
18 39 38
18 40 86
18 41 12
18 42 76
18 43 44
18 44 4
18 45 37
18 46 27
18 47 49
18 48 38
18 49 34
18 50 15
18 51 36
18 52 94
18 53 60
18 54 64
18 55 89
18 56 55
18 57 54
18 58 86
18 59 67
19 20 56
19 21 52
19 22 98
19 23 35
19 24 7
19 25 15
19 26 69
19 27 56
19 28 20
19 29 49
19 30 35
19 31 1
19 32 23
19 33 28
19 34 47
19 35 54
19 36 77
19 37 63
19 38 82
19 39 63
19 40 45
19 41 68
19 42 63
19 43 27
19 44 34
19 45 70
19 46 27
19 47 5
19 48 18
19 49 73
19 50 59
19 51 1
19 52 16
19 53 2
19 54 83
19 55 89
19 56 58
19 57 40
19 58 19
19 59 27
20 21 55
20 22 66
20 23 91
20 24 16
20 25 29
20 26 42
20 27 49
20 28 91
20 29 77
20 30 100
20 31 29
20 32 57
20 33 9
20 34 85
20 35 61
20 36 52
20 37 1
20 38 71
20 39 77
20 40 76
20 41 88
20 42 98
20 43 78
20 44 34
20 45 45
20 46 40
20 47 27
20 48 17
20 49 77
20 50 51
20 51 37
20 52 75
20 53 72
20 54 55
20 55 56
20 56 78
20 57 73
20 58 75
20 59 30
21 22 14
21 23 60
21 24 52
21 25 95
21 26 85
21 27 53
21 28 52
21 29 73
21 30 86
21 31 41
21 32 5
21 33 96
21 34 29
21 35 12
21 36 6
21 37 41
21 38 42
21 39 36
21 40 43
21 41 44
21 42 93
21 43 8
21 44 32
21 45 2
21 46 54
21 47 95
21 48 68
21 49 53
21 50 61
21 51 72
21 52 13
21 53 88
21 54 23
21 55 3
21 56 12
21 57 84
21 58 33
21 59 43
22 23 73
22 24 96
22 25 6
22 26 20
22 27 49
22 28 40
22 29 23
22 30 2
22 31 79
22 32 30
22 33 51
22 34 73
22 35 66
22 36 51
22 37 7
22 38 26
22 39 34
22 40 85
22 41 14
22 42 16
22 43 34
22 44 3
22 45 68
22 46 64
22 47 36
22 48 68
22 49 12
22 50 60
22 51 2
22 52 10
22 53 60
22 54 34
22 55 72
22 56 55
22 57 41
22 58 6
22 59 61
23 24 10
23 25 27
23 26 78
23 27 16
23 28 38
23 29 43
23 30 94
23 31 69
23 32 29
23 33 21
23 34 69
23 35 10
23 36 13
23 37 11
23 38 58
23 39 44
23 40 95
23 41 87
23 42 64
23 43 41
23 44 67
23 45 91
23 46 80
23 47 29
23 48 21
23 49 35
23 50 84
23 51 1
23 52 85
23 53 54
23 54 77
23 55 43
23 56 4
23 57 69
23 58 52
23 59 54
24 25 16
24 26 82
24 27 37
24 28 35
24 29 66
24 30 2
24 31 24
24 32 64
24 33 13
24 34 90
24 35 95
24 36 11
24 37 90
24 38 14
24 39 62
24 40 47
24 41 1
24 42 42
24 43 28
24 44 51
24 45 20
24 46 94
24 47 45
24 48 45
24 49 50
24 50 82
24 51 44
24 52 79
24 53 50
24 54 19
24 55 21
24 56 80
24 57 92
24 58 60
24 59 12
25 26 45
25 27 100
25 28 68
25 29 68
25 30 19
25 31 59
25 32 73
25 33 44
25 34 89
25 35 72
25 36 7
25 37 42
25 38 81
25 39 48
25 40 37
25 41 26
25 42 67
25 43 56
25 44 80
25 45 34
25 46 58
25 47 49
25 48 11
25 49 81
25 50 46
25 51 16
25 52 13
25 53 66
25 54 44
25 55 89
25 56 85
25 57 91
25 58 11
25 59 76
26 27 24
26 28 87
26 29 19
26 30 44
26 31 22
26 32 23
26 33 67
26 34 87
26 35 25
26 36 85
26 37 58
26 38 77
26 39 25
26 40 91
26 41 15
26 42 15
26 43 83
26 44 50
26 45 48
26 46 67
26 47 73
26 48 0
26 49 80
26 50 96
26 51 0
26 52 13
26 53 50
26 54 42
26 55 99
26 56 13
26 57 97
26 58 39
26 59 33
27 28 15
27 29 92
27 30 51
27 31 100
27 32 77
27 33 71
27 34 96
27 35 64
27 36 70
27 37 55
27 38 62
27 39 14
27 40 75
27 41 16
27 42 36
27 43 27
27 44 90
27 45 95
27 46 35
27 47 77
27 48 94
27 49 5
27 50 76
27 51 71
27 52 53
27 53 97
27 54 68
27 55 15
27 56 29
27 57 29
27 58 65
27 59 42
28 29 5
28 30 41
28 31 99
28 32 29
28 33 95
28 34 87
28 35 61
28 36 53
28 37 45
28 38 75
28 39 18
28 40 63
28 41 92
28 42 12
28 43 34
28 44 84
28 45 22
28 46 70
28 47 47
28 48 26
28 49 93
28 50 86
28 51 77
28 52 41
28 53 14
28 54 100
28 55 91
28 56 94
28 57 70
28 58 1
28 59 73
29 30 51
29 31 62
29 32 38
29 33 17
29 34 3
29 35 76
29 36 1
29 37 64
29 38 76
29 39 27
29 40 2
29 41 79
29 42 20
29 43 85
29 44 68
29 45 13
29 46 36
29 47 62
29 48 33
29 49 43
29 50 81
29 51 61
29 52 86
29 53 46
29 54 82
29 55 24
29 56 7
29 57 69
29 58 18
29 59 2
30 31 66
30 32 6
30 33 67
30 34 12
30 35 9
30 36 80
30 37 89
30 38 77
30 39 36
30 40 1
30 41 55
30 42 65
30 43 56
30 44 100
30 45 88
30 46 41
30 47 2
30 48 24
30 49 72
30 50 26
30 51 29
30 52 23
30 53 60
30 54 67
30 55 66
30 56 16
30 57 40
30 58 33
30 59 53
31 32 44
31 33 21
31 34 11
31 35 78
31 36 54
31 37 34
31 38 20
31 39 79
31 40 79
31 41 63
31 42 42
31 43 17
31 44 78
31 45 54
31 46 33
31 47 21
31 48 5
31 49 24
31 50 17
31 51 100
31 52 74
31 53 29
31 54 66
31 55 26
31 56 19
31 57 28
31 58 64
31 59 69
32 33 58
32 34 40
32 35 13
32 36 38
32 37 79
32 38 13
32 39 88
32 40 37
32 41 82
32 42 51
32 43 23
32 44 84
32 45 40
32 46 72
32 47 59
32 48 55
32 49 72
32 50 52
32 51 96
32 52 63
32 53 0
32 54 73
32 55 15
32 56 92
32 57 75
32 58 26
32 59 74
33 34 51
33 35 39
33 36 22
33 37 13
33 38 73
33 39 62
33 40 5
33 41 71
33 42 18
33 43 94
33 44 57
33 45 59
33 46 84
33 47 33
33 48 90
33 49 12
33 50 48
33 51 10
33 52 100
33 53 80
33 54 20
33 55 100
33 56 33
33 57 23
33 58 2
33 59 10
34 35 62
34 36 98
34 37 99
34 38 94
34 39 60
34 40 1
34 41 8
34 42 65
34 43 29
34 44 74
34 45 29
34 46 42
34 47 94
34 48 17
34 49 22
34 50 92
34 51 74
34 52 50
34 53 82
34 54 12
34 55 9
34 56 81
34 57 87
34 58 10
34 59 33
35 36 7
35 37 22
35 38 89
35 39 78
35 40 57
35 41 13
35 42 64
35 43 32
35 44 21
35 45 54
35 46 95
35 47 42
35 48 58
35 49 26
35 50 89
35 51 33
35 52 79
35 53 75
35 54 80
35 55 92
35 56 61
35 57 71
35 58 79
35 59 36
36 37 86
36 38 26
36 39 61
36 40 43
36 41 38
36 42 38
36 43 67
36 44 78
36 45 95
36 46 91
36 47 15
36 48 72
36 49 19
36 50 53
36 51 36
36 52 74
36 53 9
36 54 63
36 55 86
36 56 72
36 57 80
36 58 46
36 59 8
37 38 55
37 39 81
37 40 19
37 41 46
37 42 54
37 43 62
37 44 63
37 45 39
37 46 92
37 47 64
37 48 12
37 49 24
37 50 64
37 51 24
37 52 96
37 53 82
37 54 89
37 55 58
37 56 30
37 57 86
37 58 51
37 59 37
38 39 10
38 40 66
38 41 45
38 42 44
38 43 25
38 44 26
38 45 60
38 46 51
38 47 78
38 48 19
38 49 88
38 50 37
38 51 80
38 52 35
38 53 64
38 54 65
38 55 97
38 56 76
38 57 68
38 58 98
38 59 49
39 40 43
39 41 69
39 42 70
39 43 30
39 44 66
39 45 32
39 46 71
39 47 38
39 48 74
39 49 65
39 50 88
39 51 51
39 52 70
39 53 12
39 54 68
39 55 63
39 56 70
39 57 74
39 58 23
39 59 36
40 41 38
40 42 92
40 43 69
40 44 62
40 45 47
40 46 43
40 47 32
40 48 56
40 49 7
40 50 44
40 51 61
40 52 80
40 53 100
40 54 44
40 55 42
40 56 17
40 57 22
40 58 56
40 59 51
41 42 97
41 43 45
41 44 41
41 45 80
41 46 48
41 47 56
41 48 4
41 49 95
41 50 4
41 51 42
41 52 67
41 53 61
41 54 69
41 55 55
41 56 87
41 57 7
41 58 10
41 59 71
42 43 85
42 44 26
42 45 64
42 46 20
42 47 74
42 48 76
42 49 79
42 50 57
42 51 72
42 52 10
42 53 14
42 54 92
42 55 55
42 56 86
42 57 95
42 58 71
42 59 97
43 44 30
43 45 16
43 46 78
43 47 8
43 48 71
43 49 72
43 50 40
43 51 80
43 52 48
43 53 2
43 54 19
43 55 41
43 56 61
43 57 81
43 58 94
43 59 93
44 45 18
44 46 5
44 47 55
44 48 40
44 49 31
44 50 8
44 51 53
44 52 23
44 53 60
44 54 20
44 55 75
44 56 18
44 57 16
44 58 61
44 59 50
45 46 26
45 47 38
45 48 91
45 49 81
45 50 30
45 51 44
45 52 97
45 53 43
45 54 41
45 55 48
45 56 16
45 57 81
45 58 20
45 59 46
46 47 45
46 48 38
46 49 93
46 50 53
46 51 49
46 52 8
46 53 21
46 54 12
46 55 38
46 56 57
46 57 95
46 58 67
46 59 39
47 48 27
47 49 33
47 50 32
47 51 90
47 52 1
47 53 67
47 54 25
47 55 12
47 56 58
47 57 53
47 58 19
47 59 73
48 49 48
48 50 78
48 51 6
48 52 88
48 53 8
48 54 95
48 55 6
48 56 17
48 57 28
48 58 71
48 59 98
49 50 99
49 51 43
49 52 33
49 53 58
49 54 11
49 55 39
49 56 63
49 57 46
49 58 65
49 59 54
50 51 42
50 52 18
50 53 44
50 54 92
50 55 72
50 56 74
50 57 24
50 58 1
50 59 29
51 52 83
51 53 67
51 54 39
51 55 100
51 56 60
51 57 19
51 58 19
51 59 50
52 53 55
52 54 82
52 55 53
52 56 13
52 57 87
52 58 20
52 59 68
53 54 9
53 55 66
53 56 78
53 57 77
53 58 50
53 59 60
54 55 46
54 56 15
54 57 53
54 58 21
54 59 88
55 56 30
55 57 61
55 58 98
55 59 40
56 57 22
56 58 44
56 59 48
57 58 68
57 59 22
58 59 15
