60 6 ss 10 10 10 10 10 10 10 10 10 10 10 10 
0 1 95
0 2 51
0 3 67
0 4 67
0 5 52
0 6 31
0 7 100
0 8 79
0 9 67
0 10 8
0 11 47
0 12 13
0 13 56
0 14 75
0 15 97
0 16 38
0 17 33
0 18 40
0 19 0
0 20 29
0 21 40
0 22 3
0 23 95
0 24 47
0 25 20
0 26 13
0 27 82
0 28 8
0 29 65
0 30 4
0 31 24
0 32 80
0 33 8
0 34 81
0 35 59
0 36 91
0 37 82
0 38 77
0 39 94
0 40 77
0 41 51
0 42 67
0 43 25
0 44 56
0 45 61
0 46 53
0 47 79
0 48 97
0 49 3
0 50 80
0 51 74
0 52 72
0 53 24
0 54 87
0 55 34
0 56 41
0 57 93
0 58 46
0 59 73
1 2 78
1 3 51
1 4 49
1 5 88
1 6 32
1 7 75
1 8 37
1 9 13
1 10 34
1 11 59
1 12 40
1 13 80
1 14 60
1 15 4
1 16 33
1 17 70
1 18 50
1 19 7
1 20 72
1 21 79
1 22 28
1 23 58
1 24 43
1 25 7
1 26 2
1 27 100
1 28 76
1 29 10
1 30 97
1 31 33
1 32 84
1 33 71
1 34 22
1 35 5
1 36 64
1 37 90
1 38 33
1 39 59
1 40 84
1 41 69
1 42 30
1 43 88
1 44 29
1 45 34
1 46 91
1 47 98
1 48 73
1 49 27
1 50 37
1 51 49
1 52 48
1 53 52
1 54 24
1 55 3
1 56 63
1 57 0
1 58 99
1 59 27
2 3 48
2 4 83
2 5 35
2 6 67
2 7 7
2 8 19
2 9 72
2 10 60
2 11 96
2 12 13
2 13 97
2 14 44
2 15 0
2 16 64
2 17 58
2 18 54
2 19 24
2 20 20
2 21 99
2 22 62
2 23 5
2 24 76
2 25 93
2 26 62
2 27 31
2 28 10
2 29 39
2 30 6
2 31 24
2 32 53
2 33 73
2 34 62
2 35 68
2 36 35
2 37 6
2 38 7
2 39 86
2 40 59
2 41 2
2 42 22
2 43 63
2 44 37
2 45 46
2 46 81
2 47 46
2 48 11
2 49 90
2 50 35
2 51 93
2 52 64
2 53 38
2 54 1
2 55 46
2 56 28
2 57 95
2 58 38
2 59 20
3 4 46
3 5 79
3 6 1
3 7 77
3 8 27
3 9 21
3 10 1
3 11 81
3 12 61
3 13 36
3 14 6
3 15 31
3 16 22
3 17 56
3 18 39
3 19 97
3 20 98
3 21 5
3 22 80
3 23 24
3 24 26
3 25 22
3 26 61
3 27 30
3 28 19
3 29 24
3 30 39
3 31 76
3 32 42
3 33 38
3 34 46
3 35 26
3 36 87
3 37 83
3 38 81
3 39 49
3 40 19
3 41 19
3 42 63
3 43 21
3 44 43
3 45 35
3 46 99
3 47 17
3 48 32
3 49 63
3 50 31
3 51 62
3 52 76
3 53 31
3 54 0
3 55 1
3 56 56
3 57 33
3 58 34
3 59 67
4 5 47
4 6 73
4 7 1
4 8 36
4 9 70
4 10 79
4 11 100
4 12 73
4 13 85
4 14 8
4 15 34
4 16 2
4 17 27
4 18 91
4 19 14
4 20 18
4 21 17
4 22 74
4 23 0
4 24 41
4 25 25
4 26 84
4 27 15
4 28 21
4 29 42
4 30 22
4 31 91
4 32 0
4 33 65
4 34 4
4 35 83
4 36 61
4 37 11
4 38 8
4 39 92
4 40 47
4 41 20
4 42 89
4 43 68
4 44 40
4 45 100
4 46 26
4 47 25
4 48 93
4 49 63
4 50 77
4 51 11
4 52 6
4 53 14
4 54 88
4 55 85
4 56 1
4 57 84
4 58 95
4 59 72
5 6 98
5 7 45
5 8 45
5 9 50
5 10 18
5 11 87
5 12 94
5 13 38
5 14 32
5 15 66
5 16 58
5 17 42
5 18 57
5 19 26
5 20 8
5 21 26
5 22 79
5 23 10
5 24 70
5 25 27
5 26 3
5 27 29
5 28 77
5 29 70
5 30 71
5 31 1
5 32 14
5 33 85
5 34 70
5 35 28
5 36 50
5 37 32
5 38 64
5 39 39
5 40 59
5 41 42
5 42 42
5 43 100
5 44 67
5 45 77
5 46 7
5 47 85
5 48 69
5 49 29
5 50 10
5 51 49
5 52 10
5 53 41
5 54 3
5 55 28
5 56 33
5 57 23
5 58 9
5 59 72
6 7 42
6 8 44
6 9 67
6 10 82
6 11 25
6 12 21
6 13 34
6 14 79
6 15 62
6 16 2
6 17 36
6 18 53
6 19 29
6 20 4
6 21 54
6 22 40
6 23 56
6 24 49
6 25 10
6 26 20
6 27 76
6 28 53
6 29 51
6 30 98
6 31 94
6 32 37
6 33 85
6 34 41
6 35 99
6 36 1
6 37 25
6 38 26
6 39 54
6 40 1
6 41 34
6 42 57
6 43 94
6 44 97
6 45 3
6 46 10
6 47 16
6 48 55
6 49 62
6 50 93
6 51 9
6 52 33
6 53 85
6 54 63
6 55 49
6 56 74
6 57 0
6 58 69
6 59 39
7 8 88
7 9 7
7 10 84
7 11 88
7 12 63
7 13 23
7 14 16
7 15 96
7 16 14
7 17 78
7 18 80
7 19 49
7 20 43
7 21 91
7 22 5
7 23 57
7 24 36
7 25 26
7 26 48
7 27 84
7 28 13
7 29 47
7 30 52
7 31 40
7 32 36
7 33 76
7 34 80
7 35 90
7 36 98
7 37 14
7 38 65
7 39 20
7 40 64
7 41 13
7 42 56
7 43 56
7 44 67
7 45 95
7 46 72
7 47 39
7 48 68
7 49 34
7 50 62
7 51 95
7 52 10
7 53 86
7 54 7
7 55 45
7 56 32
7 57 90
7 58 59
7 59 23
8 9 39
8 10 2
8 11 98
8 12 48
8 13 97
8 14 55
8 15 12
8 16 46
8 17 3
8 18 26
8 19 82
8 20 96
8 21 48
8 22 50
8 23 100
8 24 74
8 25 14
8 26 1
8 27 43
8 28 92
8 29 71
8 30 82
8 31 39
8 32 22
8 33 46
8 34 68
8 35 37
8 36 3
8 37 68
8 38 10
8 39 38
8 40 83
8 41 11
8 42 40
8 43 91
8 44 71
8 45 64
8 46 30
8 47 55
8 48 72
8 49 28
8 50 17
8 51 26
8 52 18
8 53 2
8 54 78
8 55 88
8 56 71
8 57 12
8 58 28
8 59 14
9 10 67
9 11 85
9 12 31
9 13 50
9 14 96
9 15 43
9 16 41
9 17 73
9 18 21
9 19 16
9 20 0
9 21 70
9 22 31
9 23 15
9 24 15
9 25 14
9 26 8
9 27 97
9 28 88
9 29 46
9 30 84
9 31 59
9 32 91
9 33 52
9 34 5
9 35 55
9 36 0
9 37 1
9 38 91
9 39 29
9 40 46
9 41 15
9 42 2
9 43 67
9 44 12
9 45 12
9 46 76
9 47 73
9 48 8
9 49 45
9 50 44
9 51 80
9 52 29
9 53 15
9 54 16
9 55 82
9 56 21
9 57 6
9 58 68
9 59 28
10 11 86
10 12 57
10 13 41
10 14 37
10 15 27
10 16 15
10 17 48
10 18 62
10 19 86
10 20 90
10 21 99
10 22 44
10 23 51
10 24 45
10 25 64
10 26 73
10 27 48
10 28 22
10 29 26
10 30 74
10 31 68
10 32 31
10 33 36
10 34 72
10 35 21
10 36 35
10 37 86
10 38 39
10 39 29
10 40 99
10 41 0
10 42 51
10 43 74
10 44 59
10 45 75
10 46 12
10 47 58
10 48 23
10 49 74
10 50 52
10 51 9
10 52 6
10 53 92
10 54 75
10 55 43
10 56 28
10 57 89
10 58 67
10 59 97
11 12 3
11 13 12
11 14 18
11 15 91
11 16 25
11 17 55
11 18 76
11 19 88
11 20 41
11 21 39
11 22 85
11 23 45
11 24 97
11 25 34
11 26 58
11 27 82
11 28 27
11 29 77
11 30 67
11 31 75
11 32 34
11 33 71
11 34 49
11 35 93
11 36 56
11 37 77
11 38 6
11 39 49
11 40 70
11 41 93
11 42 49
11 43 36
11 44 87
11 45 69
11 46 74
11 47 94
11 48 17
11 49 38
11 50 44
11 51 64
11 52 54
11 53 40
11 54 98
11 55 86
11 56 25
11 57 3
11 58 5
11 59 32
12 13 6
12 14 87
12 15 24
12 16 62
12 17 65
12 18 35
12 19 52
12 20 6
12 21 77
12 22 87
12 23 35
12 24 48
12 25 3
12 26 54
12 27 52
12 28 82
12 29 27
12 30 68
12 31 3
12 32 58
12 33 82
12 34 9
12 35 73
12 36 33
12 37 89
12 38 23
12 39 75
12 40 26
12 41 56
12 42 29
12 43 27
12 44 90
12 45 31
12 46 95
12 47 30
12 48 27
12 49 4
12 50 100
12 51 94
12 52 19
12 53 33
12 54 4
12 55 41
12 56 12
12 57 78
12 58 56
12 59 98
13 14 49
13 15 28
13 16 87
13 17 37
13 18 37
13 19 43
13 20 97
13 21 53
13 22 7
13 23 72
13 24 36
13 25 6
13 26 12
13 27 32
13 28 3
13 29 7
13 30 70
13 31 85
13 32 8
13 33 46
13 34 24
13 35 50
13 36 93
13 37 56
13 38 91
13 39 16
13 40 17
13 41 13
13 42 77
13 43 30
13 44 72
13 45 54
13 46 12
13 47 93
13 48 5
13 49 44
13 50 84
13 51 85
13 52 0
13 53 62
13 54 53
13 55 30
13 56 68
13 57 9
13 58 70
13 59 69
14 15 57
14 16 71
14 17 78
14 18 14
14 19 41
14 20 54
14 21 4
14 22 24
14 23 50
14 24 56
14 25 4
14 26 87
14 27 17
14 28 70
14 29 57
14 30 99
14 31 17
14 32 19
14 33 49
14 34 91
14 35 13
14 36 37
14 37 63
14 38 36
14 39 67
14 40 66
14 41 64
14 42 40
14 43 46
14 44 32
14 45 17
14 46 62
14 47 1
14 48 99
14 49 75
14 50 38
14 51 67
14 52 75
14 53 60
14 54 53
14 55 55
14 56 2
14 57 11
14 58 53
14 59 98
15 16 96
15 17 9
15 18 26
15 19 35
15 20 98
15 21 2
15 22 90
15 23 33
15 24 89
15 25 53
15 26 32
15 27 24
15 28 30
15 29 34
15 30 46
15 31 32
15 32 85
15 33 36
15 34 64
15 35 80
15 36 27
15 37 19
15 38 93
15 39 83
15 40 22
15 41 3
15 42 45
15 43 56
15 44 49
15 45 80
15 46 35
15 47 91
15 48 4
15 49 93
15 50 69
15 51 83
15 52 49
15 53 73
15 54 87
15 55 67
15 56 2
15 57 97
15 58 85
15 59 56
16 17 68
16 18 62
16 19 42
16 20 2
16 21 7
16 22 80
16 23 63
16 24 30
16 25 71
16 26 91
16 27 93
16 28 84
16 29 44
16 30 66
16 31 78
16 32 90
16 33 78
16 34 30
16 35 19
16 36 75
16 37 34
16 38 72
16 39 25
16 40 61
16 41 55
16 42 94
16 43 84
16 44 50
16 45 3
16 46 74
16 47 97
16 48 89
16 49 72
16 50 18
16 51 90
16 52 1
16 53 98
16 54 16
16 55 84
16 56 93
16 57 67
16 58 14
16 59 33
17 18 9
17 19 0
17 20 96
17 21 45
17 22 74
17 23 61
17 24 34
17 25 6
17 26 23
17 27 46
17 28 27
17 29 39
17 30 68
17 31 94
17 32 23
17 33 62
17 34 95
17 35 18
17 36 97
17 37 56
17 38 100
17 39 48
17 40 64
17 41 34
17 42 20
17 43 38
17 44 28
17 45 37
17 46 21
17 47 74
17 48 57
17 49 79
17 50 35
17 51 27
17 52 14
17 53 10
17 54 49
17 55 75
17 56 28
17 57 16
17 58 16
17 59 67
18 19 84
18 20 90
18 21 29
18 22 66
18 23 7
18 24 28
18 25 49
18 26 27
18 27 82
18 28 66
18 29 39
18 30 63
18 31 78
18 32 81
18 33 35
18 34 59
18 35 87
18 36 97
18 37 52
18 38 23
18 39 77
18 40 51
18 41 4
18 42 63
18 43 41
18 44 94
18 45 12
18 46 64
18 47 5
18 48 18
18 49 97
18 50 40
18 51 54
18 52 59
18 53 28
18 54 29
18 55 12
18 56 28
18 57 69
18 58 24
18 59 22
19 20 91
19 21 56
19 22 92
19 23 41
19 24 52
19 25 47
19 26 64
19 27 15
19 28 62
19 29 98
19 30 92
19 31 40
19 32 79
19 33 62
19 34 41
19 35 66
19 36 57
19 37 70
19 38 55
19 39 14
19 40 81
19 41 26
19 42 13
19 43 21
19 44 80
19 45 2
19 46 49
19 47 26
19 48 3
19 49 47
19 50 5
19 51 98
19 52 74
19 53 21
19 54 87
19 55 45
19 56 55
19 57 46
19 58 45
19 59 99
20 21 47
20 22 35
20 23 35
20 24 35
20 25 75
20 26 7
20 27 1
20 28 100
20 29 33
20 30 20
20 31 52
20 32 98
20 33 86
20 34 80
20 35 66
20 36 34
20 37 97
20 38 47
20 39 56
20 40 6
20 41 75
20 42 13
20 43 32
20 44 18
20 45 40
20 46 87
20 47 13
20 48 100
20 49 40
20 50 4
20 51 50
20 52 76
20 53 22
20 54 58
20 55 65
20 56 19
20 57 6
20 58 13
20 59 72
21 22 36
21 23 13
21 24 17
21 25 24
21 26 12
21 27 98
21 28 79
21 29 44
21 30 26
21 31 47
21 32 45
21 33 65
21 34 25
21 35 10
21 36 36
21 37 93
21 38 79
21 39 60
21 40 63
21 41 60
21 42 12
21 43 70
21 44 69
21 45 93
21 46 45
21 47 45
21 48 82
21 49 92
21 50 16
21 51 100
21 52 61
21 53 33
21 54 26
21 55 69
21 56 68
21 57 99
21 58 54
21 59 18
22 23 95
22 24 72
22 25 4
22 26 80
22 27 46
22 28 48
22 29 58
22 30 14
22 31 18
22 32 3
22 33 1
22 34 7
22 35 43
22 36 98
22 37 3
22 38 73
22 39 13
22 40 39
22 41 56
22 42 15
22 43 21
22 44 14
22 45 32
22 46 0
22 47 2
22 48 58
22 49 61
22 50 89
22 51 0
22 52 80
22 53 94
22 54 47
22 55 85
22 56 63
22 57 40
22 58 62
22 59 98
23 24 83
23 25 70
23 26 66
23 27 64
23 28 9
23 29 67
23 30 46
23 31 44
23 32 6
23 33 15
23 34 10
23 35 53
23 36 96
23 37 10
23 38 12
23 39 8
23 40 66
23 41 47
23 42 32
23 43 21
23 44 63
23 45 33
23 46 64
23 47 17
23 48 81
23 49 23
23 50 44
23 51 10
23 52 79
23 53 43
23 54 61
23 55 92
23 56 20
23 57 56
23 58 50
23 59 46
24 25 55
24 26 63
24 27 5
24 28 94
24 29 53
24 30 27
24 31 99
24 32 90
24 33 16
24 34 20
24 35 35
24 36 62
24 37 86
24 38 50
24 39 84
24 40 6
24 41 34
24 42 15
24 43 26
24 44 68
24 45 4
24 46 41
24 47 7
24 48 9
24 49 88
24 50 1
24 51 50
24 52 40
24 53 25
24 54 33
24 55 7
24 56 1
24 57 58
24 58 52
24 59 84
25 26 99
25 27 100
25 28 4
25 29 42
25 30 17
25 31 57
25 32 8
25 33 11
25 34 98
25 35 70
25 36 96
25 37 57
25 38 62
25 39 39
25 40 5
25 41 75
25 42 18
25 43 49
25 44 18
25 45 21
25 46 25
25 47 3
25 48 63
25 49 44
25 50 21
25 51 33
25 52 85
25 53 69
25 54 68
25 55 16
25 56 32
25 57 45
25 58 92
25 59 32
26 27 52
26 28 48
26 29 92
26 30 79
26 31 27
26 32 53
26 33 73
26 34 18
26 35 69
26 36 80
26 37 1
26 38 99
26 39 28
26 40 78
26 41 69
26 42 22
26 43 34
26 44 47
26 45 20
26 46 22
26 47 63
26 48 2
26 49 22
26 50 17
26 51 5
26 52 76
26 53 8
26 54 26
26 55 3
26 56 46
26 57 1
26 58 57
26 59 89
27 28 30
27 29 58
27 30 65
27 31 90
27 32 9
27 33 25
27 34 35
27 35 62
27 36 5
27 37 100
27 38 31
27 39 41
27 40 4
27 41 65
27 42 6
27 43 65
27 44 84
27 45 10
27 46 9
27 47 53
27 48 29
27 49 64
27 50 75
27 51 53
27 52 26
27 53 16
27 54 54
27 55 38
27 56 79
27 57 91
27 58 39
27 59 73
28 29 90
28 30 88
28 31 24
28 32 24
28 33 27
28 34 76
28 35 76
28 36 2
28 37 19
28 38 45
28 39 5
28 40 54
28 41 0
28 42 70
28 43 83
28 44 99
28 45 77
28 46 57
28 47 50
28 48 39
28 49 1
28 50 9
28 51 49
28 52 34
28 53 68
28 54 79
28 55 93
28 56 53
28 57 88
28 58 55
28 59 59
29 30 86
29 31 48
29 32 89
29 33 29
29 34 31
29 35 60
29 36 43
29 37 61
29 38 25
29 39 0
29 40 7
29 41 6
29 42 21
29 43 49
29 44 77
29 45 93
29 46 43
29 47 99
29 48 74
29 49 15
29 50 26
29 51 28
29 52 56
29 53 77
29 54 1
29 55 19
29 56 7
29 57 44
29 58 51
29 59 33
30 31 59
30 32 97
30 33 49
30 34 26
30 35 98
30 36 96
30 37 72
30 38 97
30 39 73
30 40 66
30 41 59
30 42 74
30 43 66
30 44 81
30 45 95
30 46 54
30 47 99
30 48 99
30 49 0
30 50 97
30 51 62
30 52 57
30 53 41
30 54 42
30 55 56
30 56 39
30 57 14
30 58 33
30 59 31
31 32 76
31 33 71
31 34 94
31 35 95
31 36 35
31 37 82
31 38 10
31 39 93
31 40 41
31 41 88
31 42 84
31 43 79
31 44 41
31 45 90
31 46 73
31 47 30
31 48 54
31 49 31
31 50 3
31 51 65
31 52 43
31 53 54
31 54 95
31 55 23
31 56 58
31 57 17
31 58 22
31 59 41
32 33 59
32 34 86
32 35 60
32 36 5
32 37 45
32 38 94
32 39 45
32 40 13
32 41 36
32 42 18
32 43 32
32 44 5
32 45 27
32 46 88
32 47 71
32 48 13
32 49 48
32 50 44
32 51 12
32 52 58
32 53 32
32 54 99
32 55 50
32 56 12
32 57 12
32 58 22
32 59 92
33 34 70
33 35 6
33 36 5
33 37 10
33 38 77
33 39 84
33 40 79
33 41 17
33 42 67
33 43 91
33 44 4
33 45 86
33 46 84
33 47 60
33 48 1
33 49 100
33 50 87
33 51 55
33 52 99
33 53 36
33 54 71
33 55 55
33 56 48
33 57 67
33 58 18
33 59 77
34 35 79
34 36 88
34 37 0
34 38 30
34 39 41
34 40 75
34 41 45
34 42 57
34 43 3
34 44 95
34 45 32
34 46 14
34 47 30
34 48 63
34 49 1
34 50 95
34 51 70
34 52 72
34 53 13
34 54 20
34 55 37
34 56 33
34 57 82
34 58 68
34 59 86
35 36 46
35 37 48
35 38 11
35 39 63
35 40 47
35 41 90
35 42 55
35 43 96
35 44 26
35 45 52
35 46 87
35 47 35
35 48 0
35 49 13
35 50 16
35 51 47
35 52 89
35 53 34
35 54 69
35 55 0
35 56 1
35 57 73
35 58 50
35 59 3
36 37 20
36 38 74
36 39 91
36 40 83
36 41 44
36 42 88
36 43 6
36 44 28
36 45 97
36 46 26
36 47 54
36 48 77
36 49 28
36 50 49
36 51 73
36 52 3
36 53 74
36 54 3
36 55 0
36 56 11
36 57 90
36 58 17
36 59 24
37 38 89
37 39 7
37 40 37
37 41 77
37 42 32
37 43 66
37 44 58
37 45 24
37 46 20
37 47 74
37 48 84
37 49 79
37 50 44
37 51 94
37 52 85
37 53 10
37 54 42
37 55 77
37 56 91
37 57 62
37 58 69
37 59 15
38 39 81
38 40 50
38 41 41
38 42 14
38 43 98
38 44 16
38 45 89
38 46 61
38 47 38
38 48 48
38 49 35
38 50 46
38 51 55
38 52 69
38 53 7
38 54 31
38 55 71
38 56 66
38 57 71
38 58 81
38 59 56
39 40 48
39 41 30
39 42 35
39 43 21
39 44 6
39 45 53
39 46 24
39 47 65
39 48 66
39 49 55
39 50 98
39 51 16
39 52 70
39 53 42
39 54 60
39 55 49
39 56 35
39 57 5
39 58 2
39 59 37
40 41 9
40 42 77
40 43 12
40 44 64
40 45 96
40 46 25
40 47 4
40 48 100
40 49 40
40 50 72
40 51 50
40 52 54
40 53 11
40 54 83
40 55 10
40 56 64
40 57 35
40 58 47
40 59 70
41 42 86
41 43 48
41 44 47
41 45 3
41 46 26
41 47 80
41 48 42
41 49 67
41 50 9
41 51 73
41 52 7
41 53 57
41 54 55
41 55 65
41 56 34
41 57 33
41 58 73
41 59 77
42 43 66
42 44 76
42 45 65
42 46 40
42 47 76
42 48 21
42 49 96
42 50 34
42 51 37
42 52 18
42 53 47
42 54 72
42 55 13
42 56 67
42 57 24
42 58 95
42 59 66
43 44 48
43 45 40
43 46 58
43 47 86
43 48 48
43 49 82
43 50 66
43 51 67
43 52 9
43 53 21
43 54 35
43 55 72
43 56 51
43 57 64
43 58 43
43 59 7
44 45 82
44 46 20
44 47 27
44 48 9
44 49 99
44 50 69
44 51 81
44 52 49
44 53 87
44 54 79
44 55 50
44 56 88
44 57 81
44 58 49
44 59 3
45 46 17
45 47 8
45 48 61
45 49 74
45 50 81
45 51 4
45 52 96
45 53 63
45 54 58
45 55 20
45 56 1
45 57 9
45 58 27
45 59 88
46 47 98
46 48 50
46 49 38
46 50 70
46 51 78
46 52 46
46 53 19
46 54 45
46 55 34
46 56 1
46 57 95
46 58 60
46 59 79
47 48 44
47 49 94
47 50 29
47 51 63
47 52 46
47 53 37
47 54 64
47 55 31
47 56 42
47 57 33
47 58 0
47 59 71
48 49 26
48 50 30
48 51 94
48 52 14
48 53 83
48 54 36
48 55 41
48 56 58
48 57 8
48 58 85
48 59 26
49 50 77
49 51 5
49 52 43
49 53 69
49 54 38
49 55 62
49 56 97
49 57 9
49 58 81
49 59 57
50 51 18
50 52 19
50 53 59
50 54 51
50 55 63
50 56 22
50 57 63
50 58 1
50 59 23
51 52 64
51 53 2
51 54 93
51 55 65
51 56 92
51 57 17
51 58 41
51 59 40
52 53 74
52 54 99
52 55 91
52 56 96
52 57 55
52 58 9
52 59 33
53 54 32
53 55 36
53 56 11
53 57 83
53 58 25
53 59 23
54 55 25
54 56 32
54 57 18
54 58 99
54 59 10
55 56 43
55 57 66
55 58 61
55 59 19
56 57 26
56 58 62
56 59 66
57 58 37
57 59 46
58 59 6
