120 10 ds 10 16 8 16 10 12 9 15 12 15 12 16 11 16 8 16 10 13 11 14 
0 1 92
0 2 58
0 3 93
0 4 22
0 5 74
0 6 64
0 7 83
0 8 85
0 9 42
0 10 60
0 11 40
0 12 4
0 13 48
0 14 57
0 15 12
0 16 46
0 17 88
0 18 6
0 19 78
0 20 51
0 21 34
0 22 74
0 23 88
0 24 81
0 25 32
0 26 6
0 27 7
0 28 48
0 29 83
0 30 59
0 31 22
0 32 40
0 33 99
0 34 56
0 35 26
0 36 47
0 37 18
0 38 21
0 39 51
0 40 65
0 41 65
0 42 27
0 43 29
0 44 71
0 45 45
0 46 62
0 47 27
0 48 55
0 49 28
0 50 19
0 51 45
0 52 42
0 53 47
0 54 46
0 55 13
0 56 38
0 57 86
0 58 32
0 59 20
0 60 93
0 61 23
0 62 11
0 63 54
0 64 71
0 65 83
0 66 88
0 67 3
0 68 78
0 69 38
0 70 85
0 71 66
0 72 54
0 73 6
0 74 45
0 75 89
0 76 95
0 77 84
0 78 42
0 79 38
0 80 96
0 81 5
0 82 78
0 83 25
0 84 62
0 85 30
0 86 64
0 87 16
0 88 6
0 89 33
0 90 53
0 91 70
0 92 12
0 93 51
0 94 17
0 95 20
0 96 54
0 97 21
0 98 13
0 99 74
0 100 98
0 101 93
0 102 27
0 103 43
0 104 72
0 105 6
0 106 6
0 107 98
0 108 98
0 109 64
0 110 61
0 111 74
0 112 28
0 113 26
0 114 38
0 115 19
0 116 48
0 117 23
0 118 15
0 119 45
1 2 7
1 3 100
1 4 61
1 5 19
1 6 58
1 7 36
1 8 19
1 9 35
1 10 87
1 11 85
1 12 47
1 13 98
1 14 5
1 15 57
1 16 59
1 17 15
1 18 100
1 19 73
1 20 6
1 21 97
1 22 65
1 23 58
1 24 67
1 25 88
1 26 32
1 27 54
1 28 85
1 29 68
1 30 96
1 31 47
1 32 23
1 33 64
1 34 22
1 35 16
1 36 44
1 37 3
1 38 49
1 39 27
1 40 28
1 41 15
1 42 10
1 43 57
1 44 84
1 45 66
1 46 94
1 47 69
1 48 89
1 49 42
1 50 53
1 51 12
1 52 57
1 53 17
1 54 4
1 55 99
1 56 14
1 57 92
1 58 73
1 59 94
1 60 28
1 61 59
1 62 67
1 63 36
1 64 69
1 65 39
1 66 81
1 67 95
1 68 17
1 69 2
1 70 58
1 71 70
1 72 30
1 73 44
1 74 38
1 75 33
1 76 55
1 77 10
1 78 32
1 79 51
1 80 51
1 81 42
1 82 84
1 83 81
1 84 36
1 85 49
1 86 16
1 87 38
1 88 4
1 89 12
1 90 10
1 91 2
1 92 42
1 93 43
1 94 35
1 95 50
1 96 42
1 97 38
1 98 12
1 99 94
1 100 40
1 101 40
1 102 100
1 103 14
1 104 19
1 105 80
1 106 70
1 107 52
1 108 18
1 109 2
1 110 54
1 111 50
1 112 72
1 113 44
1 114 81
1 115 95
1 116 67
1 117 44
1 118 5
1 119 33
2 3 56
2 4 47
2 5 22
2 6 38
2 7 2
2 8 39
2 9 81
2 10 76
2 11 80
2 12 61
2 13 88
2 14 24
2 15 51
2 16 52
2 17 59
2 18 84
2 19 36
2 20 89
2 21 26
2 22 44
2 23 7
2 24 48
2 25 1
2 26 31
2 27 73
2 28 46
2 29 76
2 30 54
2 31 6
2 32 92
2 33 49
2 34 52
2 35 91
2 36 5
2 37 73
2 38 41
2 39 43
2 40 19
2 41 47
2 42 25
2 43 18
2 44 21
2 45 84
2 46 10
2 47 19
2 48 37
2 49 66
2 50 19
2 51 4
2 52 27
2 53 1
2 54 21
2 55 47
2 56 4
2 57 15
2 58 80
2 59 0
2 60 61
2 61 34
2 62 3
2 63 87
2 64 1
2 65 2
2 66 52
2 67 29
2 68 22
2 69 87
2 70 88
2 71 70
2 72 83
2 73 60
2 74 92
2 75 75
2 76 25
2 77 71
2 78 80
2 79 56
2 80 54
2 81 60
2 82 14
2 83 32
2 84 43
2 85 37
2 86 79
2 87 5
2 88 59
2 89 85
2 90 93
2 91 97
2 92 40
2 93 97
2 94 30
2 95 93
2 96 53
2 97 26
2 98 53
2 99 21
2 100 56
2 101 72
2 102 41
2 103 94
2 104 71
2 105 68
2 106 89
2 107 77
2 108 29
2 109 59
2 110 32
2 111 0
2 112 0
2 113 38
2 114 46
2 115 52
2 116 2
2 117 81
2 118 35
2 119 35
3 4 30
3 5 1
3 6 47
3 7 37
3 8 50
3 9 34
3 10 5
3 11 18
3 12 53
3 13 85
3 14 92
3 15 90
3 16 16
3 17 58
3 18 4
3 19 60
3 20 47
3 21 13
3 22 91
3 23 81
3 24 68
3 25 71
3 26 52
3 27 100
3 28 70
3 29 71
3 30 8
3 31 49
3 32 23
3 33 34
3 34 16
3 35 84
3 36 30
3 37 82
3 38 24
3 39 72
3 40 92
3 41 17
3 42 94
3 43 70
3 44 96
3 45 33
3 46 90
3 47 81
3 48 25
3 49 4
3 50 44
3 51 60
3 52 10
3 53 90
3 54 92
3 55 78
3 56 25
3 57 61
3 58 35
3 59 0
3 60 48
3 61 91
3 62 84
3 63 38
3 64 41
3 65 48
3 66 25
3 67 38
3 68 85
3 69 53
3 70 45
3 71 19
3 72 73
3 73 41
3 74 29
3 75 71
3 76 97
3 77 81
3 78 5
3 79 23
3 80 100
3 81 24
3 82 80
3 83 8
3 84 76
3 85 35
3 86 21
3 87 23
3 88 41
3 89 74
3 90 32
3 91 69
3 92 4
3 93 16
3 94 56
3 95 64
3 96 49
3 97 78
3 98 38
3 99 56
3 100 42
3 101 81
3 102 23
3 103 60
3 104 93
3 105 20
3 106 19
3 107 91
3 108 90
3 109 64
3 110 51
3 111 27
3 112 94
3 113 86
3 114 8
3 115 59
3 116 89
3 117 2
3 118 55
3 119 48
4 5 30
4 6 49
4 7 5
4 8 13
4 9 83
4 10 87
4 11 48
4 12 2
4 13 5
4 14 21
4 15 94
4 16 11
4 17 83
4 18 20
4 19 100
4 20 28
4 21 6
4 22 13
4 23 22
4 24 0
4 25 14
4 26 74
4 27 72
4 28 95
4 29 39
4 30 58
4 31 65
4 32 100
4 33 72
4 34 76
4 35 48
4 36 63
4 37 35
4 38 49
4 39 64
4 40 80
4 41 5
4 42 27
4 43 46
4 44 59
4 45 40
4 46 38
4 47 46
4 48 88
4 49 11
4 50 12
4 51 60
4 52 25
4 53 49
4 54 83
4 55 92
4 56 25
4 57 13
4 58 93
4 59 85
4 60 34
4 61 48
4 62 35
4 63 13
4 64 19
4 65 76
4 66 91
4 67 92
4 68 9
4 69 56
4 70 54
4 71 47
4 72 78
4 73 70
4 74 65
4 75 11
4 76 12
4 77 65
4 78 1
4 79 37
4 80 83
4 81 48
4 82 40
4 83 40
4 84 75
4 85 20
4 86 50
4 87 10
4 88 50
4 89 94
4 90 7
4 91 48
4 92 53
4 93 0
4 94 72
4 95 84
4 96 36
4 97 60
4 98 35
4 99 94
4 100 78
4 101 54
4 102 37
4 103 23
4 104 79
4 105 74
4 106 65
4 107 79
4 108 78
4 109 59
4 110 57
4 111 2
4 112 100
4 113 36
4 114 22
4 115 70
4 116 23
4 117 6
4 118 19
4 119 69
5 6 92
5 7 7
5 8 45
5 9 95
5 10 92
5 11 8
5 12 28
5 13 24
5 14 51
5 15 8
5 16 92
5 17 87
5 18 95
5 19 95
5 20 69
5 21 100
5 22 11
5 23 66
5 24 91
5 25 37
5 26 75
5 27 47
5 28 74
5 29 100
5 30 78
5 31 56
5 32 43
5 33 76
5 34 19
5 35 1
5 36 97
5 37 80
5 38 34
5 39 85
5 40 45
5 41 87
5 42 63
5 43 55
5 44 99
5 45 78
5 46 91
5 47 13
5 48 86
5 49 58
5 50 81
5 51 58
5 52 76
5 53 51
5 54 64
5 55 75
5 56 57
5 57 72
5 58 64
5 59 89
5 60 14
5 61 96
5 62 19
5 63 50
5 64 43
5 65 34
5 66 43
5 67 86
5 68 48
5 69 73
5 70 80
5 71 94
5 72 88
5 73 6
5 74 1
5 75 10
5 76 40
5 77 8
5 78 33
5 79 24
5 80 82
5 81 38
5 82 53
5 83 2
5 84 29
5 85 91
5 86 90
5 87 42
5 88 28
5 89 56
5 90 82
5 91 63
5 92 60
5 93 84
5 94 40
5 95 83
5 96 19
5 97 26
5 98 40
5 99 82
5 100 11
5 101 81
5 102 37
5 103 76
5 104 94
5 105 74
5 106 91
5 107 100
5 108 96
5 109 74
5 110 33
5 111 100
5 112 49
5 113 45
5 114 19
5 115 55
5 116 79
5 117 56
5 118 72
5 119 44
6 7 78
6 8 25
6 9 7
6 10 29
6 11 13
6 12 26
6 13 66
6 14 85
6 15 17
6 16 61
6 17 10
6 18 59
6 19 87
6 20 46
6 21 98
6 22 51
6 23 11
6 24 53
6 25 59
6 26 70
6 27 43
6 28 23
6 29 25
6 30 23
6 31 12
6 32 89
6 33 90
6 34 12
6 35 90
6 36 78
6 37 35
6 38 94
6 39 3
6 40 47
6 41 0
6 42 84
6 43 36
6 44 88
6 45 9
6 46 66
6 47 3
6 48 68
6 49 68
6 50 53
6 51 84
6 52 23
6 53 77
6 54 1
6 55 14
6 56 97
6 57 21
6 58 80
6 59 73
6 60 7
6 61 31
6 62 55
6 63 32
6 64 67
6 65 9
6 66 89
6 67 98
6 68 95
6 69 83
6 70 78
6 71 98
6 72 38
6 73 62
6 74 24
6 75 88
6 76 63
6 77 58
6 78 76
6 79 20
6 80 79
6 81 17
6 82 71
6 83 37
6 84 60
6 85 10
6 86 11
6 87 9
6 88 16
6 89 63
6 90 53
6 91 31
6 92 81
6 93 73
6 94 17
6 95 79
6 96 14
6 97 85
6 98 93
6 99 88
6 100 47
6 101 79
6 102 53
6 103 66
6 104 71
6 105 11
6 106 78
6 107 70
6 108 99
6 109 21
6 110 0
6 111 60
6 112 89
6 113 74
6 114 36
6 115 85
6 116 40
6 117 14
6 118 96
6 119 31
7 8 4
7 9 61
7 10 26
7 11 48
7 12 9
7 13 90
7 14 13
7 15 93
7 16 15
7 17 53
7 18 53
7 19 27
7 20 89
7 21 20
7 22 81
7 23 10
7 24 97
7 25 11
7 26 73
7 27 72
7 28 75
7 29 76
7 30 73
7 31 30
7 32 0
7 33 2
7 34 26
7 35 21
7 36 48
7 37 5
7 38 51
7 39 43
7 40 70
7 41 86
7 42 25
7 43 40
7 44 13
7 45 70
7 46 13
7 47 46
7 48 37
7 49 82
7 50 11
7 51 33
7 52 73
7 53 27
7 54 46
7 55 98
7 56 62
7 57 8
7 58 37
7 59 52
7 60 79
7 61 8
7 62 55
7 63 86
7 64 54
7 65 87
7 66 14
7 67 69
7 68 91
7 69 45
7 70 58
7 71 23
7 72 17
7 73 4
7 74 96
7 75 59
7 76 44
7 77 7
7 78 36
7 79 22
7 80 90
7 81 18
7 82 61
7 83 50
7 84 92
7 85 46
7 86 50
7 87 10
7 88 6
7 89 30
7 90 41
7 91 61
7 92 71
7 93 89
7 94 100
7 95 1
7 96 70
7 97 99
7 98 68
7 99 25
7 100 69
7 101 82
7 102 43
7 103 65
7 104 70
7 105 100
7 106 4
7 107 51
7 108 96
7 109 16
7 110 77
7 111 61
7 112 38
7 113 94
7 114 17
7 115 61
7 116 28
7 117 15
7 118 88
7 119 93
8 9 82
8 10 21
8 11 32
8 12 55
8 13 12
8 14 46
8 15 47
8 16 7
8 17 39
8 18 62
8 19 23
8 20 72
8 21 44
8 22 51
8 23 18
8 24 83
8 25 5
8 26 54
8 27 60
8 28 32
8 29 16
8 30 96
8 31 52
8 32 93
8 33 15
8 34 47
8 35 6
8 36 52
8 37 19
8 38 5
8 39 70
8 40 21
8 41 59
8 42 42
8 43 54
8 44 97
8 45 84
8 46 68
8 47 74
8 48 24
8 49 3
8 50 36
8 51 10
8 52 84
8 53 22
8 54 32
8 55 93
8 56 75
8 57 7
8 58 56
8 59 97
8 60 29
8 61 57
8 62 95
8 63 96
8 64 98
8 65 14
8 66 36
8 67 15
8 68 35
8 69 1
8 70 52
8 71 57
8 72 17
8 73 23
8 74 1
8 75 20
8 76 77
8 77 1
8 78 2
8 79 7
8 80 73
8 81 12
8 82 83
8 83 95
8 84 0
8 85 1
8 86 10
8 87 86
8 88 25
8 89 53
8 90 66
8 91 21
8 92 16
8 93 23
8 94 87
8 95 3
8 96 96
8 97 51
8 98 77
8 99 55
8 100 58
8 101 37
8 102 3
8 103 41
8 104 65
8 105 87
8 106 26
8 107 96
8 108 81
8 109 88
8 110 59
8 111 24
8 112 7
8 113 95
8 114 1
8 115 99
8 116 36
8 117 61
8 118 80
8 119 44
9 10 56
9 11 22
9 12 35
9 13 22
9 14 44
9 15 20
9 16 45
9 17 31
9 18 21
9 19 39
9 20 21
9 21 30
9 22 81
9 23 55
9 24 90
9 25 5
9 26 35
9 27 53
9 28 93
9 29 84
9 30 85
9 31 70
9 32 37
9 33 12
9 34 29
9 35 17
9 36 18
9 37 35
9 38 79
9 39 90
9 40 32
9 41 100
9 42 95
9 43 47
9 44 60
9 45 27
9 46 66
9 47 10
9 48 67
9 49 41
9 50 67
9 51 98
9 52 72
9 53 83
9 54 94
9 55 5
9 56 7
9 57 99
9 58 78
9 59 76
9 60 24
9 61 48
9 62 2
9 63 40
9 64 18
9 65 24
9 66 54
9 67 64
9 68 21
9 69 99
9 70 66
9 71 55
9 72 44
9 73 97
9 74 81
9 75 73
9 76 12
9 77 77
9 78 55
9 79 96
9 80 58
9 81 31
9 82 11
9 83 43
9 84 6
9 85 37
9 86 11
9 87 89
9 88 23
9 89 20
9 90 91
9 91 64
9 92 65
9 93 27
9 94 10
9 95 74
9 96 31
9 97 92
9 98 63
9 99 46
9 100 1
9 101 55
9 102 51
9 103 7
9 104 85
9 105 27
9 106 63
9 107 99
9 108 46
9 109 66
9 110 54
9 111 78
9 112 72
9 113 50
9 114 10
9 115 50
9 116 28
9 117 90
9 118 4
9 119 47
10 11 67
10 12 21
10 13 88
10 14 6
10 15 34
10 16 72
10 17 39
10 18 9
10 19 67
10 20 25
10 21 0
10 22 19
10 23 44
10 24 34
10 25 72
10 26 25
10 27 62
10 28 29
10 29 32
10 30 63
10 31 80
10 32 41
10 33 85
10 34 40
10 35 68
10 36 96
10 37 48
10 38 88
10 39 2
10 40 39
10 41 40
10 42 51
10 43 70
10 44 49
10 45 80
10 46 62
10 47 5
10 48 59
10 49 7
10 50 51
10 51 40
10 52 46
10 53 65
10 54 97
10 55 35
10 56 20
10 57 50
10 58 99
10 59 79
10 60 99
10 61 12
10 62 9
10 63 14
10 64 96
10 65 80
10 66 14
10 67 34
10 68 63
10 69 42
10 70 26
10 71 14
10 72 19
10 73 66
10 74 83
10 75 32
10 76 1
10 77 17
10 78 15
10 79 61
10 80 35
10 81 41
10 82 3
10 83 4
10 84 74
10 85 73
10 86 58
10 87 6
10 88 29
10 89 91
10 90 55
10 91 4
10 92 67
10 93 22
10 94 96
10 95 2
10 96 88
10 97 88
10 98 33
10 99 25
10 100 6
10 101 49
10 102 62
10 103 9
10 104 78
10 105 58
10 106 85
10 107 92
10 108 6
10 109 49
10 110 10
10 111 68
10 112 71
10 113 97
10 114 58
10 115 3
10 116 74
10 117 84
10 118 64
10 119 96
11 12 73
11 13 46
11 14 49
11 15 47
11 16 87
11 17 88
11 18 12
11 19 16
11 20 60
11 21 60
11 22 59
11 23 27
11 24 65
11 25 58
11 26 1
11 27 32
11 28 18
11 29 91
11 30 76
11 31 65
11 32 100
11 33 10
11 34 49
11 35 34
11 36 39
11 37 39
11 38 83
11 39 20
11 40 61
11 41 4
11 42 67
11 43 25
11 44 28
11 45 49
11 46 70
11 47 48
11 48 85
11 49 2
11 50 52
11 51 62
11 52 77
11 53 42
11 54 82
11 55 42
11 56 48
11 57 74
11 58 4
11 59 72
11 60 66
11 61 97
11 62 58
11 63 90
11 64 57
11 65 54
11 66 63
11 67 15
11 68 10
11 69 76
11 70 94
11 71 18
11 72 33
11 73 9
11 74 52
11 75 50
11 76 33
11 77 34
11 78 41
11 79 9
11 80 57
11 81 64
11 82 55
11 83 69
11 84 67
11 85 87
11 86 82
11 87 33
11 88 98
11 89 0
11 90 16
11 91 42
11 92 51
11 93 85
11 94 20
11 95 100
11 96 2
11 97 86
11 98 50
11 99 39
11 100 32
11 101 47
11 102 98
11 103 21
11 104 25
11 105 50
11 106 15
11 107 89
11 108 18
11 109 41
11 110 73
11 111 5
11 112 98
11 113 29
11 114 28
11 115 87
11 116 45
11 117 31
11 118 55
11 119 86
12 13 46
12 14 10
12 15 56
12 16 33
12 17 16
12 18 85
12 19 19
12 20 39
12 21 35
12 22 72
12 23 56
12 24 12
12 25 3
12 26 51
12 27 52
12 28 58
12 29 59
12 30 77
12 31 9
12 32 5
12 33 66
12 34 100
12 35 38
12 36 68
12 37 2
12 38 42
12 39 86
12 40 87
12 41 51
12 42 3
12 43 92
12 44 0
12 45 7
12 46 9
12 47 68
12 48 37
12 49 94
12 50 39
12 51 37
12 52 5
12 53 61
12 54 49
12 55 21
12 56 47
12 57 18
12 58 23
12 59 57
12 60 94
12 61 83
12 62 83
12 63 8
12 64 62
12 65 40
12 66 28
12 67 37
12 68 49
12 69 42
12 70 21
12 71 26
12 72 13
12 73 19
12 74 53
12 75 100
12 76 67
12 77 74
12 78 94
12 79 94
12 80 6
12 81 83
12 82 0
12 83 55
12 84 6
12 85 77
12 86 78
12 87 95
12 88 60
12 89 12
12 90 90
12 91 4
12 92 72
12 93 72
12 94 63
12 95 29
12 96 53
12 97 70
12 98 51
12 99 87
12 100 93
12 101 7
12 102 7
12 103 61
12 104 35
12 105 5
12 106 78
12 107 10
12 108 64
12 109 70
12 110 66
12 111 99
12 112 18
12 113 40
12 114 37
12 115 7
12 116 68
12 117 62
12 118 27
12 119 96
13 14 37
13 15 86
13 16 56
13 17 87
13 18 46
13 19 83
13 20 23
13 21 90
13 22 91
13 23 86
13 24 30
13 25 92
13 26 90
13 27 88
13 28 48
13 29 14
13 30 7
13 31 86
13 32 85
13 33 87
13 34 18
13 35 49
13 36 45
13 37 64
13 38 78
13 39 9
13 40 10
13 41 20
13 42 31
13 43 25
13 44 74
13 45 62
13 46 34
13 47 46
13 48 3
13 49 33
13 50 16
13 51 75
13 52 78
13 53 99
13 54 60
13 55 92
13 56 9
13 57 82
13 58 31
13 59 30
13 60 39
13 61 78
13 62 79
13 63 97
13 64 98
13 65 57
13 66 84
13 67 21
13 68 66
13 69 67
13 70 89
13 71 86
13 72 94
13 73 57
13 74 98
13 75 18
13 76 62
13 77 89
13 78 4
13 79 71
13 80 8
13 81 73
13 82 87
13 83 49
13 84 91
13 85 12
13 86 30
13 87 98
13 88 47
13 89 95
13 90 86
13 91 62
13 92 67
13 93 99
13 94 2
13 95 24
13 96 10
13 97 56
13 98 71
13 99 80
13 100 7
13 101 77
13 102 30
13 103 29
13 104 99
13 105 82
13 106 94
13 107 42
13 108 13
13 109 50
13 110 68
13 111 60
13 112 20
13 113 90
13 114 100
13 115 85
13 116 76
13 117 16
13 118 66
13 119 29
14 15 88
14 16 57
14 17 42
14 18 20
14 19 82
14 20 27
14 21 21
14 22 4
14 23 89
14 24 36
14 25 81
14 26 62
14 27 13
14 28 25
14 29 6
14 30 5
14 31 79
14 32 71
14 33 27
14 34 21
14 35 63
14 36 12
14 37 35
14 38 100
14 39 16
14 40 6
14 41 22
14 42 60
14 43 79
14 44 26
14 45 96
14 46 51
14 47 29
14 48 8
14 49 5
14 50 17
14 51 61
14 52 96
14 53 35
14 54 27
14 55 5
14 56 6
14 57 11
14 58 47
14 59 35
14 60 14
14 61 28
14 62 84
14 63 97
14 64 1
14 65 47
14 66 69
14 67 14
14 68 26
14 69 11
14 70 87
14 71 85
14 72 53
14 73 8
14 74 77
14 75 67
14 76 26
14 77 22
14 78 3
14 79 27
14 80 98
14 81 25
14 82 17
14 83 11
14 84 51
14 85 0
14 86 61
14 87 67
14 88 80
14 89 65
14 90 78
14 91 8
14 92 37
14 93 35
14 94 24
14 95 10
14 96 60
14 97 73
14 98 19
14 99 54
14 100 48
14 101 60
14 102 32
14 103 86
14 104 45
14 105 47
14 106 34
14 107 90
14 108 68
14 109 41
14 110 63
14 111 86
14 112 85
14 113 49
14 114 6
14 115 95
14 116 95
14 117 42
14 118 12
14 119 73
15 16 51
15 17 40
15 18 69
15 19 10
15 20 38
15 21 91
15 22 14
15 23 94
15 24 91
15 25 65
15 26 16
15 27 74
15 28 10
15 29 96
15 30 56
15 31 10
15 32 1
15 33 21
15 34 99
15 35 70
15 36 14
15 37 77
15 38 4
15 39 65
15 40 13
15 41 70
15 42 81
15 43 54
15 44 7
15 45 77
15 46 39
15 47 32
15 48 13
15 49 49
15 50 22
15 51 92
15 52 73
15 53 9
15 54 46
15 55 63
15 56 96
15 57 50
15 58 47
15 59 5
15 60 10
15 61 18
15 62 28
15 63 44
15 64 40
15 65 90
15 66 28
15 67 63
15 68 65
15 69 61
15 70 96
15 71 3
15 72 24
15 73 100
15 74 61
15 75 32
15 76 43
15 77 39
15 78 30
15 79 13
15 80 35
15 81 18
15 82 68
15 83 50
15 84 91
15 85 28
15 86 30
15 87 48
15 88 82
15 89 30
15 90 80
15 91 54
15 92 56
15 93 8
15 94 71
15 95 100
15 96 87
15 97 98
15 98 32
15 99 83
15 100 65
15 101 27
15 102 16
15 103 87
15 104 3
15 105 68
15 106 81
15 107 98
15 108 78
15 109 17
15 110 74
15 111 78
15 112 83
15 113 92
15 114 55
15 115 13
15 116 78
15 117 71
15 118 12
15 119 35
16 17 22
16 18 13
16 19 58
16 20 100
16 21 65
16 22 26
16 23 2
16 24 85
16 25 51
16 26 59
16 27 8
16 28 94
16 29 68
16 30 48
16 31 86
16 32 68
16 33 13
16 34 23
16 35 21
16 36 48
16 37 60
16 38 0
16 39 93
16 40 20
16 41 35
16 42 4
16 43 19
16 44 71
16 45 84
16 46 64
16 47 78
16 48 50
16 49 30
16 50 62
16 51 6
16 52 49
16 53 15
16 54 5
16 55 79
16 56 44
16 57 25
16 58 34
16 59 22
16 60 49
16 61 3
16 62 18
16 63 48
16 64 5
16 65 45
16 66 81
16 67 70
16 68 68
16 69 84
16 70 29
16 71 34
16 72 98
16 73 72
16 74 68
16 75 77
16 76 66
16 77 47
16 78 13
16 79 41
16 80 14
16 81 79
16 82 23
16 83 74
16 84 12
16 85 16
16 86 87
16 87 8
16 88 32
16 89 15
16 90 36
16 91 94
16 92 40
16 93 79
16 94 52
16 95 92
16 96 74
16 97 63
16 98 74
16 99 97
16 100 58
16 101 33
16 102 26
16 103 61
16 104 54
16 105 25
16 106 86
16 107 94
16 108 18
16 109 8
16 110 55
16 111 32
16 112 45
16 113 72
16 114 17
16 115 0
16 116 63
16 117 35
16 118 44
16 119 32
17 18 59
17 19 86
17 20 4
17 21 26
17 22 7
17 23 72
17 24 55
17 25 35
17 26 36
17 27 39
17 28 98
17 29 92
17 30 19
17 31 41
17 32 63
17 33 62
17 34 40
17 35 7
17 36 90
17 37 15
17 38 0
17 39 16
17 40 7
17 41 35
17 42 94
17 43 26
17 44 73
17 45 58
17 46 92
17 47 73
17 48 83
17 49 45
17 50 73
17 51 85
17 52 4
17 53 49
17 54 93
17 55 33
17 56 85
17 57 41
17 58 56
17 59 34
17 60 77
17 61 12
17 62 79
17 63 91
17 64 4
17 65 28
17 66 27
17 67 64
17 68 99
17 69 98
17 70 78
17 71 17
17 72 98
17 73 47
17 74 87
17 75 36
17 76 80
17 77 38
17 78 81
17 79 69
17 80 4
17 81 76
17 82 40
17 83 68
17 84 36
17 85 57
17 86 83
17 87 50
17 88 41
17 89 97
17 90 95
17 91 51
17 92 59
17 93 72
17 94 95
17 95 32
17 96 96
17 97 58
17 98 80
17 99 67
17 100 63
17 101 42
17 102 39
17 103 16
17 104 93
17 105 7
17 106 19
17 107 16
17 108 34
17 109 20
17 110 29
17 111 47
17 112 97
17 113 19
17 114 72
17 115 12
17 116 60
17 117 40
17 118 0
17 119 42
18 19 23
18 20 28
18 21 53
18 22 91
18 23 78
18 24 19
18 25 47
18 26 44
18 27 56
18 28 54
18 29 63
18 30 75
18 31 9
18 32 63
18 33 86
18 34 13
18 35 61
18 36 63
18 37 40
18 38 94
18 39 97
18 40 52
18 41 5
18 42 93
18 43 5
18 44 22
18 45 76
18 46 67
18 47 29
18 48 79
18 49 12
18 50 21
18 51 44
18 52 79
18 53 44
18 54 44
18 55 96
18 56 9
18 57 0
18 58 38
18 59 80
18 60 7
18 61 5
18 62 98
18 63 24
18 64 82
18 65 82
18 66 80
18 67 15
18 68 7
18 69 25
18 70 77
18 71 35
18 72 76
18 73 87
18 74 44
18 75 55
18 76 10
18 77 53
18 78 74
18 79 19
18 80 16
18 81 58
18 82 24
18 83 74
18 84 47
18 85 88
18 86 38
18 87 85
18 88 59
18 89 25
18 90 75
18 91 16
18 92 62
18 93 25
18 94 86
18 95 83
18 96 2
18 97 27
18 98 78
18 99 15
18 100 71
18 101 48
18 102 47
18 103 24
18 104 2
18 105 46
18 106 71
18 107 83
18 108 56
18 109 89
18 110 42
18 111 87
18 112 40
18 113 23
18 114 74
18 115 52
18 116 0
18 117 17
18 118 64
18 119 64
19 20 87
19 21 16
19 22 64
19 23 18
19 24 49
19 25 49
19 26 70
19 27 44
19 28 39
19 29 29
19 30 15
19 31 49
19 32 29
19 33 29
19 34 56
19 35 60
19 36 63
19 37 45
19 38 75
19 39 99
19 40 77
19 41 62
19 42 63
19 43 55
19 44 76
19 45 11
19 46 0
19 47 19
19 48 73
19 49 11
19 50 67
19 51 28
19 52 87
19 53 5
19 54 65
19 55 71
19 56 100
19 57 32
19 58 87
19 59 87
19 60 19
19 61 94
19 62 84
19 63 12
19 64 9
19 65 91
19 66 100
19 67 56
19 68 41
19 69 62
19 70 12
19 71 83
19 72 65
19 73 33
19 74 63
19 75 44
19 76 50
19 77 76
19 78 12
19 79 56
19 80 78
19 81 53
19 82 90
19 83 9
19 84 4
19 85 17
19 86 84
19 87 23
19 88 12
19 89 28
19 90 53
19 91 54
19 92 56
19 93 11
19 94 29
19 95 34
19 96 14
19 97 52
19 98 25
19 99 72
19 100 52
19 101 89
19 102 28
19 103 45
19 104 69
19 105 31
19 106 35
19 107 15
19 108 1
19 109 31
19 110 42
19 111 1
19 112 71
19 113 4
19 114 37
19 115 55
19 116 21
19 117 99
19 118 95
19 119 75
20 21 79
20 22 68
20 23 26
20 24 70
20 25 77
20 26 68
20 27 70
20 28 61
20 29 8
20 30 31
20 31 95
20 32 72
20 33 67
20 34 41
20 35 93
20 36 92
20 37 88
20 38 84
20 39 56
20 40 59
20 41 60
20 42 22
20 43 17
20 44 89
20 45 19
20 46 90
20 47 35
20 48 48
20 49 45
20 50 36
20 51 56
20 52 44
20 53 77
20 54 50
20 55 49
20 56 94
20 57 97
20 58 55
20 59 16
20 60 90
20 61 53
20 62 94
20 63 47
20 64 29
20 65 49
20 66 1
20 67 2
20 68 11
20 69 93
20 70 32
20 71 93
20 72 7
20 73 78
20 74 0
20 75 43
20 76 87
20 77 0
20 78 36
20 79 1
20 80 72
20 81 91
20 82 18
20 83 96
20 84 10
20 85 50
20 86 45
20 87 83
20 88 16
20 89 90
20 90 95
20 91 72
20 92 63
20 93 3
20 94 60
20 95 96
20 96 54
20 97 41
20 98 99
20 99 61
20 100 14
20 101 61
20 102 49
20 103 8
20 104 50
20 105 58
20 106 67
20 107 34
20 108 23
20 109 36
20 110 24
20 111 19
20 112 47
20 113 60
20 114 40
20 115 47
20 116 39
20 117 22
20 118 74
20 119 85
21 22 25
21 23 87
21 24 67
21 25 66
21 26 39
21 27 65
21 28 74
21 29 53
21 30 63
21 31 21
21 32 100
21 33 22
21 34 85
21 35 34
21 36 83
21 37 29
21 38 5
21 39 71
21 40 6
21 41 95
21 42 59
21 43 45
21 44 17
21 45 84
21 46 53
21 47 91
21 48 94
21 49 60
21 50 97
21 51 100
21 52 99
21 53 77
21 54 13
21 55 83
21 56 86
21 57 41
21 58 1
21 59 30
21 60 57
21 61 19
21 62 89
21 63 55
21 64 64
21 65 42
21 66 49
21 67 24
21 68 48
21 69 28
21 70 36
21 71 99
21 72 9
21 73 18
21 74 97
21 75 50
21 76 22
21 77 19
21 78 53
21 79 47
21 80 34
21 81 27
21 82 60
21 83 72
21 84 98
21 85 29
21 86 93
21 87 73
21 88 50
21 89 100
21 90 66
21 91 16
21 92 22
21 93 99
21 94 76
21 95 11
21 96 47
21 97 27
21 98 32
21 99 74
21 100 17
21 101 46
21 102 81
21 103 69
21 104 74
21 105 69
21 106 10
21 107 24
21 108 73
21 109 74
21 110 71
21 111 80
21 112 31
21 113 48
21 114 86
21 115 72
21 116 37
21 117 28
21 118 82
21 119 94
22 23 36
22 24 1
22 25 30
22 26 85
22 27 49
22 28 23
22 29 64
22 30 68
22 31 64
22 32 29
22 33 23
22 34 76
22 35 73
22 36 97
22 37 98
22 38 51
22 39 88
22 40 39
22 41 55
22 42 91
22 43 93
22 44 81
22 45 29
22 46 22
22 47 58
22 48 52
22 49 2
22 50 93
22 51 73
22 52 0
22 53 58
22 54 55
22 55 66
22 56 31
22 57 91
22 58 89
22 59 36
22 60 26
22 61 62
22 62 55
22 63 34
22 64 3
22 65 97
22 66 29
22 67 14
22 68 42
22 69 61
22 70 75
22 71 8
22 72 39
22 73 81
22 74 74
22 75 45
22 76 62
22 77 19
22 78 63
22 79 9
22 80 81
22 81 59
22 82 11
22 83 81
22 84 14
22 85 31
22 86 50
22 87 17
22 88 80
22 89 39
22 90 75
22 91 29
22 92 94
22 93 57
22 94 22
22 95 28
22 96 69
22 97 12
22 98 99
22 99 10
22 100 12
22 101 64
22 102 43
22 103 42
22 104 45
22 105 99
22 106 19
22 107 86
22 108 98
22 109 30
22 110 12
22 111 77
22 112 2
22 113 38
22 114 55
22 115 76
22 116 72
22 117 9
22 118 26
22 119 77
23 24 20
23 25 46
23 26 8
23 27 21
23 28 98
23 29 97
23 30 7
23 31 15
23 32 50
23 33 76
23 34 15
23 35 81
23 36 41
23 37 44
23 38 99
23 39 89
23 40 56
23 41 26
23 42 49
23 43 51
23 44 83
23 45 63
23 46 61
23 47 98
23 48 57
23 49 47
23 50 43
23 51 99
23 52 83
23 53 9
23 54 24
23 55 8
23 56 8
23 57 67
23 58 91
23 59 26
23 60 81
23 61 76
23 62 28
23 63 92
23 64 70
23 65 29
23 66 35
23 67 58
23 68 97
23 69 86
23 70 24
23 71 66
23 72 80
23 73 41
23 74 76
23 75 8
23 76 36
23 77 18
23 78 12
23 79 23
23 80 85
23 81 56
23 82 49
23 83 64
23 84 91
23 85 41
23 86 85
23 87 83
23 88 79
23 89 2
23 90 99
23 91 63
23 92 13
23 93 43
23 94 42
23 95 34
23 96 68
23 97 78
23 98 77
23 99 66
23 100 7
23 101 71
23 102 63
23 103 47
23 104 12
23 105 18
23 106 84
23 107 71
23 108 0
23 109 2
23 110 51
23 111 27
23 112 36
23 113 35
23 114 26
23 115 65
23 116 19
23 117 34
23 118 55
23 119 68
24 25 84
24 26 48
24 27 77
24 28 7
24 29 5
24 30 100
24 31 34
24 32 45
24 33 70
24 34 89
24 35 90
24 36 62
24 37 83
24 38 77
24 39 30
24 40 91
24 41 31
24 42 72
24 43 49
24 44 79
24 45 96
24 46 98
24 47 91
24 48 71
24 49 54
24 50 39
24 51 61
24 52 6
24 53 32
24 54 91
24 55 29
24 56 15
24 57 46
24 58 24
24 59 63
24 60 22
24 61 27
24 62 12
24 63 33
24 64 44
24 65 73
24 66 81
24 67 28
24 68 22
24 69 51
24 70 26
24 71 17
24 72 15
24 73 36
24 74 23
24 75 9
24 76 18
24 77 1
24 78 85
24 79 15
24 80 31
24 81 73
24 82 100
24 83 17
24 84 74
24 85 17
24 86 96
24 87 91
24 88 93
24 89 76
24 90 3
24 91 54
24 92 97
24 93 11
24 94 76
24 95 59
24 96 91
24 97 96
24 98 18
24 99 57
24 100 18
24 101 39
24 102 42
24 103 94
24 104 59
24 105 72
24 106 65
24 107 81
24 108 28
24 109 53
24 110 73
24 111 34
24 112 99
24 113 95
24 114 56
24 115 10
24 116 87
24 117 80
24 118 56
24 119 51
25 26 27
25 27 76
25 28 16
25 29 50
25 30 20
25 31 9
25 32 66
25 33 99
25 34 53
25 35 34
25 36 70
25 37 32
25 38 75
25 39 27
25 40 28
25 41 93
25 42 27
25 43 6
25 44 17
25 45 29
25 46 81
25 47 30
25 48 78
25 49 32
25 50 64
25 51 78
25 52 34
25 53 11
25 54 19
25 55 96
25 56 10
25 57 60
25 58 94
25 59 5
25 60 48
25 61 1
25 62 32
25 63 50
25 64 71
25 65 12
25 66 41
25 67 17
25 68 72
25 69 9
25 70 92
25 71 82
25 72 91
25 73 25
25 74 86
25 75 15
25 76 89
25 77 48
25 78 61
25 79 37
25 80 35
25 81 3
25 82 9
25 83 100
25 84 90
25 85 38
25 86 14
25 87 14
25 88 87
25 89 47
25 90 69
25 91 28
25 92 27
25 93 90
25 94 50
25 95 53
25 96 20
25 97 70
25 98 57
25 99 6
25 100 84
25 101 65
25 102 1
25 103 28
25 104 42
25 105 25
25 106 10
25 107 27
25 108 88
25 109 24
25 110 7
25 111 100
25 112 64
25 113 77
25 114 88
25 115 5
25 116 70
25 117 83
25 118 24
25 119 43
26 27 63
26 28 99
26 29 78
26 30 3
26 31 22
26 32 100
26 33 99
26 34 55
26 35 16
26 36 78
26 37 60
26 38 20
26 39 52
26 40 41
26 41 67
26 42 5
26 43 20
26 44 10
26 45 81
26 46 41
26 47 38
26 48 82
26 49 85
26 50 57
26 51 72
26 52 90
26 53 44
26 54 64
26 55 76
26 56 59
26 57 48
26 58 84
26 59 26
26 60 96
26 61 29
26 62 75
26 63 11
26 64 6
26 65 82
26 66 50
26 67 64
26 68 81
26 69 36
26 70 13
26 71 32
26 72 39
26 73 78
26 74 26
26 75 57
26 76 73
26 77 36
26 78 100
26 79 23
26 80 44
26 81 62
26 82 38
26 83 37
26 84 91
26 85 83
26 86 99
26 87 79
26 88 16
26 89 32
26 90 26
26 91 19
26 92 31
26 93 45
26 94 43
26 95 18
26 96 97
26 97 64
26 98 8
26 99 12
26 100 13
26 101 75
26 102 74
26 103 51
26 104 3
26 105 87
26 106 82
26 107 19
26 108 1
26 109 100
26 110 7
26 111 89
26 112 39
26 113 48
26 114 96
26 115 1
26 116 58
26 117 53
26 118 44
26 119 53
27 28 6
27 29 90
27 30 15
27 31 9
27 32 83
27 33 91
27 34 4
27 35 87
27 36 2
27 37 21
27 38 79
27 39 18
27 40 25
27 41 74
27 42 70
27 43 96
27 44 19
27 45 12
27 46 55
27 47 14
27 48 15
27 49 34
27 50 72
27 51 74
27 52 94
27 53 66
27 54 25
27 55 40
27 56 6
27 57 79
27 58 93
27 59 15
27 60 24
27 61 61
27 62 19
27 63 82
27 64 91
27 65 11
27 66 43
27 67 97
27 68 0
27 69 35
27 70 68
27 71 59
27 72 57
27 73 0
27 74 60
27 75 44
27 76 68
27 77 14
27 78 45
27 79 24
27 80 70
27 81 9
27 82 52
27 83 46
27 84 67
27 85 87
27 86 84
27 87 4
27 88 19
27 89 28
27 90 76
27 91 48
27 92 28
27 93 57
27 94 94
27 95 22
27 96 67
27 97 21
27 98 48
27 99 9
27 100 95
27 101 64
27 102 69
27 103 67
27 104 28
27 105 70
27 106 11
27 107 19
27 108 64
27 109 73
27 110 34
27 111 69
27 112 83
27 113 55
27 114 30
27 115 88
27 116 76
27 117 100
27 118 83
27 119 16
28 29 96
28 30 13
28 31 39
28 32 75
28 33 66
28 34 73
28 35 23
28 36 50
28 37 79
28 38 25
28 39 52
28 40 95
28 41 61
28 42 76
28 43 8
28 44 77
28 45 39
28 46 11
28 47 19
28 48 86
28 49 45
28 50 62
28 51 100
28 52 8
28 53 48
28 54 27
28 55 94
28 56 19
28 57 58
28 58 13
28 59 48
28 60 33
28 61 24
28 62 85
28 63 11
28 64 40
28 65 53
28 66 91
28 67 24
28 68 53
28 69 87
28 70 54
28 71 33
28 72 16
28 73 44
28 74 40
28 75 99
28 76 0
28 77 48
28 78 35
28 79 64
28 80 38
28 81 19
28 82 6
28 83 98
28 84 67
28 85 82
28 86 1
28 87 37
28 88 83
28 89 27
28 90 25
28 91 28
28 92 25
28 93 10
28 94 53
28 95 67
28 96 4
28 97 50
28 98 80
28 99 48
28 100 63
28 101 31
28 102 44
28 103 4
28 104 64
28 105 45
28 106 9
28 107 42
28 108 80
28 109 71
28 110 36
28 111 1
28 112 93
28 113 27
28 114 31
28 115 62
28 116 27
28 117 93
28 118 72
28 119 80
29 30 85
29 31 100
29 32 47
29 33 0
29 34 97
29 35 52
29 36 13
29 37 21
29 38 36
29 39 33
29 40 86
29 41 28
29 42 2
29 43 71
29 44 88
29 45 26
29 46 17
29 47 73
29 48 54
29 49 49
29 50 61
29 51 41
29 52 65
29 53 30
29 54 16
29 55 85
29 56 18
29 57 74
29 58 21
29 59 39
29 60 78
29 61 31
29 62 41
29 63 46
29 64 42
29 65 18
29 66 16
29 67 81
29 68 30
29 69 53
29 70 89
29 71 62
29 72 95
29 73 83
29 74 8
29 75 36
29 76 32
29 77 81
29 78 54
29 79 4
29 80 58
29 81 72
29 82 53
29 83 12
29 84 50
29 85 24
29 86 81
29 87 26
29 88 27
29 89 15
29 90 19
29 91 84
29 92 9
29 93 39
29 94 45
29 95 12
29 96 19
29 97 65
29 98 26
29 99 16
29 100 51
29 101 84
29 102 46
29 103 28
29 104 41
29 105 96
29 106 53
29 107 2
29 108 15
29 109 33
29 110 51
29 111 16
29 112 38
29 113 49
29 114 75
29 115 40
29 116 45
29 117 37
29 118 55
29 119 87
30 31 68
30 32 25
30 33 79
30 34 37
30 35 32
30 36 22
30 37 97
30 38 6
30 39 96
30 40 47
30 41 59
30 42 44
30 43 15
30 44 97
30 45 13
30 46 56
30 47 23
30 48 26
30 49 49
30 50 78
30 51 16
30 52 89
30 53 2
30 54 63
30 55 56
30 56 94
30 57 46
30 58 38
30 59 57
30 60 75
30 61 33
30 62 5
30 63 17
30 64 2
30 65 34
30 66 100
30 67 95
30 68 14
30 69 38
30 70 13
30 71 20
30 72 57
30 73 100
30 74 11
30 75 5
30 76 68
30 77 78
30 78 33
30 79 7
30 80 56
30 81 52
30 82 76
30 83 79
30 84 99
30 85 99
30 86 87
30 87 13
30 88 77
30 89 9
30 90 31
30 91 73
30 92 41
30 93 85
30 94 24
30 95 68
30 96 49
30 97 74
30 98 49
30 99 59
30 100 1
30 101 6
30 102 43
30 103 6
30 104 11
30 105 97
30 106 21
30 107 39
30 108 79
30 109 55
30 110 33
30 111 65
30 112 5
30 113 11
30 114 39
30 115 41
30 116 69
30 117 44
30 118 6
30 119 79
31 32 4
31 33 92
31 34 93
31 35 97
31 36 54
31 37 23
31 38 92
31 39 22
31 40 64
31 41 88
31 42 1
31 43 70
31 44 60
31 45 53
31 46 76
31 47 52
31 48 91
31 49 100
31 50 32
31 51 49
31 52 39
31 53 28
31 54 7
31 55 94
31 56 49
31 57 77
31 58 12
31 59 48
31 60 85
31 61 19
31 62 42
31 63 65
31 64 61
31 65 92
31 66 61
31 67 87
31 68 93
31 69 18
31 70 66
31 71 36
31 72 66
31 73 11
31 74 54
31 75 59
31 76 92
31 77 93
31 78 11
31 79 2
31 80 92
31 81 65
31 82 29
31 83 42
31 84 84
31 85 40
31 86 51
31 87 83
31 88 28
31 89 35
31 90 64
31 91 71
31 92 61
31 93 5
31 94 18
31 95 4
31 96 48
31 97 19
31 98 71
31 99 6
31 100 56
31 101 66
31 102 25
31 103 31
31 104 43
31 105 70
31 106 93
31 107 16
31 108 63
31 109 84
31 110 73
31 111 63
31 112 75
31 113 82
31 114 66
31 115 30
31 116 93
31 117 25
31 118 24
31 119 24
32 33 13
32 34 30
32 35 30
32 36 26
32 37 53
32 38 83
32 39 1
32 40 41
32 41 60
32 42 47
32 43 24
32 44 65
32 45 21
32 46 66
32 47 7
32 48 2
32 49 99
32 50 77
32 51 87
32 52 59
32 53 39
32 54 65
32 55 87
32 56 33
32 57 97
32 58 61
32 59 78
32 60 88
32 61 10
32 62 47
32 63 10
32 64 63
32 65 14
32 66 7
32 67 38
32 68 58
32 69 90
32 70 2
32 71 49
32 72 87
32 73 14
32 74 92
32 75 87
32 76 16
32 77 69
32 78 91
32 79 61
32 80 7
32 81 15
32 82 15
32 83 14
32 84 40
32 85 55
32 86 27
32 87 18
32 88 16
32 89 1
32 90 85
32 91 68
32 92 43
32 93 48
32 94 42
32 95 15
32 96 66
32 97 9
32 98 50
32 99 14
32 100 39
32 101 65
32 102 54
32 103 60
32 104 24
32 105 49
32 106 34
32 107 49
32 108 42
32 109 87
32 110 1
32 111 20
32 112 14
32 113 54
32 114 63
32 115 8
32 116 86
32 117 46
32 118 44
32 119 81
33 34 14
33 35 99
33 36 44
33 37 28
33 38 60
33 39 5
33 40 12
33 41 20
33 42 96
33 43 30
33 44 30
33 45 7
33 46 34
33 47 85
33 48 52
33 49 73
33 50 12
33 51 60
33 52 68
33 53 12
33 54 26
33 55 67
33 56 41
33 57 31
33 58 89
33 59 39
33 60 34
33 61 97
33 62 40
33 63 53
33 64 98
33 65 100
33 66 37
33 67 30
33 68 50
33 69 34
33 70 57
33 71 24
33 72 85
33 73 3
33 74 2
33 75 91
33 76 64
33 77 1
33 78 61
33 79 42
33 80 74
33 81 26
33 82 6
33 83 17
33 84 34
33 85 44
33 86 86
33 87 17
33 88 25
33 89 60
33 90 27
33 91 12
33 92 66
33 93 35
33 94 69
33 95 15
33 96 68
33 97 19
33 98 27
33 99 60
33 100 89
33 101 9
33 102 20
33 103 65
33 104 53
33 105 75
33 106 85
33 107 75
33 108 38
33 109 74
33 110 63
33 111 48
33 112 52
33 113 39
33 114 10
33 115 65
33 116 26
33 117 92
33 118 16
33 119 98
34 35 98
34 36 95
34 37 73
34 38 34
34 39 60
34 40 32
34 41 6
34 42 14
34 43 92
34 44 66
34 45 37
34 46 90
34 47 47
34 48 62
34 49 8
34 50 20
34 51 88
34 52 26
34 53 39
34 54 38
34 55 42
34 56 0
34 57 25
34 58 87
34 59 63
34 60 17
34 61 8
34 62 32
34 63 70
34 64 27
34 65 70
34 66 37
34 67 52
34 68 27
34 69 93
34 70 57
34 71 96
34 72 28
34 73 99
34 74 61
34 75 100
34 76 77
34 77 46
34 78 19
34 79 99
34 80 92
34 81 30
34 82 80
34 83 56
34 84 54
34 85 79
34 86 60
34 87 46
34 88 25
34 89 73
34 90 25
34 91 48
34 92 81
34 93 66
34 94 65
34 95 35
34 96 91
34 97 9
34 98 17
34 99 60
34 100 88
34 101 68
34 102 49
34 103 31
34 104 8
34 105 45
34 106 68
34 107 32
34 108 5
34 109 73
34 110 78
34 111 10
34 112 70
34 113 9
34 114 75
34 115 90
34 116 60
34 117 1
34 118 19
34 119 40
35 36 60
35 37 61
35 38 57
35 39 85
35 40 47
35 41 12
35 42 95
35 43 80
35 44 57
35 45 65
35 46 24
35 47 21
35 48 32
35 49 70
35 50 53
35 51 51
35 52 1
35 53 82
35 54 7
35 55 79
35 56 4
35 57 55
35 58 97
35 59 84
35 60 53
35 61 54
35 62 55
35 63 84
35 64 62
35 65 0
35 66 16
35 67 57
35 68 89
35 69 65
35 70 89
35 71 53
35 72 9
35 73 17
35 74 95
35 75 1
35 76 72
35 77 28
35 78 70
35 79 59
35 80 20
35 81 30
35 82 60
35 83 26
35 84 38
35 85 23
35 86 51
35 87 47
35 88 26
35 89 25
35 90 16
35 91 14
35 92 76
35 93 87
35 94 30
35 95 44
35 96 21
35 97 54
35 98 9
35 99 96
35 100 3
35 101 20
35 102 1
35 103 69
35 104 68
35 105 59
35 106 83
35 107 84
35 108 81
35 109 24
35 110 22
35 111 1
35 112 3
35 113 22
35 114 22
35 115 55
35 116 0
35 117 13
35 118 18
35 119 53
36 37 12
36 38 22
36 39 2
36 40 86
36 41 70
36 42 99
36 43 39
36 44 76
36 45 40
36 46 92
36 47 19
36 48 54
36 49 74
36 50 65
36 51 89
36 52 70
36 53 82
36 54 12
36 55 2
36 56 22
36 57 55
36 58 79
36 59 2
36 60 83
36 61 42
36 62 66
36 63 85
36 64 23
36 65 70
36 66 74
36 67 19
36 68 57
36 69 82
36 70 2
36 71 100
36 72 59
36 73 67
36 74 13
36 75 44
36 76 77
36 77 7
36 78 44
36 79 27
36 80 94
36 81 19
36 82 33
36 83 59
36 84 53
36 85 49
36 86 32
36 87 21
36 88 6
36 89 13
36 90 66
36 91 49
36 92 52
36 93 99
36 94 16
36 95 76
36 96 40
36 97 25
36 98 83
36 99 5
36 100 77
36 101 18
36 102 7
36 103 58
36 104 72
36 105 31
36 106 0
36 107 24
36 108 11
36 109 53
36 110 59
36 111 16
36 112 58
36 113 75
36 114 44
36 115 61
36 116 67
36 117 41
36 118 57
36 119 73
37 38 46
37 39 41
37 40 22
37 41 56
37 42 73
37 43 26
37 44 14
37 45 65
37 46 56
37 47 70
37 48 63
37 49 6
37 50 12
37 51 26
37 52 75
37 53 32
37 54 28
37 55 32
37 56 62
37 57 29
37 58 49
37 59 51
37 60 43
37 61 6
37 62 46
37 63 5
37 64 19
37 65 69
37 66 91
37 67 98
37 68 3
37 69 14
37 70 62
37 71 72
37 72 69
37 73 20
37 74 7
37 75 1
37 76 6
37 77 2
37 78 66
37 79 20
37 80 28
37 81 80
37 82 87
37 83 44
37 84 10
37 85 85
37 86 80
37 87 86
37 88 11
37 89 63
37 90 57
37 91 92
37 92 71
37 93 0
37 94 7
37 95 31
37 96 90
37 97 88
37 98 37
37 99 32
37 100 90
37 101 99
37 102 47
37 103 94
37 104 5
37 105 41
37 106 4
37 107 49
37 108 3
37 109 99
37 110 21
37 111 84
37 112 42
37 113 13
37 114 61
37 115 99
37 116 24
37 117 29
37 118 32
37 119 9
38 39 85
38 40 91
38 41 27
38 42 75
38 43 43
38 44 55
38 45 34
38 46 14
38 47 28
38 48 88
38 49 43
38 50 84
38 51 71
38 52 94
38 53 63
38 54 64
38 55 39
38 56 14
38 57 58
38 58 81
38 59 76
38 60 51
38 61 95
38 62 91
38 63 62
38 64 78
38 65 98
38 66 13
38 67 33
38 68 78
38 69 57
38 70 67
38 71 76
38 72 83
38 73 80
38 74 36
38 75 19
38 76 55
38 77 30
38 78 16
38 79 7
38 80 91
38 81 36
38 82 63
38 83 14
38 84 14
38 85 33
38 86 73
38 87 22
38 88 71
38 89 25
38 90 92
38 91 83
38 92 37
38 93 52
38 94 98
38 95 32
38 96 20
38 97 35
38 98 27
38 99 97
38 100 66
38 101 74
38 102 68
38 103 82
38 104 44
38 105 1
38 106 64
38 107 37
38 108 34
38 109 13
38 110 16
38 111 26
38 112 23
38 113 6
38 114 52
38 115 51
38 116 70
38 117 17
38 118 81
38 119 26
39 40 76
39 41 19
39 42 71
39 43 7
39 44 36
39 45 52
39 46 1
39 47 72
39 48 22
39 49 80
39 50 34
39 51 50
39 52 42
39 53 25
39 54 55
39 55 96
39 56 17
39 57 9
39 58 79
39 59 65
39 60 10
39 61 3
39 62 76
39 63 43
39 64 46
39 65 52
39 66 65
39 67 26
39 68 90
39 69 38
39 70 7
39 71 22
39 72 84
39 73 60
39 74 69
39 75 91
39 76 3
39 77 77
39 78 55
39 79 94
39 80 57
39 81 33
39 82 96
39 83 37
39 84 0
39 85 42
39 86 11
39 87 38
39 88 35
39 89 71
39 90 4
39 91 6
39 92 76
39 93 33
39 94 19
39 95 58
39 96 94
39 97 86
39 98 59
39 99 0
39 100 31
39 101 90
39 102 99
39 103 34
39 104 30
39 105 29
39 106 81
39 107 43
39 108 9
39 109 23
39 110 8
39 111 63
39 112 76
39 113 10
39 114 11
39 115 42
39 116 53
39 117 38
39 118 26
39 119 88
40 41 43
40 42 7
40 43 70
40 44 48
40 45 70
40 46 81
40 47 0
40 48 67
40 49 87
40 50 58
40 51 10
40 52 21
40 53 5
40 54 8
40 55 9
40 56 91
40 57 2
40 58 29
40 59 15
40 60 79
40 61 70
40 62 37
40 63 33
40 64 22
40 65 34
40 66 28
40 67 97
40 68 86
40 69 5
40 70 100
40 71 74
40 72 36
40 73 12
40 74 73
40 75 36
40 76 86
40 77 74
40 78 61
40 79 21
40 80 24
40 81 48
40 82 36
40 83 34
40 84 61
40 85 75
40 86 15
40 87 54
40 88 93
40 89 40
40 90 64
40 91 21
40 92 70
40 93 74
40 94 97
40 95 49
40 96 14
40 97 76
40 98 75
40 99 47
40 100 91
40 101 8
40 102 29
40 103 91
40 104 40
40 105 57
40 106 7
40 107 54
40 108 24
40 109 54
40 110 2
40 111 90
40 112 15
40 113 4
40 114 39
40 115 50
40 116 42
40 117 38
40 118 20
40 119 25
41 42 8
41 43 73
41 44 34
41 45 95
41 46 56
41 47 95
41 48 71
41 49 39
41 50 10
41 51 61
41 52 30
41 53 82
41 54 3
41 55 38
41 56 24
41 57 34
41 58 41
41 59 28
41 60 27
41 61 78
41 62 30
41 63 85
41 64 52
41 65 49
41 66 45
41 67 44
41 68 57
41 69 4
41 70 26
41 71 60
41 72 41
41 73 98
41 74 15
41 75 31
41 76 52
41 77 71
41 78 100
41 79 39
41 80 39
41 81 87
41 82 100
41 83 75
41 84 24
41 85 1
41 86 29
41 87 1
41 88 78
41 89 30
41 90 47
41 91 93
41 92 32
41 93 40
41 94 19
41 95 72
41 96 65
41 97 31
41 98 90
41 99 71
41 100 56
41 101 18
41 102 43
41 103 84
41 104 78
41 105 74
41 106 78
41 107 27
41 108 32
41 109 74
41 110 0
41 111 14
41 112 9
41 113 42
41 114 89
41 115 59
41 116 12
41 117 31
41 118 83
41 119 91
42 43 44
42 44 72
42 45 6
42 46 91
42 47 44
42 48 63
42 49 99
42 50 5
42 51 53
42 52 22
42 53 33
42 54 45
42 55 79
42 56 32
42 57 73
42 58 21
42 59 62
42 60 82
42 61 90
42 62 4
42 63 10
42 64 15
42 65 97
42 66 25
42 67 63
42 68 46
42 69 58
42 70 92
42 71 64
42 72 9
42 73 18
42 74 29
42 75 52
42 76 16
42 77 49
42 78 25
42 79 95
42 80 82
42 81 79
42 82 87
42 83 54
42 84 16
42 85 79
42 86 86
42 87 56
42 88 56
42 89 80
42 90 22
42 91 10
42 92 78
42 93 36
42 94 20
42 95 100
42 96 46
42 97 49
42 98 65
42 99 41
42 100 17
42 101 33
42 102 71
42 103 56
42 104 91
42 105 18
42 106 76
42 107 32
42 108 25
42 109 29
42 110 20
42 111 16
42 112 44
42 113 69
42 114 51
42 115 28
42 116 78
42 117 2
42 118 90
42 119 13
43 44 29
43 45 12
43 46 69
43 47 7
43 48 38
43 49 80
43 50 43
43 51 40
43 52 27
43 53 46
43 54 64
43 55 48
43 56 15
43 57 3
43 58 35
43 59 61
43 60 63
43 61 81
43 62 12
43 63 18
43 64 67
43 65 54
43 66 97
43 67 17
43 68 62
43 69 80
43 70 33
43 71 1
43 72 72
43 73 12
43 74 85
43 75 56
43 76 57
43 77 23
43 78 64
43 79 63
43 80 17
43 81 31
43 82 71
43 83 25
43 84 53
43 85 30
43 86 95
43 87 99
43 88 23
43 89 66
43 90 82
43 91 58
43 92 19
43 93 75
43 94 95
43 95 57
43 96 98
43 97 83
43 98 51
43 99 49
43 100 20
43 101 41
43 102 57
43 103 9
43 104 85
43 105 56
43 106 1
43 107 19
43 108 78
43 109 4
43 110 22
43 111 63
43 112 7
43 113 8
43 114 72
43 115 14
43 116 29
43 117 3
43 118 84
43 119 22
44 45 27
44 46 79
44 47 10
44 48 16
44 49 39
44 50 94
44 51 83
44 52 66
44 53 80
44 54 89
44 55 66
44 56 28
44 57 30
44 58 95
44 59 36
44 60 90
44 61 59
44 62 66
44 63 1
44 64 66
44 65 81
44 66 2
44 67 56
44 68 70
44 69 46
44 70 86
44 71 43
44 72 59
44 73 30
44 74 36
44 75 29
44 76 35
44 77 40
44 78 39
44 79 13
44 80 98
44 81 13
44 82 71
44 83 5
44 84 61
44 85 1
44 86 52
44 87 0
44 88 30
44 89 18
44 90 33
44 91 70
44 92 3
44 93 50
44 94 50
44 95 5
44 96 71
44 97 88
44 98 24
44 99 59
44 100 41
44 101 73
44 102 71
44 103 87
44 104 18
44 105 52
44 106 70
44 107 32
44 108 39
44 109 9
44 110 42
44 111 15
44 112 94
44 113 66
44 114 71
44 115 98
44 116 73
44 117 3
44 118 43
44 119 62
45 46 92
45 47 33
45 48 83
45 49 9
45 50 35
45 51 57
45 52 26
45 53 95
45 54 92
45 55 16
45 56 36
45 57 54
45 58 30
45 59 63
45 60 87
45 61 46
45 62 50
45 63 74
45 64 1
45 65 69
45 66 27
45 67 20
45 68 54
45 69 31
45 70 91
45 71 71
45 72 29
45 73 45
45 74 94
45 75 76
45 76 46
45 77 91
45 78 47
45 79 33
45 80 34
45 81 96
45 82 64
45 83 83
45 84 60
45 85 27
45 86 71
45 87 76
45 88 91
45 89 99
45 90 82
45 91 6
45 92 97
45 93 25
45 94 58
45 95 83
45 96 96
45 97 76
45 98 6
45 99 55
45 100 45
45 101 3
45 102 31
45 103 4
45 104 44
45 105 67
45 106 42
45 107 94
45 108 35
45 109 15
45 110 86
45 111 37
45 112 9
45 113 90
45 114 42
45 115 70
45 116 19
45 117 23
45 118 43
45 119 76
46 47 26
46 48 5
46 49 100
46 50 74
46 51 0
46 52 95
46 53 51
46 54 6
46 55 0
46 56 75
46 57 3
46 58 46
46 59 29
46 60 21
46 61 70
46 62 60
46 63 47
46 64 72
46 65 72
46 66 89
46 67 90
46 68 65
46 69 73
46 70 69
46 71 18
46 72 48
46 73 11
46 74 21
46 75 98
46 76 89
46 77 7
46 78 2
46 79 87
46 80 68
46 81 45
46 82 13
46 83 26
46 84 83
46 85 21
46 86 6
46 87 6
46 88 4
46 89 45
46 90 51
46 91 98
46 92 32
46 93 59
46 94 95
46 95 92
46 96 86
46 97 54
46 98 62
46 99 2
46 100 84
46 101 55
46 102 3
46 103 17
46 104 90
46 105 62
46 106 71
46 107 56
46 108 57
46 109 14
46 110 8
46 111 99
46 112 75
46 113 79
46 114 48
46 115 79
46 116 26
46 117 37
46 118 56
46 119 99
47 48 9
47 49 97
47 50 31
47 51 32
47 52 50
47 53 63
47 54 76
47 55 25
47 56 12
47 57 68
47 58 32
47 59 82
47 60 63
47 61 98
47 62 26
47 63 17
47 64 8
47 65 56
47 66 43
47 67 94
47 68 59
47 69 81
47 70 0
47 71 5
47 72 100
47 73 94
47 74 67
47 75 7
47 76 100
47 77 93
47 78 1
47 79 90
47 80 51
47 81 3
47 82 69
47 83 66
47 84 4
47 85 33
47 86 55
47 87 70
47 88 49
47 89 46
47 90 52
47 91 90
47 92 46
47 93 35
47 94 34
47 95 98
47 96 44
47 97 38
47 98 88
47 99 76
47 100 10
47 101 82
47 102 44
47 103 21
47 104 77
47 105 94
47 106 3
47 107 59
47 108 75
47 109 94
47 110 77
47 111 42
47 112 47
47 113 90
47 114 29
47 115 4
47 116 48
47 117 53
47 118 17
47 119 93
48 49 86
48 50 15
48 51 73
48 52 72
48 53 52
48 54 68
48 55 87
48 56 44
48 57 26
48 58 70
48 59 41
48 60 28
48 61 67
48 62 40
48 63 98
48 64 51
48 65 18
48 66 66
48 67 34
48 68 63
48 69 22
48 70 6
48 71 2
48 72 6
48 73 40
48 74 98
48 75 38
48 76 53
48 77 36
48 78 96
48 79 12
48 80 23
48 81 32
48 82 58
48 83 34
48 84 53
48 85 40
48 86 23
48 87 62
48 88 44
48 89 84
48 90 81
48 91 27
48 92 79
48 93 59
48 94 30
48 95 60
48 96 60
48 97 83
48 98 64
48 99 39
48 100 89
48 101 44
48 102 50
48 103 10
48 104 21
48 105 92
48 106 49
48 107 20
48 108 72
48 109 31
48 110 68
48 111 67
48 112 85
48 113 29
48 114 13
48 115 36
48 116 65
48 117 52
48 118 66
48 119 93
49 50 85
49 51 28
49 52 21
49 53 55
49 54 68
49 55 65
49 56 71
49 57 57
49 58 2
49 59 88
49 60 79
49 61 29
49 62 41
49 63 15
49 64 76
49 65 43
49 66 89
49 67 31
49 68 78
49 69 26
49 70 10
49 71 48
49 72 91
49 73 49
49 74 37
49 75 88
49 76 91
49 77 37
49 78 98
49 79 2
49 80 48
49 81 44
49 82 38
49 83 96
49 84 25
49 85 51
49 86 82
49 87 25
49 88 37
49 89 68
49 90 76
49 91 5
49 92 32
49 93 69
49 94 35
49 95 95
49 96 21
49 97 18
49 98 43
49 99 5
49 100 55
49 101 28
49 102 88
49 103 29
49 104 32
49 105 46
49 106 14
49 107 45
49 108 54
49 109 72
49 110 21
49 111 48
49 112 33
49 113 76
49 114 11
49 115 100
49 116 3
49 117 94
49 118 11
49 119 30
50 51 34
50 52 22
50 53 64
50 54 8
50 55 16
50 56 21
50 57 93
50 58 34
50 59 60
50 60 67
50 61 70
50 62 15
50 63 51
50 64 94
50 65 38
50 66 15
50 67 16
50 68 87
50 69 29
50 70 11
50 71 96
50 72 23
50 73 0
50 74 98
50 75 31
50 76 38
50 77 58
50 78 45
50 79 57
50 80 79
50 81 37
50 82 17
50 83 45
50 84 5
50 85 70
50 86 54
50 87 20
50 88 41
50 89 98
50 90 65
50 91 90
50 92 34
50 93 15
50 94 47
50 95 20
50 96 64
50 97 23
50 98 21
50 99 6
50 100 48
50 101 38
50 102 7
50 103 4
50 104 83
50 105 6
50 106 37
50 107 67
50 108 21
50 109 16
50 110 48
50 111 47
50 112 18
50 113 74
50 114 10
50 115 12
50 116 40
50 117 78
50 118 57
50 119 13
51 52 36
51 53 72
51 54 85
51 55 13
51 56 58
51 57 72
51 58 35
51 59 63
51 60 18
51 61 47
51 62 41
51 63 49
51 64 48
51 65 81
51 66 88
51 67 27
51 68 68
51 69 95
51 70 1
51 71 1
51 72 42
51 73 10
51 74 22
51 75 91
51 76 79
51 77 38
51 78 95
51 79 65
51 80 69
51 81 27
51 82 5
51 83 71
51 84 91
51 85 4
51 86 47
51 87 94
51 88 7
51 89 99
51 90 43
51 91 34
51 92 27
51 93 34
51 94 88
51 95 80
51 96 10
51 97 42
51 98 57
51 99 55
51 100 83
51 101 42
51 102 89
51 103 23
51 104 82
51 105 9
51 106 67
51 107 36
51 108 79
51 109 19
51 110 38
51 111 69
51 112 49
51 113 28
51 114 28
51 115 64
51 116 18
51 117 68
51 118 87
51 119 35
52 53 32
52 54 11
52 55 42
52 56 73
52 57 76
52 58 44
52 59 95
52 60 83
52 61 88
52 62 89
52 63 3
52 64 43
52 65 56
52 66 81
52 67 83
52 68 77
52 69 25
52 70 56
52 71 84
52 72 7
52 73 94
52 74 89
52 75 53
52 76 33
52 77 52
52 78 47
52 79 38
52 80 55
52 81 8
52 82 66
52 83 87
52 84 35
52 85 74
52 86 9
52 87 49
52 88 67
52 89 29
52 90 96
52 91 56
52 92 99
52 93 58
52 94 92
52 95 27
52 96 83
52 97 2
52 98 71
52 99 2
52 100 35
52 101 23
52 102 41
52 103 45
52 104 32
52 105 18
52 106 61
52 107 64
52 108 68
52 109 63
52 110 34
52 111 91
52 112 57
52 113 78
52 114 55
52 115 11
52 116 69
52 117 19
52 118 71
52 119 26
53 54 50
53 55 76
53 56 72
53 57 30
53 58 73
53 59 43
53 60 2
53 61 83
53 62 73
53 63 41
53 64 56
53 65 38
53 66 90
53 67 83
53 68 94
53 69 42
53 70 88
53 71 10
53 72 90
53 73 14
53 74 29
53 75 2
53 76 65
53 77 92
53 78 100
53 79 70
53 80 64
53 81 11
53 82 6
53 83 84
53 84 85
53 85 36
53 86 62
53 87 78
53 88 51
53 89 6
53 90 16
53 91 35
53 92 33
53 93 88
53 94 14
53 95 31
53 96 96
53 97 27
53 98 66
53 99 21
53 100 44
53 101 85
53 102 12
53 103 55
53 104 43
53 105 86
53 106 55
53 107 69
53 108 5
53 109 49
53 110 95
53 111 35
53 112 1
53 113 96
53 114 64
53 115 3
53 116 57
53 117 92
53 118 69
53 119 59
54 55 80
54 56 42
54 57 50
54 58 45
54 59 64
54 60 78
54 61 71
54 62 95
54 63 46
54 64 19
54 65 92
54 66 46
54 67 68
54 68 94
54 69 97
54 70 3
54 71 92
54 72 91
54 73 50
54 74 71
54 75 6
54 76 11
54 77 72
54 78 25
54 79 50
54 80 12
54 81 87
54 82 54
54 83 8
54 84 68
54 85 57
54 86 84
54 87 37
54 88 98
54 89 24
54 90 26
54 91 93
54 92 89
54 93 45
54 94 39
54 95 91
54 96 100
54 97 70
54 98 26
54 99 73
54 100 30
54 101 8
54 102 73
54 103 92
54 104 66
54 105 62
54 106 57
54 107 17
54 108 11
54 109 47
54 110 61
54 111 11
54 112 98
54 113 33
54 114 86
54 115 90
54 116 37
54 117 15
54 118 18
54 119 48
55 56 71
55 57 55
55 58 20
55 59 66
55 60 91
55 61 65
55 62 12
55 63 13
55 64 53
55 65 61
55 66 61
55 67 1
55 68 61
55 69 29
55 70 90
55 71 0
55 72 55
55 73 10
55 74 21
55 75 58
55 76 98
55 77 30
55 78 18
55 79 16
55 80 57
55 81 23
55 82 45
55 83 21
55 84 1
55 85 94
55 86 66
55 87 43
55 88 27
55 89 62
55 90 73
55 91 99
55 92 19
55 93 80
55 94 39
55 95 21
55 96 42
55 97 71
55 98 75
55 99 68
55 100 26
55 101 57
55 102 53
55 103 78
55 104 10
55 105 2
55 106 46
55 107 48
55 108 7
55 109 62
55 110 61
55 111 46
55 112 24
55 113 93
55 114 81
55 115 44
55 116 79
55 117 39
55 118 79
55 119 77
56 57 70
56 58 34
56 59 48
56 60 34
56 61 15
56 62 30
56 63 50
56 64 44
56 65 24
56 66 85
56 67 44
56 68 21
56 69 1
56 70 21
56 71 15
56 72 12
56 73 28
56 74 69
56 75 27
56 76 64
56 77 29
56 78 92
56 79 50
56 80 49
56 81 86
56 82 38
56 83 35
56 84 65
56 85 20
56 86 89
56 87 74
56 88 21
56 89 71
56 90 62
56 91 7
56 92 27
56 93 34
56 94 70
56 95 26
56 96 81
56 97 57
56 98 3
56 99 38
56 100 74
56 101 38
56 102 32
56 103 78
56 104 18
56 105 67
56 106 92
56 107 25
56 108 76
56 109 35
56 110 90
56 111 33
56 112 79
56 113 43
56 114 36
56 115 93
56 116 16
56 117 87
56 118 6
56 119 32
57 58 91
57 59 99
57 60 56
57 61 51
57 62 3
57 63 69
57 64 85
57 65 76
57 66 36
57 67 38
57 68 94
57 69 75
57 70 44
57 71 64
57 72 40
57 73 3
57 74 39
57 75 62
57 76 11
57 77 69
57 78 56
57 79 64
57 80 25
57 81 16
57 82 47
57 83 10
57 84 60
57 85 75
57 86 74
57 87 81
57 88 29
57 89 69
57 90 30
57 91 24
57 92 73
57 93 26
57 94 74
57 95 100
57 96 40
57 97 82
57 98 51
57 99 3
57 100 73
57 101 51
57 102 18
57 103 25
57 104 67
57 105 51
57 106 63
57 107 92
57 108 28
57 109 91
57 110 29
57 111 61
57 112 83
57 113 75
57 114 8
57 115 88
57 116 27
57 117 58
57 118 88
57 119 48
58 59 36
58 60 6
58 61 12
58 62 73
58 63 91
58 64 0
58 65 89
58 66 59
58 67 81
58 68 90
58 69 69
58 70 88
58 71 82
58 72 44
58 73 79
58 74 19
58 75 41
58 76 86
58 77 85
58 78 43
58 79 91
58 80 75
58 81 63
58 82 81
58 83 79
58 84 58
58 85 92
58 86 27
58 87 51
58 88 79
58 89 73
58 90 93
58 91 90
58 92 70
58 93 62
58 94 31
58 95 28
58 96 71
58 97 19
58 98 65
58 99 6
58 100 36
58 101 26
58 102 45
58 103 48
58 104 41
58 105 86
58 106 43
58 107 42
58 108 15
58 109 36
58 110 62
58 111 31
58 112 42
58 113 66
58 114 55
58 115 77
58 116 19
58 117 91
58 118 52
58 119 86
59 60 82
59 61 43
59 62 98
59 63 3
59 64 80
59 65 51
59 66 1
59 67 11
59 68 57
59 69 75
59 70 29
59 71 51
59 72 34
59 73 12
59 74 37
59 75 2
59 76 55
59 77 98
59 78 65
59 79 83
59 80 100
59 81 62
59 82 94
59 83 98
59 84 40
59 85 22
59 86 58
59 87 50
59 88 80
59 89 79
59 90 28
59 91 51
59 92 34
59 93 50
59 94 92
59 95 44
59 96 21
59 97 99
59 98 71
59 99 81
59 100 14
59 101 15
59 102 30
59 103 52
59 104 88
59 105 23
59 106 77
59 107 70
59 108 11
59 109 77
59 110 1
59 111 95
59 112 89
59 113 8
59 114 57
59 115 67
59 116 41
59 117 77
59 118 71
59 119 96
60 61 92
60 62 70
60 63 19
60 64 36
60 65 85
60 66 13
60 67 60
60 68 90
60 69 31
60 70 58
60 71 62
60 72 20
60 73 57
60 74 100
60 75 4
60 76 14
60 77 53
60 78 8
60 79 2
60 80 100
60 81 89
60 82 29
60 83 67
60 84 96
60 85 36
60 86 51
60 87 94
60 88 48
60 89 51
60 90 78
60 91 74
60 92 31
60 93 20
60 94 12
60 95 36
60 96 59
60 97 39
60 98 2
60 99 28
60 100 68
60 101 13
60 102 93
60 103 71
60 104 90
60 105 65
60 106 99
60 107 97
60 108 64
60 109 87
60 110 23
60 111 84
60 112 31
60 113 51
60 114 65
60 115 50
60 116 84
60 117 0
60 118 62
60 119 26
61 62 7
61 63 83
61 64 79
61 65 65
61 66 53
61 67 67
61 68 62
61 69 33
61 70 41
61 71 63
61 72 44
61 73 58
61 74 75
61 75 10
61 76 99
61 77 51
61 78 38
61 79 37
61 80 34
61 81 94
61 82 7
61 83 88
61 84 67
61 85 51
61 86 83
61 87 23
61 88 68
61 89 93
61 90 16
61 91 92
61 92 62
61 93 59
61 94 5
61 95 13
61 96 67
61 97 59
61 98 33
61 99 48
61 100 15
61 101 63
61 102 93
61 103 29
61 104 33
61 105 21
61 106 2
61 107 4
61 108 75
61 109 79
61 110 36
61 111 64
61 112 30
61 113 53
61 114 95
61 115 61
61 116 65
61 117 92
61 118 65
61 119 69
62 63 7
62 64 82
62 65 50
62 66 44
62 67 38
62 68 83
62 69 6
62 70 37
62 71 5
62 72 94
62 73 12
62 74 73
62 75 32
62 76 79
62 77 29
62 78 55
62 79 55
62 80 11
62 81 96
62 82 68
62 83 91
62 84 72
62 85 44
62 86 42
62 87 48
62 88 48
62 89 40
62 90 59
62 91 29
62 92 35
62 93 84
62 94 19
62 95 93
62 96 93
62 97 68
62 98 62
62 99 47
62 100 88
62 101 51
62 102 37
62 103 9
62 104 21
62 105 6
62 106 50
62 107 73
62 108 97
62 109 83
62 110 62
62 111 68
62 112 6
62 113 70
62 114 24
62 115 85
62 116 21
62 117 99
62 118 10
62 119 28
63 64 10
63 65 75
63 66 22
63 67 34
63 68 40
63 69 40
63 70 16
63 71 48
63 72 9
63 73 32
63 74 93
63 75 20
63 76 21
63 77 6
63 78 13
63 79 44
63 80 12
63 81 0
63 82 62
63 83 0
63 84 72
63 85 86
63 86 10
63 87 28
63 88 30
63 89 64
63 90 76
63 91 65
63 92 8
63 93 79
63 94 62
63 95 33
63 96 82
63 97 80
63 98 38
63 99 44
63 100 40
63 101 44
63 102 88
63 103 56
63 104 83
63 105 17
63 106 9
63 107 47
63 108 85
63 109 52
63 110 6
63 111 9
63 112 44
63 113 56
63 114 18
63 115 62
63 116 4
63 117 86
63 118 33
63 119 47
64 65 3
64 66 22
64 67 13
64 68 54
64 69 99
64 70 13
64 71 6
64 72 16
64 73 2
64 74 29
64 75 15
64 76 77
64 77 14
64 78 71
64 79 79
64 80 50
64 81 15
64 82 79
64 83 77
64 84 37
64 85 66
64 86 33
64 87 74
64 88 15
64 89 96
64 90 82
64 91 70
64 92 100
64 93 19
64 94 93
64 95 78
64 96 86
64 97 91
64 98 73
64 99 72
64 100 47
64 101 59
64 102 41
64 103 20
64 104 60
64 105 78
64 106 83
64 107 19
64 108 88
64 109 64
64 110 21
64 111 86
64 112 51
64 113 52
64 114 37
64 115 78
64 116 19
64 117 89
64 118 89
64 119 19
65 66 55
65 67 62
65 68 76
65 69 81
65 70 75
65 71 44
65 72 62
65 73 42
65 74 21
65 75 40
65 76 7
65 77 47
65 78 95
65 79 22
65 80 70
65 81 99
65 82 9
65 83 74
65 84 43
65 85 26
65 86 68
65 87 71
65 88 59
65 89 76
65 90 14
65 91 75
65 92 15
65 93 43
65 94 22
65 95 98
65 96 83
65 97 89
65 98 59
65 99 15
65 100 96
65 101 68
65 102 61
65 103 99
65 104 3
65 105 89
65 106 18
65 107 14
65 108 23
65 109 70
65 110 34
65 111 62
65 112 36
65 113 68
65 114 81
65 115 28
65 116 36
65 117 69
65 118 87
65 119 58
66 67 58
66 68 74
66 69 22
66 70 23
66 71 74
66 72 73
66 73 63
66 74 52
66 75 3
66 76 75
66 77 45
66 78 44
66 79 78
66 80 35
66 81 3
66 82 46
66 83 38
66 84 86
66 85 24
66 86 45
66 87 64
66 88 81
66 89 35
66 90 24
66 91 20
66 92 5
66 93 85
66 94 26
66 95 56
66 96 27
66 97 79
66 98 16
66 99 54
66 100 70
66 101 91
66 102 62
66 103 31
66 104 79
66 105 38
66 106 92
66 107 36
66 108 64
66 109 58
66 110 43
66 111 8
66 112 4
66 113 94
66 114 25
66 115 35
66 116 29
66 117 19
66 118 27
66 119 89
67 68 15
67 69 34
67 70 76
67 71 92
67 72 17
67 73 70
67 74 22
67 75 2
67 76 84
67 77 85
67 78 16
67 79 77
67 80 62
67 81 45
67 82 72
67 83 70
67 84 63
67 85 37
67 86 14
67 87 41
67 88 22
67 89 1
67 90 48
67 91 82
67 92 41
67 93 9
67 94 72
67 95 34
67 96 51
67 97 89
67 98 53
67 99 10
67 100 64
67 101 16
67 102 55
67 103 56
67 104 81
67 105 10
67 106 94
67 107 11
67 108 97
67 109 61
67 110 20
67 111 13
67 112 87
67 113 87
67 114 86
67 115 6
67 116 31
67 117 51
67 118 95
67 119 29
68 69 46
68 70 87
68 71 50
68 72 37
68 73 75
68 74 22
68 75 23
68 76 20
68 77 46
68 78 3
68 79 91
68 80 93
68 81 45
68 82 87
68 83 27
68 84 54
68 85 87
68 86 46
68 87 71
68 88 9
68 89 58
68 90 20
68 91 96
68 92 27
68 93 82
68 94 56
68 95 12
68 96 75
68 97 7
68 98 1
68 99 69
68 100 19
68 101 5
68 102 12
68 103 60
68 104 91
68 105 94
68 106 57
68 107 20
68 108 10
68 109 87
68 110 0
68 111 44
68 112 19
68 113 7
68 114 82
68 115 32
68 116 69
68 117 52
68 118 35
68 119 72
69 70 70
69 71 78
69 72 96
69 73 9
69 74 8
69 75 3
69 76 57
69 77 13
69 78 11
69 79 44
69 80 2
69 81 73
69 82 16
69 83 2
69 84 70
69 85 20
69 86 14
69 87 47
69 88 41
69 89 11
69 90 91
69 91 91
69 92 43
69 93 79
69 94 51
69 95 31
69 96 50
69 97 3
69 98 52
69 99 53
69 100 90
69 101 76
69 102 17
69 103 19
69 104 42
69 105 99
69 106 69
69 107 48
69 108 44
69 109 97
69 110 16
69 111 40
69 112 12
69 113 12
69 114 16
69 115 28
69 116 97
69 117 95
69 118 98
69 119 70
70 71 4
70 72 64
70 73 8
70 74 39
70 75 68
70 76 3
70 77 57
70 78 39
70 79 59
70 80 21
70 81 82
70 82 34
70 83 66
70 84 4
70 85 75
70 86 90
70 87 63
70 88 26
70 89 74
70 90 89
70 91 98
70 92 57
70 93 14
70 94 20
70 95 40
70 96 46
70 97 23
70 98 36
70 99 58
70 100 72
70 101 100
70 102 44
70 103 41
70 104 80
70 105 8
70 106 80
70 107 14
70 108 85
70 109 1
70 110 19
70 111 13
70 112 86
70 113 51
70 114 7
70 115 22
70 116 71
70 117 87
70 118 53
70 119 36
71 72 7
71 73 96
71 74 84
71 75 71
71 76 12
71 77 66
71 78 85
71 79 52
71 80 70
71 81 59
71 82 45
71 83 59
71 84 87
71 85 80
71 86 52
71 87 84
71 88 73
71 89 19
71 90 53
71 91 18
71 92 42
71 93 38
71 94 22
71 95 98
71 96 43
71 97 87
71 98 23
71 99 44
71 100 71
71 101 51
71 102 29
71 103 72
71 104 15
71 105 94
71 106 37
71 107 53
71 108 79
71 109 3
71 110 19
71 111 35
71 112 83
71 113 95
71 114 58
71 115 35
71 116 51
71 117 26
71 118 93
71 119 14
72 73 31
72 74 97
72 75 65
72 76 81
72 77 20
72 78 62
72 79 26
72 80 61
72 81 25
72 82 26
72 83 32
72 84 70
72 85 79
72 86 99
72 87 17
72 88 91
72 89 76
72 90 42
72 91 64
72 92 40
72 93 7
72 94 59
72 95 86
72 96 44
72 97 58
72 98 61
72 99 79
72 100 77
72 101 3
72 102 51
72 103 92
72 104 9
72 105 34
72 106 72
72 107 87
72 108 60
72 109 4
72 110 23
72 111 29
72 112 66
72 113 35
72 114 26
72 115 55
72 116 75
72 117 17
72 118 48
72 119 35
73 74 82
73 75 25
73 76 66
73 77 65
73 78 89
73 79 63
73 80 73
73 81 63
73 82 94
73 83 84
73 84 29
73 85 47
73 86 71
73 87 68
73 88 25
73 89 51
73 90 63
73 91 83
73 92 94
73 93 30
73 94 86
73 95 8
73 96 81
73 97 58
73 98 2
73 99 22
73 100 34
73 101 2
73 102 61
73 103 65
73 104 69
73 105 53
73 106 73
73 107 89
73 108 88
73 109 53
73 110 4
73 111 99
73 112 7
73 113 3
73 114 56
73 115 55
73 116 91
73 117 28
73 118 37
73 119 61
74 75 11
74 76 14
74 77 8
74 78 29
74 79 48
74 80 89
74 81 22
74 82 76
74 83 17
74 84 12
74 85 9
74 86 1
74 87 54
74 88 48
74 89 43
74 90 96
74 91 24
74 92 40
74 93 49
74 94 41
74 95 9
74 96 54
74 97 22
74 98 71
74 99 31
74 100 48
74 101 65
74 102 96
74 103 80
74 104 37
74 105 19
74 106 14
74 107 100
74 108 7
74 109 53
74 110 12
74 111 30
74 112 84
74 113 92
74 114 61
74 115 43
74 116 60
74 117 89
74 118 59
74 119 40
75 76 10
75 77 2
75 78 76
75 79 57
75 80 44
75 81 47
75 82 34
75 83 9
75 84 41
75 85 51
75 86 13
75 87 41
75 88 72
75 89 71
75 90 92
75 91 98
75 92 35
75 93 70
75 94 80
75 95 13
75 96 65
75 97 44
75 98 64
75 99 28
75 100 39
75 101 71
75 102 75
75 103 47
75 104 61
75 105 96
75 106 0
75 107 58
75 108 50
75 109 68
75 110 78
75 111 14
75 112 13
75 113 100
75 114 47
75 115 8
75 116 0
75 117 7
75 118 93
75 119 33
76 77 77
76 78 98
76 79 7
76 80 40
76 81 67
76 82 51
76 83 10
76 84 50
76 85 29
76 86 41
76 87 12
76 88 32
76 89 6
76 90 87
76 91 89
76 92 33
76 93 17
76 94 55
76 95 25
76 96 1
76 97 56
76 98 0
76 99 16
76 100 26
76 101 16
76 102 32
76 103 10
76 104 14
76 105 91
76 106 20
76 107 83
76 108 100
76 109 69
76 110 45
76 111 28
76 112 96
76 113 6
76 114 39
76 115 53
76 116 93
76 117 69
76 118 99
76 119 31
77 78 84
77 79 39
77 80 61
77 81 70
77 82 90
77 83 82
77 84 86
77 85 40
77 86 45
77 87 99
77 88 72
77 89 44
77 90 50
77 91 72
77 92 90
77 93 73
77 94 38
77 95 16
77 96 17
77 97 24
77 98 78
77 99 46
77 100 31
77 101 86
77 102 18
77 103 43
77 104 70
77 105 37
77 106 11
77 107 5
77 108 12
77 109 57
77 110 84
77 111 58
77 112 5
77 113 65
77 114 61
77 115 87
77 116 22
77 117 99
77 118 49
77 119 51
78 79 84
78 80 33
78 81 2
78 82 81
78 83 0
78 84 19
78 85 94
78 86 89
78 87 83
78 88 0
78 89 93
78 90 20
78 91 87
78 92 95
78 93 2
78 94 36
78 95 57
78 96 21
78 97 56
78 98 23
78 99 12
78 100 65
78 101 8
78 102 67
78 103 6
78 104 95
78 105 50
78 106 10
78 107 2
78 108 46
78 109 43
78 110 41
78 111 74
78 112 15
78 113 21
78 114 32
78 115 95
78 116 98
78 117 24
78 118 83
78 119 8
79 80 33
79 81 87
79 82 29
79 83 39
79 84 19
79 85 53
79 86 46
79 87 57
79 88 74
79 89 58
79 90 85
79 91 87
79 92 70
79 93 15
79 94 14
79 95 23
79 96 17
79 97 11
79 98 19
79 99 26
79 100 24
79 101 86
79 102 94
79 103 69
79 104 5
79 105 55
79 106 9
79 107 59
79 108 53
79 109 50
79 110 17
79 111 36
79 112 31
79 113 74
79 114 98
79 115 66
79 116 25
79 117 77
79 118 75
79 119 61
80 81 51
80 82 25
80 83 5
80 84 15
80 85 76
80 86 28
80 87 88
80 88 50
80 89 14
80 90 85
80 91 82
80 92 82
80 93 48
80 94 3
80 95 88
80 96 86
80 97 23
80 98 11
80 99 72
80 100 88
80 101 19
80 102 85
80 103 39
80 104 60
80 105 52
80 106 48
80 107 50
80 108 31
80 109 0
80 110 29
80 111 74
80 112 11
80 113 75
80 114 18
80 115 96
80 116 77
80 117 79
80 118 43
80 119 15
81 82 54
81 83 73
81 84 50
81 85 36
81 86 0
81 87 45
81 88 81
81 89 91
81 90 80
81 91 90
81 92 0
81 93 70
81 94 25
81 95 40
81 96 31
81 97 50
81 98 65
81 99 87
81 100 16
81 101 35
81 102 17
81 103 82
81 104 41
81 105 99
81 106 76
81 107 35
81 108 77
81 109 54
81 110 86
81 111 25
81 112 78
81 113 58
81 114 8
81 115 22
81 116 26
81 117 49
81 118 56
81 119 60
82 83 20
82 84 81
82 85 50
82 86 64
82 87 71
82 88 3
82 89 47
82 90 48
82 91 43
82 92 56
82 93 17
82 94 95
82 95 20
82 96 78
82 97 19
82 98 27
82 99 77
82 100 61
82 101 74
82 102 58
82 103 72
82 104 5
82 105 10
82 106 59
82 107 11
82 108 89
82 109 0
82 110 3
82 111 54
82 112 2
82 113 86
82 114 60
82 115 25
82 116 44
82 117 16
82 118 16
82 119 3
83 84 47
83 85 27
83 86 81
83 87 5
83 88 74
83 89 91
83 90 86
83 91 44
83 92 5
83 93 26
83 94 28
83 95 33
83 96 33
83 97 4
83 98 80
83 99 34
83 100 56
83 101 61
83 102 49
83 103 1
83 104 87
83 105 38
83 106 24
83 107 86
83 108 38
83 109 25
83 110 46
83 111 16
83 112 27
83 113 52
83 114 8
83 115 74
83 116 81
83 117 16
83 118 14
83 119 50
84 85 39
84 86 45
84 87 97
84 88 54
84 89 91
84 90 34
84 91 28
84 92 10
84 93 46
84 94 49
84 95 1
84 96 76
84 97 90
84 98 76
84 99 8
84 100 54
84 101 19
84 102 68
84 103 86
84 104 70
84 105 57
84 106 32
84 107 45
84 108 6
84 109 97
84 110 62
84 111 17
84 112 30
84 113 27
84 114 99
84 115 73
84 116 15
84 117 36
84 118 12
84 119 76
85 86 49
85 87 56
85 88 12
85 89 13
85 90 48
85 91 72
85 92 14
85 93 26
85 94 91
85 95 79
85 96 52
85 97 73
85 98 74
85 99 17
85 100 18
85 101 18
85 102 67
85 103 19
85 104 54
85 105 92
85 106 77
85 107 55
85 108 80
85 109 83
85 110 74
85 111 25
85 112 28
85 113 16
85 114 46
85 115 88
85 116 97
85 117 56
85 118 45
85 119 50
86 87 4
86 88 50
86 89 3
86 90 70
86 91 50
86 92 8
86 93 80
86 94 6
86 95 15
86 96 80
86 97 41
86 98 85
86 99 92
86 100 28
86 101 97
86 102 29
86 103 25
86 104 56
86 105 76
86 106 32
86 107 41
86 108 49
86 109 29
86 110 6
86 111 55
86 112 5
86 113 67
86 114 81
86 115 9
86 116 15
86 117 40
86 118 75
86 119 41
87 88 27
87 89 1
87 90 16
87 91 73
87 92 87
87 93 54
87 94 76
87 95 97
87 96 28
87 97 20
87 98 81
87 99 75
87 100 59
87 101 83
87 102 13
87 103 63
87 104 18
87 105 86
87 106 94
87 107 48
87 108 92
87 109 77
87 110 48
87 111 15
87 112 50
87 113 3
87 114 7
87 115 5
87 116 17
87 117 9
87 118 10
87 119 30
88 89 69
88 90 50
88 91 61
88 92 99
88 93 61
88 94 67
88 95 51
88 96 0
88 97 30
88 98 68
88 99 74
88 100 9
88 101 18
88 102 27
88 103 93
88 104 72
88 105 32
88 106 81
88 107 33
88 108 3
88 109 99
88 110 6
88 111 89
88 112 47
88 113 96
88 114 3
88 115 81
88 116 97
88 117 41
88 118 15
88 119 35
89 90 19
89 91 96
89 92 62
89 93 40
89 94 15
89 95 50
89 96 18
89 97 30
89 98 64
89 99 12
89 100 50
89 101 23
89 102 77
89 103 26
89 104 20
89 105 13
89 106 6
89 107 63
89 108 82
89 109 78
89 110 42
89 111 44
89 112 44
89 113 92
89 114 82
89 115 98
89 116 70
89 117 28
89 118 11
89 119 60
90 91 84
90 92 18
90 93 73
90 94 54
90 95 85
90 96 80
90 97 25
90 98 66
90 99 56
90 100 77
90 101 4
90 102 7
90 103 14
90 104 39
90 105 67
90 106 63
90 107 76
90 108 31
90 109 42
90 110 52
90 111 45
90 112 73
90 113 31
90 114 50
90 115 20
90 116 75
90 117 17
90 118 97
90 119 39
91 92 95
91 93 7
91 94 2
91 95 24
91 96 44
91 97 20
91 98 59
91 99 95
91 100 53
91 101 3
91 102 66
91 103 90
91 104 51
91 105 56
91 106 22
91 107 33
91 108 5
91 109 75
91 110 37
91 111 2
91 112 100
91 113 45
91 114 85
91 115 72
91 116 51
91 117 28
91 118 1
91 119 88
92 93 39
92 94 68
92 95 82
92 96 60
92 97 97
92 98 5
92 99 74
92 100 18
92 101 1
92 102 14
92 103 36
92 104 98
92 105 28
92 106 85
92 107 89
92 108 23
92 109 71
92 110 55
92 111 15
92 112 48
92 113 40
92 114 7
92 115 20
92 116 4
92 117 34
92 118 39
92 119 53
93 94 18
93 95 18
93 96 78
93 97 85
93 98 73
93 99 15
93 100 66
93 101 91
93 102 22
93 103 42
93 104 37
93 105 81
93 106 55
93 107 12
93 108 69
93 109 14
93 110 38
93 111 10
93 112 71
93 113 33
93 114 10
93 115 63
93 116 56
93 117 99
93 118 81
93 119 57
94 95 20
94 96 98
94 97 11
94 98 86
94 99 47
94 100 60
94 101 70
94 102 48
94 103 42
94 104 16
94 105 86
94 106 3
94 107 70
94 108 33
94 109 84
94 110 74
94 111 31
94 112 92
94 113 62
94 114 51
94 115 66
94 116 53
94 117 71
94 118 72
94 119 34
95 96 88
95 97 88
95 98 54
95 99 65
95 100 52
95 101 73
95 102 1
95 103 96
95 104 58
95 105 74
95 106 55
95 107 57
95 108 74
95 109 6
95 110 69
95 111 57
95 112 25
95 113 23
95 114 52
95 115 30
95 116 78
95 117 83
95 118 45
95 119 79
96 97 0
96 98 17
96 99 10
96 100 13
96 101 79
96 102 75
96 103 29
96 104 34
96 105 72
96 106 2
96 107 49
96 108 59
96 109 73
96 110 33
96 111 16
96 112 15
96 113 64
96 114 61
96 115 16
96 116 38
96 117 2
96 118 99
96 119 50
97 98 21
97 99 94
97 100 29
97 101 17
97 102 87
97 103 98
97 104 19
97 105 51
97 106 15
97 107 83
97 108 0
97 109 91
97 110 70
97 111 62
97 112 6
97 113 99
97 114 6
97 115 62
97 116 85
97 117 78
97 118 32
97 119 26
98 99 43
98 100 10
98 101 54
98 102 30
98 103 13
98 104 88
98 105 69
98 106 49
98 107 1
98 108 19
98 109 60
98 110 16
98 111 26
98 112 80
98 113 64
98 114 52
98 115 12
98 116 92
98 117 75
98 118 37
98 119 44
99 100 95
99 101 92
99 102 9
99 103 17
99 104 13
99 105 57
99 106 24
99 107 6
99 108 98
99 109 26
99 110 68
99 111 35
99 112 35
99 113 18
99 114 44
99 115 4
99 116 97
99 117 54
99 118 10
99 119 42
100 101 50
100 102 42
100 103 52
100 104 88
100 105 79
100 106 93
100 107 18
100 108 27
100 109 26
100 110 58
100 111 70
100 112 64
100 113 50
100 114 34
100 115 13
100 116 50
100 117 62
100 118 1
100 119 69
101 102 99
101 103 3
101 104 87
101 105 5
101 106 66
101 107 59
101 108 8
101 109 25
101 110 88
101 111 39
101 112 98
101 113 6
101 114 68
101 115 5
101 116 70
101 117 26
101 118 30
101 119 6
102 103 67
102 104 2
102 105 59
102 106 23
102 107 40
102 108 46
102 109 57
102 110 77
102 111 92
102 112 93
102 113 99
102 114 84
102 115 38
102 116 79
102 117 41
102 118 57
102 119 35
103 104 90
103 105 63
103 106 9
103 107 39
103 108 44
103 109 90
103 110 68
103 111 77
103 112 4
103 113 96
103 114 22
103 115 32
103 116 65
103 117 36
103 118 52
103 119 29
104 105 91
104 106 73
104 107 70
104 108 71
104 109 38
104 110 46
104 111 78
104 112 81
104 113 34
104 114 38
104 115 87
104 116 39
104 117 90
104 118 88
104 119 52
105 106 70
105 107 54
105 108 62
105 109 24
105 110 4
105 111 92
105 112 87
105 113 93
105 114 56
105 115 82
105 116 84
105 117 87
105 118 57
105 119 39
106 107 34
106 108 71
106 109 48
106 110 15
106 111 64
106 112 80
106 113 100
106 114 83
106 115 54
106 116 1
106 117 64
106 118 7
106 119 4
107 108 94
107 109 99
107 110 84
107 111 92
107 112 34
107 113 85
107 114 80
107 115 53
107 116 98
107 117 0
107 118 18
107 119 54
108 109 58
108 110 31
108 111 19
108 112 40
108 113 44
108 114 28
108 115 7
108 116 43
108 117 0
108 118 33
108 119 0
109 110 54
109 111 87
109 112 92
109 113 34
109 114 26
109 115 0
109 116 24
109 117 57
109 118 29
109 119 64
110 111 41
110 112 61
110 113 68
110 114 32
110 115 6
110 116 68
110 117 88
110 118 65
110 119 0
111 112 30
111 113 8
111 114 94
111 115 6
111 116 94
111 117 15
111 118 76
111 119 6
112 113 7
112 114 3
112 115 45
112 116 40
112 117 19
112 118 68
112 119 77
113 114 89
113 115 85
113 116 22
113 117 33
113 118 33
113 119 99
114 115 19
114 116 67
114 117 18
114 118 61
114 119 24
115 116 66
115 117 62
115 118 89
115 119 18
116 117 94
116 118 15
116 119 71
117 118 59
117 119 77
118 119 44
