120 10 ds 12 14 10 12 10 15 10 14 9 16 8 14 11 15 10 14 8 15 10 15 
0 1 3
0 2 55
0 3 92
0 4 94
0 5 0
0 6 64
0 7 65
0 8 43
0 9 38
0 10 0
0 11 35
0 12 21
0 13 61
0 14 61
0 15 35
0 16 65
0 17 32
0 18 19
0 19 39
0 20 33
0 21 35
0 22 71
0 23 57
0 24 73
0 25 84
0 26 96
0 27 63
0 28 65
0 29 50
0 30 95
0 31 55
0 32 10
0 33 22
0 34 44
0 35 12
0 36 17
0 37 17
0 38 55
0 39 5
0 40 73
0 41 86
0 42 45
0 43 61
0 44 100
0 45 82
0 46 66
0 47 20
0 48 16
0 49 25
0 50 39
0 51 94
0 52 76
0 53 50
0 54 13
0 55 12
0 56 83
0 57 30
0 58 40
0 59 86
0 60 14
0 61 35
0 62 57
0 63 83
0 64 44
0 65 27
0 66 32
0 67 21
0 68 54
0 69 27
0 70 6
0 71 10
0 72 42
0 73 61
0 74 80
0 75 43
0 76 62
0 77 84
0 78 10
0 79 21
0 80 24
0 81 34
0 82 95
0 83 13
0 84 58
0 85 67
0 86 34
0 87 95
0 88 63
0 89 66
0 90 18
0 91 21
0 92 45
0 93 33
0 94 8
0 95 58
0 96 82
0 97 49
0 98 49
0 99 91
0 100 34
0 101 86
0 102 97
0 103 28
0 104 1
0 105 79
0 106 87
0 107 28
0 108 49
0 109 63
0 110 31
0 111 6
0 112 37
0 113 82
0 114 33
0 115 29
0 116 68
0 117 12
0 118 37
0 119 38
1 2 65
1 3 26
1 4 69
1 5 66
1 6 60
1 7 78
1 8 37
1 9 40
1 10 13
1 11 62
1 12 50
1 13 77
1 14 72
1 15 55
1 16 39
1 17 76
1 18 40
1 19 16
1 20 45
1 21 18
1 22 86
1 23 35
1 24 15
1 25 91
1 26 38
1 27 99
1 28 95
1 29 74
1 30 48
1 31 46
1 32 82
1 33 95
1 34 29
1 35 16
1 36 39
1 37 9
1 38 4
1 39 15
1 40 2
1 41 68
1 42 70
1 43 90
1 44 44
1 45 39
1 46 35
1 47 25
1 48 62
1 49 93
1 50 71
1 51 73
1 52 96
1 53 82
1 54 62
1 55 8
1 56 71
1 57 71
1 58 19
1 59 97
1 60 47
1 61 77
1 62 32
1 63 97
1 64 55
1 65 6
1 66 71
1 67 35
1 68 78
1 69 41
1 70 41
1 71 66
1 72 85
1 73 94
1 74 20
1 75 36
1 76 82
1 77 5
1 78 46
1 79 12
1 80 9
1 81 46
1 82 81
1 83 80
1 84 92
1 85 1
1 86 29
1 87 50
1 88 94
1 89 41
1 90 43
1 91 33
1 92 99
1 93 95
1 94 60
1 95 98
1 96 37
1 97 29
1 98 91
1 99 26
1 100 79
1 101 17
1 102 99
1 103 38
1 104 96
1 105 52
1 106 31
1 107 88
1 108 74
1 109 87
1 110 12
1 111 84
1 112 99
1 113 54
1 114 100
1 115 40
1 116 32
1 117 36
1 118 68
1 119 96
2 3 75
2 4 89
2 5 90
2 6 96
2 7 40
2 8 33
2 9 22
2 10 49
2 11 42
2 12 56
2 13 0
2 14 78
2 15 97
2 16 30
2 17 14
2 18 4
2 19 14
2 20 71
2 21 65
2 22 59
2 23 95
2 24 96
2 25 9
2 26 92
2 27 70
2 28 23
2 29 72
2 30 88
2 31 23
2 32 49
2 33 28
2 34 36
2 35 38
2 36 66
2 37 99
2 38 31
2 39 80
2 40 95
2 41 82
2 42 37
2 43 43
2 44 28
2 45 29
2 46 97
2 47 85
2 48 33
2 49 78
2 50 63
2 51 16
2 52 40
2 53 96
2 54 92
2 55 10
2 56 49
2 57 72
2 58 32
2 59 18
2 60 41
2 61 4
2 62 75
2 63 85
2 64 43
2 65 11
2 66 62
2 67 85
2 68 80
2 69 24
2 70 12
2 71 27
2 72 66
2 73 91
2 74 9
2 75 38
2 76 74
2 77 89
2 78 43
2 79 33
2 80 79
2 81 38
2 82 20
2 83 70
2 84 8
2 85 29
2 86 91
2 87 7
2 88 74
2 89 64
2 90 51
2 91 25
2 92 76
2 93 63
2 94 51
2 95 52
2 96 71
2 97 29
2 98 72
2 99 99
2 100 88
2 101 21
2 102 69
2 103 24
2 104 3
2 105 19
2 106 58
2 107 10
2 108 36
2 109 80
2 110 8
2 111 31
2 112 7
2 113 45
2 114 28
2 115 47
2 116 60
2 117 19
2 118 43
2 119 67
3 4 67
3 5 62
3 6 5
3 7 37
3 8 45
3 9 4
3 10 59
3 11 64
3 12 89
3 13 94
3 14 13
3 15 0
3 16 16
3 17 80
3 18 62
3 19 63
3 20 28
3 21 42
3 22 74
3 23 20
3 24 67
3 25 92
3 26 76
3 27 0
3 28 76
3 29 89
3 30 21
3 31 7
3 32 11
3 33 14
3 34 47
3 35 41
3 36 20
3 37 79
3 38 39
3 39 9
3 40 44
3 41 52
3 42 2
3 43 33
3 44 76
3 45 95
3 46 24
3 47 55
3 48 50
3 49 82
3 50 92
3 51 48
3 52 49
3 53 76
3 54 17
3 55 28
3 56 29
3 57 82
3 58 64
3 59 79
3 60 49
3 61 39
3 62 56
3 63 98
3 64 7
3 65 62
3 66 87
3 67 11
3 68 37
3 69 34
3 70 12
3 71 58
3 72 46
3 73 20
3 74 86
3 75 71
3 76 34
3 77 3
3 78 58
3 79 57
3 80 71
3 81 52
3 82 77
3 83 82
3 84 29
3 85 36
3 86 93
3 87 45
3 88 18
3 89 37
3 90 55
3 91 45
3 92 22
3 93 46
3 94 94
3 95 22
3 96 90
3 97 52
3 98 20
3 99 18
3 100 12
3 101 75
3 102 48
3 103 88
3 104 3
3 105 7
3 106 98
3 107 44
3 108 90
3 109 29
3 110 63
3 111 16
3 112 7
3 113 21
3 114 67
3 115 94
3 116 9
3 117 49
3 118 5
3 119 58
4 5 12
4 6 93
4 7 38
4 8 63
4 9 77
4 10 81
4 11 87
4 12 68
4 13 1
4 14 50
4 15 75
4 16 32
4 17 34
4 18 27
4 19 62
4 20 56
4 21 49
4 22 34
4 23 3
4 24 37
4 25 71
4 26 75
4 27 28
4 28 47
4 29 37
4 30 21
4 31 31
4 32 60
4 33 91
4 34 17
4 35 91
4 36 72
4 37 5
4 38 95
4 39 100
4 40 95
4 41 31
4 42 63
4 43 74
4 44 86
4 45 34
4 46 63
4 47 61
4 48 32
4 49 92
4 50 42
4 51 83
4 52 45
4 53 94
4 54 94
4 55 76
4 56 9
4 57 91
4 58 1
4 59 97
4 60 16
4 61 62
4 62 96
4 63 15
4 64 29
4 65 86
4 66 64
4 67 15
4 68 95
4 69 18
4 70 19
4 71 32
4 72 36
4 73 96
4 74 3
4 75 42
4 76 74
4 77 70
4 78 4
4 79 25
4 80 64
4 81 91
4 82 6
4 83 85
4 84 74
4 85 95
4 86 73
4 87 98
4 88 40
4 89 71
4 90 3
4 91 35
4 92 45
4 93 61
4 94 30
4 95 95
4 96 78
4 97 73
4 98 43
4 99 73
4 100 50
4 101 75
4 102 5
4 103 27
4 104 59
4 105 85
4 106 60
4 107 98
4 108 54
4 109 41
4 110 49
4 111 54
4 112 66
4 113 21
4 114 40
4 115 4
4 116 43
4 117 26
4 118 50
4 119 79
5 6 26
5 7 38
5 8 53
5 9 72
5 10 25
5 11 0
5 12 14
5 13 13
5 14 2
5 15 63
5 16 88
5 17 96
5 18 13
5 19 32
5 20 78
5 21 14
5 22 69
5 23 66
5 24 81
5 25 42
5 26 28
5 27 85
5 28 26
5 29 82
5 30 41
5 31 31
5 32 100
5 33 49
5 34 66
5 35 46
5 36 11
5 37 11
5 38 33
5 39 29
5 40 54
5 41 35
5 42 87
5 43 47
5 44 79
5 45 40
5 46 2
5 47 15
5 48 93
5 49 2
5 50 30
5 51 77
5 52 8
5 53 15
5 54 69
5 55 44
5 56 86
5 57 54
5 58 84
5 59 37
5 60 36
5 61 52
5 62 5
5 63 42
5 64 62
5 65 81
5 66 57
5 67 30
5 68 24
5 69 62
5 70 35
5 71 62
5 72 36
5 73 52
5 74 59
5 75 93
5 76 100
5 77 13
5 78 49
5 79 77
5 80 39
5 81 34
5 82 42
5 83 68
5 84 13
5 85 87
5 86 46
5 87 31
5 88 79
5 89 78
5 90 40
5 91 1
5 92 34
5 93 51
5 94 39
5 95 11
5 96 53
5 97 28
5 98 4
5 99 45
5 100 43
5 101 43
5 102 74
5 103 94
5 104 22
5 105 73
5 106 71
5 107 36
5 108 47
5 109 43
5 110 58
5 111 74
5 112 78
5 113 87
5 114 68
5 115 88
5 116 51
5 117 40
5 118 28
5 119 28
6 7 59
6 8 48
6 9 34
6 10 54
6 11 12
6 12 60
6 13 15
6 14 42
6 15 20
6 16 41
6 17 44
6 18 47
6 19 3
6 20 59
6 21 73
6 22 70
6 23 74
6 24 71
6 25 48
6 26 67
6 27 36
6 28 90
6 29 65
6 30 53
6 31 29
6 32 99
6 33 29
6 34 3
6 35 79
6 36 79
6 37 55
6 38 100
6 39 96
6 40 55
6 41 23
6 42 14
6 43 3
6 44 44
6 45 75
6 46 30
6 47 15
6 48 34
6 49 41
6 50 22
6 51 72
6 52 57
6 53 3
6 54 28
6 55 32
6 56 97
6 57 55
6 58 66
6 59 47
6 60 77
6 61 94
6 62 81
6 63 72
6 64 2
6 65 19
6 66 32
6 67 28
6 68 17
6 69 30
6 70 9
6 71 8
6 72 80
6 73 92
6 74 100
6 75 61
6 76 94
6 77 67
6 78 96
6 79 60
6 80 85
6 81 73
6 82 89
6 83 100
6 84 51
6 85 48
6 86 59
6 87 49
6 88 32
6 89 25
6 90 24
6 91 21
6 92 11
6 93 67
6 94 53
6 95 83
6 96 1
6 97 33
6 98 85
6 99 63
6 100 59
6 101 88
6 102 27
6 103 67
6 104 78
6 105 8
6 106 69
6 107 55
6 108 3
6 109 70
6 110 16
6 111 47
6 112 72
6 113 62
6 114 68
6 115 22
6 116 25
6 117 62
6 118 58
6 119 11
7 8 47
7 9 78
7 10 63
7 11 94
7 12 100
7 13 42
7 14 0
7 15 99
7 16 3
7 17 91
7 18 20
7 19 83
7 20 34
7 21 96
7 22 100
7 23 72
7 24 83
7 25 21
7 26 53
7 27 10
7 28 77
7 29 24
7 30 52
7 31 65
7 32 14
7 33 35
7 34 86
7 35 96
7 36 43
7 37 50
7 38 37
7 39 48
7 40 7
7 41 13
7 42 76
7 43 96
7 44 8
7 45 84
7 46 4
7 47 59
7 48 21
7 49 69
7 50 72
7 51 89
7 52 51
7 53 18
7 54 47
7 55 20
7 56 6
7 57 31
7 58 74
7 59 71
7 60 90
7 61 98
7 62 30
7 63 53
7 64 82
7 65 70
7 66 20
7 67 86
7 68 59
7 69 11
7 70 82
7 71 4
7 72 63
7 73 69
7 74 51
7 75 69
7 76 57
7 77 68
7 78 5
7 79 13
7 80 58
7 81 51
7 82 50
7 83 57
7 84 99
7 85 40
7 86 35
7 87 14
7 88 22
7 89 78
7 90 18
7 91 19
7 92 84
7 93 98
7 94 91
7 95 83
7 96 28
7 97 62
7 98 95
7 99 52
7 100 46
7 101 10
7 102 15
7 103 63
7 104 19
7 105 92
7 106 32
7 107 7
7 108 87
7 109 92
7 110 25
7 111 64
7 112 23
7 113 86
7 114 56
7 115 33
7 116 59
7 117 25
7 118 100
7 119 96
8 9 34
8 10 33
8 11 66
8 12 8
8 13 93
8 14 61
8 15 62
8 16 5
8 17 15
8 18 19
8 19 59
8 20 20
8 21 60
8 22 4
8 23 34
8 24 33
8 25 81
8 26 22
8 27 99
8 28 49
8 29 56
8 30 6
8 31 13
8 32 46
8 33 76
8 34 35
8 35 33
8 36 10
8 37 52
8 38 29
8 39 48
8 40 80
8 41 49
8 42 41
8 43 37
8 44 76
8 45 21
8 46 77
8 47 60
8 48 17
8 49 72
8 50 14
8 51 60
8 52 28
8 53 45
8 54 90
8 55 52
8 56 19
8 57 91
8 58 41
8 59 21
8 60 97
8 61 17
8 62 94
8 63 6
8 64 15
8 65 60
8 66 95
8 67 65
8 68 97
8 69 67
8 70 81
8 71 83
8 72 55
8 73 52
8 74 32
8 75 100
8 76 29
8 77 100
8 78 62
8 79 86
8 80 66
8 81 97
8 82 16
8 83 11
8 84 5
8 85 11
8 86 98
8 87 81
8 88 23
8 89 95
8 90 90
8 91 73
8 92 15
8 93 22
8 94 67
8 95 14
8 96 96
8 97 62
8 98 5
8 99 78
8 100 91
8 101 12
8 102 92
8 103 31
8 104 55
8 105 18
8 106 12
8 107 91
8 108 30
8 109 16
8 110 98
8 111 81
8 112 71
8 113 80
8 114 22
8 115 6
8 116 76
8 117 26
8 118 56
8 119 56
9 10 30
9 11 79
9 12 23
9 13 2
9 14 4
9 15 1
9 16 10
9 17 18
9 18 7
9 19 39
9 20 30
9 21 23
9 22 47
9 23 49
9 24 91
9 25 31
9 26 82
9 27 76
9 28 72
9 29 32
9 30 96
9 31 96
9 32 25
9 33 75
9 34 53
9 35 78
9 36 4
9 37 55
9 38 59
9 39 8
9 40 92
9 41 66
9 42 21
9 43 0
9 44 33
9 45 38
9 46 31
9 47 82
9 48 20
9 49 25
9 50 88
9 51 27
9 52 36
9 53 31
9 54 28
9 55 100
9 56 29
9 57 94
9 58 44
9 59 23
9 60 92
9 61 29
9 62 82
9 63 55
9 64 30
9 65 1
9 66 14
9 67 41
9 68 22
9 69 90
9 70 16
9 71 28
9 72 94
9 73 84
9 74 76
9 75 43
9 76 71
9 77 28
9 78 48
9 79 3
9 80 68
9 81 75
9 82 59
9 83 50
9 84 96
9 85 9
9 86 37
9 87 82
9 88 69
9 89 83
9 90 8
9 91 1
9 92 72
9 93 63
9 94 47
9 95 42
9 96 86
9 97 35
9 98 17
9 99 51
9 100 78
9 101 12
9 102 46
9 103 59
9 104 32
9 105 87
9 106 99
9 107 45
9 108 8
9 109 29
9 110 38
9 111 76
9 112 15
9 113 31
9 114 88
9 115 22
9 116 95
9 117 13
9 118 31
9 119 20
10 11 12
10 12 43
10 13 79
10 14 29
10 15 61
10 16 26
10 17 26
10 18 48
10 19 24
10 20 56
10 21 20
10 22 93
10 23 42
10 24 64
10 25 9
10 26 55
10 27 61
10 28 60
10 29 69
10 30 56
10 31 97
10 32 76
10 33 7
10 34 74
10 35 75
10 36 61
10 37 25
10 38 7
10 39 2
10 40 65
10 41 97
10 42 43
10 43 90
10 44 74
10 45 67
10 46 80
10 47 70
10 48 64
10 49 53
10 50 64
10 51 96
10 52 77
10 53 56
10 54 89
10 55 88
10 56 71
10 57 11
10 58 79
10 59 38
10 60 29
10 61 85
10 62 86
10 63 65
10 64 94
10 65 11
10 66 26
10 67 21
10 68 27
10 69 75
10 70 37
10 71 40
10 72 40
10 73 94
10 74 55
10 75 72
10 76 21
10 77 7
10 78 29
10 79 20
10 80 19
10 81 94
10 82 90
10 83 85
10 84 66
10 85 48
10 86 7
10 87 64
10 88 17
10 89 82
10 90 6
10 91 12
10 92 53
10 93 21
10 94 23
10 95 85
10 96 96
10 97 51
10 98 60
10 99 25
10 100 44
10 101 68
10 102 61
10 103 74
10 104 37
10 105 37
10 106 38
10 107 84
10 108 87
10 109 30
10 110 48
10 111 48
10 112 44
10 113 70
10 114 45
10 115 59
10 116 27
10 117 8
10 118 71
10 119 72
11 12 93
11 13 36
11 14 99
11 15 48
11 16 93
11 17 94
11 18 51
11 19 75
11 20 21
11 21 80
11 22 26
11 23 25
11 24 74
11 25 7
11 26 14
11 27 87
11 28 12
11 29 73
11 30 88
11 31 11
11 32 76
11 33 97
11 34 91
11 35 6
11 36 21
11 37 44
11 38 3
11 39 66
11 40 10
11 41 87
11 42 96
11 43 52
11 44 28
11 45 14
11 46 80
11 47 82
11 48 19
11 49 27
11 50 85
11 51 27
11 52 90
11 53 9
11 54 48
11 55 64
11 56 17
11 57 81
11 58 24
11 59 64
11 60 4
11 61 58
11 62 80
11 63 73
11 64 35
11 65 81
11 66 97
11 67 24
11 68 57
11 69 40
11 70 27
11 71 61
11 72 50
11 73 87
11 74 6
11 75 41
11 76 16
11 77 22
11 78 4
11 79 63
11 80 69
11 81 35
11 82 91
11 83 23
11 84 1
11 85 95
11 86 27
11 87 24
11 88 19
11 89 77
11 90 29
11 91 24
11 92 18
11 93 13
11 94 39
11 95 49
11 96 6
11 97 95
11 98 61
11 99 90
11 100 7
11 101 55
11 102 89
11 103 27
11 104 56
11 105 66
11 106 12
11 107 69
11 108 13
11 109 22
11 110 13
11 111 48
11 112 25
11 113 7
11 114 44
11 115 63
11 116 46
11 117 80
11 118 59
11 119 35
12 13 30
12 14 7
12 15 37
12 16 6
12 17 100
12 18 69
12 19 36
12 20 10
12 21 24
12 22 37
12 23 48
12 24 68
12 25 80
12 26 72
12 27 64
12 28 15
12 29 15
12 30 14
12 31 17
12 32 29
12 33 55
12 34 66
12 35 76
12 36 82
12 37 21
12 38 61
12 39 82
12 40 16
12 41 33
12 42 62
12 43 48
12 44 74
12 45 46
12 46 92
12 47 97
12 48 26
12 49 71
12 50 12
12 51 88
12 52 14
12 53 57
12 54 87
12 55 34
12 56 73
12 57 7
12 58 68
12 59 79
12 60 49
12 61 35
12 62 45
12 63 77
12 64 19
12 65 99
12 66 93
12 67 37
12 68 68
12 69 4
12 70 49
12 71 87
12 72 93
12 73 61
12 74 51
12 75 33
12 76 32
12 77 46
12 78 55
12 79 10
12 80 26
12 81 56
12 82 43
12 83 57
12 84 44
12 85 48
12 86 72
12 87 70
12 88 69
12 89 15
12 90 17
12 91 94
12 92 44
12 93 96
12 94 87
12 95 71
12 96 61
12 97 7
12 98 90
12 99 36
12 100 24
12 101 16
12 102 92
12 103 97
12 104 90
12 105 2
12 106 2
12 107 42
12 108 27
12 109 3
12 110 49
12 111 59
12 112 58
12 113 100
12 114 23
12 115 48
12 116 72
12 117 12
12 118 41
12 119 68
13 14 67
13 15 15
13 16 62
13 17 4
13 18 69
13 19 90
13 20 72
13 21 96
13 22 83
13 23 56
13 24 41
13 25 4
13 26 97
13 27 4
13 28 97
13 29 60
13 30 7
13 31 32
13 32 93
13 33 52
13 34 29
13 35 25
13 36 92
13 37 65
13 38 65
13 39 44
13 40 28
13 41 37
13 42 94
13 43 42
13 44 87
13 45 42
13 46 74
13 47 77
13 48 38
13 49 16
13 50 43
13 51 56
13 52 49
13 53 12
13 54 19
13 55 12
13 56 69
13 57 67
13 58 50
13 59 49
13 60 42
13 61 27
13 62 33
13 63 41
13 64 64
13 65 57
13 66 39
13 67 5
13 68 97
13 69 6
13 70 29
13 71 100
13 72 70
13 73 40
13 74 71
13 75 35
13 76 16
13 77 72
13 78 48
13 79 94
13 80 46
13 81 7
13 82 47
13 83 75
13 84 26
13 85 36
13 86 6
13 87 20
13 88 3
13 89 88
13 90 99
13 91 21
13 92 41
13 93 44
13 94 86
13 95 25
13 96 33
13 97 69
13 98 15
13 99 65
13 100 79
13 101 99
13 102 10
13 103 70
13 104 12
13 105 33
13 106 69
13 107 25
13 108 80
13 109 52
13 110 36
13 111 5
13 112 66
13 113 19
13 114 75
13 115 30
13 116 41
13 117 21
13 118 27
13 119 76
14 15 79
14 16 86
14 17 66
14 18 92
14 19 40
14 20 1
14 21 46
14 22 21
14 23 93
14 24 20
14 25 18
14 26 80
14 27 28
14 28 26
14 29 91
14 30 41
14 31 37
14 32 90
14 33 84
14 34 50
14 35 26
14 36 40
14 37 78
14 38 0
14 39 18
14 40 14
14 41 89
14 42 18
14 43 91
14 44 58
14 45 55
14 46 8
14 47 16
14 48 63
14 49 89
14 50 65
14 51 30
14 52 84
14 53 37
14 54 52
14 55 57
14 56 77
14 57 7
14 58 95
14 59 19
14 60 45
14 61 42
14 62 60
14 63 87
14 64 35
14 65 37
14 66 69
14 67 72
14 68 77
14 69 34
14 70 15
14 71 48
14 72 60
14 73 55
14 74 66
14 75 96
14 76 54
14 77 3
14 78 1
14 79 72
14 80 5
14 81 24
14 82 70
14 83 28
14 84 54
14 85 18
14 86 63
14 87 70
14 88 12
14 89 46
14 90 18
14 91 92
14 92 69
14 93 36
14 94 38
14 95 33
14 96 46
14 97 2
14 98 65
14 99 88
14 100 51
14 101 79
14 102 80
14 103 42
14 104 69
14 105 88
14 106 66
14 107 14
14 108 74
14 109 21
14 110 61
14 111 79
14 112 55
14 113 25
14 114 10
14 115 37
14 116 66
14 117 79
14 118 54
14 119 3
15 16 63
15 17 34
15 18 41
15 19 1
15 20 19
15 21 4
15 22 11
15 23 94
15 24 37
15 25 15
15 26 59
15 27 59
15 28 97
15 29 77
15 30 23
15 31 32
15 32 15
15 33 28
15 34 12
15 35 66
15 36 20
15 37 25
15 38 79
15 39 41
15 40 61
15 41 53
15 42 63
15 43 3
15 44 67
15 45 98
15 46 10
15 47 68
15 48 73
15 49 15
15 50 7
15 51 68
15 52 39
15 53 44
15 54 1
15 55 98
15 56 60
15 57 98
15 58 39
15 59 41
15 60 94
15 61 35
15 62 33
15 63 84
15 64 92
15 65 4
15 66 62
15 67 99
15 68 37
15 69 96
15 70 34
15 71 25
15 72 2
15 73 65
15 74 44
15 75 25
15 76 43
15 77 38
15 78 60
15 79 20
15 80 22
15 81 6
15 82 1
15 83 70
15 84 93
15 85 75
15 86 91
15 87 39
15 88 24
15 89 23
15 90 76
15 91 86
15 92 57
15 93 99
15 94 37
15 95 90
15 96 17
15 97 33
15 98 86
15 99 39
15 100 73
15 101 63
15 102 91
15 103 11
15 104 55
15 105 68
15 106 24
15 107 31
15 108 87
15 109 86
15 110 96
15 111 26
15 112 19
15 113 35
15 114 93
15 115 30
15 116 57
15 117 72
15 118 98
15 119 44
16 17 92
16 18 66
16 19 13
16 20 55
16 21 76
16 22 56
16 23 66
16 24 80
16 25 90
16 26 25
16 27 86
16 28 80
16 29 44
16 30 18
16 31 97
16 32 70
16 33 92
16 34 44
16 35 71
16 36 98
16 37 63
16 38 74
16 39 95
16 40 37
16 41 63
16 42 7
16 43 57
16 44 85
16 45 55
16 46 18
16 47 70
16 48 27
16 49 62
16 50 60
16 51 12
16 52 83
16 53 72
16 54 53
16 55 45
16 56 82
16 57 80
16 58 0
16 59 6
16 60 48
16 61 3
16 62 35
16 63 83
16 64 59
16 65 33
16 66 16
16 67 39
16 68 72
16 69 78
16 70 28
16 71 60
16 72 64
16 73 7
16 74 79
16 75 64
16 76 4
16 77 26
16 78 36
16 79 83
16 80 91
16 81 37
16 82 2
16 83 4
16 84 53
16 85 98
16 86 24
16 87 6
16 88 19
16 89 39
16 90 17
16 91 3
16 92 59
16 93 40
16 94 36
16 95 71
16 96 24
16 97 35
16 98 80
16 99 71
16 100 9
16 101 34
16 102 61
16 103 43
16 104 36
16 105 70
16 106 16
16 107 69
16 108 72
16 109 10
16 110 2
16 111 43
16 112 19
16 113 34
16 114 41
16 115 69
16 116 91
16 117 99
16 118 57
16 119 17
17 18 73
17 19 54
17 20 33
17 21 43
17 22 34
17 23 83
17 24 54
17 25 61
17 26 47
17 27 14
17 28 11
17 29 92
17 30 45
17 31 97
17 32 90
17 33 35
17 34 45
17 35 66
17 36 75
17 37 35
17 38 12
17 39 10
17 40 68
17 41 41
17 42 47
17 43 17
17 44 68
17 45 81
17 46 4
17 47 53
17 48 76
17 49 33
17 50 63
17 51 44
17 52 47
17 53 59
17 54 76
17 55 73
17 56 78
17 57 13
17 58 31
17 59 19
17 60 37
17 61 91
17 62 6
17 63 44
17 64 32
17 65 49
17 66 16
17 67 25
17 68 87
17 69 69
17 70 37
17 71 90
17 72 41
17 73 40
17 74 18
17 75 10
17 76 95
17 77 17
17 78 43
17 79 87
17 80 31
17 81 40
17 82 76
17 83 37
17 84 84
17 85 7
17 86 77
17 87 0
17 88 97
17 89 4
17 90 31
17 91 78
17 92 56
17 93 2
17 94 2
17 95 57
17 96 95
17 97 46
17 98 98
17 99 68
17 100 43
17 101 44
17 102 16
17 103 91
17 104 37
17 105 76
17 106 62
17 107 57
17 108 41
17 109 4
17 110 3
17 111 50
17 112 66
17 113 15
17 114 8
17 115 30
17 116 81
17 117 47
17 118 18
17 119 16
18 19 18
18 20 41
18 21 29
18 22 8
18 23 80
18 24 92
18 25 51
18 26 5
18 27 76
18 28 99
18 29 7
18 30 93
18 31 82
18 32 76
18 33 31
18 34 21
18 35 89
18 36 66
18 37 14
18 38 4
18 39 5
18 40 52
18 41 13
18 42 46
18 43 97
18 44 9
18 45 49
18 46 13
18 47 57
18 48 44
18 49 36
18 50 100
18 51 67
18 52 16
18 53 46
18 54 17
18 55 95
18 56 86
18 57 13
18 58 23
18 59 53
18 60 47
18 61 32
18 62 59
18 63 64
18 64 50
18 65 82
18 66 54
18 67 23
18 68 59
18 69 65
18 70 56
18 71 37
18 72 63
18 73 76
18 74 55
18 75 29
18 76 86
18 77 91
18 78 60
18 79 85
18 80 79
18 81 76
18 82 43
18 83 6
18 84 92
18 85 70
18 86 31
18 87 50
18 88 78
18 89 7
18 90 26
18 91 62
18 92 25
18 93 17
18 94 17
18 95 35
18 96 70
18 97 81
18 98 0
18 99 68
18 100 96
18 101 51
18 102 24
18 103 68
18 104 100
18 105 46
18 106 38
18 107 99
18 108 11
18 109 60
18 110 8
18 111 37
18 112 6
18 113 39
18 114 90
18 115 55
18 116 89
18 117 90
18 118 73
18 119 87
19 20 65
19 21 17
19 22 89
19 23 49
19 24 72
19 25 46
19 26 1
19 27 65
19 28 53
19 29 100
19 30 33
19 31 27
19 32 41
19 33 97
19 34 49
19 35 46
19 36 23
19 37 40
19 38 72
19 39 1
19 40 68
19 41 67
19 42 40
19 43 12
19 44 47
19 45 72
19 46 22
19 47 50
19 48 2
19 49 0
19 50 8
19 51 40
19 52 68
19 53 23
19 54 77
19 55 25
19 56 16
19 57 1
19 58 61
19 59 8
19 60 20
19 61 2
19 62 44
19 63 82
19 64 64
19 65 84
19 66 82
19 67 18
19 68 90
19 69 82
19 70 98
19 71 23
19 72 61
19 73 94
19 74 51
19 75 0
19 76 35
19 77 67
19 78 68
19 79 12
19 80 29
19 81 64
19 82 71
19 83 40
19 84 84
19 85 62
19 86 91
19 87 88
19 88 50
19 89 59
19 90 60
19 91 42
19 92 67
19 93 33
19 94 15
19 95 23
19 96 17
19 97 93
19 98 66
19 99 97
19 100 49
19 101 33
19 102 100
19 103 93
19 104 31
19 105 33
19 106 88
19 107 18
19 108 69
19 109 32
19 110 18
19 111 56
19 112 17
19 113 95
19 114 58
19 115 90
19 116 12
19 117 32
19 118 66
19 119 7
20 21 4
20 22 90
20 23 20
20 24 31
20 25 50
20 26 50
20 27 73
20 28 55
20 29 73
20 30 1
20 31 91
20 32 28
20 33 77
20 34 44
20 35 36
20 36 29
20 37 40
20 38 74
20 39 11
20 40 30
20 41 15
20 42 90
20 43 49
20 44 27
20 45 19
20 46 75
20 47 39
20 48 73
20 49 0
20 50 4
20 51 70
20 52 62
20 53 80
20 54 98
20 55 27
20 56 96
20 57 65
20 58 59
20 59 34
20 60 22
20 61 18
20 62 37
20 63 38
20 64 83
20 65 35
20 66 85
20 67 25
20 68 22
20 69 100
20 70 61
20 71 54
20 72 99
20 73 71
20 74 99
20 75 1
20 76 32
20 77 87
20 78 23
20 79 66
20 80 73
20 81 5
20 82 10
20 83 97
20 84 22
20 85 18
20 86 70
20 87 10
20 88 75
20 89 10
20 90 49
20 91 86
20 92 1
20 93 72
20 94 37
20 95 61
20 96 23
20 97 66
20 98 51
20 99 53
20 100 90
20 101 19
20 102 85
20 103 74
20 104 51
20 105 33
20 106 78
20 107 4
20 108 52
20 109 86
20 110 25
20 111 60
20 112 60
20 113 87
20 114 31
20 115 65
20 116 21
20 117 91
20 118 50
20 119 57
21 22 32
21 23 99
21 24 100
21 25 53
21 26 1
21 27 65
21 28 0
21 29 4
21 30 75
21 31 46
21 32 64
21 33 71
21 34 50
21 35 90
21 36 92
21 37 71
21 38 52
21 39 82
21 40 14
21 41 95
21 42 47
21 43 56
21 44 31
21 45 78
21 46 43
21 47 21
21 48 69
21 49 32
21 50 13
21 51 94
21 52 71
21 53 1
21 54 12
21 55 26
21 56 23
21 57 23
21 58 45
21 59 11
21 60 62
21 61 47
21 62 94
21 63 15
21 64 8
21 65 52
21 66 3
21 67 38
21 68 38
21 69 65
21 70 51
21 71 61
21 72 80
21 73 8
21 74 57
21 75 70
21 76 61
21 77 8
21 78 75
21 79 70
21 80 47
21 81 62
21 82 82
21 83 99
21 84 34
21 85 10
21 86 19
21 87 90
21 88 9
21 89 45
21 90 27
21 91 4
21 92 34
21 93 13
21 94 59
21 95 31
21 96 65
21 97 32
21 98 55
21 99 10
21 100 60
21 101 31
21 102 36
21 103 62
21 104 92
21 105 38
21 106 13
21 107 48
21 108 58
21 109 88
21 110 5
21 111 78
21 112 30
21 113 26
21 114 3
21 115 40
21 116 93
21 117 14
21 118 37
21 119 60
22 23 12
22 24 61
22 25 68
22 26 3
22 27 87
22 28 21
22 29 99
22 30 47
22 31 9
22 32 36
22 33 51
22 34 15
22 35 19
22 36 73
22 37 2
22 38 54
22 39 54
22 40 58
22 41 15
22 42 93
22 43 80
22 44 14
22 45 27
22 46 15
22 47 75
22 48 69
22 49 18
22 50 23
22 51 0
22 52 0
22 53 73
22 54 72
22 55 94
22 56 98
22 57 94
22 58 15
22 59 28
22 60 31
22 61 40
22 62 77
22 63 8
22 64 41
22 65 86
22 66 42
22 67 72
22 68 47
22 69 85
22 70 55
22 71 7
22 72 18
22 73 96
22 74 70
22 75 69
22 76 11
22 77 44
22 78 26
22 79 27
22 80 40
22 81 5
22 82 70
22 83 38
22 84 14
22 85 79
22 86 35
22 87 53
22 88 19
22 89 88
22 90 66
22 91 45
22 92 46
22 93 94
22 94 65
22 95 85
22 96 76
22 97 97
22 98 82
22 99 100
22 100 61
22 101 40
22 102 20
22 103 59
22 104 73
22 105 2
22 106 5
22 107 98
22 108 25
22 109 17
22 110 19
22 111 92
22 112 81
22 113 90
22 114 54
22 115 82
22 116 27
22 117 95
22 118 96
22 119 10
23 24 70
23 25 99
23 26 98
23 27 58
23 28 0
23 29 61
23 30 79
23 31 44
23 32 26
23 33 23
23 34 20
23 35 11
23 36 14
23 37 73
23 38 96
23 39 24
23 40 46
23 41 81
23 42 41
23 43 54
23 44 95
23 45 47
23 46 59
23 47 73
23 48 92
23 49 18
23 50 43
23 51 98
23 52 84
23 53 2
23 54 52
23 55 8
23 56 77
23 57 86
23 58 26
23 59 97
23 60 94
23 61 44
23 62 45
23 63 74
23 64 15
23 65 54
23 66 70
23 67 32
23 68 65
23 69 93
23 70 37
23 71 41
23 72 61
23 73 97
23 74 31
23 75 41
23 76 79
23 77 89
23 78 38
23 79 56
23 80 5
23 81 75
23 82 88
23 83 52
23 84 37
23 85 37
23 86 56
23 87 3
23 88 14
23 89 30
23 90 56
23 91 23
23 92 71
23 93 49
23 94 72
23 95 29
23 96 21
23 97 43
23 98 37
23 99 1
23 100 55
23 101 21
23 102 45
23 103 4
23 104 40
23 105 0
23 106 91
23 107 12
23 108 34
23 109 14
23 110 84
23 111 3
23 112 57
23 113 55
23 114 20
23 115 91
23 116 70
23 117 72
23 118 97
23 119 1
24 25 30
24 26 34
24 27 19
24 28 40
24 29 98
24 30 11
24 31 46
24 32 31
24 33 32
24 34 8
24 35 98
24 36 84
24 37 64
24 38 41
24 39 38
24 40 4
24 41 39
24 42 31
24 43 69
24 44 61
24 45 86
24 46 69
24 47 4
24 48 82
24 49 14
24 50 23
24 51 45
24 52 90
24 53 40
24 54 63
24 55 76
24 56 27
24 57 89
24 58 30
24 59 77
24 60 15
24 61 31
24 62 96
24 63 54
24 64 55
24 65 9
24 66 1
24 67 5
24 68 61
24 69 97
24 70 81
24 71 47
24 72 14
24 73 86
24 74 86
24 75 98
24 76 1
24 77 30
24 78 68
24 79 15
24 80 32
24 81 71
24 82 91
24 83 22
24 84 40
24 85 73
24 86 3
24 87 67
24 88 63
24 89 54
24 90 42
24 91 41
24 92 62
24 93 30
24 94 13
24 95 9
24 96 52
24 97 55
24 98 63
24 99 76
24 100 43
24 101 23
24 102 9
24 103 77
24 104 82
24 105 13
24 106 8
24 107 57
24 108 43
24 109 18
24 110 69
24 111 99
24 112 85
24 113 45
24 114 37
24 115 54
24 116 15
24 117 84
24 118 62
24 119 56
25 26 57
25 27 20
25 28 94
25 29 95
25 30 65
25 31 95
25 32 80
25 33 100
25 34 39
25 35 50
25 36 78
25 37 7
25 38 83
25 39 100
25 40 46
25 41 17
25 42 48
25 43 69
25 44 72
25 45 69
25 46 32
25 47 2
25 48 8
25 49 69
25 50 45
25 51 36
25 52 35
25 53 94
25 54 62
25 55 7
25 56 44
25 57 5
25 58 74
25 59 14
25 60 28
25 61 62
25 62 96
25 63 33
25 64 91
25 65 18
25 66 19
25 67 4
25 68 82
25 69 5
25 70 7
25 71 50
25 72 68
25 73 97
25 74 23
25 75 84
25 76 40
25 77 89
25 78 72
25 79 74
25 80 78
25 81 53
25 82 49
25 83 42
25 84 37
25 85 22
25 86 13
25 87 27
25 88 56
25 89 73
25 90 67
25 91 8
25 92 80
25 93 14
25 94 67
25 95 78
25 96 33
25 97 34
25 98 1
25 99 3
25 100 8
25 101 80
25 102 36
25 103 20
25 104 98
25 105 48
25 106 58
25 107 87
25 108 34
25 109 70
25 110 77
25 111 21
25 112 73
25 113 68
25 114 69
25 115 48
25 116 38
25 117 87
25 118 89
25 119 13
26 27 73
26 28 7
26 29 73
26 30 44
26 31 57
26 32 29
26 33 93
26 34 44
26 35 90
26 36 55
26 37 83
26 38 34
26 39 16
26 40 40
26 41 72
26 42 53
26 43 2
26 44 49
26 45 47
26 46 7
26 47 74
26 48 23
26 49 88
26 50 52
26 51 77
26 52 76
26 53 81
26 54 41
26 55 31
26 56 33
26 57 47
26 58 61
26 59 99
26 60 76
26 61 57
26 62 1
26 63 73
26 64 35
26 65 42
26 66 10
26 67 45
26 68 96
26 69 4
26 70 78
26 71 17
26 72 43
26 73 36
26 74 91
26 75 28
26 76 78
26 77 23
26 78 26
26 79 16
26 80 81
26 81 9
26 82 68
26 83 48
26 84 47
26 85 86
26 86 23
26 87 41
26 88 38
26 89 73
26 90 97
26 91 100
26 92 98
26 93 12
26 94 6
26 95 93
26 96 65
26 97 63
26 98 81
26 99 41
26 100 70
26 101 94
26 102 51
26 103 64
26 104 63
26 105 97
26 106 44
26 107 78
26 108 7
26 109 82
26 110 18
26 111 16
26 112 58
26 113 6
26 114 29
26 115 49
26 116 64
26 117 58
26 118 23
26 119 25
27 28 35
27 29 100
27 30 93
27 31 34
27 32 40
27 33 45
27 34 84
27 35 62
27 36 18
27 37 76
27 38 24
27 39 79
27 40 92
27 41 52
27 42 35
27 43 29
27 44 5
27 45 24
27 46 23
27 47 0
27 48 50
27 49 63
27 50 65
27 51 43
27 52 80
27 53 28
27 54 20
27 55 39
27 56 20
27 57 46
27 58 33
27 59 33
27 60 72
27 61 1
27 62 54
27 63 50
27 64 62
27 65 44
27 66 20
27 67 13
27 68 90
27 69 30
27 70 78
27 71 96
27 72 25
27 73 96
27 74 2
27 75 49
27 76 30
27 77 86
27 78 23
27 79 18
27 80 73
27 81 33
27 82 75
27 83 14
27 84 84
27 85 23
27 86 25
27 87 47
27 88 49
27 89 72
27 90 53
27 91 48
27 92 91
27 93 36
27 94 95
27 95 80
27 96 78
27 97 11
27 98 3
27 99 58
27 100 59
27 101 35
27 102 45
27 103 96
27 104 51
27 105 40
27 106 22
27 107 18
27 108 7
27 109 88
27 110 80
27 111 62
27 112 31
27 113 24
27 114 97
27 115 32
27 116 45
27 117 19
27 118 69
27 119 2
28 29 96
28 30 7
28 31 88
28 32 87
28 33 19
28 34 78
28 35 4
28 36 41
28 37 5
28 38 99
28 39 72
28 40 22
28 41 30
28 42 18
28 43 29
28 44 15
28 45 49
28 46 42
28 47 57
28 48 94
28 49 74
28 50 100
28 51 20
28 52 18
28 53 4
28 54 6
28 55 68
28 56 58
28 57 44
28 58 84
28 59 87
28 60 16
28 61 95
28 62 25
28 63 47
28 64 77
28 65 9
28 66 99
28 67 100
28 68 30
28 69 73
28 70 77
28 71 39
28 72 97
28 73 77
28 74 54
28 75 3
28 76 81
28 77 24
28 78 9
28 79 92
28 80 40
28 81 40
28 82 59
28 83 64
28 84 80
28 85 86
28 86 44
28 87 45
28 88 29
28 89 60
28 90 56
28 91 9
28 92 27
28 93 23
28 94 25
28 95 48
28 96 93
28 97 81
28 98 48
28 99 60
28 100 21
28 101 67
28 102 51
28 103 60
28 104 8
28 105 61
28 106 62
28 107 38
28 108 64
28 109 22
28 110 43
28 111 0
28 112 52
28 113 20
28 114 18
28 115 37
28 116 77
28 117 73
28 118 28
28 119 79
29 30 11
29 31 6
29 32 100
29 33 44
29 34 83
29 35 22
29 36 60
29 37 32
29 38 73
29 39 88
29 40 15
29 41 60
29 42 62
29 43 45
29 44 64
29 45 48
29 46 63
29 47 66
29 48 1
29 49 72
29 50 27
29 51 84
29 52 79
29 53 52
29 54 92
29 55 11
29 56 82
29 57 65
29 58 43
29 59 11
29 60 89
29 61 13
29 62 64
29 63 62
29 64 16
29 65 45
29 66 91
29 67 100
29 68 43
29 69 65
29 70 88
29 71 26
29 72 46
29 73 71
29 74 67
29 75 25
29 76 18
29 77 90
29 78 8
29 79 100
29 80 73
29 81 4
29 82 13
29 83 23
29 84 27
29 85 29
29 86 29
29 87 7
29 88 38
29 89 5
29 90 61
29 91 43
29 92 48
29 93 2
29 94 68
29 95 70
29 96 77
29 97 42
29 98 86
29 99 61
29 100 98
29 101 57
29 102 33
29 103 90
29 104 81
29 105 3
29 106 20
29 107 35
29 108 20
29 109 48
29 110 45
29 111 38
29 112 48
29 113 98
29 114 72
29 115 82
29 116 10
29 117 38
29 118 32
29 119 45
30 31 99
30 32 1
30 33 47
30 34 99
30 35 60
30 36 77
30 37 3
30 38 100
30 39 96
30 40 32
30 41 52
30 42 64
30 43 68
30 44 10
30 45 0
30 46 67
30 47 57
30 48 86
30 49 64
30 50 1
30 51 41
30 52 100
30 53 84
30 54 25
30 55 70
30 56 100
30 57 81
30 58 30
30 59 37
30 60 40
30 61 30
30 62 29
30 63 52
30 64 40
30 65 15
30 66 74
30 67 13
30 68 96
30 69 96
30 70 21
30 71 45
30 72 80
30 73 58
30 74 89
30 75 54
30 76 74
30 77 71
30 78 98
30 79 82
30 80 7
30 81 69
30 82 79
30 83 33
30 84 19
30 85 81
30 86 90
30 87 55
30 88 50
30 89 95
30 90 59
30 91 33
30 92 9
30 93 24
30 94 62
30 95 30
30 96 56
30 97 42
30 98 45
30 99 60
30 100 49
30 101 61
30 102 64
30 103 45
30 104 63
30 105 91
30 106 48
30 107 75
30 108 89
30 109 94
30 110 85
30 111 82
30 112 75
30 113 90
30 114 10
30 115 96
30 116 41
30 117 97
30 118 97
30 119 26
31 32 100
31 33 23
31 34 10
31 35 49
31 36 4
31 37 34
31 38 67
31 39 25
31 40 18
31 41 80
31 42 90
31 43 16
31 44 81
31 45 8
31 46 91
31 47 65
31 48 93
31 49 4
31 50 66
31 51 4
31 52 99
31 53 49
31 54 85
31 55 89
31 56 63
31 57 66
31 58 18
31 59 68
31 60 62
31 61 92
31 62 57
31 63 53
31 64 43
31 65 8
31 66 25
31 67 88
31 68 39
31 69 69
31 70 31
31 71 79
31 72 93
31 73 40
31 74 34
31 75 8
31 76 26
31 77 27
31 78 92
31 79 99
31 80 100
31 81 91
31 82 97
31 83 99
31 84 24
31 85 99
31 86 11
31 87 25
31 88 43
31 89 14
31 90 81
31 91 63
31 92 20
31 93 77
31 94 54
31 95 82
31 96 10
31 97 90
31 98 79
31 99 44
31 100 100
31 101 90
31 102 42
31 103 30
31 104 83
31 105 89
31 106 61
31 107 24
31 108 73
31 109 32
31 110 27
31 111 17
31 112 5
31 113 64
31 114 91
31 115 37
31 116 39
31 117 81
31 118 45
31 119 74
32 33 7
32 34 27
32 35 89
32 36 2
32 37 20
32 38 10
32 39 39
32 40 16
32 41 63
32 42 76
32 43 86
32 44 31
32 45 61
32 46 69
32 47 70
32 48 61
32 49 81
32 50 44
32 51 4
32 52 23
32 53 33
32 54 0
32 55 89
32 56 27
32 57 30
32 58 50
32 59 95
32 60 61
32 61 63
32 62 5
32 63 73
32 64 70
32 65 71
32 66 66
32 67 60
32 68 22
32 69 29
32 70 76
32 71 13
32 72 45
32 73 83
32 74 31
32 75 35
32 76 14
32 77 77
32 78 5
32 79 7
32 80 72
32 81 69
32 82 59
32 83 89
32 84 9
32 85 6
32 86 58
32 87 70
32 88 48
32 89 71
32 90 7
32 91 56
32 92 4
32 93 9
32 94 13
32 95 48
32 96 14
32 97 70
32 98 88
32 99 41
32 100 46
32 101 91
32 102 70
32 103 35
32 104 60
32 105 36
32 106 11
32 107 63
32 108 37
32 109 43
32 110 77
32 111 4
32 112 93
32 113 95
32 114 34
32 115 72
32 116 59
32 117 23
32 118 67
32 119 74
33 34 18
33 35 93
33 36 91
33 37 39
33 38 73
33 39 66
33 40 12
33 41 61
33 42 11
33 43 39
33 44 79
33 45 17
33 46 68
33 47 3
33 48 16
33 49 90
33 50 85
33 51 92
33 52 71
33 53 39
33 54 86
33 55 71
33 56 99
33 57 81
33 58 41
33 59 94
33 60 48
33 61 75
33 62 88
33 63 78
33 64 21
33 65 41
33 66 86
33 67 31
33 68 13
33 69 82
33 70 96
33 71 72
33 72 74
33 73 56
33 74 25
33 75 50
33 76 46
33 77 89
33 78 92
33 79 24
33 80 79
33 81 80
33 82 27
33 83 50
33 84 52
33 85 47
33 86 46
33 87 19
33 88 73
33 89 96
33 90 69
33 91 54
33 92 21
33 93 15
33 94 34
33 95 3
33 96 80
33 97 58
33 98 76
33 99 53
33 100 18
33 101 19
33 102 44
33 103 97
33 104 1
33 105 58
33 106 92
33 107 59
33 108 44
33 109 25
33 110 57
33 111 67
33 112 68
33 113 44
33 114 48
33 115 64
33 116 61
33 117 64
33 118 35
33 119 16
34 35 31
34 36 47
34 37 15
34 38 31
34 39 27
34 40 52
34 41 79
34 42 50
34 43 41
34 44 96
34 45 63
34 46 13
34 47 54
34 48 89
34 49 3
34 50 71
34 51 40
34 52 89
34 53 17
34 54 53
34 55 41
34 56 73
34 57 85
34 58 23
34 59 56
34 60 1
34 61 74
34 62 64
34 63 42
34 64 1
34 65 17
34 66 6
34 67 67
34 68 78
34 69 5
34 70 6
34 71 45
34 72 17
34 73 88
34 74 87
34 75 55
34 76 74
34 77 54
34 78 1
34 79 78
34 80 33
34 81 8
34 82 34
34 83 73
34 84 17
34 85 42
34 86 77
34 87 41
34 88 17
34 89 74
34 90 46
34 91 42
34 92 19
34 93 73
34 94 43
34 95 75
34 96 86
34 97 70
34 98 80
34 99 76
34 100 84
34 101 34
34 102 52
34 103 49
34 104 40
34 105 18
34 106 51
34 107 48
34 108 38
34 109 83
34 110 7
34 111 14
34 112 19
34 113 85
34 114 21
34 115 37
34 116 31
34 117 43
34 118 14
34 119 52
35 36 62
35 37 22
35 38 25
35 39 63
35 40 7
35 41 36
35 42 49
35 43 15
35 44 93
35 45 64
35 46 61
35 47 96
35 48 66
35 49 29
35 50 15
35 51 10
35 52 37
35 53 55
35 54 63
35 55 4
35 56 96
35 57 75
35 58 86
35 59 97
35 60 56
35 61 43
35 62 9
35 63 65
35 64 14
35 65 5
35 66 55
35 67 4
35 68 92
35 69 94
35 70 27
35 71 54
35 72 38
35 73 20
35 74 67
35 75 46
35 76 94
35 77 92
35 78 87
35 79 40
35 80 76
35 81 89
35 82 46
35 83 74
35 84 25
35 85 69
35 86 98
35 87 43
35 88 53
35 89 29
35 90 37
35 91 34
35 92 90
35 93 100
35 94 97
35 95 59
35 96 47
35 97 40
35 98 86
35 99 88
35 100 99
35 101 45
35 102 16
35 103 55
35 104 92
35 105 30
35 106 46
35 107 5
35 108 14
35 109 83
35 110 42
35 111 32
35 112 47
35 113 73
35 114 100
35 115 73
35 116 31
35 117 41
35 118 6
35 119 45
36 37 58
36 38 38
36 39 91
36 40 61
36 41 38
36 42 83
36 43 38
36 44 75
36 45 40
36 46 98
36 47 95
36 48 37
36 49 43
36 50 66
36 51 52
36 52 67
36 53 56
36 54 0
36 55 46
36 56 37
36 57 21
36 58 93
36 59 7
36 60 81
36 61 87
36 62 3
36 63 85
36 64 89
36 65 97
36 66 51
36 67 100
36 68 40
36 69 1
36 70 13
36 71 29
36 72 10
36 73 30
36 74 98
36 75 95
36 76 75
36 77 63
36 78 94
36 79 7
36 80 68
36 81 51
36 82 47
36 83 63
36 84 55
36 85 32
36 86 42
36 87 27
36 88 5
36 89 69
36 90 13
36 91 14
36 92 38
36 93 74
36 94 49
36 95 31
36 96 52
36 97 71
36 98 83
36 99 29
36 100 82
36 101 95
36 102 30
36 103 21
36 104 40
36 105 55
36 106 53
36 107 65
36 108 68
36 109 33
36 110 70
36 111 62
36 112 96
36 113 86
36 114 92
36 115 97
36 116 33
36 117 9
36 118 94
36 119 97
37 38 4
37 39 47
37 40 34
37 41 34
37 42 37
37 43 99
37 44 48
37 45 23
37 46 16
37 47 78
37 48 5
37 49 41
37 50 41
37 51 73
37 52 36
37 53 67
37 54 83
37 55 16
37 56 6
37 57 15
37 58 6
37 59 40
37 60 93
37 61 16
37 62 68
37 63 78
37 64 55
37 65 79
37 66 28
37 67 23
37 68 74
37 69 68
37 70 96
37 71 2
37 72 81
37 73 5
37 74 28
37 75 71
37 76 90
37 77 93
37 78 40
37 79 57
37 80 69
37 81 0
37 82 69
37 83 71
37 84 47
37 85 70
37 86 9
37 87 58
37 88 1
37 89 85
37 90 3
37 91 61
37 92 62
37 93 67
37 94 23
37 95 71
37 96 27
37 97 81
37 98 96
37 99 51
37 100 26
37 101 66
37 102 79
37 103 7
37 104 66
37 105 45
37 106 39
37 107 64
37 108 34
37 109 76
37 110 15
37 111 52
37 112 72
37 113 73
37 114 96
37 115 29
37 116 79
37 117 38
37 118 90
37 119 67
38 39 29
38 40 8
38 41 54
38 42 6
38 43 82
38 44 99
38 45 50
38 46 56
38 47 85
38 48 38
38 49 9
38 50 17
38 51 82
38 52 89
38 53 88
38 54 44
38 55 1
38 56 48
38 57 65
38 58 38
38 59 79
38 60 28
38 61 97
38 62 13
38 63 85
38 64 22
38 65 75
38 66 4
38 67 53
38 68 73
38 69 31
38 70 76
38 71 48
38 72 43
38 73 33
38 74 99
38 75 14
38 76 37
38 77 80
38 78 92
38 79 42
38 80 65
38 81 8
38 82 46
38 83 69
38 84 12
38 85 81
38 86 75
38 87 48
38 88 38
38 89 86
38 90 22
38 91 78
38 92 43
38 93 9
38 94 2
38 95 1
38 96 98
38 97 94
38 98 75
38 99 55
38 100 77
38 101 43
38 102 86
38 103 56
38 104 62
38 105 17
38 106 76
38 107 64
38 108 10
38 109 16
38 110 39
38 111 73
38 112 25
38 113 51
38 114 76
38 115 9
38 116 50
38 117 33
38 118 86
38 119 50
39 40 21
39 41 8
39 42 82
39 43 2
39 44 17
39 45 36
39 46 85
39 47 53
39 48 64
39 49 61
39 50 84
39 51 89
39 52 100
39 53 91
39 54 76
39 55 97
39 56 32
39 57 50
39 58 63
39 59 2
39 60 9
39 61 25
39 62 54
39 63 39
39 64 38
39 65 53
39 66 99
39 67 100
39 68 20
39 69 19
39 70 25
39 71 87
39 72 9
39 73 34
39 74 9
39 75 17
39 76 98
39 77 2
39 78 55
39 79 87
39 80 23
39 81 5
39 82 50
39 83 85
39 84 59
39 85 93
39 86 7
39 87 74
39 88 8
39 89 74
39 90 99
39 91 1
39 92 21
39 93 31
39 94 29
39 95 17
39 96 67
39 97 73
39 98 96
39 99 41
39 100 40
39 101 23
39 102 39
39 103 76
39 104 50
39 105 61
39 106 33
39 107 66
39 108 71
39 109 79
39 110 18
39 111 96
39 112 52
39 113 96
39 114 39
39 115 8
39 116 99
39 117 91
39 118 86
39 119 41
40 41 8
40 42 93
40 43 69
40 44 65
40 45 95
40 46 70
40 47 24
40 48 99
40 49 6
40 50 80
40 51 57
40 52 90
40 53 60
40 54 53
40 55 38
40 56 16
40 57 67
40 58 0
40 59 56
40 60 83
40 61 64
40 62 88
40 63 73
40 64 56
40 65 27
40 66 94
40 67 81
40 68 57
40 69 95
40 70 52
40 71 100
40 72 98
40 73 25
40 74 14
40 75 96
40 76 73
40 77 48
40 78 24
40 79 81
40 80 54
40 81 29
40 82 64
40 83 37
40 84 85
40 85 20
40 86 75
40 87 1
40 88 89
40 89 61
40 90 37
40 91 64
40 92 96
40 93 92
40 94 52
40 95 9
40 96 83
40 97 59
40 98 85
40 99 73
40 100 12
40 101 27
40 102 10
40 103 6
40 104 90
40 105 41
40 106 13
40 107 89
40 108 56
40 109 13
40 110 40
40 111 53
40 112 45
40 113 25
40 114 4
40 115 57
40 116 74
40 117 52
40 118 12
40 119 39
41 42 37
41 43 31
41 44 95
41 45 79
41 46 69
41 47 17
41 48 52
41 49 81
41 50 87
41 51 24
41 52 73
41 53 63
41 54 93
41 55 39
41 56 83
41 57 82
41 58 26
41 59 93
41 60 43
41 61 29
41 62 52
41 63 47
41 64 59
41 65 65
41 66 90
41 67 1
41 68 8
41 69 43
41 70 8
41 71 64
41 72 47
41 73 24
41 74 26
41 75 92
41 76 54
41 77 14
41 78 35
41 79 56
41 80 92
41 81 29
41 82 18
41 83 38
41 84 98
41 85 54
41 86 29
41 87 84
41 88 47
41 89 49
41 90 55
41 91 14
41 92 5
41 93 52
41 94 55
41 95 45
41 96 40
41 97 79
41 98 78
41 99 5
41 100 69
41 101 16
41 102 29
41 103 46
41 104 39
41 105 84
41 106 56
41 107 28
41 108 6
41 109 29
41 110 26
41 111 20
41 112 2
41 113 7
41 114 49
41 115 53
41 116 99
41 117 57
41 118 93
41 119 34
42 43 36
42 44 13
42 45 28
42 46 6
42 47 30
42 48 86
42 49 51
42 50 99
42 51 21
42 52 56
42 53 17
42 54 43
42 55 5
42 56 11
42 57 39
42 58 51
42 59 16
42 60 31
42 61 86
42 62 34
42 63 20
42 64 31
42 65 70
42 66 87
42 67 27
42 68 25
42 69 40
42 70 66
42 71 86
42 72 95
42 73 63
42 74 88
42 75 57
42 76 64
42 77 62
42 78 61
42 79 16
42 80 56
42 81 73
42 82 17
42 83 43
42 84 28
42 85 86
42 86 29
42 87 51
42 88 87
42 89 57
42 90 65
42 91 24
42 92 20
42 93 43
42 94 77
42 95 54
42 96 37
42 97 78
42 98 99
42 99 78
42 100 97
42 101 75
42 102 22
42 103 12
42 104 88
42 105 41
42 106 10
42 107 56
42 108 98
42 109 46
42 110 60
42 111 52
42 112 59
42 113 50
42 114 86
42 115 72
42 116 36
42 117 42
42 118 51
42 119 83
43 44 62
43 45 19
43 46 22
43 47 72
43 48 5
43 49 14
43 50 1
43 51 8
43 52 17
43 53 3
43 54 20
43 55 63
43 56 35
43 57 19
43 58 61
43 59 58
43 60 60
43 61 65
43 62 98
43 63 49
43 64 28
43 65 52
43 66 38
43 67 22
43 68 86
43 69 76
43 70 31
43 71 63
43 72 37
43 73 93
43 74 5
43 75 9
43 76 6
43 77 75
43 78 38
43 79 70
43 80 58
43 81 16
43 82 59
43 83 93
43 84 37
43 85 59
43 86 63
43 87 65
43 88 29
43 89 45
43 90 84
43 91 83
43 92 60
43 93 78
43 94 36
43 95 30
43 96 21
43 97 28
43 98 69
43 99 1
43 100 22
43 101 24
43 102 22
43 103 83
43 104 75
43 105 9
43 106 20
43 107 30
43 108 65
43 109 18
43 110 24
43 111 5
43 112 26
43 113 53
43 114 77
43 115 29
43 116 7
43 117 29
43 118 65
43 119 52
44 45 94
44 46 43
44 47 38
44 48 17
44 49 99
44 50 93
44 51 41
44 52 6
44 53 22
44 54 47
44 55 85
44 56 65
44 57 34
44 58 4
44 59 75
44 60 31
44 61 34
44 62 61
44 63 72
44 64 14
44 65 97
44 66 57
44 67 58
44 68 4
44 69 79
44 70 83
44 71 64
44 72 8
44 73 34
44 74 87
44 75 72
44 76 67
44 77 89
44 78 7
44 79 58
44 80 67
44 81 72
44 82 51
44 83 70
44 84 48
44 85 71
44 86 56
44 87 34
44 88 82
44 89 92
44 90 52
44 91 55
44 92 40
44 93 15
44 94 10
44 95 64
44 96 61
44 97 87
44 98 76
44 99 19
44 100 62
44 101 97
44 102 76
44 103 65
44 104 15
44 105 78
44 106 96
44 107 11
44 108 25
44 109 37
44 110 32
44 111 49
44 112 47
44 113 66
44 114 33
44 115 75
44 116 34
44 117 39
44 118 33
44 119 19
45 46 71
45 47 81
45 48 21
45 49 96
45 50 20
45 51 18
45 52 16
45 53 64
45 54 71
45 55 66
45 56 4
45 57 33
45 58 31
45 59 49
45 60 76
45 61 40
45 62 41
45 63 81
45 64 19
45 65 96
45 66 56
45 67 97
45 68 88
45 69 29
45 70 98
45 71 82
45 72 38
45 73 66
45 74 6
45 75 92
45 76 89
45 77 57
45 78 59
45 79 83
45 80 28
45 81 5
45 82 32
45 83 65
45 84 1
45 85 61
45 86 33
45 87 4
45 88 92
45 89 6
45 90 45
45 91 40
45 92 22
45 93 66
45 94 20
45 95 35
45 96 25
45 97 15
45 98 79
45 99 62
45 100 7
45 101 18
45 102 100
45 103 73
45 104 80
45 105 76
45 106 95
45 107 75
45 108 4
45 109 37
45 110 74
45 111 54
45 112 13
45 113 61
45 114 98
45 115 17
45 116 100
45 117 33
45 118 66
45 119 91
46 47 36
46 48 63
46 49 28
46 50 22
46 51 79
46 52 19
46 53 70
46 54 85
46 55 7
46 56 3
46 57 64
46 58 93
46 59 19
46 60 51
46 61 67
46 62 37
46 63 49
46 64 74
46 65 9
46 66 88
46 67 8
46 68 80
46 69 75
46 70 90
46 71 61
46 72 19
46 73 68
46 74 72
46 75 55
46 76 19
46 77 60
46 78 34
46 79 92
46 80 82
46 81 12
46 82 7
46 83 84
46 84 34
46 85 82
46 86 40
46 87 95
46 88 55
46 89 58
46 90 6
46 91 89
46 92 67
46 93 73
46 94 59
46 95 34
46 96 79
46 97 73
46 98 85
46 99 70
46 100 27
46 101 15
46 102 65
46 103 81
46 104 18
46 105 6
46 106 17
46 107 80
46 108 70
46 109 13
46 110 100
46 111 74
46 112 34
46 113 40
46 114 35
46 115 76
46 116 56
46 117 79
46 118 47
46 119 31
47 48 8
47 49 58
47 50 95
47 51 70
47 52 24
47 53 26
47 54 28
47 55 29
47 56 90
47 57 60
47 58 60
47 59 83
47 60 53
47 61 83
47 62 93
47 63 60
47 64 64
47 65 52
47 66 96
47 67 95
47 68 75
47 69 77
47 70 59
47 71 99
47 72 15
47 73 2
47 74 55
47 75 15
47 76 8
47 77 65
47 78 19
47 79 40
47 80 26
47 81 59
47 82 64
47 83 45
47 84 64
47 85 75
47 86 23
47 87 74
47 88 14
47 89 96
47 90 63
47 91 10
47 92 56
47 93 88
47 94 20
47 95 28
47 96 38
47 97 68
47 98 74
47 99 20
47 100 35
47 101 13
47 102 76
47 103 21
47 104 83
47 105 69
47 106 22
47 107 31
47 108 97
47 109 62
47 110 81
47 111 5
47 112 0
47 113 74
47 114 18
47 115 92
47 116 89
47 117 89
47 118 61
47 119 82
48 49 45
48 50 77
48 51 29
48 52 54
48 53 25
48 54 80
48 55 52
48 56 52
48 57 57
48 58 43
48 59 35
48 60 63
48 61 43
48 62 7
48 63 78
48 64 79
48 65 88
48 66 49
48 67 73
48 68 79
48 69 51
48 70 53
48 71 34
48 72 22
48 73 91
48 74 29
48 75 48
48 76 45
48 77 67
48 78 16
48 79 13
48 80 100
48 81 71
48 82 44
48 83 11
48 84 71
48 85 67
48 86 14
48 87 67
48 88 7
48 89 87
48 90 74
48 91 56
48 92 7
48 93 0
48 94 15
48 95 21
48 96 62
48 97 9
48 98 80
48 99 92
48 100 87
48 101 42
48 102 73
48 103 59
48 104 5
48 105 82
48 106 40
48 107 97
48 108 28
48 109 47
48 110 45
48 111 29
48 112 84
48 113 73
48 114 39
48 115 88
48 116 93
48 117 62
48 118 26
48 119 100
49 50 89
49 51 81
49 52 23
49 53 78
49 54 11
49 55 95
49 56 78
49 57 51
49 58 100
49 59 90
49 60 50
49 61 8
49 62 71
49 63 62
49 64 0
49 65 77
49 66 75
49 67 83
49 68 20
49 69 83
49 70 28
49 71 27
49 72 31
49 73 12
49 74 16
49 75 45
49 76 58
49 77 38
49 78 97
49 79 15
49 80 7
49 81 25
49 82 87
49 83 60
49 84 10
49 85 79
49 86 2
49 87 98
49 88 62
49 89 78
49 90 23
49 91 58
49 92 41
49 93 33
49 94 88
49 95 95
49 96 8
49 97 63
49 98 82
49 99 79
49 100 35
49 101 80
49 102 84
49 103 78
49 104 46
49 105 45
49 106 62
49 107 76
49 108 48
49 109 71
49 110 68
49 111 48
49 112 21
49 113 88
49 114 11
49 115 29
49 116 36
49 117 52
49 118 45
49 119 62
50 51 100
50 52 61
50 53 92
50 54 4
50 55 40
50 56 83
50 57 76
50 58 2
50 59 8
50 60 57
50 61 23
50 62 77
50 63 69
50 64 93
50 65 60
50 66 43
50 67 49
50 68 38
50 69 5
50 70 51
50 71 34
50 72 76
50 73 47
50 74 45
50 75 74
50 76 52
50 77 44
50 78 33
50 79 68
50 80 89
50 81 15
50 82 5
50 83 64
50 84 70
50 85 91
50 86 7
50 87 12
50 88 7
50 89 71
50 90 73
50 91 50
50 92 43
50 93 35
50 94 58
50 95 58
50 96 99
50 97 46
50 98 71
50 99 76
50 100 18
50 101 59
50 102 16
50 103 25
50 104 61
50 105 80
50 106 29
50 107 43
50 108 56
50 109 7
50 110 75
50 111 1
50 112 89
50 113 34
50 114 29
50 115 68
50 116 12
50 117 91
50 118 27
50 119 72
51 52 24
51 53 14
51 54 55
51 55 26
51 56 78
51 57 22
51 58 77
51 59 71
51 60 74
51 61 26
51 62 14
51 63 29
51 64 13
51 65 17
51 66 61
51 67 47
51 68 59
51 69 46
51 70 11
51 71 81
51 72 22
51 73 22
51 74 80
51 75 45
51 76 83
51 77 80
51 78 21
51 79 34
51 80 15
51 81 86
51 82 39
51 83 38
51 84 99
51 85 2
51 86 11
51 87 23
51 88 76
51 89 19
51 90 98
51 91 31
51 92 56
51 93 35
51 94 28
51 95 11
51 96 6
51 97 21
51 98 63
51 99 23
51 100 7
51 101 86
51 102 61
51 103 45
51 104 1
51 105 59
51 106 57
51 107 44
51 108 19
51 109 3
51 110 91
51 111 25
51 112 74
51 113 81
51 114 62
51 115 37
51 116 41
51 117 52
51 118 36
51 119 47
52 53 79
52 54 48
52 55 29
52 56 9
52 57 96
52 58 79
52 59 49
52 60 23
52 61 19
52 62 60
52 63 24
52 64 22
52 65 0
52 66 77
52 67 11
52 68 13
52 69 74
52 70 3
52 71 37
52 72 40
52 73 18
52 74 75
52 75 61
52 76 9
52 77 82
52 78 2
52 79 16
52 80 50
52 81 91
52 82 51
52 83 19
52 84 93
52 85 17
52 86 99
52 87 45
52 88 62
52 89 38
52 90 83
52 91 51
52 92 47
52 93 10
52 94 20
52 95 30
52 96 74
52 97 49
52 98 46
52 99 98
52 100 42
52 101 27
52 102 49
52 103 72
52 104 54
52 105 99
52 106 100
52 107 55
52 108 48
52 109 62
52 110 55
52 111 89
52 112 36
52 113 71
52 114 57
52 115 70
52 116 57
52 117 58
52 118 56
52 119 37
53 54 10
53 55 96
53 56 69
53 57 100
53 58 56
53 59 14
53 60 43
53 61 29
53 62 86
53 63 82
53 64 24
53 65 50
53 66 58
53 67 75
53 68 80
53 69 10
53 70 12
53 71 73
53 72 11
53 73 11
53 74 98
53 75 81
53 76 99
53 77 23
53 78 42
53 79 37
53 80 42
53 81 99
53 82 35
53 83 39
53 84 34
53 85 3
53 86 93
53 87 53
53 88 27
53 89 82
53 90 40
53 91 9
53 92 90
53 93 11
53 94 80
53 95 83
53 96 35
53 97 64
53 98 54
53 99 30
53 100 29
53 101 46
53 102 33
53 103 44
53 104 95
53 105 53
53 106 89
53 107 0
53 108 6
53 109 50
53 110 12
53 111 64
53 112 58
53 113 51
53 114 14
53 115 95
53 116 62
53 117 53
53 118 92
53 119 27
54 55 45
54 56 53
54 57 67
54 58 34
54 59 82
54 60 5
54 61 47
54 62 75
54 63 74
54 64 56
54 65 46
54 66 51
54 67 81
54 68 59
54 69 51
54 70 38
54 71 45
54 72 87
54 73 90
54 74 75
54 75 80
54 76 39
54 77 95
54 78 88
54 79 10
54 80 26
54 81 23
54 82 31
54 83 54
54 84 81
54 85 41
54 86 28
54 87 7
54 88 47
54 89 83
54 90 10
54 91 92
54 92 34
54 93 17
54 94 68
54 95 71
54 96 90
54 97 45
54 98 70
54 99 36
54 100 5
54 101 70
54 102 73
54 103 33
54 104 29
54 105 14
54 106 51
54 107 41
54 108 97
54 109 6
54 110 91
54 111 24
54 112 33
54 113 50
54 114 28
54 115 44
54 116 37
54 117 66
54 118 72
54 119 9
55 56 17
55 57 83
55 58 65
55 59 94
55 60 30
55 61 97
55 62 90
55 63 14
55 64 65
55 65 49
55 66 0
55 67 59
55 68 39
55 69 52
55 70 32
55 71 8
55 72 61
55 73 86
55 74 85
55 75 13
55 76 89
55 77 96
55 78 40
55 79 45
55 80 49
55 81 79
55 82 25
55 83 24
55 84 91
55 85 39
55 86 31
55 87 82
55 88 19
55 89 30
55 90 89
55 91 44
55 92 6
55 93 10
55 94 82
55 95 37
55 96 67
55 97 19
55 98 64
55 99 17
55 100 33
55 101 7
55 102 0
55 103 63
55 104 64
55 105 68
55 106 94
55 107 51
55 108 94
55 109 37
55 110 3
55 111 37
55 112 13
55 113 93
55 114 62
55 115 72
55 116 13
55 117 74
55 118 71
55 119 60
56 57 25
56 58 36
56 59 93
56 60 50
56 61 88
56 62 47
56 63 77
56 64 16
56 65 86
56 66 76
56 67 43
56 68 37
56 69 81
56 70 11
56 71 45
56 72 7
56 73 70
56 74 57
56 75 21
56 76 25
56 77 30
56 78 82
56 79 50
56 80 87
56 81 44
56 82 0
56 83 11
56 84 76
56 85 10
56 86 59
56 87 52
56 88 32
56 89 72
56 90 92
56 91 63
56 92 0
56 93 27
56 94 11
56 95 5
56 96 72
56 97 98
56 98 9
56 99 45
56 100 94
56 101 22
56 102 32
56 103 24
56 104 50
56 105 15
56 106 17
56 107 5
56 108 81
56 109 78
56 110 11
56 111 62
56 112 57
56 113 67
56 114 25
56 115 23
56 116 64
56 117 98
56 118 37
56 119 20
57 58 96
57 59 77
57 60 24
57 61 55
57 62 22
57 63 56
57 64 73
57 65 90
57 66 83
57 67 70
57 68 84
57 69 48
57 70 71
57 71 18
57 72 77
57 73 1
57 74 72
57 75 3
57 76 92
57 77 100
57 78 96
57 79 64
57 80 10
57 81 0
57 82 92
57 83 76
57 84 15
57 85 42
57 86 52
57 87 9
57 88 59
57 89 36
57 90 99
57 91 24
57 92 77
57 93 18
57 94 60
57 95 13
57 96 65
57 97 97
57 98 68
57 99 6
57 100 16
57 101 12
57 102 32
57 103 86
57 104 22
57 105 32
57 106 6
57 107 21
57 108 4
57 109 90
57 110 76
57 111 86
57 112 51
57 113 46
57 114 71
57 115 47
57 116 91
57 117 86
57 118 66
57 119 75
58 59 6
58 60 18
58 61 47
58 62 22
58 63 44
58 64 50
58 65 53
58 66 81
58 67 5
58 68 39
58 69 81
58 70 54
58 71 55
58 72 65
58 73 51
58 74 42
58 75 27
58 76 83
58 77 98
58 78 16
58 79 35
58 80 28
58 81 43
58 82 97
58 83 86
58 84 96
58 85 76
58 86 2
58 87 42
58 88 4
58 89 51
58 90 85
58 91 32
58 92 89
58 93 39
58 94 82
58 95 97
58 96 61
58 97 32
58 98 59
58 99 36
58 100 54
58 101 75
58 102 1
58 103 55
58 104 97
58 105 65
58 106 20
58 107 59
58 108 80
58 109 16
58 110 99
58 111 45
58 112 39
58 113 71
58 114 61
58 115 21
58 116 96
58 117 45
58 118 74
58 119 61
59 60 44
59 61 53
59 62 84
59 63 34
59 64 77
59 65 30
59 66 85
59 67 63
59 68 28
59 69 15
59 70 83
59 71 88
59 72 6
59 73 41
59 74 48
59 75 65
59 76 74
59 77 15
59 78 48
59 79 9
59 80 77
59 81 53
59 82 5
59 83 21
59 84 71
59 85 3
59 86 68
59 87 77
59 88 8
59 89 0
59 90 9
59 91 96
59 92 40
59 93 93
59 94 3
59 95 7
59 96 22
59 97 14
59 98 65
59 99 31
59 100 95
59 101 60
59 102 48
59 103 59
59 104 83
59 105 24
59 106 69
59 107 75
59 108 63
59 109 41
59 110 36
59 111 20
59 112 76
59 113 44
59 114 56
59 115 26
59 116 83
59 117 26
59 118 26
59 119 7
60 61 7
60 62 66
60 63 15
60 64 67
60 65 57
60 66 99
60 67 36
60 68 71
60 69 92
60 70 22
60 71 4
60 72 12
60 73 56
60 74 37
60 75 11
60 76 88
60 77 11
60 78 75
60 79 2
60 80 3
60 81 28
60 82 32
60 83 40
60 84 67
60 85 56
60 86 69
60 87 37
60 88 36
60 89 50
60 90 60
60 91 69
60 92 61
60 93 66
60 94 29
60 95 40
60 96 76
60 97 28
60 98 46
60 99 29
60 100 3
60 101 9
60 102 56
60 103 62
60 104 18
60 105 58
60 106 6
60 107 97
60 108 9
60 109 35
60 110 9
60 111 21
60 112 53
60 113 61
60 114 31
60 115 77
60 116 78
60 117 42
60 118 16
60 119 9
61 62 90
61 63 99
61 64 24
61 65 82
61 66 56
61 67 92
61 68 93
61 69 26
61 70 12
61 71 36
61 72 55
61 73 19
61 74 19
61 75 62
61 76 72
61 77 0
61 78 3
61 79 90
61 80 9
61 81 73
61 82 68
61 83 76
61 84 84
61 85 71
61 86 96
61 87 58
61 88 31
61 89 66
61 90 25
61 91 2
61 92 91
61 93 43
61 94 90
61 95 30
61 96 39
61 97 11
61 98 63
61 99 43
61 100 62
61 101 77
61 102 80
61 103 61
61 104 48
61 105 76
61 106 53
61 107 84
61 108 40
61 109 13
61 110 93
61 111 81
61 112 59
61 113 49
61 114 11
61 115 24
61 116 27
61 117 73
61 118 3
61 119 45
62 63 91
62 64 56
62 65 75
62 66 55
62 67 10
62 68 50
62 69 10
62 70 8
62 71 25
62 72 56
62 73 42
62 74 89
62 75 27
62 76 80
62 77 89
62 78 36
62 79 8
62 80 32
62 81 52
62 82 13
62 83 55
62 84 31
62 85 35
62 86 24
62 87 91
62 88 64
62 89 83
62 90 48
62 91 34
62 92 61
62 93 72
62 94 91
62 95 2
62 96 68
62 97 39
62 98 71
62 99 25
62 100 33
62 101 63
62 102 100
62 103 32
62 104 36
62 105 14
62 106 27
62 107 17
62 108 20
62 109 7
62 110 75
62 111 4
62 112 51
62 113 10
62 114 72
62 115 78
62 116 45
62 117 36
62 118 77
62 119 31
63 64 32
63 65 89
63 66 59
63 67 44
63 68 72
63 69 83
63 70 10
63 71 89
63 72 97
63 73 34
63 74 15
63 75 88
63 76 73
63 77 100
63 78 75
63 79 15
63 80 54
63 81 23
63 82 72
63 83 14
63 84 19
63 85 40
63 86 100
63 87 39
63 88 44
63 89 80
63 90 5
63 91 1
63 92 82
63 93 31
63 94 17
63 95 38
63 96 14
63 97 99
63 98 8
63 99 81
63 100 50
63 101 36
63 102 44
63 103 12
63 104 30
63 105 94
63 106 65
63 107 39
63 108 100
63 109 4
63 110 73
63 111 64
63 112 65
63 113 68
63 114 2
63 115 72
63 116 56
63 117 62
63 118 44
63 119 66
64 65 29
64 66 18
64 67 48
64 68 59
64 69 1
64 70 29
64 71 48
64 72 19
64 73 43
64 74 21
64 75 30
64 76 17
64 77 25
64 78 17
64 79 55
64 80 16
64 81 22
64 82 61
64 83 45
64 84 26
64 85 61
64 86 100
64 87 49
64 88 79
64 89 95
64 90 87
64 91 12
64 92 90
64 93 81
64 94 57
64 95 60
64 96 98
64 97 73
64 98 84
64 99 63
64 100 37
64 101 37
64 102 97
64 103 18
64 104 58
64 105 11
64 106 77
64 107 80
64 108 57
64 109 53
64 110 26
64 111 29
64 112 14
64 113 85
64 114 35
64 115 85
64 116 89
64 117 85
64 118 57
64 119 90
65 66 2
65 67 86
65 68 81
65 69 93
65 70 99
65 71 16
65 72 3
65 73 27
65 74 15
65 75 75
65 76 34
65 77 49
65 78 38
65 79 65
65 80 81
65 81 59
65 82 85
65 83 15
65 84 16
65 85 28
65 86 15
65 87 50
65 88 57
65 89 2
65 90 0
65 91 6
65 92 96
65 93 69
65 94 48
65 95 31
65 96 69
65 97 14
65 98 98
65 99 73
65 100 93
65 101 39
65 102 70
65 103 22
65 104 64
65 105 71
65 106 80
65 107 96
65 108 37
65 109 75
65 110 89
65 111 14
65 112 3
65 113 45
65 114 85
65 115 20
65 116 71
65 117 49
65 118 16
65 119 23
66 67 94
66 68 89
66 69 55
66 70 78
66 71 19
66 72 55
66 73 3
66 74 74
66 75 98
66 76 35
66 77 46
66 78 63
66 79 15
66 80 31
66 81 92
66 82 64
66 83 29
66 84 10
66 85 54
66 86 32
66 87 17
66 88 41
66 89 23
66 90 3
66 91 2
66 92 60
66 93 61
66 94 53
66 95 76
66 96 21
66 97 21
66 98 8
66 99 57
66 100 55
66 101 97
66 102 88
66 103 0
66 104 99
66 105 60
66 106 72
66 107 63
66 108 16
66 109 100
66 110 46
66 111 70
66 112 79
66 113 80
66 114 61
66 115 94
66 116 57
66 117 82
66 118 10
66 119 52
67 68 37
67 69 13
67 70 57
67 71 100
67 72 60
67 73 20
67 74 91
67 75 28
67 76 30
67 77 70
67 78 29
67 79 11
67 80 20
67 81 65
67 82 53
67 83 31
67 84 13
67 85 30
67 86 72
67 87 58
67 88 16
67 89 79
67 90 35
67 91 99
67 92 88
67 93 51
67 94 2
67 95 16
67 96 3
67 97 7
67 98 73
67 99 35
67 100 90
67 101 42
67 102 43
67 103 86
67 104 7
67 105 23
67 106 23
67 107 23
67 108 54
67 109 31
67 110 51
67 111 45
67 112 90
67 113 47
67 114 28
67 115 62
67 116 96
67 117 0
67 118 98
67 119 67
68 69 28
68 70 85
68 71 14
68 72 5
68 73 71
68 74 96
68 75 97
68 76 90
68 77 30
68 78 71
68 79 33
68 80 86
68 81 4
68 82 88
68 83 55
68 84 7
68 85 68
68 86 26
68 87 32
68 88 46
68 89 38
68 90 83
68 91 77
68 92 78
68 93 1
68 94 10
68 95 37
68 96 13
68 97 29
68 98 3
68 99 78
68 100 76
68 101 73
68 102 10
68 103 8
68 104 7
68 105 17
68 106 89
68 107 76
68 108 84
68 109 36
68 110 28
68 111 93
68 112 100
68 113 43
68 114 54
68 115 94
68 116 27
68 117 10
68 118 45
68 119 33
69 70 87
69 71 68
69 72 15
69 73 64
69 74 17
69 75 62
69 76 65
69 77 51
69 78 98
69 79 7
69 80 63
69 81 78
69 82 90
69 83 94
69 84 18
69 85 95
69 86 27
69 87 94
69 88 87
69 89 54
69 90 0
69 91 89
69 92 7
69 93 43
69 94 71
69 95 83
69 96 15
69 97 81
69 98 87
69 99 73
69 100 82
69 101 34
69 102 43
69 103 24
69 104 25
69 105 41
69 106 70
69 107 55
69 108 9
69 109 6
69 110 0
69 111 12
69 112 70
69 113 20
69 114 64
69 115 66
69 116 15
69 117 6
69 118 13
69 119 9
70 71 35
70 72 34
70 73 12
70 74 67
70 75 88
70 76 78
70 77 60
70 78 14
70 79 62
70 80 76
70 81 85
70 82 63
70 83 9
70 84 2
70 85 5
70 86 59
70 87 30
70 88 93
70 89 96
70 90 61
70 91 72
70 92 82
70 93 38
70 94 79
70 95 27
70 96 73
70 97 55
70 98 75
70 99 3
70 100 77
70 101 46
70 102 53
70 103 39
70 104 23
70 105 30
70 106 83
70 107 45
70 108 20
70 109 69
70 110 59
70 111 4
70 112 62
70 113 48
70 114 92
70 115 88
70 116 59
70 117 37
70 118 75
70 119 50
71 72 98
71 73 62
71 74 27
71 75 62
71 76 22
71 77 35
71 78 40
71 79 74
71 80 13
71 81 49
71 82 40
71 83 89
71 84 77
71 85 86
71 86 51
71 87 62
71 88 11
71 89 66
71 90 32
71 91 28
71 92 23
71 93 21
71 94 19
71 95 76
71 96 63
71 97 59
71 98 41
71 99 25
71 100 67
71 101 0
71 102 79
71 103 62
71 104 12
71 105 34
71 106 86
71 107 62
71 108 63
71 109 83
71 110 0
71 111 33
71 112 41
71 113 6
71 114 49
71 115 99
71 116 51
71 117 46
71 118 33
71 119 89
72 73 28
72 74 84
72 75 31
72 76 99
72 77 53
72 78 53
72 79 86
72 80 91
72 81 35
72 82 67
72 83 97
72 84 48
72 85 78
72 86 41
72 87 68
72 88 66
72 89 39
72 90 34
72 91 43
72 92 48
72 93 86
72 94 84
72 95 52
72 96 72
72 97 66
72 98 53
72 99 97
72 100 65
72 101 25
72 102 20
72 103 90
72 104 31
72 105 74
72 106 90
72 107 5
72 108 32
72 109 80
72 110 85
72 111 7
72 112 5
72 113 53
72 114 29
72 115 18
72 116 18
72 117 30
72 118 96
72 119 38
73 74 89
73 75 31
73 76 97
73 77 57
73 78 63
73 79 54
73 80 40
73 81 81
73 82 58
73 83 100
73 84 16
73 85 69
73 86 2
73 87 13
73 88 50
73 89 67
73 90 55
73 91 46
73 92 33
73 93 2
73 94 56
73 95 19
73 96 49
73 97 22
73 98 63
73 99 70
73 100 9
73 101 42
73 102 53
73 103 79
73 104 81
73 105 12
73 106 28
73 107 25
73 108 37
73 109 56
73 110 12
73 111 46
73 112 35
73 113 95
73 114 28
73 115 31
73 116 87
73 117 69
73 118 65
73 119 45
74 75 17
74 76 86
74 77 43
74 78 19
74 79 14
74 80 93
74 81 67
74 82 84
74 83 86
74 84 50
74 85 45
74 86 37
74 87 87
74 88 15
74 89 62
74 90 45
74 91 5
74 92 30
74 93 39
74 94 9
74 95 45
74 96 75
74 97 13
74 98 57
74 99 21
74 100 0
74 101 48
74 102 9
74 103 75
74 104 79
74 105 23
74 106 45
74 107 98
74 108 35
74 109 91
74 110 19
74 111 46
74 112 84
74 113 4
74 114 9
74 115 92
74 116 38
74 117 73
74 118 39
74 119 36
75 76 96
75 77 11
75 78 59
75 79 75
75 80 90
75 81 61
75 82 49
75 83 52
75 84 63
75 85 6
75 86 79
75 87 32
75 88 100
75 89 15
75 90 65
75 91 41
75 92 81
75 93 58
75 94 61
75 95 38
75 96 88
75 97 100
75 98 39
75 99 41
75 100 9
75 101 98
75 102 29
75 103 87
75 104 84
75 105 46
75 106 81
75 107 52
75 108 96
75 109 89
75 110 57
75 111 74
75 112 49
75 113 78
75 114 15
75 115 65
75 116 13
75 117 6
75 118 36
75 119 71
76 77 7
76 78 69
76 79 51
76 80 12
76 81 59
76 82 42
76 83 36
76 84 48
76 85 89
76 86 3
76 87 31
76 88 35
76 89 10
76 90 22
76 91 29
76 92 54
76 93 100
76 94 4
76 95 20
76 96 75
76 97 44
76 98 85
76 99 9
76 100 76
76 101 50
76 102 34
76 103 72
76 104 72
76 105 67
76 106 29
76 107 11
76 108 58
76 109 82
76 110 27
76 111 17
76 112 4
76 113 40
76 114 28
76 115 6
76 116 61
76 117 69
76 118 64
76 119 1
77 78 90
77 79 97
77 80 14
77 81 45
77 82 23
77 83 55
77 84 86
77 85 71
77 86 57
77 87 99
77 88 2
77 89 30
77 90 74
77 91 62
77 92 73
77 93 63
77 94 76
77 95 30
77 96 18
77 97 91
77 98 47
77 99 53
77 100 97
77 101 66
77 102 43
77 103 54
77 104 39
77 105 39
77 106 50
77 107 98
77 108 86
77 109 4
77 110 4
77 111 49
77 112 20
77 113 70
77 114 91
77 115 96
77 116 76
77 117 24
77 118 38
77 119 40
78 79 32
78 80 91
78 81 62
78 82 95
78 83 0
78 84 0
78 85 9
78 86 40
78 87 49
78 88 19
78 89 46
78 90 59
78 91 92
78 92 84
78 93 37
78 94 49
78 95 88
78 96 93
78 97 51
78 98 88
78 99 82
78 100 94
78 101 74
78 102 48
78 103 35
78 104 77
78 105 19
78 106 77
78 107 24
78 108 60
78 109 85
78 110 55
78 111 75
78 112 8
78 113 3
78 114 12
78 115 36
78 116 10
78 117 36
78 118 74
78 119 0
79 80 60
79 81 62
79 82 70
79 83 47
79 84 47
79 85 68
79 86 39
79 87 71
79 88 20
79 89 98
79 90 52
79 91 54
79 92 87
79 93 17
79 94 50
79 95 83
79 96 92
79 97 45
79 98 6
79 99 85
79 100 42
79 101 18
79 102 64
79 103 2
79 104 41
79 105 60
79 106 96
79 107 24
79 108 9
79 109 33
79 110 40
79 111 29
79 112 27
79 113 53
79 114 71
79 115 7
79 116 76
79 117 30
79 118 5
79 119 21
80 81 31
80 82 41
80 83 36
80 84 86
80 85 95
80 86 62
80 87 32
80 88 78
80 89 60
80 90 22
80 91 91
80 92 54
80 93 58
80 94 30
80 95 34
80 96 1
80 97 94
80 98 32
80 99 40
80 100 71
80 101 54
80 102 2
80 103 14
80 104 25
80 105 80
80 106 81
80 107 59
80 108 14
80 109 58
80 110 5
80 111 96
80 112 76
80 113 24
80 114 9
80 115 35
80 116 24
80 117 100
80 118 22
80 119 77
81 82 64
81 83 16
81 84 12
81 85 8
81 86 64
81 87 55
81 88 85
81 89 81
81 90 87
81 91 62
81 92 60
81 93 59
81 94 99
81 95 72
81 96 54
81 97 21
81 98 98
81 99 60
81 100 85
81 101 88
81 102 35
81 103 20
81 104 3
81 105 5
81 106 56
81 107 16
81 108 46
81 109 57
81 110 0
81 111 29
81 112 37
81 113 83
81 114 78
81 115 76
81 116 22
81 117 40
81 118 77
81 119 51
82 83 21
82 84 10
82 85 91
82 86 20
82 87 77
82 88 68
82 89 31
82 90 77
82 91 55
82 92 66
82 93 66
82 94 33
82 95 11
82 96 13
82 97 56
82 98 11
82 99 3
82 100 95
82 101 8
82 102 7
82 103 35
82 104 4
82 105 78
82 106 80
82 107 4
82 108 70
82 109 74
82 110 91
82 111 97
82 112 99
82 113 41
82 114 37
82 115 30
82 116 91
82 117 100
82 118 45
82 119 83
83 84 95
83 85 95
83 86 24
83 87 80
83 88 36
83 89 59
83 90 33
83 91 49
83 92 38
83 93 17
83 94 18
83 95 17
83 96 92
83 97 87
83 98 5
83 99 95
83 100 72
83 101 34
83 102 60
83 103 72
83 104 65
83 105 83
83 106 5
83 107 10
83 108 46
83 109 36
83 110 90
83 111 36
83 112 93
83 113 98
83 114 54
83 115 37
83 116 11
83 117 87
83 118 90
83 119 71
84 85 31
84 86 19
84 87 100
84 88 57
84 89 29
84 90 10
84 91 6
84 92 61
84 93 90
84 94 92
84 95 24
84 96 23
84 97 46
84 98 77
84 99 38
84 100 62
84 101 5
84 102 29
84 103 95
84 104 85
84 105 46
84 106 13
84 107 80
84 108 50
84 109 64
84 110 16
84 111 43
84 112 44
84 113 63
84 114 92
84 115 52
84 116 20
84 117 24
84 118 46
84 119 8
85 86 37
85 87 36
85 88 56
85 89 56
85 90 13
85 91 70
85 92 93
85 93 78
85 94 58
85 95 11
85 96 93
85 97 23
85 98 76
85 99 80
85 100 84
85 101 46
85 102 20
85 103 2
85 104 6
85 105 85
85 106 70
85 107 73
85 108 98
85 109 44
85 110 85
85 111 7
85 112 27
85 113 97
85 114 67
85 115 12
85 116 3
85 117 47
85 118 91
85 119 8
86 87 2
86 88 54
86 89 87
86 90 81
86 91 32
86 92 40
86 93 8
86 94 8
86 95 18
86 96 90
86 97 43
86 98 33
86 99 49
86 100 25
86 101 30
86 102 34
86 103 24
86 104 72
86 105 41
86 106 79
86 107 64
86 108 75
86 109 78
86 110 59
86 111 77
86 112 68
86 113 53
86 114 38
86 115 45
86 116 44
86 117 58
86 118 27
86 119 46
87 88 16
87 89 12
87 90 12
87 91 51
87 92 69
87 93 71
87 94 35
87 95 62
87 96 70
87 97 18
87 98 19
87 99 93
87 100 44
87 101 94
87 102 0
87 103 81
87 104 9
87 105 2
87 106 10
87 107 34
87 108 78
87 109 50
87 110 42
87 111 51
87 112 89
87 113 91
87 114 69
87 115 69
87 116 62
87 117 12
87 118 20
87 119 72
88 89 99
88 90 36
88 91 28
88 92 26
88 93 2
88 94 25
88 95 37
88 96 1
88 97 26
88 98 7
88 99 17
88 100 64
88 101 16
88 102 38
88 103 29
88 104 48
88 105 84
88 106 27
88 107 39
88 108 11
88 109 19
88 110 44
88 111 47
88 112 31
88 113 84
88 114 18
88 115 78
88 116 7
88 117 29
88 118 100
88 119 65
89 90 73
89 91 41
89 92 5
89 93 55
89 94 1
89 95 79
89 96 39
89 97 5
89 98 3
89 99 22
89 100 23
89 101 51
89 102 58
89 103 54
89 104 7
89 105 69
89 106 42
89 107 51
89 108 81
89 109 27
89 110 81
89 111 46
89 112 61
89 113 66
89 114 15
89 115 58
89 116 9
89 117 45
89 118 71
89 119 70
90 91 21
90 92 17
90 93 68
90 94 95
90 95 91
90 96 99
90 97 22
90 98 0
90 99 86
90 100 98
90 101 91
90 102 30
90 103 72
90 104 28
90 105 58
90 106 44
90 107 29
90 108 36
90 109 29
90 110 92
90 111 10
90 112 61
90 113 16
90 114 34
90 115 39
90 116 26
90 117 6
90 118 8
90 119 99
91 92 100
91 93 45
91 94 84
91 95 51
91 96 77
91 97 26
91 98 21
91 99 69
91 100 17
91 101 74
91 102 52
91 103 10
91 104 93
91 105 51
91 106 25
91 107 84
91 108 25
91 109 22
91 110 32
91 111 61
91 112 88
91 113 100
91 114 94
91 115 7
91 116 39
91 117 71
91 118 84
91 119 44
92 93 4
92 94 7
92 95 72
92 96 57
92 97 47
92 98 72
92 99 42
92 100 50
92 101 21
92 102 59
92 103 7
92 104 41
92 105 25
92 106 46
92 107 26
92 108 5
92 109 86
92 110 41
92 111 99
92 112 93
92 113 35
92 114 90
92 115 60
92 116 14
92 117 89
92 118 4
92 119 11
93 94 47
93 95 75
93 96 93
93 97 30
93 98 54
93 99 45
93 100 60
93 101 61
93 102 27
93 103 3
93 104 32
93 105 12
93 106 45
93 107 50
93 108 13
93 109 48
93 110 75
93 111 14
93 112 7
93 113 44
93 114 35
93 115 66
93 116 92
93 117 60
93 118 95
93 119 71
94 95 95
94 96 41
94 97 82
94 98 10
94 99 78
94 100 87
94 101 2
94 102 78
94 103 3
94 104 83
94 105 86
94 106 19
94 107 82
94 108 73
94 109 1
94 110 83
94 111 98
94 112 28
94 113 49
94 114 84
94 115 75
94 116 12
94 117 87
94 118 41
94 119 79
95 96 12
95 97 65
95 98 40
95 99 9
95 100 2
95 101 33
95 102 47
95 103 63
95 104 16
95 105 39
95 106 18
95 107 30
95 108 44
95 109 51
95 110 26
95 111 5
95 112 12
95 113 29
95 114 55
95 115 87
95 116 22
95 117 91
95 118 88
95 119 89
96 97 53
96 98 99
96 99 17
96 100 28
96 101 16
96 102 15
96 103 99
96 104 29
96 105 43
96 106 50
96 107 78
96 108 78
96 109 43
96 110 91
96 111 26
96 112 86
96 113 23
96 114 96
96 115 90
96 116 67
96 117 78
96 118 40
96 119 92
97 98 1
97 99 81
97 100 45
97 101 74
97 102 9
97 103 74
97 104 9
97 105 93
97 106 13
97 107 55
97 108 14
97 109 89
97 110 3
97 111 9
97 112 63
97 113 56
97 114 29
97 115 42
97 116 54
97 117 100
97 118 58
97 119 34
98 99 90
98 100 82
98 101 16
98 102 10
98 103 8
98 104 60
98 105 26
98 106 19
98 107 79
98 108 67
98 109 26
98 110 37
98 111 3
98 112 6
98 113 2
98 114 37
98 115 50
98 116 25
98 117 91
98 118 13
98 119 70
99 100 67
99 101 78
99 102 26
99 103 66
99 104 51
99 105 48
99 106 58
99 107 93
99 108 13
99 109 58
99 110 18
99 111 68
99 112 49
99 113 66
99 114 62
99 115 19
99 116 93
99 117 99
99 118 97
99 119 2
100 101 93
100 102 55
100 103 32
100 104 30
100 105 77
100 106 71
100 107 0
100 108 33
100 109 6
100 110 37
100 111 3
100 112 81
100 113 32
100 114 17
100 115 1
100 116 65
100 117 4
100 118 68
100 119 9
101 102 14
101 103 33
101 104 90
101 105 45
101 106 42
101 107 30
101 108 22
101 109 100
101 110 48
101 111 79
101 112 12
101 113 64
101 114 54
101 115 64
101 116 78
101 117 29
101 118 82
101 119 87
102 103 56
102 104 10
102 105 58
102 106 28
102 107 4
102 108 37
102 109 14
102 110 67
102 111 31
102 112 72
102 113 0
102 114 38
102 115 89
102 116 25
102 117 32
102 118 18
102 119 74
103 104 43
103 105 62
103 106 94
103 107 14
103 108 34
103 109 11
103 110 1
103 111 12
103 112 71
103 113 24
103 114 11
103 115 35
103 116 2
103 117 35
103 118 92
103 119 86
104 105 38
104 106 88
104 107 53
104 108 36
104 109 91
104 110 70
104 111 38
104 112 14
104 113 2
104 114 53
104 115 41
104 116 79
104 117 7
104 118 34
104 119 15
105 106 30
105 107 46
105 108 66
105 109 11
105 110 22
105 111 60
105 112 9
105 113 16
105 114 38
105 115 94
105 116 75
105 117 14
105 118 73
105 119 62
106 107 69
106 108 31
106 109 0
106 110 24
106 111 2
106 112 81
106 113 86
106 114 21
106 115 28
106 116 63
106 117 70
106 118 21
106 119 29
107 108 95
107 109 9
107 110 73
107 111 67
107 112 64
107 113 77
107 114 69
107 115 54
107 116 10
107 117 99
107 118 56
107 119 51
108 109 77
108 110 82
108 111 100
108 112 32
108 113 51
108 114 26
108 115 99
108 116 94
108 117 75
108 118 87
108 119 64
109 110 58
109 111 73
109 112 49
109 113 68
109 114 29
109 115 60
109 116 63
109 117 59
109 118 96
109 119 68
110 111 76
110 112 7
110 113 75
110 114 68
110 115 14
110 116 24
110 117 67
110 118 14
110 119 40
111 112 13
111 113 54
111 114 68
111 115 2
111 116 27
111 117 13
111 118 40
111 119 71
112 113 93
112 114 15
112 115 76
112 116 85
112 117 19
112 118 39
112 119 83
113 114 61
113 115 3
113 116 54
113 117 55
113 118 16
113 119 96
114 115 98
114 116 89
114 117 38
114 118 14
114 119 42
115 116 30
115 117 32
115 118 3
115 119 73
116 117 69
116 118 37
116 119 19
117 118 99
117 119 17
118 119 29
