30 5 ss 6 6 6 6 6 6 6 6 6 6 
0 1 70
0 2 14
0 3 82
0 4 90
0 5 37
0 6 94
0 7 32
0 8 22
0 9 76
0 10 62
0 11 39
0 12 62
0 13 81
0 14 23
0 15 54
0 16 3
0 17 15
0 18 90
0 19 19
0 20 95
0 21 65
0 22 12
0 23 69
0 24 80
0 25 87
0 26 85
0 27 7
0 28 2
0 29 72
1 2 26
1 3 15
1 4 77
1 5 22
1 6 40
1 7 24
1 8 35
1 9 50
1 10 73
1 11 32
1 12 28
1 13 46
1 14 36
1 15 61
1 16 18
1 17 0
1 18 68
1 19 97
1 20 85
1 21 34
1 22 63
1 23 68
1 24 7
1 25 94
1 26 36
1 27 71
1 28 90
1 29 29
2 3 65
2 4 20
2 5 27
2 6 16
2 7 9
2 8 62
2 9 6
2 10 37
2 11 21
2 12 6
2 13 80
2 14 51
2 15 43
2 16 70
2 17 68
2 18 18
2 19 28
2 20 64
2 21 98
2 22 92
2 23 19
2 24 21
2 25 92
2 26 89
2 27 33
2 28 35
2 29 89
3 4 81
3 5 26
3 6 56
3 7 11
3 8 32
3 9 19
3 10 12
3 11 88
3 12 22
3 13 70
3 14 62
3 15 40
3 16 0
3 17 12
3 18 95
3 19 75
3 20 10
3 21 37
3 22 89
3 23 67
3 24 92
3 25 13
3 26 20
3 27 43
3 28 31
3 29 1
4 5 49
4 6 11
4 7 19
4 8 25
4 9 69
4 10 6
4 11 10
4 12 57
4 13 72
4 14 8
4 15 10
4 16 10
4 17 60
4 18 75
4 19 21
4 20 10
4 21 41
4 22 74
4 23 0
4 24 9
4 25 53
4 26 67
4 27 21
4 28 72
4 29 92
5 6 85
5 7 26
5 8 45
5 9 76
5 10 69
5 11 3
5 12 4
5 13 25
5 14 27
5 15 36
5 16 65
5 17 64
5 18 89
5 19 92
5 20 70
5 21 46
5 22 40
5 23 69
5 24 81
5 25 98
5 26 49
5 27 68
5 28 50
5 29 83
6 7 11
6 8 68
6 9 95
6 10 5
6 11 43
6 12 24
6 13 94
6 14 8
6 15 63
6 16 81
6 17 30
6 18 89
6 19 72
6 20 33
6 21 73
6 22 37
6 23 70
6 24 91
6 25 6
6 26 43
6 27 50
6 28 57
6 29 69
7 8 60
7 9 7
7 10 71
7 11 22
7 12 1
7 13 64
7 14 36
7 15 22
7 16 37
7 17 18
7 18 64
7 19 44
7 20 33
7 21 45
7 22 3
7 23 56
7 24 44
7 25 55
7 26 10
7 27 30
7 28 85
7 29 84
8 9 0
8 10 25
8 11 84
8 12 39
8 13 72
8 14 46
8 15 4
8 16 21
8 17 63
8 18 16
8 19 42
8 20 23
8 21 98
8 22 37
8 23 73
8 24 40
8 25 68
8 26 87
8 27 76
8 28 5
8 29 25
9 10 6
9 11 29
9 12 3
9 13 64
9 14 27
9 15 46
9 16 9
9 17 2
9 18 65
9 19 34
9 20 78
9 21 52
9 22 38
9 23 86
9 24 5
9 25 2
9 26 66
9 27 4
9 28 96
9 29 56
10 11 82
10 12 1
10 13 64
10 14 89
10 15 88
10 16 91
10 17 58
10 18 20
10 19 2
10 20 65
10 21 50
10 22 97
10 23 46
10 24 51
10 25 54
10 26 39
10 27 76
10 28 49
10 29 78
11 12 76
11 13 18
11 14 65
11 15 37
11 16 20
11 17 54
11 18 49
11 19 85
11 20 57
11 21 40
11 22 44
11 23 98
11 24 40
11 25 27
11 26 20
11 27 83
11 28 88
11 29 40
12 13 48
12 14 9
12 15 39
12 16 49
12 17 59
12 18 44
12 19 41
12 20 33
12 21 22
12 22 100
12 23 19
12 24 44
12 25 46
12 26 63
12 27 9
12 28 3
12 29 76
13 14 50
13 15 44
13 16 26
13 17 62
13 18 19
13 19 45
13 20 70
13 21 86
13 22 78
13 23 79
13 24 66
13 25 12
13 26 36
13 27 31
13 28 91
13 29 4
14 15 88
14 16 76
14 17 48
14 18 89
14 19 14
14 20 81
14 21 61
14 22 41
14 23 21
14 24 16
14 25 34
14 26 59
14 27 92
14 28 39
14 29 26
15 16 25
15 17 94
15 18 35
15 19 58
15 20 48
15 21 67
15 22 85
15 23 74
15 24 12
15 25 93
15 26 91
15 27 34
15 28 100
15 29 69
16 17 66
16 18 96
16 19 85
16 20 80
16 21 43
16 22 87
16 23 54
16 24 39
16 25 79
16 26 70
16 27 3
16 28 70
16 29 3
17 18 56
17 19 78
17 20 74
17 21 15
17 22 23
17 23 64
17 24 59
17 25 36
17 26 72
17 27 55
17 28 42
17 29 75
18 19 85
18 20 45
18 21 43
18 22 26
18 23 74
18 24 11
18 25 87
18 26 25
18 27 8
18 28 86
18 29 57
19 20 60
19 21 55
19 22 23
19 23 66
19 24 48
19 25 73
19 26 29
19 27 69
19 28 100
19 29 74
20 21 1
20 22 6
20 23 66
20 24 22
20 25 27
20 26 84
20 27 100
20 28 44
20 29 31
21 22 7
21 23 22
21 24 92
21 25 38
21 26 40
21 27 64
21 28 88
21 29 82
22 23 12
22 24 91
22 25 92
22 26 76
22 27 9
22 28 70
22 29 79
23 24 0
23 25 94
23 26 76
23 27 55
23 28 2
23 29 76
24 25 95
24 26 27
24 27 32
24 28 30
24 29 80
25 26 39
25 27 48
25 28 94
25 29 54
26 27 27
26 28 7
26 29 38
27 28 71
27 29 95
28 29 66
