120 10 ss 12 12 12 12 12 12 12 12 12 12 12 12 12 12 12 12 12 12 12 12 
0 1 32
0 2 42
0 3 57
0 4 25
0 5 67
0 6 46
0 7 86
0 8 36
0 9 55
0 10 49
0 11 25
0 12 7
0 13 44
0 14 88
0 15 65
0 16 6
0 17 81
0 18 64
0 19 99
0 20 74
0 21 13
0 22 2
0 23 50
0 24 33
0 25 34
0 26 82
0 27 39
0 28 77
0 29 3
0 30 90
0 31 32
0 32 1
0 33 34
0 34 42
0 35 43
0 36 27
0 37 30
0 38 99
0 39 2
0 40 21
0 41 74
0 42 74
0 43 87
0 44 23
0 45 60
0 46 41
0 47 41
0 48 39
0 49 49
0 50 66
0 51 76
0 52 44
0 53 57
0 54 73
0 55 88
0 56 2
0 57 44
0 58 98
0 59 16
0 60 40
0 61 98
0 62 32
0 63 73
0 64 44
0 65 68
0 66 40
0 67 97
0 68 1
0 69 39
0 70 79
0 71 40
0 72 75
0 73 26
0 74 68
0 75 98
0 76 7
0 77 4
0 78 37
0 79 74
0 80 18
0 81 16
0 82 5
0 83 42
0 84 54
0 85 78
0 86 59
0 87 38
0 88 8
0 89 47
0 90 67
0 91 68
0 92 18
0 93 27
0 94 86
0 95 25
0 96 54
0 97 18
0 98 94
0 99 54
0 100 3
0 101 68
0 102 48
0 103 31
0 104 61
0 105 6
0 106 85
0 107 34
0 108 8
0 109 94
0 110 10
0 111 61
0 112 75
0 113 52
0 114 84
0 115 56
0 116 67
0 117 76
0 118 54
0 119 36
1 2 96
1 3 27
1 4 44
1 5 25
1 6 62
1 7 61
1 8 54
1 9 65
1 10 95
1 11 69
1 12 47
1 13 26
1 14 34
1 15 16
1 16 40
1 17 26
1 18 69
1 19 14
1 20 72
1 21 61
1 22 37
1 23 9
1 24 69
1 25 60
1 26 45
1 27 3
1 28 78
1 29 89
1 30 91
1 31 42
1 32 17
1 33 56
1 34 84
1 35 58
1 36 49
1 37 47
1 38 57
1 39 15
1 40 73
1 41 71
1 42 6
1 43 42
1 44 70
1 45 70
1 46 92
1 47 73
1 48 31
1 49 82
1 50 45
1 51 97
1 52 40
1 53 82
1 54 27
1 55 8
1 56 98
1 57 96
1 58 43
1 59 47
1 60 96
1 61 24
1 62 55
1 63 36
1 64 32
1 65 20
1 66 30
1 67 4
1 68 54
1 69 95
1 70 56
1 71 0
1 72 3
1 73 25
1 74 40
1 75 97
1 76 87
1 77 19
1 78 69
1 79 6
1 80 44
1 81 20
1 82 98
1 83 47
1 84 92
1 85 88
1 86 30
1 87 2
1 88 85
1 89 10
1 90 83
1 91 78
1 92 79
1 93 92
1 94 15
1 95 44
1 96 64
1 97 64
1 98 43
1 99 17
1 100 81
1 101 60
1 102 34
1 103 16
1 104 99
1 105 47
1 106 49
1 107 97
1 108 22
1 109 45
1 110 63
1 111 85
1 112 51
1 113 58
1 114 49
1 115 46
1 116 92
1 117 83
1 118 28
1 119 1
2 3 50
2 4 99
2 5 30
2 6 83
2 7 44
2 8 72
2 9 73
2 10 24
2 11 97
2 12 59
2 13 5
2 14 78
2 15 35
2 16 7
2 17 24
2 18 55
2 19 44
2 20 52
2 21 17
2 22 91
2 23 35
2 24 100
2 25 65
2 26 80
2 27 20
2 28 30
2 29 38
2 30 97
2 31 85
2 32 80
2 33 50
2 34 5
2 35 31
2 36 49
2 37 84
2 38 51
2 39 17
2 40 29
2 41 61
2 42 34
2 43 81
2 44 64
2 45 6
2 46 10
2 47 20
2 48 65
2 49 45
2 50 68
2 51 69
2 52 35
2 53 92
2 54 83
2 55 33
2 56 37
2 57 72
2 58 4
2 59 84
2 60 47
2 61 29
2 62 80
2 63 72
2 64 38
2 65 7
2 66 29
2 67 43
2 68 99
2 69 3
2 70 71
2 71 26
2 72 20
2 73 74
2 74 5
2 75 24
2 76 58
2 77 3
2 78 6
2 79 48
2 80 57
2 81 0
2 82 82
2 83 26
2 84 73
2 85 40
2 86 81
2 87 57
2 88 40
2 89 69
2 90 4
2 91 12
2 92 54
2 93 1
2 94 66
2 95 24
2 96 67
2 97 33
2 98 64
2 99 84
2 100 36
2 101 9
2 102 94
2 103 18
2 104 98
2 105 70
2 106 11
2 107 84
2 108 80
2 109 92
2 110 14
2 111 70
2 112 90
2 113 82
2 114 97
2 115 80
2 116 72
2 117 46
2 118 76
2 119 90
3 4 26
3 5 33
3 6 8
3 7 96
3 8 87
3 9 54
3 10 98
3 11 15
3 12 9
3 13 95
3 14 46
3 15 92
3 16 80
3 17 25
3 18 51
3 19 18
3 20 85
3 21 8
3 22 74
3 23 47
3 24 36
3 25 14
3 26 45
3 27 34
3 28 13
3 29 44
3 30 97
3 31 69
3 32 16
3 33 7
3 34 56
3 35 52
3 36 61
3 37 85
3 38 73
3 39 15
3 40 26
3 41 19
3 42 94
3 43 77
3 44 59
3 45 93
3 46 96
3 47 79
3 48 97
3 49 64
3 50 44
3 51 0
3 52 22
3 53 64
3 54 29
3 55 78
3 56 26
3 57 33
3 58 76
3 59 33
3 60 4
3 61 0
3 62 67
3 63 0
3 64 94
3 65 26
3 66 68
3 67 88
3 68 85
3 69 49
3 70 50
3 71 57
3 72 89
3 73 22
3 74 32
3 75 25
3 76 20
3 77 36
3 78 60
3 79 47
3 80 81
3 81 85
3 82 10
3 83 63
3 84 8
3 85 51
3 86 36
3 87 77
3 88 68
3 89 53
3 90 0
3 91 8
3 92 50
3 93 9
3 94 37
3 95 19
3 96 6
3 97 72
3 98 60
3 99 54
3 100 81
3 101 71
3 102 50
3 103 88
3 104 85
3 105 25
3 106 51
3 107 79
3 108 33
3 109 80
3 110 95
3 111 13
3 112 61
3 113 95
3 114 8
3 115 61
3 116 44
3 117 72
3 118 79
3 119 51
4 5 1
4 6 62
4 7 82
4 8 74
4 9 61
4 10 74
4 11 54
4 12 51
4 13 79
4 14 43
4 15 14
4 16 23
4 17 80
4 18 37
4 19 59
4 20 5
4 21 62
4 22 74
4 23 92
4 24 50
4 25 49
4 26 27
4 27 49
4 28 24
4 29 97
4 30 58
4 31 67
4 32 39
4 33 15
4 34 59
4 35 40
4 36 23
4 37 97
4 38 34
4 39 48
4 40 75
4 41 54
4 42 96
4 43 84
4 44 49
4 45 41
4 46 95
4 47 6
4 48 11
4 49 59
4 50 90
4 51 51
4 52 15
4 53 39
4 54 65
4 55 65
4 56 29
4 57 67
4 58 62
4 59 93
4 60 68
4 61 81
4 62 46
4 63 57
4 64 14
4 65 42
4 66 5
4 67 5
4 68 85
4 69 40
4 70 45
4 71 23
4 72 89
4 73 89
4 74 13
4 75 49
4 76 75
4 77 42
4 78 28
4 79 64
4 80 15
4 81 93
4 82 9
4 83 60
4 84 44
4 85 79
4 86 90
4 87 60
4 88 5
4 89 49
4 90 25
4 91 70
4 92 20
4 93 23
4 94 27
4 95 1
4 96 100
4 97 25
4 98 14
4 99 40
4 100 30
4 101 94
4 102 44
4 103 74
4 104 66
4 105 76
4 106 28
4 107 46
4 108 26
4 109 43
4 110 94
4 111 32
4 112 48
4 113 37
4 114 89
4 115 74
4 116 62
4 117 53
4 118 22
4 119 33
5 6 48
5 7 38
5 8 7
5 9 76
5 10 83
5 11 53
5 12 5
5 13 69
5 14 82
5 15 68
5 16 78
5 17 19
5 18 89
5 19 58
5 20 81
5 21 14
5 22 11
5 23 80
5 24 10
5 25 85
5 26 61
5 27 29
5 28 7
5 29 79
5 30 82
5 31 70
5 32 47
5 33 88
5 34 89
5 35 83
5 36 57
5 37 90
5 38 93
5 39 87
5 40 17
5 41 19
5 42 87
5 43 45
5 44 90
5 45 98
5 46 60
5 47 58
5 48 34
5 49 82
5 50 12
5 51 16
5 52 22
5 53 38
5 54 76
5 55 55
5 56 27
5 57 94
5 58 2
5 59 53
5 60 89
5 61 57
5 62 91
5 63 27
5 64 33
5 65 55
5 66 89
5 67 28
5 68 15
5 69 97
5 70 53
5 71 82
5 72 84
5 73 37
5 74 29
5 75 19
5 76 12
5 77 82
5 78 17
5 79 57
5 80 31
5 81 21
5 82 64
5 83 16
5 84 84
5 85 3
5 86 79
5 87 37
5 88 30
5 89 53
5 90 37
5 91 53
5 92 8
5 93 20
5 94 36
5 95 64
5 96 100
5 97 21
5 98 46
5 99 73
5 100 50
5 101 59
5 102 6
5 103 85
5 104 89
5 105 33
5 106 67
5 107 63
5 108 23
5 109 87
5 110 49
5 111 92
5 112 62
5 113 45
5 114 14
5 115 58
5 116 54
5 117 6
5 118 52
5 119 14
6 7 39
6 8 60
6 9 63
6 10 63
6 11 96
6 12 20
6 13 42
6 14 3
6 15 70
6 16 26
6 17 58
6 18 71
6 19 39
6 20 69
6 21 69
6 22 2
6 23 51
6 24 5
6 25 78
6 26 77
6 27 52
6 28 19
6 29 20
6 30 7
6 31 0
6 32 64
6 33 56
6 34 91
6 35 36
6 36 82
6 37 77
6 38 44
6 39 9
6 40 15
6 41 3
6 42 76
6 43 19
6 44 25
6 45 89
6 46 95
6 47 41
6 48 53
6 49 83
6 50 29
6 51 45
6 52 74
6 53 6
6 54 6
6 55 46
6 56 94
6 57 52
6 58 27
6 59 17
6 60 0
6 61 86
6 62 61
6 63 58
6 64 14
6 65 87
6 66 18
6 67 77
6 68 92
6 69 74
6 70 79
6 71 87
6 72 92
6 73 98
6 74 28
6 75 89
6 76 95
6 77 65
6 78 41
6 79 12
6 80 85
6 81 31
6 82 57
6 83 40
6 84 60
6 85 51
6 86 81
6 87 14
6 88 45
6 89 80
6 90 84
6 91 11
6 92 89
6 93 70
6 94 80
6 95 26
6 96 61
6 97 34
6 98 81
6 99 55
6 100 74
6 101 23
6 102 22
6 103 4
6 104 70
6 105 15
6 106 67
6 107 9
6 108 32
6 109 63
6 110 44
6 111 18
6 112 2
6 113 85
6 114 12
6 115 87
6 116 12
6 117 39
6 118 16
6 119 29
7 8 77
7 9 32
7 10 91
7 11 21
7 12 8
7 13 43
7 14 93
7 15 14
7 16 6
7 17 67
7 18 70
7 19 45
7 20 70
7 21 32
7 22 45
7 23 85
7 24 36
7 25 34
7 26 80
7 27 46
7 28 100
7 29 68
7 30 90
7 31 18
7 32 61
7 33 56
7 34 52
7 35 17
7 36 28
7 37 17
7 38 39
7 39 32
7 40 43
7 41 16
7 42 64
7 43 62
7 44 96
7 45 89
7 46 91
7 47 1
7 48 1
7 49 98
7 50 27
7 51 88
7 52 95
7 53 4
7 54 94
7 55 31
7 56 46
7 57 31
7 58 96
7 59 9
7 60 42
7 61 0
7 62 4
7 63 94
7 64 35
7 65 40
7 66 5
7 67 47
7 68 78
7 69 90
7 70 15
7 71 84
7 72 82
7 73 7
7 74 87
7 75 19
7 76 13
7 77 40
7 78 53
7 79 57
7 80 56
7 81 11
7 82 45
7 83 91
7 84 40
7 85 90
7 86 48
7 87 7
7 88 43
7 89 97
7 90 25
7 91 24
7 92 38
7 93 75
7 94 66
7 95 61
7 96 80
7 97 14
7 98 25
7 99 8
7 100 45
7 101 51
7 102 26
7 103 89
7 104 85
7 105 71
7 106 60
7 107 28
7 108 20
7 109 100
7 110 58
7 111 36
7 112 44
7 113 30
7 114 44
7 115 71
7 116 94
7 117 67
7 118 85
7 119 64
8 9 86
8 10 6
8 11 73
8 12 80
8 13 65
8 14 74
8 15 81
8 16 73
8 17 97
8 18 53
8 19 99
8 20 84
8 21 87
8 22 95
8 23 14
8 24 62
8 25 90
8 26 52
8 27 28
8 28 34
8 29 8
8 30 62
8 31 70
8 32 44
8 33 23
8 34 84
8 35 22
8 36 37
8 37 20
8 38 6
8 39 24
8 40 87
8 41 27
8 42 49
8 43 75
8 44 27
8 45 89
8 46 22
8 47 40
8 48 21
8 49 75
8 50 97
8 51 20
8 52 5
8 53 100
8 54 47
8 55 4
8 56 49
8 57 60
8 58 23
8 59 50
8 60 89
8 61 21
8 62 31
8 63 86
8 64 50
8 65 71
8 66 95
8 67 14
8 68 3
8 69 61
8 70 5
8 71 67
8 72 64
8 73 93
8 74 37
8 75 27
8 76 37
8 77 30
8 78 68
8 79 59
8 80 67
8 81 44
8 82 74
8 83 42
8 84 78
8 85 46
8 86 5
8 87 27
8 88 8
8 89 80
8 90 40
8 91 78
8 92 22
8 93 53
8 94 97
8 95 26
8 96 54
8 97 34
8 98 72
8 99 94
8 100 12
8 101 63
8 102 24
8 103 58
8 104 34
8 105 59
8 106 8
8 107 93
8 108 93
8 109 64
8 110 20
8 111 48
8 112 75
8 113 32
8 114 100
8 115 80
8 116 64
8 117 85
8 118 37
8 119 50
9 10 16
9 11 88
9 12 40
9 13 22
9 14 28
9 15 55
9 16 65
9 17 21
9 18 90
9 19 74
9 20 8
9 21 7
9 22 58
9 23 20
9 24 75
9 25 87
9 26 26
9 27 26
9 28 24
9 29 1
9 30 46
9 31 51
9 32 76
9 33 66
9 34 37
9 35 35
9 36 65
9 37 90
9 38 72
9 39 22
9 40 83
9 41 50
9 42 42
9 43 36
9 44 32
9 45 25
9 46 85
9 47 51
9 48 71
9 49 4
9 50 30
9 51 74
9 52 98
9 53 32
9 54 48
9 55 60
9 56 4
9 57 18
9 58 80
9 59 14
9 60 4
9 61 3
9 62 45
9 63 81
9 64 28
9 65 90
9 66 37
9 67 91
9 68 9
9 69 8
9 70 98
9 71 44
9 72 49
9 73 53
9 74 36
9 75 41
9 76 19
9 77 8
9 78 86
9 79 34
9 80 23
9 81 24
9 82 39
9 83 59
9 84 81
9 85 24
9 86 37
9 87 53
9 88 62
9 89 16
9 90 87
9 91 34
9 92 39
9 93 6
9 94 93
9 95 10
9 96 69
9 97 11
9 98 36
9 99 69
9 100 77
9 101 29
9 102 32
9 103 98
9 104 48
9 105 47
9 106 97
9 107 49
9 108 14
9 109 71
9 110 15
9 111 6
9 112 8
9 113 56
9 114 56
9 115 2
9 116 14
9 117 84
9 118 100
9 119 82
10 11 63
10 12 1
10 13 49
10 14 75
10 15 4
10 16 33
10 17 69
10 18 72
10 19 100
10 20 30
10 21 66
10 22 30
10 23 22
10 24 10
10 25 35
10 26 82
10 27 17
10 28 40
10 29 72
10 30 58
10 31 27
10 32 70
10 33 28
10 34 65
10 35 95
10 36 75
10 37 22
10 38 45
10 39 6
10 40 64
10 41 65
10 42 38
10 43 40
10 44 69
10 45 59
10 46 0
10 47 77
10 48 2
10 49 91
10 50 85
10 51 3
10 52 68
10 53 75
10 54 98
10 55 2
10 56 9
10 57 64
10 58 63
10 59 58
10 60 80
10 61 17
10 62 35
10 63 68
10 64 97
10 65 37
10 66 54
10 67 49
10 68 35
10 69 15
10 70 37
10 71 98
10 72 11
10 73 69
10 74 31
10 75 89
10 76 46
10 77 91
10 78 97
10 79 64
10 80 62
10 81 39
10 82 73
10 83 5
10 84 13
10 85 88
10 86 30
10 87 49
10 88 99
10 89 4
10 90 92
10 91 89
10 92 55
10 93 55
10 94 41
10 95 65
10 96 88
10 97 12
10 98 16
10 99 75
10 100 88
10 101 55
10 102 88
10 103 88
10 104 88
10 105 32
10 106 98
10 107 29
10 108 33
10 109 55
10 110 90
10 111 63
10 112 37
10 113 76
10 114 77
10 115 77
10 116 62
10 117 11
10 118 51
10 119 35
11 12 91
11 13 60
11 14 86
11 15 75
11 16 66
11 17 83
11 18 57
11 19 26
11 20 57
11 21 55
11 22 97
11 23 49
11 24 53
11 25 81
11 26 49
11 27 64
11 28 34
11 29 47
11 30 27
11 31 1
11 32 22
11 33 95
11 34 27
11 35 31
11 36 78
11 37 80
11 38 79
11 39 1
11 40 76
11 41 20
11 42 2
11 43 76
11 44 22
11 45 72
11 46 78
11 47 20
11 48 97
11 49 49
11 50 90
11 51 52
11 52 95
11 53 40
11 54 80
11 55 10
11 56 79
11 57 70
11 58 25
11 59 81
11 60 1
11 61 33
11 62 85
11 63 73
11 64 35
11 65 39
11 66 15
11 67 24
11 68 11
11 69 91
11 70 52
11 71 52
11 72 73
11 73 65
11 74 59
11 75 67
11 76 82
11 77 100
11 78 87
11 79 57
11 80 1
11 81 21
11 82 65
11 83 25
11 84 65
11 85 79
11 86 84
11 87 90
11 88 87
11 89 29
11 90 29
11 91 42
11 92 30
11 93 73
11 94 47
11 95 50
11 96 36
11 97 6
11 98 25
11 99 45
11 100 90
11 101 81
11 102 90
11 103 99
11 104 48
11 105 48
11 106 65
11 107 89
11 108 55
11 109 2
11 110 38
11 111 67
11 112 85
11 113 82
11 114 17
11 115 11
11 116 83
11 117 75
11 118 53
11 119 90
12 13 24
12 14 22
12 15 23
12 16 63
12 17 34
12 18 32
12 19 41
12 20 2
12 21 96
12 22 29
12 23 30
12 24 19
12 25 96
12 26 33
12 27 27
12 28 25
12 29 42
12 30 27
12 31 99
12 32 8
12 33 49
12 34 42
12 35 27
12 36 8
12 37 36
12 38 14
12 39 93
12 40 14
12 41 76
12 42 33
12 43 5
12 44 67
12 45 54
12 46 44
12 47 74
12 48 74
12 49 23
12 50 70
12 51 26
12 52 84
12 53 31
12 54 29
12 55 64
12 56 95
12 57 90
12 58 41
12 59 10
12 60 42
12 61 17
12 62 58
12 63 96
12 64 22
12 65 40
12 66 89
12 67 37
12 68 29
12 69 83
12 70 89
12 71 37
12 72 69
12 73 54
12 74 42
12 75 82
12 76 33
12 77 75
12 78 92
12 79 32
12 80 98
12 81 73
12 82 76
12 83 44
12 84 72
12 85 37
12 86 6
12 87 50
12 88 21
12 89 85
12 90 91
12 91 89
12 92 7
12 93 82
12 94 56
12 95 30
12 96 27
12 97 66
12 98 83
12 99 65
12 100 26
12 101 6
12 102 64
12 103 84
12 104 89
12 105 54
12 106 24
12 107 82
12 108 68
12 109 44
12 110 48
12 111 22
12 112 74
12 113 62
12 114 52
12 115 83
12 116 74
12 117 47
12 118 21
12 119 25
13 14 30
13 15 46
13 16 94
13 17 49
13 18 44
13 19 79
13 20 3
13 21 88
13 22 97
13 23 63
13 24 98
13 25 70
13 26 91
13 27 42
13 28 33
13 29 20
13 30 18
13 31 72
13 32 33
13 33 29
13 34 71
13 35 69
13 36 4
13 37 86
13 38 52
13 39 57
13 40 18
13 41 74
13 42 42
13 43 59
13 44 96
13 45 57
13 46 27
13 47 64
13 48 34
13 49 60
13 50 72
13 51 5
13 52 71
13 53 97
13 54 19
13 55 34
13 56 59
13 57 30
13 58 30
13 59 32
13 60 79
13 61 76
13 62 80
13 63 31
13 64 63
13 65 40
13 66 58
13 67 36
13 68 55
13 69 36
13 70 7
13 71 65
13 72 7
13 73 68
13 74 64
13 75 64
13 76 18
13 77 25
13 78 75
13 79 26
13 80 36
13 81 0
13 82 64
13 83 47
13 84 20
13 85 20
13 86 13
13 87 79
13 88 6
13 89 84
13 90 14
13 91 10
13 92 99
13 93 0
13 94 44
13 95 70
13 96 55
13 97 34
13 98 46
13 99 66
13 100 25
13 101 9
13 102 46
13 103 65
13 104 81
13 105 79
13 106 91
13 107 29
13 108 23
13 109 72
13 110 33
13 111 74
13 112 9
13 113 76
13 114 83
13 115 87
13 116 61
13 117 74
13 118 0
13 119 93
14 15 92
14 16 24
14 17 25
14 18 99
14 19 56
14 20 2
14 21 9
14 22 100
14 23 89
14 24 59
14 25 69
14 26 48
14 27 18
14 28 17
14 29 38
14 30 47
14 31 26
14 32 40
14 33 41
14 34 52
14 35 72
14 36 97
14 37 86
14 38 3
14 39 47
14 40 91
14 41 70
14 42 26
14 43 75
14 44 30
14 45 50
14 46 33
14 47 72
14 48 29
14 49 34
14 50 65
14 51 25
14 52 26
14 53 66
14 54 49
14 55 45
14 56 94
14 57 81
14 58 35
14 59 22
14 60 30
14 61 49
14 62 55
14 63 53
14 64 95
14 65 15
14 66 40
14 67 57
14 68 10
14 69 90
14 70 34
14 71 78
14 72 31
14 73 65
14 74 77
14 75 35
14 76 88
14 77 94
14 78 48
14 79 37
14 80 19
14 81 17
14 82 2
14 83 23
14 84 68
14 85 97
14 86 51
14 87 42
14 88 25
14 89 99
14 90 74
14 91 1
14 92 66
14 93 55
14 94 11
14 95 97
14 96 66
14 97 74
14 98 97
14 99 94
14 100 89
14 101 44
14 102 54
14 103 89
14 104 81
14 105 99
14 106 36
14 107 97
14 108 98
14 109 69
14 110 42
14 111 53
14 112 60
14 113 65
14 114 63
14 115 82
14 116 67
14 117 42
14 118 37
14 119 13
15 16 40
15 17 60
15 18 9
15 19 11
15 20 40
15 21 52
15 22 4
15 23 51
15 24 91
15 25 65
15 26 20
15 27 100
15 28 42
15 29 89
15 30 56
15 31 52
15 32 3
15 33 79
15 34 35
15 35 43
15 36 47
15 37 35
15 38 36
15 39 84
15 40 40
15 41 91
15 42 83
15 43 31
15 44 96
15 45 24
15 46 50
15 47 99
15 48 59
15 49 89
15 50 13
15 51 9
15 52 56
15 53 65
15 54 98
15 55 85
15 56 75
15 57 60
15 58 26
15 59 49
15 60 69
15 61 41
15 62 24
15 63 76
15 64 98
15 65 62
15 66 98
15 67 75
15 68 3
15 69 57
15 70 32
15 71 24
15 72 72
15 73 41
15 74 93
15 75 60
15 76 58
15 77 71
15 78 100
15 79 69
15 80 79
15 81 78
15 82 60
15 83 10
15 84 88
15 85 43
15 86 67
15 87 53
15 88 39
15 89 56
15 90 39
15 91 58
15 92 21
15 93 44
15 94 13
15 95 97
15 96 21
15 97 76
15 98 6
15 99 78
15 100 46
15 101 14
15 102 4
15 103 52
15 104 5
15 105 73
15 106 87
15 107 16
15 108 19
15 109 33
15 110 61
15 111 31
15 112 96
15 113 5
15 114 92
15 115 43
15 116 73
15 117 12
15 118 20
15 119 48
16 17 15
16 18 20
16 19 32
16 20 77
16 21 78
16 22 80
16 23 76
16 24 67
16 25 14
16 26 66
16 27 49
16 28 79
16 29 33
16 30 26
16 31 31
16 32 14
16 33 18
16 34 18
16 35 12
16 36 23
16 37 55
16 38 39
16 39 88
16 40 9
16 41 7
16 42 11
16 43 30
16 44 56
16 45 93
16 46 96
16 47 25
16 48 16
16 49 79
16 50 84
16 51 64
16 52 14
16 53 100
16 54 91
16 55 76
16 56 44
16 57 65
16 58 55
16 59 38
16 60 45
16 61 80
16 62 96
16 63 51
16 64 72
16 65 33
16 66 31
16 67 15
16 68 39
16 69 50
16 70 2
16 71 1
16 72 27
16 73 53
16 74 1
16 75 44
16 76 79
16 77 2
16 78 82
16 79 2
16 80 27
16 81 57
16 82 63
16 83 3
16 84 0
16 85 39
16 86 8
16 87 63
16 88 12
16 89 33
16 90 94
16 91 42
16 92 32
16 93 45
16 94 32
16 95 26
16 96 41
16 97 65
16 98 88
16 99 78
16 100 87
16 101 25
16 102 5
16 103 98
16 104 4
16 105 73
16 106 79
16 107 29
16 108 13
16 109 48
16 110 100
16 111 70
16 112 96
16 113 3
16 114 97
16 115 22
16 116 43
16 117 81
16 118 81
16 119 59
17 18 39
17 19 58
17 20 100
17 21 94
17 22 13
17 23 60
17 24 4
17 25 30
17 26 3
17 27 69
17 28 57
17 29 38
17 30 1
17 31 13
17 32 63
17 33 20
17 34 29
17 35 99
17 36 41
17 37 49
17 38 5
17 39 92
17 40 68
17 41 27
17 42 50
17 43 60
17 44 87
17 45 61
17 46 0
17 47 40
17 48 46
17 49 36
17 50 95
17 51 20
17 52 10
17 53 39
17 54 54
17 55 64
17 56 58
17 57 77
17 58 100
17 59 22
17 60 64
17 61 38
17 62 50
17 63 59
17 64 3
17 65 65
17 66 64
17 67 7
17 68 64
17 69 81
17 70 79
17 71 95
17 72 26
17 73 3
17 74 4
17 75 38
17 76 17
17 77 6
17 78 39
17 79 3
17 80 36
17 81 11
17 82 77
17 83 49
17 84 90
17 85 99
17 86 74
17 87 18
17 88 6
17 89 39
17 90 62
17 91 32
17 92 68
17 93 92
17 94 0
17 95 72
17 96 95
17 97 36
17 98 38
17 99 67
17 100 55
17 101 26
17 102 56
17 103 50
17 104 32
17 105 60
17 106 2
17 107 66
17 108 6
17 109 53
17 110 9
17 111 86
17 112 28
17 113 32
17 114 97
17 115 64
17 116 27
17 117 1
17 118 49
17 119 62
18 19 51
18 20 81
18 21 41
18 22 49
18 23 51
18 24 42
18 25 24
18 26 37
18 27 8
18 28 79
18 29 4
18 30 71
18 31 60
18 32 98
18 33 36
18 34 33
18 35 46
18 36 60
18 37 92
18 38 80
18 39 4
18 40 81
18 41 11
18 42 91
18 43 57
18 44 81
18 45 100
18 46 83
18 47 85
18 48 67
18 49 35
18 50 39
18 51 72
18 52 37
18 53 23
18 54 66
18 55 88
18 56 75
18 57 57
18 58 42
18 59 51
18 60 28
18 61 76
18 62 11
18 63 41
18 64 60
18 65 96
18 66 62
18 67 51
18 68 80
18 69 80
18 70 14
18 71 64
18 72 2
18 73 1
18 74 96
18 75 13
18 76 95
18 77 57
18 78 100
18 79 95
18 80 95
18 81 30
18 82 3
18 83 87
18 84 44
18 85 85
18 86 69
18 87 7
18 88 51
18 89 53
18 90 29
18 91 85
18 92 57
18 93 70
18 94 71
18 95 6
18 96 54
18 97 44
18 98 16
18 99 45
18 100 98
18 101 47
18 102 87
18 103 87
18 104 76
18 105 99
18 106 77
18 107 28
18 108 47
18 109 13
18 110 3
18 111 84
18 112 95
18 113 98
18 114 74
18 115 39
18 116 87
18 117 31
18 118 32
18 119 60
19 20 66
19 21 98
19 22 69
19 23 81
19 24 58
19 25 96
19 26 75
19 27 39
19 28 9
19 29 2
19 30 4
19 31 57
19 32 51
19 33 82
19 34 53
19 35 72
19 36 78
19 37 31
19 38 13
19 39 84
19 40 11
19 41 18
19 42 53
19 43 79
19 44 65
19 45 59
19 46 78
19 47 61
19 48 95
19 49 44
19 50 59
19 51 71
19 52 98
19 53 52
19 54 47
19 55 4
19 56 77
19 57 45
19 58 12
19 59 88
19 60 72
19 61 75
19 62 80
19 63 20
19 64 41
19 65 64
19 66 75
19 67 10
19 68 43
19 69 76
19 70 40
19 71 78
19 72 78
19 73 2
19 74 7
19 75 65
19 76 74
19 77 4
19 78 61
19 79 97
19 80 21
19 81 17
19 82 12
19 83 75
19 84 35
19 85 54
19 86 21
19 87 31
19 88 85
19 89 31
19 90 14
19 91 16
19 92 83
19 93 36
19 94 6
19 95 74
19 96 76
19 97 74
19 98 65
19 99 46
19 100 33
19 101 44
19 102 80
19 103 36
19 104 57
19 105 73
19 106 73
19 107 70
19 108 60
19 109 53
19 110 21
19 111 0
19 112 2
19 113 88
19 114 18
19 115 68
19 116 10
19 117 80
19 118 85
19 119 87
20 21 2
20 22 63
20 23 82
20 24 84
20 25 42
20 26 16
20 27 46
20 28 53
20 29 84
20 30 91
20 31 91
20 32 25
20 33 34
20 34 24
20 35 85
20 36 62
20 37 40
20 38 29
20 39 63
20 40 90
20 41 66
20 42 64
20 43 28
20 44 60
20 45 3
20 46 64
20 47 56
20 48 72
20 49 6
20 50 67
20 51 24
20 52 21
20 53 29
20 54 31
20 55 30
20 56 86
20 57 29
20 58 2
20 59 23
20 60 74
20 61 42
20 62 70
20 63 1
20 64 96
20 65 26
20 66 37
20 67 64
20 68 24
20 69 11
20 70 55
20 71 95
20 72 81
20 73 55
20 74 80
20 75 75
20 76 35
20 77 9
20 78 17
20 79 97
20 80 87
20 81 63
20 82 99
20 83 97
20 84 87
20 85 61
20 86 0
20 87 37
20 88 87
20 89 99
20 90 0
20 91 47
20 92 51
20 93 44
20 94 15
20 95 82
20 96 76
20 97 70
20 98 86
20 99 50
20 100 11
20 101 8
20 102 0
20 103 13
20 104 61
20 105 0
20 106 11
20 107 86
20 108 76
20 109 72
20 110 37
20 111 90
20 112 47
20 113 61
20 114 41
20 115 33
20 116 95
20 117 5
20 118 81
20 119 41
21 22 16
21 23 68
21 24 80
21 25 6
21 26 92
21 27 33
21 28 72
21 29 92
21 30 37
21 31 38
21 32 45
21 33 53
21 34 38
21 35 83
21 36 38
21 37 62
21 38 71
21 39 58
21 40 6
21 41 85
21 42 66
21 43 30
21 44 43
21 45 57
21 46 77
21 47 43
21 48 90
21 49 53
21 50 57
21 51 24
21 52 66
21 53 42
21 54 31
21 55 19
21 56 50
21 57 1
21 58 69
21 59 22
21 60 33
21 61 30
21 62 79
21 63 0
21 64 48
21 65 82
21 66 36
21 67 94
21 68 84
21 69 11
21 70 46
21 71 0
21 72 25
21 73 85
21 74 11
21 75 22
21 76 29
21 77 87
21 78 41
21 79 79
21 80 23
21 81 80
21 82 6
21 83 73
21 84 57
21 85 58
21 86 64
21 87 25
21 88 88
21 89 99
21 90 67
21 91 53
21 92 75
21 93 56
21 94 36
21 95 81
21 96 51
21 97 96
21 98 69
21 99 13
21 100 81
21 101 1
21 102 22
21 103 15
21 104 13
21 105 75
21 106 49
21 107 5
21 108 79
21 109 84
21 110 66
21 111 88
21 112 68
21 113 29
21 114 93
21 115 69
21 116 16
21 117 46
21 118 68
21 119 85
22 23 56
22 24 95
22 25 73
22 26 13
22 27 42
22 28 68
22 29 59
22 30 66
22 31 19
22 32 86
22 33 78
22 34 29
22 35 88
22 36 9
22 37 46
22 38 26
22 39 65
22 40 95
22 41 75
22 42 68
22 43 53
22 44 95
22 45 91
22 46 21
22 47 77
22 48 70
22 49 66
22 50 16
22 51 72
22 52 13
22 53 30
22 54 49
22 55 39
22 56 49
22 57 43
22 58 57
22 59 20
22 60 35
22 61 40
22 62 62
22 63 29
22 64 13
22 65 96
22 66 85
22 67 33
22 68 95
22 69 51
22 70 6
22 71 29
22 72 3
22 73 48
22 74 47
22 75 36
22 76 93
22 77 12
22 78 66
22 79 80
22 80 85
22 81 67
22 82 69
22 83 59
22 84 63
22 85 5
22 86 98
22 87 80
22 88 40
22 89 41
22 90 34
22 91 0
22 92 93
22 93 77
22 94 33
22 95 60
22 96 87
22 97 39
22 98 57
22 99 98
22 100 8
22 101 41
22 102 21
22 103 2
22 104 8
22 105 93
22 106 4
22 107 55
22 108 23
22 109 7
22 110 99
22 111 47
22 112 75
22 113 2
22 114 11
22 115 38
22 116 17
22 117 47
22 118 64
22 119 92
23 24 31
23 25 94
23 26 93
23 27 18
23 28 51
23 29 71
23 30 46
23 31 99
23 32 59
23 33 35
23 34 39
23 35 6
23 36 4
23 37 38
23 38 28
23 39 60
23 40 48
23 41 2
23 42 78
23 43 3
23 44 93
23 45 39
23 46 68
23 47 98
23 48 65
23 49 62
23 50 45
23 51 18
23 52 33
23 53 65
23 54 52
23 55 42
23 56 34
23 57 46
23 58 25
23 59 69
23 60 71
23 61 47
23 62 39
23 63 6
23 64 65
23 65 54
23 66 94
23 67 6
23 68 29
23 69 8
23 70 40
23 71 81
23 72 5
23 73 8
23 74 54
23 75 31
23 76 80
23 77 77
23 78 28
23 79 15
23 80 81
23 81 91
23 82 93
23 83 96
23 84 3
23 85 50
23 86 29
23 87 10
23 88 38
23 89 35
23 90 46
23 91 51
23 92 89
23 93 33
23 94 31
23 95 20
23 96 43
23 97 15
23 98 35
23 99 27
23 100 30
23 101 82
23 102 75
23 103 40
23 104 45
23 105 92
23 106 89
23 107 53
23 108 45
23 109 99
23 110 36
23 111 40
23 112 65
23 113 59
23 114 73
23 115 57
23 116 58
23 117 83
23 118 77
23 119 79
24 25 41
24 26 34
24 27 30
24 28 86
24 29 67
24 30 88
24 31 50
24 32 92
24 33 97
24 34 28
24 35 31
24 36 62
24 37 84
24 38 81
24 39 6
24 40 97
24 41 73
24 42 13
24 43 77
24 44 96
24 45 46
24 46 15
24 47 22
24 48 12
24 49 29
24 50 35
24 51 0
24 52 99
24 53 65
24 54 81
24 55 21
24 56 76
24 57 13
24 58 5
24 59 67
24 60 8
24 61 3
24 62 97
24 63 32
24 64 66
24 65 45
24 66 76
24 67 88
24 68 88
24 69 48
24 70 48
24 71 36
24 72 13
24 73 94
24 74 62
24 75 68
24 76 38
24 77 9
24 78 63
24 79 35
24 80 47
24 81 15
24 82 81
24 83 12
24 84 87
24 85 10
24 86 0
24 87 53
24 88 11
24 89 97
24 90 33
24 91 79
24 92 60
24 93 62
24 94 52
24 95 83
24 96 84
24 97 75
24 98 64
24 99 24
24 100 51
24 101 24
24 102 52
24 103 96
24 104 7
24 105 52
24 106 58
24 107 4
24 108 6
24 109 70
24 110 27
24 111 60
24 112 96
24 113 85
24 114 46
24 115 96
24 116 89
24 117 23
24 118 73
24 119 31
25 26 27
25 27 37
25 28 94
25 29 96
25 30 83
25 31 57
25 32 58
25 33 5
25 34 32
25 35 86
25 36 20
25 37 2
25 38 87
25 39 51
25 40 46
25 41 33
25 42 66
25 43 43
25 44 1
25 45 39
25 46 49
25 47 13
25 48 35
25 49 38
25 50 47
25 51 59
25 52 65
25 53 36
25 54 13
25 55 80
25 56 93
25 57 35
25 58 84
25 59 79
25 60 41
25 61 18
25 62 93
25 63 3
25 64 26
25 65 50
25 66 18
25 67 31
25 68 14
25 69 3
25 70 2
25 71 34
25 72 17
25 73 74
25 74 93
25 75 74
25 76 4
25 77 32
25 78 51
25 79 79
25 80 75
25 81 96
25 82 75
25 83 55
25 84 39
25 85 65
25 86 98
25 87 79
25 88 78
25 89 37
25 90 21
25 91 35
25 92 98
25 93 43
25 94 81
25 95 8
25 96 64
25 97 44
25 98 26
25 99 93
25 100 70
25 101 69
25 102 98
25 103 11
25 104 54
25 105 28
25 106 87
25 107 49
25 108 15
25 109 37
25 110 31
25 111 92
25 112 55
25 113 8
25 114 88
25 115 25
25 116 62
25 117 6
25 118 95
25 119 72
26 27 44
26 28 93
26 29 89
26 30 88
26 31 19
26 32 8
26 33 24
26 34 38
26 35 82
26 36 32
26 37 25
26 38 12
26 39 60
26 40 15
26 41 46
26 42 94
26 43 29
26 44 64
26 45 83
26 46 91
26 47 86
26 48 32
26 49 56
26 50 65
26 51 17
26 52 78
26 53 3
26 54 10
26 55 62
26 56 11
26 57 7
26 58 25
26 59 97
26 60 17
26 61 89
26 62 50
26 63 9
26 64 64
26 65 68
26 66 26
26 67 62
26 68 63
26 69 61
26 70 22
26 71 98
26 72 48
26 73 53
26 74 29
26 75 79
26 76 75
26 77 59
26 78 9
26 79 24
26 80 69
26 81 21
26 82 33
26 83 64
26 84 72
26 85 50
26 86 55
26 87 20
26 88 22
26 89 31
26 90 3
26 91 52
26 92 78
26 93 50
26 94 37
26 95 34
26 96 39
26 97 38
26 98 79
26 99 84
26 100 68
26 101 75
26 102 77
26 103 11
26 104 86
26 105 33
26 106 17
26 107 54
26 108 3
26 109 5
26 110 33
26 111 3
26 112 34
26 113 26
26 114 80
26 115 33
26 116 76
26 117 28
26 118 27
26 119 75
27 28 41
27 29 1
27 30 22
27 31 20
27 32 3
27 33 49
27 34 0
27 35 20
27 36 22
27 37 70
27 38 2
27 39 5
27 40 69
27 41 27
27 42 71
27 43 68
27 44 10
27 45 1
27 46 80
27 47 3
27 48 22
27 49 65
27 50 70
27 51 50
27 52 0
27 53 82
27 54 68
27 55 91
27 56 15
27 57 30
27 58 21
27 59 33
27 60 46
27 61 49
27 62 18
27 63 90
27 64 16
27 65 99
27 66 91
27 67 27
27 68 45
27 69 24
27 70 20
27 71 33
27 72 48
27 73 91
27 74 29
27 75 2
27 76 4
27 77 84
27 78 9
27 79 41
27 80 89
27 81 26
27 82 84
27 83 14
27 84 88
27 85 4
27 86 99
27 87 5
27 88 49
27 89 58
27 90 47
27 91 31
27 92 80
27 93 38
27 94 92
27 95 19
27 96 13
27 97 46
27 98 32
27 99 91
27 100 13
27 101 28
27 102 82
27 103 55
27 104 94
27 105 38
27 106 18
27 107 49
27 108 39
27 109 9
27 110 17
27 111 94
27 112 38
27 113 95
27 114 45
27 115 0
27 116 38
27 117 88
27 118 4
27 119 36
28 29 39
28 30 67
28 31 76
28 32 78
28 33 63
28 34 0
28 35 97
28 36 60
28 37 61
28 38 41
28 39 56
28 40 46
28 41 70
28 42 99
28 43 22
28 44 57
28 45 56
28 46 12
28 47 97
28 48 79
28 49 14
28 50 21
28 51 47
28 52 3
28 53 55
28 54 47
28 55 87
28 56 70
28 57 20
28 58 53
28 59 71
28 60 34
28 61 19
28 62 65
28 63 39
28 64 41
28 65 72
28 66 90
28 67 5
28 68 59
28 69 50
28 70 81
28 71 34
28 72 33
28 73 11
28 74 87
28 75 55
28 76 36
28 77 22
28 78 18
28 79 53
28 80 7
28 81 92
28 82 98
28 83 99
28 84 93
28 85 28
28 86 100
28 87 39
28 88 5
28 89 98
28 90 77
28 91 95
28 92 71
28 93 43
28 94 45
28 95 85
28 96 80
28 97 67
28 98 33
28 99 23
28 100 42
28 101 28
28 102 87
28 103 83
28 104 30
28 105 29
28 106 84
28 107 78
28 108 97
28 109 73
28 110 90
28 111 12
28 112 76
28 113 40
28 114 67
28 115 83
28 116 33
28 117 2
28 118 28
28 119 41
29 30 52
29 31 27
29 32 69
29 33 99
29 34 32
29 35 98
29 36 72
29 37 84
29 38 30
29 39 7
29 40 34
29 41 34
29 42 9
29 43 23
29 44 98
29 45 68
29 46 74
29 47 42
29 48 99
29 49 76
29 50 84
29 51 8
29 52 60
29 53 0
29 54 37
29 55 45
29 56 61
29 57 76
29 58 15
29 59 52
29 60 56
29 61 53
29 62 13
29 63 68
29 64 90
29 65 56
29 66 42
29 67 61
29 68 71
29 69 25
29 70 29
29 71 97
29 72 75
29 73 44
29 74 31
29 75 7
29 76 26
29 77 71
29 78 54
29 79 26
29 80 79
29 81 44
29 82 86
29 83 6
29 84 63
29 85 12
29 86 14
29 87 92
29 88 63
29 89 18
29 90 95
29 91 90
29 92 74
29 93 22
29 94 100
29 95 5
29 96 18
29 97 69
29 98 22
29 99 99
29 100 32
29 101 40
29 102 59
29 103 14
29 104 69
29 105 14
29 106 43
29 107 28
29 108 63
29 109 99
29 110 49
29 111 86
29 112 25
29 113 67
29 114 87
29 115 44
29 116 3
29 117 65
29 118 31
29 119 12
30 31 23
30 32 3
30 33 61
30 34 22
30 35 98
30 36 49
30 37 85
30 38 64
30 39 99
30 40 87
30 41 86
30 42 27
30 43 89
30 44 35
30 45 65
30 46 100
30 47 47
30 48 56
30 49 94
30 50 78
30 51 80
30 52 13
30 53 69
30 54 35
30 55 23
30 56 26
30 57 18
30 58 12
30 59 71
30 60 96
30 61 73
30 62 17
30 63 47
30 64 19
30 65 29
30 66 14
30 67 5
30 68 30
30 69 62
30 70 59
30 71 97
30 72 51
30 73 19
30 74 56
30 75 73
30 76 56
30 77 63
30 78 64
30 79 59
30 80 52
30 81 63
30 82 52
30 83 41
30 84 80
30 85 44
30 86 25
30 87 32
30 88 22
30 89 54
30 90 0
30 91 40
30 92 4
30 93 35
30 94 41
30 95 40
30 96 75
30 97 83
30 98 31
30 99 61
30 100 82
30 101 0
30 102 6
30 103 35
30 104 73
30 105 46
30 106 32
30 107 47
30 108 31
30 109 80
30 110 30
30 111 8
30 112 43
30 113 98
30 114 31
30 115 61
30 116 61
30 117 59
30 118 32
30 119 53
31 32 96
31 33 47
31 34 72
31 35 88
31 36 45
31 37 62
31 38 17
31 39 26
31 40 73
31 41 97
31 42 54
31 43 55
31 44 60
31 45 39
31 46 85
31 47 13
31 48 44
31 49 74
31 50 55
31 51 20
31 52 14
31 53 88
31 54 44
31 55 71
31 56 37
31 57 86
31 58 69
31 59 88
31 60 32
31 61 86
31 62 34
31 63 35
31 64 29
31 65 70
31 66 79
31 67 4
31 68 27
31 69 99
31 70 2
31 71 33
31 72 51
31 73 58
31 74 75
31 75 44
31 76 41
31 77 41
31 78 96
31 79 67
31 80 82
31 81 46
31 82 2
31 83 94
31 84 38
31 85 10
31 86 95
31 87 80
31 88 48
31 89 50
31 90 79
31 91 5
31 92 79
31 93 34
31 94 55
31 95 9
31 96 53
31 97 33
31 98 29
31 99 9
31 100 0
31 101 77
31 102 16
31 103 35
31 104 20
31 105 97
31 106 98
31 107 95
31 108 28
31 109 20
31 110 98
31 111 40
31 112 93
31 113 3
31 114 24
31 115 97
31 116 26
31 117 81
31 118 87
31 119 95
32 33 62
32 34 79
32 35 27
32 36 3
32 37 44
32 38 84
32 39 14
32 40 43
32 41 89
32 42 7
32 43 30
32 44 1
32 45 48
32 46 45
32 47 14
32 48 80
32 49 80
32 50 42
32 51 58
32 52 88
32 53 70
32 54 41
32 55 2
32 56 73
32 57 55
32 58 51
32 59 75
32 60 57
32 61 58
32 62 69
32 63 89
32 64 35
32 65 64
32 66 73
32 67 52
32 68 18
32 69 61
32 70 38
32 71 57
32 72 79
32 73 66
32 74 58
32 75 18
32 76 41
32 77 63
32 78 28
32 79 28
32 80 91
32 81 94
32 82 93
32 83 3
32 84 17
32 85 98
32 86 6
32 87 34
32 88 4
32 89 83
32 90 57
32 91 90
32 92 57
32 93 29
32 94 7
32 95 54
32 96 66
32 97 24
32 98 99
32 99 64
32 100 18
32 101 67
32 102 81
32 103 91
32 104 61
32 105 19
32 106 43
32 107 63
32 108 79
32 109 2
32 110 5
32 111 82
32 112 64
32 113 8
32 114 47
32 115 1
32 116 62
32 117 22
32 118 90
32 119 27
33 34 9
33 35 59
33 36 89
33 37 58
33 38 59
33 39 18
33 40 79
33 41 0
33 42 16
33 43 17
33 44 29
33 45 97
33 46 20
33 47 4
33 48 85
33 49 87
33 50 55
33 51 82
33 52 29
33 53 89
33 54 2
33 55 19
33 56 7
33 57 6
33 58 38
33 59 38
33 60 48
33 61 78
33 62 9
33 63 56
33 64 30
33 65 17
33 66 28
33 67 40
33 68 30
33 69 16
33 70 75
33 71 60
33 72 96
33 73 85
33 74 9
33 75 92
33 76 15
33 77 11
33 78 26
33 79 34
33 80 14
33 81 40
33 82 78
33 83 94
33 84 45
33 85 75
33 86 35
33 87 48
33 88 76
33 89 98
33 90 86
33 91 18
33 92 17
33 93 1
33 94 61
33 95 27
33 96 34
33 97 40
33 98 99
33 99 50
33 100 64
33 101 25
33 102 84
33 103 19
33 104 53
33 105 3
33 106 37
33 107 12
33 108 14
33 109 53
33 110 45
33 111 73
33 112 91
33 113 86
33 114 95
33 115 44
33 116 39
33 117 10
33 118 26
33 119 94
34 35 69
34 36 100
34 37 87
34 38 97
34 39 72
34 40 17
34 41 83
34 42 87
34 43 0
34 44 52
34 45 38
34 46 80
34 47 7
34 48 11
34 49 95
34 50 8
34 51 0
34 52 29
34 53 3
34 54 89
34 55 24
34 56 23
34 57 82
34 58 71
34 59 76
34 60 70
34 61 20
34 62 27
34 63 8
34 64 13
34 65 14
34 66 36
34 67 97
34 68 37
34 69 53
34 70 54
34 71 97
34 72 83
34 73 2
34 74 72
34 75 59
34 76 25
34 77 41
34 78 45
34 79 98
34 80 91
34 81 39
34 82 3
34 83 20
34 84 32
34 85 14
34 86 98
34 87 31
34 88 36
34 89 0
34 90 19
34 91 25
34 92 52
34 93 28
34 94 63
34 95 17
34 96 50
34 97 21
34 98 56
34 99 7
34 100 47
34 101 3
34 102 77
34 103 2
34 104 78
34 105 30
34 106 65
34 107 68
34 108 40
34 109 47
34 110 17
34 111 29
34 112 16
34 113 28
34 114 2
34 115 64
34 116 9
34 117 41
34 118 9
34 119 96
35 36 65
35 37 23
35 38 97
35 39 23
35 40 89
35 41 59
35 42 65
35 43 63
35 44 53
35 45 24
35 46 27
35 47 62
35 48 75
35 49 15
35 50 42
35 51 76
35 52 7
35 53 11
35 54 9
35 55 49
35 56 40
35 57 61
35 58 77
35 59 26
35 60 85
35 61 70
35 62 53
35 63 16
35 64 28
35 65 23
35 66 93
35 67 28
35 68 66
35 69 50
35 70 39
35 71 23
35 72 55
35 73 67
35 74 77
35 75 11
35 76 64
35 77 17
35 78 62
35 79 32
35 80 16
35 81 70
35 82 60
35 83 67
35 84 91
35 85 11
35 86 46
35 87 54
35 88 57
35 89 53
35 90 3
35 91 19
35 92 93
35 93 35
35 94 15
35 95 66
35 96 78
35 97 49
35 98 27
35 99 100
35 100 25
35 101 55
35 102 56
35 103 62
35 104 7
35 105 42
35 106 87
35 107 83
35 108 78
35 109 18
35 110 74
35 111 84
35 112 58
35 113 4
35 114 1
35 115 16
35 116 48
35 117 33
35 118 24
35 119 41
36 37 0
36 38 65
36 39 70
36 40 49
36 41 87
36 42 38
36 43 71
36 44 60
36 45 72
36 46 77
36 47 70
36 48 32
36 49 93
36 50 93
36 51 37
36 52 57
36 53 52
36 54 63
36 55 74
36 56 24
36 57 51
36 58 74
36 59 40
36 60 55
36 61 56
36 62 90
36 63 14
36 64 87
36 65 83
36 66 26
36 67 46
36 68 1
36 69 49
36 70 4
36 71 86
36 72 2
36 73 100
36 74 58
36 75 61
36 76 66
36 77 89
36 78 97
36 79 51
36 80 71
36 81 92
36 82 11
36 83 66
36 84 38
36 85 62
36 86 56
36 87 73
36 88 85
36 89 7
36 90 32
36 91 27
36 92 80
36 93 14
36 94 48
36 95 17
36 96 87
36 97 81
36 98 35
36 99 29
36 100 42
36 101 33
36 102 39
36 103 88
36 104 83
36 105 9
36 106 62
36 107 0
36 108 59
36 109 35
36 110 67
36 111 99
36 112 98
36 113 53
36 114 62
36 115 29
36 116 62
36 117 54
36 118 97
36 119 34
37 38 2
37 39 0
37 40 16
37 41 79
37 42 46
37 43 75
37 44 97
37 45 20
37 46 83
37 47 15
37 48 74
37 49 8
37 50 49
37 51 95
37 52 15
37 53 56
37 54 80
37 55 24
37 56 56
37 57 93
37 58 71
37 59 73
37 60 96
37 61 54
37 62 21
37 63 39
37 64 94
37 65 63
37 66 32
37 67 26
37 68 40
37 69 67
37 70 21
37 71 57
37 72 9
37 73 33
37 74 93
37 75 70
37 76 99
37 77 30
37 78 59
37 79 35
37 80 66
37 81 9
37 82 34
37 83 39
37 84 53
37 85 26
37 86 32
37 87 83
37 88 65
37 89 89
37 90 75
37 91 5
37 92 25
37 93 49
37 94 88
37 95 5
37 96 82
37 97 65
37 98 61
37 99 16
37 100 94
37 101 41
37 102 63
37 103 62
37 104 58
37 105 3
37 106 12
37 107 83
37 108 43
37 109 70
37 110 67
37 111 17
37 112 16
37 113 72
37 114 37
37 115 54
37 116 45
37 117 35
37 118 97
37 119 49
38 39 97
38 40 45
38 41 26
38 42 64
38 43 96
38 44 82
38 45 18
38 46 28
38 47 24
38 48 40
38 49 77
38 50 20
38 51 96
38 52 86
38 53 26
38 54 58
38 55 27
38 56 21
38 57 60
38 58 75
38 59 26
38 60 92
38 61 31
38 62 76
38 63 13
38 64 71
38 65 38
38 66 62
38 67 46
38 68 35
38 69 47
38 70 27
38 71 76
38 72 87
38 73 7
38 74 51
38 75 81
38 76 79
38 77 81
38 78 36
38 79 88
38 80 10
38 81 72
38 82 65
38 83 91
38 84 2
38 85 36
38 86 70
38 87 82
38 88 44
38 89 64
38 90 54
38 91 29
38 92 35
38 93 31
38 94 4
38 95 26
38 96 91
38 97 98
38 98 74
38 99 32
38 100 67
38 101 36
38 102 64
38 103 32
38 104 12
38 105 66
38 106 85
38 107 34
38 108 60
38 109 15
38 110 76
38 111 54
38 112 35
38 113 28
38 114 41
38 115 20
38 116 35
38 117 24
38 118 59
38 119 38
39 40 20
39 41 13
39 42 74
39 43 0
39 44 43
39 45 12
39 46 2
39 47 10
39 48 68
39 49 35
39 50 5
39 51 14
39 52 36
39 53 89
39 54 80
39 55 91
39 56 99
39 57 13
39 58 62
39 59 6
39 60 55
39 61 95
39 62 12
39 63 3
39 64 51
39 65 47
39 66 99
39 67 36
39 68 8
39 69 99
39 70 71
39 71 52
39 72 26
39 73 78
39 74 79
39 75 4
39 76 26
39 77 50
39 78 1
39 79 92
39 80 79
39 81 38
39 82 61
39 83 55
39 84 50
39 85 34
39 86 12
39 87 41
39 88 13
39 89 24
39 90 95
39 91 45
39 92 58
39 93 77
39 94 64
39 95 10
39 96 25
39 97 33
39 98 19
39 99 99
39 100 36
39 101 29
39 102 27
39 103 76
39 104 59
39 105 4
39 106 42
39 107 64
39 108 17
39 109 26
39 110 46
39 111 74
39 112 33
39 113 13
39 114 15
39 115 73
39 116 59
39 117 31
39 118 91
39 119 19
40 41 63
40 42 35
40 43 99
40 44 91
40 45 96
40 46 80
40 47 73
40 48 4
40 49 29
40 50 2
40 51 64
40 52 72
40 53 10
40 54 38
40 55 97
40 56 13
40 57 61
40 58 15
40 59 50
40 60 78
40 61 40
40 62 61
40 63 75
40 64 49
40 65 15
40 66 90
40 67 34
40 68 19
40 69 21
40 70 93
40 71 93
40 72 60
40 73 83
40 74 100
40 75 54
40 76 28
40 77 74
40 78 98
40 79 39
40 80 16
40 81 62
40 82 89
40 83 64
40 84 55
40 85 54
40 86 33
40 87 78
40 88 83
40 89 71
40 90 82
40 91 14
40 92 32
40 93 0
40 94 6
40 95 87
40 96 31
40 97 93
40 98 43
40 99 49
40 100 3
40 101 75
40 102 77
40 103 97
40 104 4
40 105 57
40 106 8
40 107 48
40 108 35
40 109 68
40 110 27
40 111 67
40 112 79
40 113 61
40 114 2
40 115 46
40 116 55
40 117 24
40 118 7
40 119 4
41 42 78
41 43 14
41 44 100
41 45 97
41 46 79
41 47 30
41 48 80
41 49 72
41 50 39
41 51 76
41 52 36
41 53 11
41 54 34
41 55 100
41 56 78
41 57 17
41 58 71
41 59 86
41 60 47
41 61 26
41 62 78
41 63 19
41 64 7
41 65 96
41 66 21
41 67 49
41 68 55
41 69 75
41 70 59
41 71 81
41 72 25
41 73 52
41 74 64
41 75 76
41 76 36
41 77 97
41 78 86
41 79 16
41 80 59
41 81 0
41 82 78
41 83 42
41 84 7
41 85 2
41 86 94
41 87 18
41 88 79
41 89 100
41 90 46
41 91 53
41 92 74
41 93 94
41 94 44
41 95 53
41 96 6
41 97 19
41 98 47
41 99 55
41 100 39
41 101 24
41 102 18
41 103 27
41 104 33
41 105 4
41 106 46
41 107 48
41 108 53
41 109 15
41 110 8
41 111 80
41 112 94
41 113 4
41 114 24
41 115 15
41 116 80
41 117 50
41 118 80
41 119 22
42 43 45
42 44 100
42 45 83
42 46 95
42 47 32
42 48 25
42 49 26
42 50 90
42 51 42
42 52 21
42 53 41
42 54 96
42 55 67
42 56 69
42 57 93
42 58 73
42 59 29
42 60 58
42 61 1
42 62 65
42 63 96
42 64 16
42 65 82
42 66 76
42 67 38
42 68 90
42 69 79
42 70 77
42 71 53
42 72 70
42 73 34
42 74 36
42 75 69
42 76 26
42 77 40
42 78 46
42 79 95
42 80 85
42 81 1
42 82 57
42 83 65
42 84 93
42 85 65
42 86 54
42 87 72
42 88 8
42 89 75
42 90 44
42 91 86
42 92 47
42 93 49
42 94 9
42 95 23
42 96 95
42 97 52
42 98 83
42 99 68
42 100 68
42 101 64
42 102 56
42 103 18
42 104 48
42 105 38
42 106 37
42 107 61
42 108 29
42 109 5
42 110 54
42 111 35
42 112 28
42 113 28
42 114 24
42 115 65
42 116 41
42 117 1
42 118 39
42 119 64
43 44 4
43 45 12
43 46 58
43 47 36
43 48 75
43 49 22
43 50 38
43 51 15
43 52 83
43 53 34
43 54 7
43 55 21
43 56 19
43 57 13
43 58 92
43 59 11
43 60 85
43 61 41
43 62 89
43 63 99
43 64 53
43 65 18
43 66 96
43 67 97
43 68 54
43 69 48
43 70 60
43 71 78
43 72 6
43 73 99
43 74 61
43 75 17
43 76 18
43 77 70
43 78 91
43 79 76
43 80 35
43 81 76
43 82 50
43 83 5
43 84 25
43 85 15
43 86 2
43 87 17
43 88 81
43 89 39
43 90 14
43 91 31
43 92 1
43 93 8
43 94 20
43 95 10
43 96 72
43 97 80
43 98 70
43 99 22
43 100 16
43 101 27
43 102 30
43 103 49
43 104 10
43 105 64
43 106 90
43 107 47
43 108 65
43 109 28
43 110 89
43 111 31
43 112 73
43 113 61
43 114 35
43 115 29
43 116 21
43 117 7
43 118 55
43 119 40
44 45 61
44 46 69
44 47 89
44 48 98
44 49 59
44 50 76
44 51 22
44 52 18
44 53 19
44 54 1
44 55 59
44 56 57
44 57 42
44 58 42
44 59 11
44 60 29
44 61 6
44 62 12
44 63 68
44 64 76
44 65 34
44 66 56
44 67 85
44 68 74
44 69 96
44 70 2
44 71 36
44 72 79
44 73 9
44 74 21
44 75 3
44 76 30
44 77 16
44 78 50
44 79 42
44 80 5
44 81 22
44 82 87
44 83 57
44 84 61
44 85 0
44 86 65
44 87 26
44 88 1
44 89 64
44 90 42
44 91 67
44 92 91
44 93 0
44 94 14
44 95 32
44 96 100
44 97 61
44 98 14
44 99 25
44 100 38
44 101 31
44 102 48
44 103 23
44 104 87
44 105 16
44 106 79
44 107 31
44 108 5
44 109 45
44 110 54
44 111 27
44 112 13
44 113 13
44 114 44
44 115 17
44 116 98
44 117 1
44 118 58
44 119 24
45 46 36
45 47 30
45 48 13
45 49 25
45 50 49
45 51 3
45 52 87
45 53 65
45 54 39
45 55 57
45 56 3
45 57 100
45 58 52
45 59 70
45 60 43
45 61 49
45 62 54
45 63 85
45 64 27
45 65 56
45 66 92
45 67 58
45 68 97
45 69 38
45 70 68
45 71 10
45 72 68
45 73 72
45 74 95
45 75 43
45 76 23
45 77 64
45 78 7
45 79 62
45 80 26
45 81 77
45 82 38
45 83 52
45 84 47
45 85 50
45 86 90
45 87 33
45 88 10
45 89 79
45 90 98
45 91 80
45 92 55
45 93 14
45 94 85
45 95 93
45 96 16
45 97 27
45 98 84
45 99 56
45 100 49
45 101 19
45 102 31
45 103 98
45 104 35
45 105 77
45 106 24
45 107 73
45 108 11
45 109 99
45 110 80
45 111 12
45 112 15
45 113 65
45 114 79
45 115 66
45 116 26
45 117 20
45 118 61
45 119 46
46 47 27
46 48 58
46 49 25
46 50 42
46 51 53
46 52 13
46 53 23
46 54 21
46 55 7
46 56 90
46 57 18
46 58 18
46 59 16
46 60 33
46 61 35
46 62 60
46 63 3
46 64 26
46 65 88
46 66 94
46 67 56
46 68 6
46 69 44
46 70 93
46 71 41
46 72 17
46 73 17
46 74 38
46 75 64
46 76 52
46 77 40
46 78 70
46 79 79
46 80 10
46 81 29
46 82 31
46 83 99
46 84 98
46 85 61
46 86 15
46 87 56
46 88 84
46 89 73
46 90 100
46 91 75
46 92 22
46 93 13
46 94 35
46 95 39
46 96 25
46 97 43
46 98 65
46 99 76
46 100 82
46 101 32
46 102 14
46 103 92
46 104 50
46 105 85
46 106 31
46 107 99
46 108 8
46 109 88
46 110 58
46 111 75
46 112 8
46 113 75
46 114 45
46 115 32
46 116 78
46 117 53
46 118 94
46 119 85
47 48 80
47 49 74
47 50 74
47 51 52
47 52 59
47 53 23
47 54 77
47 55 60
47 56 35
47 57 57
47 58 48
47 59 3
47 60 55
47 61 51
47 62 5
47 63 23
47 64 55
47 65 85
47 66 67
47 67 42
47 68 7
47 69 51
47 70 95
47 71 53
47 72 57
47 73 91
47 74 41
47 75 1
47 76 11
47 77 5
47 78 82
47 79 0
47 80 50
47 81 36
47 82 52
47 83 86
47 84 58
47 85 47
47 86 98
47 87 63
47 88 79
47 89 66
47 90 80
47 91 47
47 92 70
47 93 94
47 94 45
47 95 44
47 96 27
47 97 45
47 98 24
47 99 87
47 100 99
47 101 78
47 102 6
47 103 70
47 104 96
47 105 6
47 106 66
47 107 49
47 108 64
47 109 27
47 110 27
47 111 31
47 112 14
47 113 15
47 114 3
47 115 6
47 116 79
47 117 49
47 118 68
47 119 90
48 49 44
48 50 23
48 51 30
48 52 0
48 53 4
48 54 98
48 55 38
48 56 9
48 57 73
48 58 30
48 59 34
48 60 54
48 61 57
48 62 83
48 63 100
48 64 50
48 65 12
48 66 26
48 67 52
48 68 81
48 69 59
48 70 68
48 71 8
48 72 42
48 73 41
48 74 18
48 75 71
48 76 21
48 77 54
48 78 76
48 79 27
48 80 40
48 81 96
48 82 98
48 83 93
48 84 59
48 85 56
48 86 12
48 87 38
48 88 52
48 89 92
48 90 49
48 91 82
48 92 12
48 93 38
48 94 11
48 95 48
48 96 55
48 97 24
48 98 54
48 99 8
48 100 90
48 101 62
48 102 79
48 103 55
48 104 80
48 105 34
48 106 23
48 107 39
48 108 61
48 109 8
48 110 55
48 111 80
48 112 70
48 113 99
48 114 76
48 115 45
48 116 21
48 117 81
48 118 61
48 119 10
49 50 25
49 51 42
49 52 18
49 53 36
49 54 45
49 55 67
49 56 63
49 57 48
49 58 37
49 59 38
49 60 75
49 61 9
49 62 94
49 63 92
49 64 23
49 65 1
49 66 14
49 67 76
49 68 100
49 69 35
49 70 88
49 71 7
49 72 57
49 73 34
49 74 24
49 75 98
49 76 30
49 77 20
49 78 90
49 79 46
49 80 62
49 81 82
49 82 54
49 83 9
49 84 62
49 85 19
49 86 8
49 87 60
49 88 32
49 89 57
49 90 17
49 91 46
49 92 93
49 93 47
49 94 66
49 95 61
49 96 89
49 97 44
49 98 47
49 99 50
49 100 37
49 101 51
49 102 45
49 103 60
49 104 32
49 105 0
49 106 97
49 107 38
49 108 86
49 109 50
49 110 90
49 111 13
49 112 45
49 113 29
49 114 92
49 115 24
49 116 69
49 117 76
49 118 43
49 119 17
50 51 21
50 52 62
50 53 85
50 54 96
50 55 66
50 56 87
50 57 41
50 58 48
50 59 66
50 60 67
50 61 28
50 62 88
50 63 33
50 64 66
50 65 24
50 66 16
50 67 41
50 68 100
50 69 16
50 70 38
50 71 85
50 72 75
50 73 30
50 74 36
50 75 78
50 76 13
50 77 87
50 78 23
50 79 10
50 80 76
50 81 52
50 82 79
50 83 37
50 84 66
50 85 43
50 86 69
50 87 58
50 88 38
50 89 83
50 90 65
50 91 72
50 92 7
50 93 94
50 94 63
50 95 30
50 96 21
50 97 6
50 98 86
50 99 25
50 100 85
50 101 2
50 102 44
50 103 16
50 104 65
50 105 6
50 106 52
50 107 70
50 108 96
50 109 59
50 110 87
50 111 20
50 112 56
50 113 52
50 114 14
50 115 81
50 116 38
50 117 22
50 118 34
50 119 15
51 52 47
51 53 62
51 54 18
51 55 15
51 56 94
51 57 79
51 58 46
51 59 42
51 60 88
51 61 65
51 62 23
51 63 43
51 64 18
51 65 43
51 66 99
51 67 17
51 68 78
51 69 15
51 70 54
51 71 58
51 72 96
51 73 82
51 74 21
51 75 99
51 76 25
51 77 62
51 78 50
51 79 35
51 80 53
51 81 66
51 82 0
51 83 70
51 84 25
51 85 61
51 86 71
51 87 18
51 88 77
51 89 92
51 90 68
51 91 31
51 92 39
51 93 64
51 94 66
51 95 71
51 96 67
51 97 2
51 98 57
51 99 27
51 100 57
51 101 77
51 102 23
51 103 39
51 104 65
51 105 3
51 106 86
51 107 58
51 108 73
51 109 39
51 110 91
51 111 4
51 112 19
51 113 13
51 114 82
51 115 1
51 116 29
51 117 90
51 118 64
51 119 64
52 53 77
52 54 27
52 55 80
52 56 76
52 57 99
52 58 60
52 59 65
52 60 43
52 61 97
52 62 98
52 63 17
52 64 86
52 65 67
52 66 70
52 67 49
52 68 13
52 69 99
52 70 19
52 71 63
52 72 7
52 73 78
52 74 10
52 75 15
52 76 89
52 77 34
52 78 36
52 79 71
52 80 46
52 81 64
52 82 91
52 83 2
52 84 63
52 85 64
52 86 74
52 87 88
52 88 16
52 89 63
52 90 60
52 91 39
52 92 55
52 93 76
52 94 61
52 95 72
52 96 60
52 97 0
52 98 82
52 99 100
52 100 17
52 101 34
52 102 75
52 103 38
52 104 91
52 105 22
52 106 18
52 107 68
52 108 5
52 109 61
52 110 53
52 111 79
52 112 45
52 113 83
52 114 95
52 115 35
52 116 7
52 117 63
52 118 92
52 119 19
53 54 94
53 55 43
53 56 18
53 57 65
53 58 71
53 59 68
53 60 39
53 61 30
53 62 67
53 63 27
53 64 90
53 65 50
53 66 85
53 67 92
53 68 13
53 69 29
53 70 28
53 71 4
53 72 35
53 73 13
53 74 51
53 75 1
53 76 15
53 77 22
53 78 0
53 79 82
53 80 100
53 81 1
53 82 50
53 83 20
53 84 50
53 85 63
53 86 43
53 87 33
53 88 94
53 89 7
53 90 31
53 91 62
53 92 19
53 93 1
53 94 65
53 95 12
53 96 31
53 97 100
53 98 45
53 99 20
53 100 6
53 101 51
53 102 4
53 103 46
53 104 18
53 105 4
53 106 78
53 107 53
53 108 61
53 109 15
53 110 37
53 111 36
53 112 92
53 113 38
53 114 67
53 115 45
53 116 47
53 117 36
53 118 68
53 119 6
54 55 9
54 56 30
54 57 58
54 58 6
54 59 48
54 60 48
54 61 75
54 62 10
54 63 42
54 64 40
54 65 10
54 66 38
54 67 11
54 68 0
54 69 45
54 70 53
54 71 6
54 72 71
54 73 99
54 74 62
54 75 36
54 76 59
54 77 7
54 78 17
54 79 28
54 80 84
54 81 48
54 82 12
54 83 74
54 84 35
54 85 32
54 86 9
54 87 31
54 88 78
54 89 67
54 90 28
54 91 16
54 92 29
54 93 70
54 94 26
54 95 82
54 96 82
54 97 33
54 98 63
54 99 52
54 100 77
54 101 14
54 102 20
54 103 16
54 104 48
54 105 23
54 106 100
54 107 98
54 108 56
54 109 98
54 110 91
54 111 65
54 112 6
54 113 70
54 114 90
54 115 99
54 116 69
54 117 83
54 118 34
54 119 61
55 56 34
55 57 74
55 58 70
55 59 73
55 60 53
55 61 28
55 62 54
55 63 23
55 64 64
55 65 58
55 66 10
55 67 29
55 68 22
55 69 53
55 70 61
55 71 52
55 72 69
55 73 46
55 74 63
55 75 41
55 76 78
55 77 53
55 78 96
55 79 11
55 80 77
55 81 28
55 82 100
55 83 3
55 84 84
55 85 81
55 86 6
55 87 17
55 88 93
55 89 7
55 90 42
55 91 31
55 92 50
55 93 52
55 94 84
55 95 33
55 96 91
55 97 62
55 98 17
55 99 46
55 100 27
55 101 37
55 102 15
55 103 87
55 104 30
55 105 66
55 106 97
55 107 75
55 108 21
55 109 59
55 110 35
55 111 24
55 112 15
55 113 92
55 114 26
55 115 99
55 116 39
55 117 25
55 118 9
55 119 79
56 57 93
56 58 55
56 59 57
56 60 40
56 61 88
56 62 50
56 63 49
56 64 49
56 65 52
56 66 77
56 67 63
56 68 4
56 69 63
56 70 27
56 71 17
56 72 43
56 73 15
56 74 28
56 75 80
56 76 94
56 77 99
56 78 83
56 79 87
56 80 2
56 81 24
56 82 71
56 83 57
56 84 93
56 85 31
56 86 59
56 87 51
56 88 66
56 89 46
56 90 39
56 91 12
56 92 18
56 93 8
56 94 60
56 95 50
56 96 44
56 97 34
56 98 21
56 99 46
56 100 82
56 101 8
56 102 25
56 103 7
56 104 23
56 105 64
56 106 27
56 107 59
56 108 23
56 109 65
56 110 4
56 111 18
56 112 85
56 113 67
56 114 88
56 115 20
56 116 2
56 117 5
56 118 65
56 119 86
57 58 17
57 59 26
57 60 100
57 61 61
57 62 49
57 63 71
57 64 22
57 65 41
57 66 27
57 67 12
57 68 81
57 69 66
57 70 42
57 71 36
57 72 47
57 73 95
57 74 35
57 75 58
57 76 70
57 77 89
57 78 3
57 79 22
57 80 35
57 81 28
57 82 46
57 83 14
57 84 54
57 85 71
57 86 98
57 87 59
57 88 12
57 89 94
57 90 96
57 91 38
57 92 73
57 93 57
57 94 3
57 95 55
57 96 70
57 97 97
57 98 64
57 99 44
57 100 100
57 101 92
57 102 95
57 103 58
57 104 28
57 105 15
57 106 69
57 107 29
57 108 26
57 109 11
57 110 11
57 111 36
57 112 68
57 113 19
57 114 1
57 115 95
57 116 82
57 117 4
57 118 38
57 119 57
58 59 60
58 60 89
58 61 26
58 62 27
58 63 76
58 64 55
58 65 63
58 66 33
58 67 66
58 68 84
58 69 26
58 70 36
58 71 86
58 72 29
58 73 24
58 74 3
58 75 57
58 76 60
58 77 0
58 78 79
58 79 80
58 80 76
58 81 48
58 82 8
58 83 72
58 84 36
58 85 39
58 86 93
58 87 9
58 88 48
58 89 51
58 90 31
58 91 3
58 92 53
58 93 65
58 94 37
58 95 86
58 96 27
58 97 100
58 98 37
58 99 90
58 100 32
58 101 70
58 102 76
58 103 38
58 104 50
58 105 29
58 106 58
58 107 38
58 108 33
58 109 49
58 110 84
58 111 67
58 112 3
58 113 70
58 114 10
58 115 93
58 116 35
58 117 32
58 118 27
58 119 50
59 60 79
59 61 40
59 62 12
59 63 23
59 64 62
59 65 36
59 66 1
59 67 63
59 68 56
59 69 57
59 70 89
59 71 10
59 72 88
59 73 72
59 74 8
59 75 70
59 76 15
59 77 3
59 78 16
59 79 43
59 80 21
59 81 92
59 82 53
59 83 73
59 84 23
59 85 20
59 86 41
59 87 96
59 88 78
59 89 100
59 90 10
59 91 33
59 92 58
59 93 54
59 94 61
59 95 0
59 96 42
59 97 93
59 98 84
59 99 26
59 100 89
59 101 89
59 102 2
59 103 31
59 104 96
59 105 90
59 106 15
59 107 66
59 108 97
59 109 94
59 110 55
59 111 68
59 112 51
59 113 29
59 114 32
59 115 60
59 116 50
59 117 64
59 118 33
59 119 44
60 61 32
60 62 61
60 63 11
60 64 59
60 65 55
60 66 72
60 67 6
60 68 43
60 69 81
60 70 51
60 71 18
60 72 50
60 73 25
60 74 95
60 75 49
60 76 63
60 77 93
60 78 61
60 79 97
60 80 31
60 81 86
60 82 59
60 83 1
60 84 3
60 85 94
60 86 89
60 87 30
60 88 14
60 89 35
60 90 31
60 91 97
60 92 62
60 93 28
60 94 37
60 95 53
60 96 20
60 97 24
60 98 98
60 99 14
60 100 1
60 101 32
60 102 78
60 103 73
60 104 38
60 105 70
60 106 87
60 107 76
60 108 33
60 109 42
60 110 12
60 111 59
60 112 77
60 113 8
60 114 49
60 115 96
60 116 49
60 117 65
60 118 24
60 119 87
61 62 25
61 63 62
61 64 26
61 65 34
61 66 54
61 67 53
61 68 5
61 69 25
61 70 66
61 71 2
61 72 46
61 73 33
61 74 0
61 75 55
61 76 21
61 77 3
61 78 56
61 79 20
61 80 85
61 81 78
61 82 57
61 83 64
61 84 77
61 85 75
61 86 98
61 87 61
61 88 12
61 89 16
61 90 9
61 91 25
61 92 41
61 93 4
61 94 89
61 95 42
61 96 75
61 97 98
61 98 18
61 99 31
61 100 72
61 101 41
61 102 28
61 103 21
61 104 7
61 105 65
61 106 36
61 107 98
61 108 66
61 109 69
61 110 78
61 111 88
61 112 37
61 113 10
61 114 12
61 115 54
61 116 29
61 117 11
61 118 78
61 119 75
62 63 19
62 64 91
62 65 26
62 66 18
62 67 38
62 68 51
62 69 98
62 70 32
62 71 15
62 72 21
62 73 49
62 74 84
62 75 93
62 76 48
62 77 72
62 78 49
62 79 63
62 80 16
62 81 40
62 82 91
62 83 85
62 84 36
62 85 13
62 86 77
62 87 78
62 88 93
62 89 4
62 90 85
62 91 54
62 92 0
62 93 35
62 94 47
62 95 29
62 96 54
62 97 30
62 98 78
62 99 5
62 100 53
62 101 65
62 102 7
62 103 13
62 104 21
62 105 61
62 106 39
62 107 59
62 108 75
62 109 59
62 110 12
62 111 15
62 112 78
62 113 46
62 114 21
62 115 91
62 116 78
62 117 95
62 118 76
62 119 69
63 64 13
63 65 76
63 66 74
63 67 100
63 68 9
63 69 84
63 70 64
63 71 91
63 72 37
63 73 2
63 74 65
63 75 59
63 76 35
63 77 41
63 78 93
63 79 33
63 80 9
63 81 9
63 82 80
63 83 17
63 84 98
63 85 41
63 86 7
63 87 73
63 88 4
63 89 67
63 90 40
63 91 22
63 92 64
63 93 37
63 94 41
63 95 82
63 96 100
63 97 65
63 98 65
63 99 38
63 100 86
63 101 41
63 102 86
63 103 55
63 104 83
63 105 8
63 106 43
63 107 36
63 108 17
63 109 48
63 110 19
63 111 92
63 112 74
63 113 59
63 114 52
63 115 88
63 116 15
63 117 39
63 118 63
63 119 16
64 65 46
64 66 0
64 67 28
64 68 89
64 69 42
64 70 27
64 71 5
64 72 33
64 73 86
64 74 50
64 75 100
64 76 4
64 77 72
64 78 82
64 79 92
64 80 69
64 81 96
64 82 18
64 83 55
64 84 51
64 85 88
64 86 45
64 87 77
64 88 1
64 89 2
64 90 53
64 91 9
64 92 96
64 93 78
64 94 40
64 95 60
64 96 75
64 97 23
64 98 6
64 99 83
64 100 82
64 101 47
64 102 23
64 103 72
64 104 27
64 105 12
64 106 41
64 107 17
64 108 7
64 109 92
64 110 1
64 111 59
64 112 99
64 113 3
64 114 99
64 115 68
64 116 67
64 117 60
64 118 56
64 119 78
65 66 73
65 67 15
65 68 97
65 69 47
65 70 58
65 71 49
65 72 23
65 73 99
65 74 96
65 75 63
65 76 90
65 77 10
65 78 54
65 79 63
65 80 37
65 81 87
65 82 79
65 83 94
65 84 14
65 85 69
65 86 95
65 87 7
65 88 74
65 89 66
65 90 70
65 91 33
65 92 51
65 93 17
65 94 97
65 95 56
65 96 19
65 97 58
65 98 26
65 99 67
65 100 74
65 101 38
65 102 14
65 103 98
65 104 0
65 105 64
65 106 23
65 107 51
65 108 48
65 109 60
65 110 21
65 111 87
65 112 73
65 113 26
65 114 9
65 115 37
65 116 4
65 117 91
65 118 81
65 119 16
66 67 69
66 68 92
66 69 48
66 70 29
66 71 64
66 72 21
66 73 23
66 74 64
66 75 95
66 76 0
66 77 37
66 78 53
66 79 76
66 80 31
66 81 24
66 82 50
66 83 18
66 84 63
66 85 33
66 86 38
66 87 98
66 88 73
66 89 75
66 90 9
66 91 84
66 92 74
66 93 5
66 94 90
66 95 76
66 96 35
66 97 65
66 98 81
66 99 64
66 100 41
66 101 24
66 102 49
66 103 72
66 104 62
66 105 73
66 106 45
66 107 1
66 108 38
66 109 59
66 110 67
66 111 73
66 112 52
66 113 32
66 114 75
66 115 44
66 116 61
66 117 10
66 118 95
66 119 89
67 68 68
67 69 78
67 70 25
67 71 38
67 72 2
67 73 35
67 74 9
67 75 40
67 76 53
67 77 51
67 78 36
67 79 32
67 80 72
67 81 44
67 82 2
67 83 97
67 84 5
67 85 55
67 86 36
67 87 14
67 88 67
67 89 37
67 90 16
67 91 14
67 92 20
67 93 98
67 94 29
67 95 41
67 96 30
67 97 14
67 98 54
67 99 74
67 100 8
67 101 69
67 102 30
67 103 45
67 104 19
67 105 59
67 106 41
67 107 22
67 108 69
67 109 50
67 110 33
67 111 12
67 112 79
67 113 13
67 114 34
67 115 62
67 116 80
67 117 10
67 118 54
67 119 14
68 69 61
68 70 10
68 71 23
68 72 87
68 73 20
68 74 6
68 75 34
68 76 65
68 77 62
68 78 59
68 79 44
68 80 28
68 81 78
68 82 27
68 83 88
68 84 60
68 85 47
68 86 78
68 87 91
68 88 16
68 89 9
68 90 84
68 91 83
68 92 85
68 93 37
68 94 41
68 95 89
68 96 28
68 97 68
68 98 29
68 99 62
68 100 36
68 101 35
68 102 3
68 103 26
68 104 28
68 105 10
68 106 32
68 107 13
68 108 21
68 109 47
68 110 49
68 111 32
68 112 24
68 113 97
68 114 36
68 115 43
68 116 10
68 117 29
68 118 100
68 119 29
69 70 47
69 71 54
69 72 47
69 73 6
69 74 4
69 75 15
69 76 64
69 77 46
69 78 57
69 79 24
69 80 49
69 81 46
69 82 8
69 83 49
69 84 30
69 85 93
69 86 99
69 87 81
69 88 53
69 89 62
69 90 35
69 91 1
69 92 52
69 93 96
69 94 24
69 95 50
69 96 76
69 97 32
69 98 34
69 99 84
69 100 79
69 101 96
69 102 53
69 103 42
69 104 98
69 105 98
69 106 39
69 107 44
69 108 34
69 109 40
69 110 72
69 111 1
69 112 81
69 113 17
69 114 22
69 115 38
69 116 26
69 117 96
69 118 45
69 119 36
70 71 13
70 72 44
70 73 48
70 74 89
70 75 36
70 76 71
70 77 64
70 78 94
70 79 81
70 80 91
70 81 45
70 82 35
70 83 43
70 84 95
70 85 82
70 86 1
70 87 66
70 88 42
70 89 96
70 90 81
70 91 64
70 92 17
70 93 78
70 94 0
70 95 21
70 96 82
70 97 81
70 98 75
70 99 67
70 100 46
70 101 82
70 102 42
70 103 18
70 104 20
70 105 3
70 106 14
70 107 44
70 108 63
70 109 45
70 110 99
70 111 99
70 112 10
70 113 35
70 114 68
70 115 51
70 116 35
70 117 5
70 118 36
70 119 41
71 72 57
71 73 80
71 74 3
71 75 30
71 76 78
71 77 79
71 78 70
71 79 55
71 80 82
71 81 23
71 82 51
71 83 41
71 84 79
71 85 41
71 86 98
71 87 62
71 88 6
71 89 54
71 90 91
71 91 65
71 92 100
71 93 63
71 94 45
71 95 75
71 96 92
71 97 8
71 98 27
71 99 18
71 100 22
71 101 79
71 102 97
71 103 64
71 104 53
71 105 22
71 106 73
71 107 4
71 108 19
71 109 89
71 110 95
71 111 18
71 112 0
71 113 30
71 114 47
71 115 36
71 116 67
71 117 98
71 118 18
71 119 56
72 73 21
72 74 19
72 75 3
72 76 37
72 77 46
72 78 71
72 79 21
72 80 44
72 81 96
72 82 92
72 83 31
72 84 30
72 85 92
72 86 15
72 87 77
72 88 65
72 89 15
72 90 97
72 91 73
72 92 32
72 93 36
72 94 65
72 95 93
72 96 42
72 97 66
72 98 64
72 99 33
72 100 92
72 101 19
72 102 35
72 103 66
72 104 2
72 105 78
72 106 40
72 107 20
72 108 91
72 109 64
72 110 79
72 111 99
72 112 69
72 113 6
72 114 62
72 115 80
72 116 90
72 117 32
72 118 85
72 119 99
73 74 82
73 75 44
73 76 69
73 77 0
73 78 51
73 79 15
73 80 83
73 81 42
73 82 93
73 83 97
73 84 56
73 85 56
73 86 27
73 87 43
73 88 51
73 89 23
73 90 18
73 91 19
73 92 47
73 93 64
73 94 82
73 95 27
73 96 60
73 97 20
73 98 99
73 99 33
73 100 30
73 101 89
73 102 59
73 103 50
73 104 12
73 105 88
73 106 81
73 107 76
73 108 82
73 109 68
73 110 25
73 111 26
73 112 53
73 113 16
73 114 34
73 115 34
73 116 69
73 117 19
73 118 2
73 119 54
74 75 40
74 76 24
74 77 19
74 78 4
74 79 21
74 80 23
74 81 64
74 82 26
74 83 86
74 84 29
74 85 4
74 86 66
74 87 37
74 88 2
74 89 97
74 90 21
74 91 10
74 92 68
74 93 63
74 94 100
74 95 27
74 96 75
74 97 70
74 98 6
74 99 88
74 100 47
74 101 41
74 102 91
74 103 36
74 104 86
74 105 87
74 106 51
74 107 43
74 108 85
74 109 10
74 110 71
74 111 40
74 112 70
74 113 98
74 114 53
74 115 40
74 116 76
74 117 33
74 118 17
74 119 3
75 76 96
75 77 94
75 78 20
75 79 79
75 80 46
75 81 8
75 82 19
75 83 54
75 84 6
75 85 74
75 86 69
75 87 43
75 88 91
75 89 11
75 90 54
75 91 74
75 92 40
75 93 22
75 94 76
75 95 11
75 96 62
75 97 42
75 98 75
75 99 22
75 100 80
75 101 80
75 102 74
75 103 93
75 104 33
75 105 4
75 106 99
75 107 64
75 108 14
75 109 95
75 110 66
75 111 93
75 112 52
75 113 0
75 114 50
75 115 43
75 116 27
75 117 74
75 118 8
75 119 69
76 77 30
76 78 54
76 79 93
76 80 39
76 81 6
76 82 45
76 83 62
76 84 41
76 85 83
76 86 5
76 87 49
76 88 6
76 89 84
76 90 92
76 91 87
76 92 54
76 93 21
76 94 89
76 95 19
76 96 48
76 97 43
76 98 67
76 99 16
76 100 6
76 101 72
76 102 92
76 103 55
76 104 69
76 105 71
76 106 28
76 107 36
76 108 45
76 109 50
76 110 50
76 111 36
76 112 95
76 113 96
76 114 50
76 115 84
76 116 82
76 117 28
76 118 88
76 119 4
77 78 78
77 79 31
77 80 93
77 81 34
77 82 18
77 83 43
77 84 41
77 85 73
77 86 88
77 87 11
77 88 10
77 89 46
77 90 6
77 91 27
77 92 14
77 93 81
77 94 66
77 95 24
77 96 71
77 97 75
77 98 85
77 99 100
77 100 87
77 101 49
77 102 53
77 103 68
77 104 83
77 105 44
77 106 49
77 107 22
77 108 78
77 109 45
77 110 62
77 111 53
77 112 66
77 113 2
77 114 65
77 115 98
77 116 72
77 117 88
77 118 29
77 119 64
78 79 14
78 80 100
78 81 42
78 82 89
78 83 32
78 84 71
78 85 56
78 86 37
78 87 37
78 88 71
78 89 29
78 90 73
78 91 60
78 92 36
78 93 57
78 94 97
78 95 89
78 96 36
78 97 19
78 98 45
78 99 23
78 100 27
78 101 18
78 102 60
78 103 50
78 104 97
78 105 31
78 106 67
78 107 5
78 108 100
78 109 46
78 110 24
78 111 65
78 112 2
78 113 10
78 114 34
78 115 44
78 116 13
78 117 74
78 118 70
78 119 99
79 80 22
79 81 37
79 82 11
79 83 56
79 84 57
79 85 44
79 86 12
79 87 6
79 88 16
79 89 23
79 90 52
79 91 70
79 92 36
79 93 51
79 94 45
79 95 14
79 96 52
79 97 25
79 98 13
79 99 19
79 100 56
79 101 84
79 102 72
79 103 53
79 104 41
79 105 91
79 106 36
79 107 48
79 108 64
79 109 18
79 110 20
79 111 72
79 112 79
79 113 6
79 114 52
79 115 36
79 116 35
79 117 48
79 118 18
79 119 95
80 81 12
80 82 19
80 83 44
80 84 26
80 85 69
80 86 78
80 87 94
80 88 24
80 89 15
80 90 72
80 91 54
80 92 28
80 93 34
80 94 38
80 95 69
80 96 47
80 97 41
80 98 50
80 99 37
80 100 73
80 101 98
80 102 40
80 103 32
80 104 77
80 105 81
80 106 82
80 107 30
80 108 60
80 109 67
80 110 42
80 111 82
80 112 64
80 113 5
80 114 33
80 115 16
80 116 39
80 117 37
80 118 49
80 119 56
81 82 51
81 83 86
81 84 95
81 85 15
81 86 53
81 87 28
81 88 77
81 89 63
81 90 88
81 91 10
81 92 16
81 93 78
81 94 93
81 95 9
81 96 86
81 97 47
81 98 88
81 99 59
81 100 68
81 101 99
81 102 50
81 103 31
81 104 64
81 105 61
81 106 46
81 107 51
81 108 47
81 109 25
81 110 100
81 111 80
81 112 64
81 113 0
81 114 33
81 115 77
81 116 6
81 117 53
81 118 65
81 119 92
82 83 49
82 84 19
82 85 19
82 86 74
82 87 80
82 88 79
82 89 9
82 90 45
82 91 11
82 92 33
82 93 71
82 94 57
82 95 93
82 96 36
82 97 28
82 98 6
82 99 79
82 100 83
82 101 71
82 102 13
82 103 90
82 104 63
82 105 47
82 106 52
82 107 62
82 108 25
82 109 89
82 110 59
82 111 25
82 112 63
82 113 18
82 114 37
82 115 69
82 116 59
82 117 79
82 118 90
82 119 62
83 84 59
83 85 31
83 86 7
83 87 92
83 88 61
83 89 63
83 90 20
83 91 43
83 92 31
83 93 90
83 94 8
83 95 48
83 96 17
83 97 5
83 98 63
83 99 38
83 100 51
83 101 50
83 102 67
83 103 87
83 104 84
83 105 45
83 106 90
83 107 40
83 108 22
83 109 29
83 110 30
83 111 35
83 112 80
83 113 13
83 114 7
83 115 15
83 116 53
83 117 29
83 118 99
83 119 54
84 85 57
84 86 89
84 87 73
84 88 20
84 89 66
84 90 90
84 91 6
84 92 20
84 93 73
84 94 8
84 95 89
84 96 19
84 97 77
84 98 85
84 99 11
84 100 84
84 101 36
84 102 47
84 103 2
84 104 32
84 105 53
84 106 95
84 107 7
84 108 17
84 109 98
84 110 97
84 111 49
84 112 27
84 113 5
84 114 10
84 115 66
84 116 84
84 117 5
84 118 82
84 119 91
85 86 93
85 87 31
85 88 26
85 89 33
85 90 48
85 91 83
85 92 9
85 93 80
85 94 29
85 95 18
85 96 82
85 97 8
85 98 77
85 99 87
85 100 89
85 101 68
85 102 13
85 103 11
85 104 36
85 105 20
85 106 70
85 107 3
85 108 7
85 109 31
85 110 11
85 111 8
85 112 100
85 113 22
85 114 17
85 115 22
85 116 24
85 117 45
85 118 78
85 119 78
86 87 72
86 88 2
86 89 94
86 90 82
86 91 39
86 92 49
86 93 84
86 94 37
86 95 78
86 96 33
86 97 10
86 98 41
86 99 21
86 100 54
86 101 57
86 102 7
86 103 84
86 104 38
86 105 91
86 106 97
86 107 34
86 108 42
86 109 11
86 110 65
86 111 20
86 112 68
86 113 80
86 114 46
86 115 87
86 116 53
86 117 50
86 118 44
86 119 39
87 88 83
87 89 39
87 90 78
87 91 82
87 92 26
87 93 13
87 94 32
87 95 95
87 96 62
87 97 65
87 98 41
87 99 82
87 100 34
87 101 35
87 102 18
87 103 14
87 104 76
87 105 7
87 106 47
87 107 79
87 108 28
87 109 95
87 110 41
87 111 6
87 112 18
87 113 30
87 114 40
87 115 46
87 116 75
87 117 12
87 118 69
87 119 21
88 89 81
88 90 37
88 91 77
88 92 13
88 93 99
88 94 32
88 95 64
88 96 68
88 97 82
88 98 14
88 99 44
88 100 2
88 101 10
88 102 95
88 103 52
88 104 65
88 105 13
88 106 65
88 107 54
88 108 86
88 109 29
88 110 43
88 111 45
88 112 6
88 113 3
88 114 63
88 115 6
88 116 43
88 117 65
88 118 26
88 119 90
89 90 37
89 91 21
89 92 72
89 93 36
89 94 66
89 95 47
89 96 13
89 97 34
89 98 28
89 99 69
89 100 49
89 101 56
89 102 44
89 103 26
89 104 31
89 105 85
89 106 29
89 107 7
89 108 81
89 109 10
89 110 36
89 111 5
89 112 88
89 113 15
89 114 4
89 115 1
89 116 14
89 117 74
89 118 84
89 119 47
90 91 74
90 92 59
90 93 84
90 94 63
90 95 70
90 96 69
90 97 70
90 98 3
90 99 71
90 100 0
90 101 29
90 102 49
90 103 43
90 104 49
90 105 65
90 106 0
90 107 3
90 108 13
90 109 5
90 110 98
90 111 41
90 112 64
90 113 74
90 114 60
90 115 29
90 116 82
90 117 52
90 118 18
90 119 56
91 92 72
91 93 81
91 94 53
91 95 41
91 96 79
91 97 61
91 98 77
91 99 71
91 100 82
91 101 27
91 102 29
91 103 87
91 104 89
91 105 39
91 106 79
91 107 22
91 108 43
91 109 86
91 110 11
91 111 87
91 112 76
91 113 86
91 114 34
91 115 50
91 116 38
91 117 14
91 118 62
91 119 65
92 93 0
92 94 82
92 95 96
92 96 95
92 97 76
92 98 3
92 99 60
92 100 5
92 101 90
92 102 40
92 103 31
92 104 95
92 105 61
92 106 64
92 107 89
92 108 67
92 109 37
92 110 1
92 111 91
92 112 7
92 113 57
92 114 100
92 115 63
92 116 83
92 117 89
92 118 31
92 119 68
93 94 98
93 95 100
93 96 39
93 97 75
93 98 9
93 99 25
93 100 81
93 101 31
93 102 26
93 103 40
93 104 35
93 105 12
93 106 8
93 107 70
93 108 92
93 109 38
93 110 100
93 111 94
93 112 40
93 113 77
93 114 55
93 115 63
93 116 34
93 117 36
93 118 58
93 119 32
94 95 34
94 96 77
94 97 19
94 98 55
94 99 29
94 100 93
94 101 79
94 102 9
94 103 92
94 104 1
94 105 23
94 106 49
94 107 31
94 108 29
94 109 32
94 110 30
94 111 42
94 112 49
94 113 30
94 114 62
94 115 7
94 116 37
94 117 59
94 118 68
94 119 47
95 96 1
95 97 1
95 98 41
95 99 23
95 100 25
95 101 29
95 102 24
95 103 56
95 104 33
95 105 66
95 106 24
95 107 22
95 108 91
95 109 27
95 110 53
95 111 58
95 112 9
95 113 59
95 114 90
95 115 43
95 116 65
95 117 20
95 118 46
95 119 10
96 97 80
96 98 51
96 99 42
96 100 38
96 101 11
96 102 46
96 103 7
96 104 61
96 105 56
96 106 90
96 107 64
96 108 94
96 109 55
96 110 91
96 111 37
96 112 70
96 113 64
96 114 70
96 115 81
96 116 2
96 117 27
96 118 38
96 119 58
97 98 0
97 99 44
97 100 89
97 101 80
97 102 39
97 103 47
97 104 18
97 105 79
97 106 69
97 107 67
97 108 19
97 109 50
97 110 25
97 111 71
97 112 29
97 113 22
97 114 44
97 115 89
97 116 54
97 117 7
97 118 12
97 119 53
98 99 55
98 100 17
98 101 24
98 102 0
98 103 79
98 104 29
98 105 63
98 106 71
98 107 2
98 108 91
98 109 49
98 110 11
98 111 50
98 112 58
98 113 11
98 114 82
98 115 11
98 116 26
98 117 3
98 118 24
98 119 100
99 100 29
99 101 22
99 102 69
99 103 2
99 104 93
99 105 74
99 106 16
99 107 54
99 108 64
99 109 90
99 110 88
99 111 81
99 112 27
99 113 75
99 114 71
99 115 20
99 116 33
99 117 25
99 118 14
99 119 99
100 101 75
100 102 66
100 103 61
100 104 37
100 105 4
100 106 96
100 107 53
100 108 92
100 109 40
100 110 100
100 111 20
100 112 31
100 113 55
100 114 0
100 115 22
100 116 39
100 117 69
100 118 88
100 119 7
101 102 8
101 103 63
101 104 55
101 105 76
101 106 44
101 107 53
101 108 90
101 109 19
101 110 90
101 111 49
101 112 53
101 113 12
101 114 96
101 115 48
101 116 100
101 117 60
101 118 76
101 119 46
102 103 81
102 104 63
102 105 53
102 106 61
102 107 11
102 108 99
102 109 64
102 110 13
102 111 88
102 112 90
102 113 37
102 114 69
102 115 16
102 116 15
102 117 45
102 118 60
102 119 60
103 104 52
103 105 80
103 106 45
103 107 48
103 108 75
103 109 74
103 110 91
103 111 71
103 112 11
103 113 12
103 114 15
103 115 99
103 116 5
103 117 13
103 118 66
103 119 2
104 105 46
104 106 43
104 107 58
104 108 12
104 109 35
104 110 37
104 111 36
104 112 82
104 113 98
104 114 21
104 115 60
104 116 41
104 117 29
104 118 87
104 119 31
105 106 65
105 107 32
105 108 0
105 109 34
105 110 7
105 111 10
105 112 45
105 113 17
105 114 79
105 115 81
105 116 26
105 117 72
105 118 27
105 119 0
106 107 28
106 108 57
106 109 43
106 110 58
106 111 44
106 112 89
106 113 47
106 114 15
106 115 10
106 116 42
106 117 1
106 118 54
106 119 17
107 108 72
107 109 67
107 110 98
107 111 16
107 112 81
107 113 39
107 114 46
107 115 13
107 116 85
107 117 39
107 118 48
107 119 88
108 109 43
108 110 63
108 111 56
108 112 62
108 113 86
108 114 42
108 115 25
108 116 44
108 117 75
108 118 7
108 119 36
109 110 20
109 111 64
109 112 73
109 113 78
109 114 97
109 115 45
109 116 18
109 117 36
109 118 63
109 119 30
110 111 85
110 112 90
110 113 74
110 114 30
110 115 88
110 116 94
110 117 50
110 118 76
110 119 63
111 112 92
111 113 2
111 114 84
111 115 8
111 116 85
111 117 3
111 118 23
111 119 28
112 113 45
112 114 6
112 115 100
112 116 45
112 117 56
112 118 28
112 119 62
113 114 59
113 115 13
113 116 82
113 117 67
113 118 46
113 119 6
114 115 69
114 116 49
114 117 58
114 118 98
114 119 1
115 116 60
115 117 87
115 118 97
115 119 59
116 117 0
116 118 11
116 119 32
117 118 1
117 119 86
118 119 34
