12 4 ss 3 3 3 3 3 3 3 3 
0 1 82
0 2 41
0 3 42
0 4 13
0 5 22
0 6 63
0 7 76
0 8 12
0 9 63
0 10 8
0 11 28
1 2 37
1 3 24
1 4 29
1 5 93
1 6 31
1 7 1
1 8 49
1 9 45
1 10 61
1 11 50
2 3 61
2 4 95
2 5 44
2 6 11
2 7 82
2 8 10
2 9 48
2 10 39
2 11 75
3 4 86
3 5 86
3 6 69
3 7 38
3 8 27
3 9 27
3 10 86
3 11 30
4 5 58
4 6 99
4 7 39
4 8 92
4 9 69
4 10 74
4 11 13
5 6 50
5 7 80
5 8 100
5 9 23
5 10 81
5 11 68
6 7 30
6 8 19
6 9 8
6 10 55
6 11 1
7 8 84
7 9 85
7 10 77
7 11 39
8 9 24
8 10 33
8 11 0
9 10 13
9 11 3
10 11 29
